9.476705547377640704e-01,9.360916636850664663e-01,9.409461031642586404e-01,9.514218629354993517e-01,9.398498376274877497e-01,9.536089097473476883e-01,9.421757693351487939e-01,9.433609149296164897e-01,9.520550865698654830e-01,9.586052650438119382e-01,9.359283324884235533e-01,9.475083949437067554e-01,9.443357776170101525e-01,9.581795003982762626e-01,9.527879518705519857e-01,9.472859473177234202e-01,9.444661001547763890e-01,9.483026730845917074e-01,9.423106812954775702e-01,9.508273111654697018e-01,9.428708607938031117e-01,9.443047988324502207e-01,9.370398783084435967e-01,9.561503105445636752e-01,9.689055696397081974e-01,9.455845157493316666e-01,9.477730765447061057e-01,9.536777908250267943e-01,9.680027338005484649e-01,9.660383864328609960e-01,9.497950293245347453e-01,9.593091331420925405e-01,9.453723043591231168e-01,9.456063456286377678e-01,9.290274932695691268e-01,9.554299807971818881e-01,9.551729501293735325e-01,9.559734697544018944e-01,9.562853850781164455e-01,9.327993864104715538e-01,9.409177751822744851e-01,9.459996563753386711e-01,9.384295529883934783e-01,9.448938180361899919e-01,9.620946106110981333e-01,9.383112118654928224e-01,9.628716478678162050e-01,9.496052193767422489e-01,9.399258121125585452e-01,9.560449601891540805e-01
9.277766400389287904e-01,9.730902915735786252e-01,9.654450235829470373e-01,9.564282054832561331e-01,9.370539921222100777e-01,9.412646237064956622e-01,9.461236652208102615e-01,9.736434888926733811e-01,9.437959046485941972e-01,9.394501920729880773e-01,9.366362850626435144e-01,9.328760844553469767e-01,9.574628370965642121e-01,9.538517597791058567e-01,9.434903005710596480e-01,9.509430117519713788e-01,9.265401675858064845e-01,9.375424088503243603e-01,9.648121991988910517e-01,9.446274869372708327e-01,9.524817046912361640e-01,9.511819127457223910e-01,9.381605754133823805e-01,9.490657970127612808e-01,9.588247060236727570e-01,9.463511365677323983e-01,9.371480991217365775e-01,9.592985710469480454e-01,9.545265479998256142e-01,9.420476673951824198e-01,9.453283887456259693e-01,9.477101724436374219e-01,9.468222649434091531e-01,9.520336032653788916e-01,9.524993755882535940e-01,9.507233213854811016e-01,9.499672598696228265e-01,9.260289615604303526e-01,9.570253968545078260e-01,9.603893937232329536e-01,9.384048221363072706e-01,9.409776118212349605e-01,9.464468119112365851e-01,9.384343677189483923e-01,9.537174279812353772e-01,9.572756212865691783e-01,9.436309182117126326e-01,9.552390540904588390e-01,9.385336963668808874e-01,9.509562978188972338e-01
9.485293565002417271e-01,9.433855872860108516e-01,9.355043985214471780e-01,9.468959096820790400e-01,9.547932568052894808e-01,9.318992105422330141e-01,9.478217827057284772e-01,9.454623203624060723e-01,9.373876050542268024e-01,9.413487541570548789e-01,9.568036328889291120e-01,9.419243623445593405e-01,9.541995016106339378e-01,9.361317534549227215e-01,9.486443746551669332e-01,9.534406742215785213e-01,9.420924817826583642e-01,9.454253245252378646e-01,9.396010635486945484e-01,9.502070978659280520e-01,9.480385303362901528e-01,9.452794564767363905e-01,9.460026178576791400e-01,9.467226653436043859e-01,9.522949737904558010e-01,9.280502750871025830e-01,9.553795736706606201e-01,9.501136424932338231e-01,9.428821895487689009e-01,9.435480074305928611e-01,9.529844814793831942e-01,9.527843995114209097e-01,9.234129262142195538e-01,9.664315598718985489e-01,9.383083522050468250e-01,9.516597715406625024e-01,9.492497187568540440e-01,9.444132181087149247e-01,9.424636860898532031e-01,9.387128883249948874e-01,9.499814962900854365e-01,9.495289785119129800e-01,9.525587766207012086e-01,9.537166559451080161e-01,9.312538858049391743e-01,9.436316347404976046e-01,9.294579713306425628e-01,9.480290898795928900e-01,9.474540328977810733e-01,9.359484988171558051e-01
9.318228277587826680e-01,9.291820537173938188e-01,9.412433464424035945e-01,9.512473313160372257e-01,9.554541481127004632e-01,9.501259663294632229e-01,9.526811780376830407e-01,9.352329158856248492e-01,9.548261917634848217e-01,9.467621838550739355e-01,9.455042191454335887e-01,9.555195138373724362e-01,9.505641903370023460e-01,9.509575001455111698e-01,9.371549715521015900e-01,9.315106284151637439e-01,9.346760075971375370e-01,9.318189293555244612e-01,9.614631744968249460e-01,9.493787981202469473e-01,9.541274670781083600e-01,9.379929839721673490e-01,9.443391023707351506e-01,9.380887286175242368e-01,9.412343985952558167e-01,9.541226992205310564e-01,9.457893222794035992e-01,9.480763186671820053e-01,9.430687065574843153e-01,9.598569065073474516e-01,9.512492713978663028e-01,9.489633284111617106e-01,9.401839037542147892e-01,9.391158035718850661e-01,9.303599686628241106e-01,9.361111961227287503e-01,9.613503320705917288e-01,9.499739789579509930e-01,9.566058421498825348e-01,9.436640811454842792e-01,9.494138795314266410e-01,9.619789813349656216e-01,9.442377721137296120e-01,9.307644139338211442e-01,9.368363244153584679e-01,9.414097693785048460e-01,9.461298588668215492e-01,9.453660530052767630e-01,9.480211679228814914e-01,9.527042271316438216e-01
9.279803276726452665e-01,9.414464649590515988e-01,9.402722422515914502e-01,9.625714873944922756e-01,9.322868467687930316e-01,9.333819835063212889e-01,9.271450055672015855e-01,9.445702923421374075e-01,9.493404470410493623e-01,9.395502684332970311e-01,9.472731267923388820e-01,9.463405182706178254e-01,9.587445172471168453e-01,9.517610811779695368e-01,9.324069113506445738e-01,9.373471185799435723e-01,9.574661606281322790e-01,9.380026266196539453e-01,9.683632175728479341e-01,9.298544937830712787e-01,9.312097434981849720e-01,9.562925061029707852e-01,9.501484862273295029e-01,9.512533020995977973e-01,9.380568918192732086e-01,9.197053506357203423e-01,9.551767238177786279e-01,9.344040141265986810e-01,9.456253665329744651e-01,9.446307513283502821e-01,9.397050639471509204e-01,9.246105835446249976e-01,9.409856345451671489e-01,9.395651430212274002e-01,9.457782464708899273e-01,9.506793380969082996e-01,9.462947431617096949e-01,9.393780211201985253e-01,9.454150748538050486e-01,9.465733775821696394e-01,9.444034980372946197e-01,9.471896857782056145e-01,9.462030311892732914e-01,9.266883013071846031e-01,9.615802953612784254e-01,9.483696919367990974e-01,9.452215937648398292e-01,9.302250971825626324e-01,9.439187003376471319e-01,9.477714310921400154e-01
9.267699666934419156e-01,9.287809909726147950e-01,9.502163154012053248e-01,9.412205897189119819e-01,9.252301557164381851e-01,9.465568002792216218e-01,9.448132682800540749e-01,9.299187825200990742e-01,9.421929303436551439e-01,9.491368299184337332e-01,9.398875359713235733e-01,9.274564698006289021e-01,9.420719646754877052e-01,9.334352353027056681e-01,9.536842840403363386e-01,9.398934233804450145e-01,9.381524823018243531e-01,9.431471979317552767e-01,9.470047328522372965e-01,9.343667355775442385e-01,9.279795223645339597e-01,9.456619374427218672e-01,9.437262261141461384e-01,9.478067782349065551e-01,9.514862781242867662e-01,9.349085350427592811e-01,9.447000281790862708e-01,9.360058188789691647e-01,9.340024792695386102e-01,9.438350342528644132e-01,9.381511012948657857e-01,9.493461716036329934e-01,9.514857571084532895e-01,9.345514506726906312e-01,9.316354133213285982e-01,9.234242219876718227e-01,9.177733369853476875e-01,9.403654723099715840e-01,9.285157589755531626e-01,9.309215929373002574e-01,9.266702630309562316e-01,9.484360676337582063e-01,9.392628938749355560e-01,9.425743024356270094e-01,9.488304830977432047e-01,9.229250769831947032e-01,9.404728160039752538e-01,9.301102580027307276e-01,9.341319068786770874e-01,9.337415057988147638e-01
9.463394677778216302e-01,9.468123082938613155e-01,9.346655738322491302e-01,9.337584423510649767e-01,9.413969876245104063e-01,9.308623093354178035e-01,9.190586406343423942e-01,9.381648804068402070e-01,9.318334348269099454e-01,9.166541318940313321e-01,9.430765015439889210e-01,9.097950943732483475e-01,9.281220206729515754e-01,9.266328084851656044e-01,9.307775234542270404e-01,9.328863397312614492e-01,9.185256444482182703e-01,9.368230904219841948e-01,9.329901347640110476e-01,9.415534229643230946e-01,9.212059629636912828e-01,9.358785965009673857e-01,9.250214952985964523e-01,9.266651752949259802e-01,9.441125323837944450e-01,9.374056162937710601e-01,9.469028557812538827e-01,9.323658922583121234e-01,9.293382473058688920e-01,9.348832922345972074e-01,9.318762513833936945e-01,9.393178420075904977e-01,9.205508287290150582e-01,9.189213340150105269e-01,9.338390751966297865e-01,9.294512936809753434e-01,9.278704807413933331e-01,9.322833704163424606e-01,9.296076960200487793e-01,9.330687287126794294e-01,9.520506070107218610e-01,9.392347495612534125e-01,9.335225276770907632e-01,9.378432902634350476e-01,9.255818450893448235e-01,9.399609099186260197e-01,9.266576015744376615e-01,9.257043521105816630e-01,9.374015447121909483e-01,9.364644714951235738e-01
9.313967703442553869e-01,9.281997618707473752e-01,9.075441490432348823e-01,9.163716084457890210e-01,9.090062063517360125e-01,9.365344988027782813e-01,9.081812051670389296e-01,9.297942540136370226e-01,9.230058954243097746e-01,9.362835845840263849e-01,9.303103192370477670e-01,9.312513096543815205e-01,9.233761989274730242e-01,9.251098648784086276e-01,9.119154911044528022e-01,9.193806143765541616e-01,9.291728626795129342e-01,9.187515284482500322e-01,9.390274889275090908e-01,9.332738255125873073e-01,9.290876184872560728e-01,9.323951199098818865e-01,9.276902330745664393e-01,9.183702494085042023e-01,9.267515568523881919e-01,9.252598256496795681e-01,9.247970774508557090e-01,9.133013230413770112e-01,9.145890338635349615e-01,9.149797463686851762e-01,9.168859539457229202e-01,9.208234631602618681e-01,9.157326789145465717e-01,9.249477181652978608e-01,9.311552677830313707e-01,9.466138885681522064e-01,9.268477204692371352e-01,9.350685928027441252e-01,9.374975917001345804e-01,9.281552951955852615e-01,9.370939997764925478e-01,9.447630250921426054e-01,9.218237373216175978e-01,9.298336542428885521e-01,9.249189950142847616e-01,9.244750445613084677e-01,9.180493739020998412e-01,9.175993164618190256e-01,9.160362683372323955e-01,9.300205698267866028e-01
9.026502803785553253e-01,9.169370326177507247e-01,9.244508970243612289e-01,9.088012691837008550e-01,9.122208243092285729e-01,9.242522943482277542e-01,9.084662374077064895e-01,9.163826378826478436e-01,9.189226123110473265e-01,9.299053898262866769e-01,9.075851870252490405e-01,9.171043039147531717e-01,9.006426705138301791e-01,9.162921796992582468e-01,9.228403300480259031e-01,9.168756990555093633e-01,9.240043096937552436e-01,9.087801971278206548e-01,9.147479926092104696e-01,9.302460034076515116e-01,9.149293574777449534e-01,9.103821363023941737e-01,9.170231118843542584e-01,9.202082236272965954e-01,9.172848228364790524e-01,9.104893823162580890e-01,9.257969356800229699e-01,9.136992467362911041e-01,9.327232021796920680e-01,9.088448039725814942e-01,9.076363534823700396e-01,9.144504097439608570e-01,9.042294427055270756e-01,9.256671784444944207e-01,9.098919414781150294e-01,9.228579761590202102e-01,9.155730325051537610e-01,9.128191456622677391e-01,9.146628486924162083e-01,9.173317661104675169e-01,9.150135520560892521e-01,9.262190145045311462e-01,9.202763096133892429e-01,9.109465495261345191e-01,9.197758516942142748e-01,9.282966397438082717e-01,9.091686610513520783e-01,9.186319642294572541e-01,9.248203143094603229e-01,9.144439374125038489e-01
9.195373212142101682e-01,9.237791203261070949e-01,9.119252013512330057e-01,8.991920871123529890e-01,9.159100657468740581e-01,9.107119441592314013e-01,9.076876112468703628e-01,9.079330661817232029e-01,9.193091343870907206e-01,9.117229781092671681e-01,9.022514166061694763e-01,8.997603600016277348e-01,9.066463967805883373e-01,9.230561607080545183e-01,9.144705146167806387e-01,9.153189184154921776e-01,9.174152534225109568e-01,9.184806904582669684e-01,9.105334721091515870e-01,8.959646446408191522e-01,9.149907557028278404e-01,9.033801254481849119e-01,9.114025401209381316e-01,9.061925309793732453e-01,8.979923523926123252e-01,9.147463902955761395e-01,9.101202469046875132e-01,9.021238661157110483e-01,9.039629518558768284e-01,9.098390108134043475e-01,9.136114438771716362e-01,9.040386866259169096e-01,9.123464377430451355e-01,9.182590262650867086e-01,9.143926019810740824e-01,9.037529103435093525e-01,9.112287078496605908e-01,8.946896586244362792e-01,9.150156113502084798e-01,9.002803904465076501e-01,9.172410487270655777e-01,9.258381736927733252e-01,8.851732643231007280e-01,9.139400008761110472e-01,9.080073613923513864e-01,9.175642264738675946e-01,9.054115193472651590e-01,9.140210833056188200e-01,8.996182611256131612e-01,9.152293968152560577e-01
9.061769930057088640e-01,9.014644028840523848e-01,8.898992456946216434e-01,8.982669394252017492e-01,9.083328020944130277e-01,9.097605236782736471e-01,9.049358769254551849e-01,9.055321385979490101e-01,9.058037754098224870e-01,9.071591636614674270e-01,9.120482468520186847e-01,8.931854763703712674e-01,8.976089166075935655e-01,9.065389068794335037e-01,9.036673280053415525e-01,9.016195956329440264e-01,8.938100164018784044e-01,9.188777123889046994e-01,8.971890337298729090e-01,9.055826264908265477e-01,8.998807619126922841e-01,9.159400331437130838e-01,9.076780456332169678e-01,9.193348784386770056e-01,9.035504686087908466e-01,8.903904648711213898e-01,9.083269099503760158e-01,9.137739279024030825e-01,8.952244710898286106e-01,9.066630179501024012e-01,8.969813116419157462e-01,8.983869971926808917e-01,9.209819545494993820e-01,8.964631917803448369e-01,8.980362467395768267e-01,9.023342540653125354e-01,9.058101155430980933e-01,9.065323034777174049e-01,8.902785492815172841e-01,8.975434028056982205e-01,9.046378156428730444e-01,9.116976087815155116e-01,8.831671816820716447e-01,8.851852156191709620e-01,8.938115839337548163e-01,9.120048032721493891e-01,9.044466973466157578e-01,9.005375385072645900e-01,8.883108986344393498e-01,8.984996107110365671e-01
9.000626494686913004e-01,9.165820048323246594e-01,8.932557185637323149e-01,8.961839205161540312e-01,8.833315481410396464e-01,8.890691982712360941e-01,9.025648487189997793e-01,8.875313495435672717e-01,9.008003368122138310e-01,8.880947423059024626e-01,8.795312764063752953e-01,8.982035405642044834e-01,8.965025879851444834e-01,9.086177682228746555e-01,8.816606378154612234e-01,8.875157458453941661e-01,8.789463107922546037e-01,8.888614366069625961e-01,9.049515959805255472e-01,8.908349591432942471e-01,8.930514094692245664e-01,8.964666686394905382e-01,8.863773757206682147e-01,9.060765692249060921e-01,8.867843748970276607e-01,9.004218380723729709e-01,8.826022204447234731e-01,9.133545760526096124e-01,8.993104280296413400e-01,8.911123179925400928e-01,8.942913599849490192e-01,8.806013995589485610e-01,8.952691775504070248e-01,8.974821697076877935e-01,8.947775320523698728e-01,8.765335078553425641e-01,8.961070807662491200e-01,9.026464866672844201e-01,8.857823955799967175e-01,8.891008012631427260e-01,8.899095738199791494e-01,8.972386331388685354e-01,8.844959832252231591e-01,8.799531563288783831e-01,8.934066159026312626e-01,9.059243034193493749e-01,8.948309017568948365e-01,9.049576610198948323e-01,8.897705599279674971e-01,8.996307928619846628e-01
8.844088443336531880e-01,8.769545753297064428e-01,8.956783863290540548e-01,8.897711247228998754e-01,8.924177469243468330e-01,8.852599516765605747e-01,8.719473949219714859e-01,8.686865577075230105e-01,8.801078294747768371e-01,8.777368179104986234e-01,8.858237249419221859e-01,8.830430828359067119e-01,8.799585403387766291e-01,8.886730974704276642e-01,8.646334000990029134e-01,8.883604843086713165e-01,8.914698106104635977e-01,8.774304856772604522e-01,8.942665129464977269e-01,8.834490247289896736e-01,8.884737902253778685e-01,8.808842043079266881e-01,8.856528539235006825e-01,8.985383582766688360e-01,8.777290344641192066e-01,8.797345388193136273e-01,8.952856195217507862e-01,8.990311570960245469e-01,8.882321781614389566e-01,8.786256071907442289e-01,8.825376449796896727e-01,8.813671270448548700e-01,8.812986907599176245e-01,8.682348015073995118e-01,8.843453255804278879e-01,8.947322905194684539e-01,8.900843169384351494e-01,8.737411805148577182e-01,8.672256944947610569e-01,8.731386203076937358e-01,8.800299865594038984e-01,8.844742345709507569e-01,8.713622528289838298e-01,8.649424685571844851e-01,8.714234563857232718e-01,8.839291962368776012e-01,8.772326454329405498e-01,8.832988697750328022e-01,8.939822097154929148e-01,8.905210477767402377e-01
8.695436593991544560e-01,8.512845052812180180e-01,8.672413408548927949e-01,8.755710638457390171e-01,8.778523866215397486e-01,8.733962539282238424e-01,8.564633841510427281e-01,8.761367149410091981e-01,8.638311824030111552e-01,8.783169050062746841e-01,8.864840301550017676e-01,8.824491184057235982e-01,8.617279451823144365e-01,8.679305030571693447e-01,8.657462013572314596e-01,8.803043603922556803e-01,8.711838518922174757e-01,8.733742543518545620e-01,8.572465658934219634e-01,8.715759689488081774e-01,8.823726012802005636e-01,8.659299026790223675e-01,8.646437038786065621e-01,8.651874971643644940e-01,8.689930265506852214e-01,8.726023063004815228e-01,8.820564774230458260e-01,8.588413541030074372e-01,8.631826374580787720e-01,8.626391734023951541e-01,8.780221013145947939e-01,8.750478312171001694e-01,8.759545874960048550e-01,8.796413801914957364e-01,8.611757299865716586e-01,8.730323049320551920e-01,8.620519132191716283e-01,8.697259215744214123e-01,8.697546575821387682e-01,8.800514444072329301e-01,8.837665278891846388e-01,8.719865447618410093e-01,8.545536990978557235e-01,8.697783645773389249e-01,8.654267887144501126e-01,8.680598353983746129e-01,8.816556925336040962e-01,8.642883566614796287e-01,8.792872557649544785e-01,8.745517675043061878e-01
8.485285254456701454e-01,8.648217825461883557e-01,8.610120799253443424e-01,8.531947739014094090e-01,8.666497456595495530e-01,8.706422363730623726e-01,8.514268577385473158e-01,8.634587885438476107e-01,8.666536144651059148e-01,8.657672454985383403e-01,8.468692128178261225e-01,8.599472642466499117e-01,8.743062229108994332e-01,8.625039357918556915e-01,8.695164029426889485e-01,8.482536424806783604e-01,8.594923242474009628e-01,8.607951515404500542e-01,8.631097935483512673e-01,8.597266911228672592e-01,8.521385768106004566e-01,8.608090065360519683e-01,8.595074592411279246e-01,8.583535634534890102e-01,8.492395556911443988e-01,8.479123861085281488e-01,8.523238850307328640e-01,8.536001734465005208e-01,8.611292323187761388e-01,8.563593766578112554e-01,8.556110929848498303e-01,8.634317721184894268e-01,8.504424683058291468e-01,8.569610353870708019e-01,8.438212402883226160e-01,8.599241638702289636e-01,8.616192262770291377e-01,8.596348664401216588e-01,8.479830253320723710e-01,8.697486652201308344e-01,8.607788155165307931e-01,8.509047524222131953e-01,8.598344251330292121e-01,8.564988266991574450e-01,8.575622273690473030e-01,8.641327494801651632e-01,8.683791062029814212e-01,8.640336010300088132e-01,8.547136661916623357e-01,8.542854415907615850e-01
8.347614920962463936e-01,8.460531855406410173e-01,8.368207292191287561e-01,8.536814081061230297e-01,8.526107823745272540e-01,8.490439509620398839e-01,8.534730223731759047e-01,8.515097749078859302e-01,8.579875193536682376e-01,8.500580924711865771e-01,8.345553496191012721e-01,8.420302696361463557e-01,8.667482385514692078e-01,8.411976846568678390e-01,8.529168424175821439e-01,8.510182650072325439e-01,8.445247531192378032e-01,8.541502389023729602e-01,8.500848275039040169e-01,8.420065602608738375e-01,8.449060927620148931e-01,8.439280187981302861e-01,8.354164588698013150e-01,8.323938915957710405e-01,8.470772430713852108e-01,8.310090703377094323e-01,8.208010255325017823e-01,8.445805636059153798e-01,8.543487236163243015e-01,8.623847052154051118e-01,8.445339509622799001e-01,8.590609423369024444e-01,8.568934383197011062e-01,8.405739369560165652e-01,8.598894429629715397e-01,8.415314155826699727e-01,8.462464289927619232e-01,8.469107917696725440e-01,8.411484486342808431e-01,8.314651762217231123e-01,8.471174647126168411e-01,8.490950772479732844e-01,8.399799285420257444e-01,8.418726608164318614e-01,8.558092273889764678e-01,8.370048528983626834e-01,8.246471189633850507e-01,8.424676363884291419e-01,8.637122041236282577e-01,8.417155830715495890e-01
8.288803775867804591e-01,8.171148604549653971e-01,8.342410445118692008e-01,8.573113758177079990e-01,8.316172114747623079e-01,8.410135600876001982e-01,8.322103392190971505e-01,8.298464724547534033e-01,8.300082615091775029e-01,8.311120252419659238e-01,8.484499725444861751e-01,8.331430314757518607e-01,8.238864097114478868e-01,8.272704872521656760e-01,8.237973944679780613e-01,8.293931193024044468e-01,8.093446178581867878e-01,8.295754036083862193e-01,8.450373814936379402e-01,8.371813967937408174e-01,8.272576879169565300e-01,8.224827116227659829e-01,8.426626945554219761e-01,8.389674947376458691e-01,8.591501849902782872e-01,8.287558814078763714e-01,8.288358853747758159e-01,8.642474125280016350e-01,8.443192213277112002e-01,8.370175944419087077e-01,8.344806677187599497e-01,8.378669402039525815e-01,8.461043691169565228e-01,8.342072964588025386e-01,8.239787587955134107e-01,8.346289725971058893e-01,8.430633543268600816e-01,8.404267345199711858e-01,8.264554925660483331e-01,8.448253276716269911e-01,8.245698177586836541e-01,8.387074491473232030e-01,8.461914387146735050e-01,8.528145686843024986e-01,8.392245005791848511e-01,8.301788546745689779e-01,8.488790619621716660e-01,8.306244119646997159e-01,8.269171658714749018e-01,8.359927096804278257e-01
8.077692280903537858e-01,8.180464256455457495e-01,8.204182200532649238e-01,8.186295300812823639e-01,8.102245640123945103e-01,8.109994046769813947e-01,8.142433362819230247e-01,8.216457258317703127e-01,8.049393045569703808e-01,8.303837355493980388e-01,8.366881870682676414e-01,8.165342622230653546e-01,8.134589492136979905e-01,8.245788690102044960e-01,8.089942739847463260e-01,8.148834316513229314e-01,8.169318614484406549e-01,8.228060999049147117e-01,8.113588871266046443e-01,8.103720824118009203e-01,8.157870572472679660e-01,8.238681120017946613e-01,8.166681613213347957e-01,8.339030323092191388e-01,8.209641627049317769e-01,8.052868906418830797e-01,8.185406647816976244e-01,8.128004907501620302e-01,8.132491832658285125e-01,8.193189231454116594e-01,8.173323381775876584e-01,8.155951559678157325e-01,8.193659436957346776e-01,8.249371454638982915e-01,8.181380358078915727e-01,8.086151593776071955e-01,8.299762373718709840e-01,8.355759837927347888e-01,8.253672779571735729e-01,8.274678773304376955e-01,8.178808055338253613e-01,8.179197312981172363e-01,8.138771658968325662e-01,8.110846843228392000e-01,8.269590232002420604e-01,8.142984615151487304e-01,8.176640290624417329e-01,8.283960156040922618e-01,8.067537655468587365e-01,8.298435156730155082e-01
7.949370122043234455e-01,8.127494235779608722e-01,8.036923497330618060e-01,8.032438709314418945e-01,7.937396459289979278e-01,8.030698006856348270e-01,8.062894477690430994e-01,8.068314583414551988e-01,7.880188750687204813e-01,8.058552422934579518e-01,8.136856601360000774e-01,8.000761427084828181e-01,7.903239241510852109e-01,8.008053206974722338e-01,7.970834542717322169e-01,8.106823722894421769e-01,8.127989411940682585e-01,7.800724933206650835e-01,7.899367804393618853e-01,7.923699315080372507e-01,7.989474315056100950e-01,8.062327213340313437e-01,8.011649259558687453e-01,8.018859147438438528e-01,7.939855560579728300e-01,8.168389011433097036e-01,8.171647156337107365e-01,8.037458702139357314e-01,8.033668541846529232e-01,7.906209177699317081e-01,7.964965724403123559e-01,8.097856495102965235e-01,8.123740602657613108e-01,8.088940122483988526e-01,8.216744925003587330e-01,8.138052282805419146e-01,8.192147142074024391e-01,8.001768763661050166e-01,8.073555725297258956e-01,8.140599113791000541e-01,7.931732202284903499e-01,8.059372657345200697e-01,7.934345081318482373e-01,7.906999075304180780e-01,7.939489197514024710e-01,8.009174632552333861e-01,8.025353550763953958e-01,8.012189845343459238e-01,8.015030263144914402e-01,8.059745511071298996e-01
7.807462370520530381e-01,7.936488206681417967e-01,7.870000609949659998e-01,7.959040358454571029e-01,7.844750931199802046e-01,7.843322253714145598e-01,7.975443739288697875e-01,7.834971318287040631e-01,7.780330132219478445e-01,7.933034092917595759e-01,7.988577416595433744e-01,7.832393915325893685e-01,7.819023473098991595e-01,7.860709025003307371e-01,7.833590468211676372e-01,7.844709699428579208e-01,7.846171360759680580e-01,7.939364367160017810e-01,8.083225929143951216e-01,7.851454018764123521e-01,7.803905756418259010e-01,7.773837707607479386e-01,7.893529847896576523e-01,7.818594075925643372e-01,7.848437666136868218e-01,7.887922050847252509e-01,7.807050390705569942e-01,7.893024777035851924e-01,7.920588632557573616e-01,7.859549130031321384e-01,8.031129647598020949e-01,7.895324416051494598e-01,7.813803515199155836e-01,7.786370178834652878e-01,7.818379123424993304e-01,7.712867770815721169e-01,7.727151586007989792e-01,7.732134109955890455e-01,7.840324048233409115e-01,7.810772221640039925e-01,7.747650792334910275e-01,7.844433543598520187e-01,7.927860297592160821e-01,7.879563094956747449e-01,7.809595544000336176e-01,7.806638181702868495e-01,7.867563576810050474e-01,7.743069096280861263e-01,7.793134218881837549e-01,7.776217718375000310e-01
7.632987363299871264e-01,7.756967252086716114e-01,7.768740262995230683e-01,7.805082425102624066e-01,7.770526482138334634e-01,7.672179015642909272e-01,7.668400730618797345e-01,7.703756267608222741e-01,7.682419018047451642e-01,7.758299566864090835e-01,7.753177591999133034e-01,7.741897979500141913e-01,7.717652435912951692e-01,7.764941750857988767e-01,7.722958326484558045e-01,7.624666674600527605e-01,7.715263112985637495e-01,7.648074391072745559e-01,7.727210583077868122e-01,7.862623522157825562e-01,7.716712970898167434e-01,7.682836605506897509e-01,7.806001228766307198e-01,7.574458877585652505e-01,7.754458070188385843e-01,7.763325246679405600e-01,7.416565037834783602e-01,7.641904663210484783e-01,7.720091001842814826e-01,7.746559919341569067e-01,7.644078687962412300e-01,7.588582054548069777e-01,7.677979434956054838e-01,7.726199391095203151e-01,7.717373562104670182e-01,7.691959773370518061e-01,7.787901835212475143e-01,7.748855621974304331e-01,7.668281788886617267e-01,7.684225785818193932e-01,7.722598451188753543e-01,7.862624979573612505e-01,7.703446352705273226e-01,7.576393038981189543e-01,7.561261105507244284e-01,7.726047586311827198e-01,7.701729952249886102e-01,7.616550047991584860e-01,7.658735199019162110e-01,7.744204940616994381e-01
7.512171404572743905e-01,7.527239032043787637e-01,7.574831885864860004e-01,7.494565870362742688e-01,7.445823083370486373e-01,7.382624072078385336e-01,7.630310655847384327e-01,7.421401250921850767e-01,7.631953181046392531e-01,7.562486385365910779e-01,7.657796482096050905e-01,7.515976990956082515e-01,7.430724968023612043e-01,7.579738210728504955e-01,7.571797582681725203e-01,7.468317842816476482e-01,7.387996942736123618e-01,7.526949539972603853e-01,7.477284099026476616e-01,7.443034199029139319e-01,7.500285544408350491e-01,7.620976782021808837e-01,7.477001742059784517e-01,7.537506338227188962e-01,7.461485987423295274e-01,7.286940969927443446e-01,7.471459777056683738e-01,7.504495122665340023e-01,7.504262842175244419e-01,7.578179227766019821e-01,7.439908466876072879e-01,7.502650822388748919e-01,7.487365950564057737e-01,7.584281716248159055e-01,7.426575976565482629e-01,7.591481067148337925e-01,7.572308569266166245e-01,7.582775124287258750e-01,7.435982045881747160e-01,7.447335545456827965e-01,7.542826603147484432e-01,7.563094850982694517e-01,7.657935439049189386e-01,7.493614970095129335e-01,7.669113393755998542e-01,7.485421831650529434e-01,7.634128214151000291e-01,7.540879174324724987e-01,7.422796392983479485e-01,7.653898189514043437e-01
7.295293988535631602e-01,7.378991289867692371e-01,7.364427425800270655e-01,7.401280559449094909e-01,7.276425704551978679e-01,7.507132540905321338e-01,7.398460872433526569e-01,7.366474786231946847e-01,7.419336502954557711e-01,7.232238049849848416e-01,7.316490323783361172e-01,7.310588337885253196e-01,7.375478194514013541e-01,7.449777128495206346e-01,7.294777910749008498e-01,7.413495810819427101e-01,7.321289489736093614e-01,7.282465029732747563e-01,7.445984486873093999e-01,7.325364699991393502e-01,7.308799421478587854e-01,7.366550298327638746e-01,7.275214590589962338e-01,7.277567531345240370e-01,7.548348232781271205e-01,7.390571572027293534e-01,7.245527004807423843e-01,7.373212552253824992e-01,7.265775751650380698e-01,7.331101143145791754e-01,7.374170494673192300e-01,7.357582200423544716e-01,7.503562469848084060e-01,7.459575017063923008e-01,7.302533579233686512e-01,7.371686767949697794e-01,7.379027153959513141e-01,7.290954651380779916e-01,7.375439738908744491e-01,7.287327064630380047e-01,7.314082811634432524e-01,7.343933925867968115e-01,7.229471966297615904e-01,7.341870330056773364e-01,7.315233803097146437e-01,7.452664551209232657e-01,7.310874653274621604e-01,7.455360969675618454e-01,7.287850489017670963e-01,7.384940075345513000e-01
7.301861605852325576e-01,7.268813286869248991e-01,7.011672028572931703e-01,7.033243759325282785e-01,7.279506279343634922e-01,7.026994017043191043e-01,7.208292863609407908e-01,6.972207144260763600e-01,7.178792517546183083e-01,7.019421415922781904e-01,7.149093468557600195e-01,7.125510814536075710e-01,7.186490995941262616e-01,7.051464503061696254e-01,7.047549225793564576e-01,7.264657367273144040e-01,7.103348301758508621e-01,7.209544115672601450e-01,7.318595872438599104e-01,7.222510968694724198e-01,7.118972692672512759e-01,7.188548986737079982e-01,7.100960254357353563e-01,7.164113084357026651e-01,7.138634692137459936e-01,7.102035182429934368e-01,7.211071389841680057e-01,7.148025885780336930e-01,7.132019921393049078e-01,7.131526231494179635e-01,7.191047734294196969e-01,7.128859074863267420e-01,7.098862318339053123e-01,7.204800388451367832e-01,6.981834606450506575e-01,7.177929852388394982e-01,7.198153268694221785e-01,7.287632545214277613e-01,7.087187267391861223e-01,7.166654520745561197e-01,7.279386285731630490e-01,7.240492683108258332e-01,7.071896195008713359e-01,7.175346883898782169e-01,7.094234158745580388e-01,7.248335128159397733e-01,7.088599236216100996e-01,7.134917719242561684e-01,7.357415055690028627e-01,7.191386730629298896e-01
7.042187583151036101e-01,7.048862358516558846e-01,7.072622619165560565e-01,7.010903616689024842e-01,6.940578103923277231e-01,6.972990133528039758e-01,7.084542792904309216e-01,6.958982157669355573e-01,6.979643753422679620e-01,6.919483995528565856e-01,7.075865460736363577e-01,7.068517191869446714e-01,6.790558063636638053e-01,7.041393277219288871e-01,7.010006531934485086e-01,6.844741410729029418e-01,6.923756131291918248e-01,6.860995715526587713e-01,6.930640270664693015e-01,7.038209003579621870e-01,6.808647519290174088e-01,7.107017366100897293e-01,7.037336856033663546e-01,6.938730144082808637e-01,6.942464719589752642e-01,7.000526566226171754e-01,6.966067305234464602e-01,7.005487133770564867e-01,6.975920717585022413e-01,6.956966612148214324e-01,7.057151846682061525e-01,7.093093383755614267e-01,6.932662680648944420e-01,6.845377816402408166e-01,6.960443324556100375e-01,7.017484785885926835e-01,6.899009539170629646e-01,6.895771777489546617e-01,6.915440090695337272e-01,7.105388830102241648e-01,7.028295641338564437e-01,6.917457199041872062e-01,6.953044321797616778e-01,6.950946290743302836e-01,7.094922730539896527e-01,7.044483789778374083e-01,6.975842414422555038e-01,6.808432089561824441e-01,7.003870519939423556e-01,6.996783982768460808e-01
6.875645131584827707e-01,6.872534888786876461e-01,6.687215985090775305e-01,6.826567122313077496e-01,6.718280645134215856e-01,6.770234741681647739e-01,6.854312852781244692e-01,6.700548988853851640e-01,6.623725120722911974e-01,6.904282994352318736e-01,6.658849392251086075e-01,6.682084477157305136e-01,6.765665563408136407e-01,6.719927878652436348e-01,6.784756813990366897e-01,6.738987945103209753e-01,6.724033555090241920e-01,6.776771703129335078e-01,6.733415057804325032e-01,6.764194044046718535e-01,6.790316097565863851e-01,6.740871932980228021e-01,6.885610412468238239e-01,6.784437830706890882e-01,6.840192095863013577e-01,6.738971598107674765e-01,6.762712853530998824e-01,6.734863642941760764e-01,6.952340004272828944e-01,6.855217102596794509e-01,6.725936120468418711e-01,6.812530479567019404e-01,6.776920518844476993e-01,6.706387228600697581e-01,6.707487208619870023e-01,6.578973023986145474e-01,6.543730154475597693e-01,6.797872461272236322e-01,6.767874162079253741e-01,6.678855204839377890e-01,6.761287049294928408e-01,6.861547722036059893e-01,6.876789620113213930e-01,6.973715102944857414e-01,6.749772221402693395e-01,6.798192430365326278e-01,6.705619854961843984e-01,6.741579366685850339e-01,6.749864444115231121e-01,6.738569083069902987e-01
6.648178129233300870e-01,6.556236826404259199e-01,6.603646364630046950e-01,6.647723481888802022e-01,6.672647680320963337e-01,6.508326047434391803e-01,6.655048997888639573e-01,6.522392457731527315e-01,6.598092016507274282e-01,6.557499723167999894e-01,6.570009659991058459e-01,6.560529924077013186e-01,6.538203117811194343e-01,6.638961517133498136e-01,6.475873334726051089e-01,6.460066416028650282e-01,6.673053921863062454e-01,6.518106624928841075e-01,6.590911063688308369e-01,6.466025824646167708e-01,6.487079692074619874e-01,6.493120049404127458e-01,6.512933705600443268e-01,6.471141513703513315e-01,6.503469799217724834e-01,6.553672488284792985e-01,6.543320564821473173e-01,6.581827960900022978e-01,6.596217503505302782e-01,6.432617627693208995e-01,6.599013914214318932e-01,6.647065287960689517e-01,6.505025742898217223e-01,6.415046000001665139e-01,6.542017727998259424e-01,6.473555969655068187e-01,6.497983656958208343e-01,6.488172842333572721e-01,6.652782094770518517e-01,6.484950526327702969e-01,6.665419794913410856e-01,6.495953124782187782e-01,6.661283447411451286e-01,6.523076067028336089e-01,6.676460373789691038e-01,6.588182791445833519e-01,6.591805990733038412e-01,6.544051315897999599e-01,6.588292719213484361e-01,6.684351251650983983e-01
6.290120810136480278e-01,6.321559201955067042e-01,6.295319060824104973e-01,6.410158425458541975e-01,6.348478081855911670e-01,6.385676505964655858e-01,6.308303114291614611e-01,6.363701171394541278e-01,6.331919725617097816e-01,6.368404062495759410e-01,6.411115500848799664e-01,6.334809895541535507e-01,6.419114505671317250e-01,6.319705754185817037e-01,6.266540897612520311e-01,6.432609842362512209e-01,6.273363725891357712e-01,6.357544227632954126e-01,6.327474334168656789e-01,6.252578888515565314e-01,6.382812299410650647e-01,6.367717243654738013e-01,6.280841589356623844e-01,6.326352029512311015e-01,6.423830710549680578e-01,6.367979938113449423e-01,6.411334013834204537e-01,6.476283143447703061e-01,6.317819552769331493e-01,6.306927692743522496e-01,6.344318776419388684e-01,6.418487076021405224e-01,6.452495627102641240e-01,6.383246362400356588e-01,6.233567507632477023e-01,6.311576877026134902e-01,6.331008868477916440e-01,6.383811245869418505e-01,6.306056219149613895e-01,6.365573233308265966e-01,6.340207365271577356e-01,6.462058680744263706e-01,6.276632184689181493e-01,6.371985080317584815e-01,6.429171053674348491e-01,6.399863384512027853e-01,6.298418350047142455e-01,6.468114549241469335e-01,6.340283640479126293e-01,6.317241707214129587e-01
6.134107421742278632e-01,6.104838113553943124e-01,6.044519091363745877e-01,6.105381903739719451e-01,6.212582534308553894e-01,6.074591461106210177e-01,6.220763023673097081e-01,6.041848286602028439e-01,6.049535555829131939e-01,6.001409311895283816e-01,6.044391796358399294e-01,6.258499827108406910e-01,6.007979944537811257e-01,6.129024711506372292e-01,6.171864098985426761e-01,6.096093970720968258e-01,6.094890645440842469e-01,6.086673979548241631e-01,6.053938274018103582e-01,6.019881942284599496e-01,6.170285020995559533e-01,6.280827752885225213e-01,6.185177374417721863e-01,6.103167120873080886e-01,6.006568414786365162e-01,6.218254926403969929e-01,6.076535987087609003e-01,6.067179030214800983e-01,6.128114268642030904e-01,6.148105184555582303e-01,6.141847727618431341e-01,6.158162751110701771e-01,6.100295389710889138e-01,6.139663298806283809e-01,6.110134362169454825e-01,6.088680739741334502e-01,6.213630119917475936e-01,6.008391663773486879e-01,6.144873707875387892e-01,6.215787593281586476e-01,6.240237222013802487e-01,6.082730889654771600e-01,6.222135656867671116e-01,6.064766854563494736e-01,6.159431262680044039e-01,6.090053646230009221e-01,6.190351474028841228e-01,6.271363133004966839e-01,6.002699133712379176e-01,6.220826695094571201e-01
5.898661156356084234e-01,5.876250091326273850e-01,6.070201423251553319e-01,5.925294899222421918e-01,5.794709366841048759e-01,5.979248146947931941e-01,5.947433353834093994e-01,5.874090814074668376e-01,5.847909557407245940e-01,5.891659870068964855e-01,5.964963236181745065e-01,5.992104605950913099e-01,6.023455213578797762e-01,5.825036102482207268e-01,6.050621119255887859e-01,6.004566373468552820e-01,5.904151574432642269e-01,5.951239729129305100e-01,6.014854719270329442e-01,5.841704819097267576e-01,5.953692369385973349e-01,5.935379651029381032e-01,5.960206302778823240e-01,5.970900094484834497e-01,5.885849867782519951e-01,6.012799162622290972e-01,5.984282124792765778e-01,5.842445446599575654e-01,5.890271227764332096e-01,5.811951653276006269e-01,5.924226221368590339e-01,5.868922328046859427e-01,5.939475106630950352e-01,5.986087031432437700e-01,5.947105481093364343e-01,5.939470740875519850e-01,6.001989846974190579e-01,5.950326997437428433e-01,5.881632170815357386e-01,5.799398199124407016e-01,6.062521512888096042e-01,5.979345273893377222e-01,5.833857045677043329e-01,5.799990392691303231e-01,6.011441874369617411e-01,5.873386952338646161e-01,5.992787687767038296e-01,5.943748695367633283e-01,5.901443268079124005e-01,5.858343482846634087e-01
5.700867445469626205e-01,5.842329881271752789e-01,5.770662426915232901e-01,5.660703449950417188e-01,5.726136516251726372e-01,5.639217759630825721e-01,5.743016774247328149e-01,5.634098726838773219e-01,5.694094631006521023e-01,5.618709090934669304e-01,5.662645118241207420e-01,5.770006160481859769e-01,5.718590249744964771e-01,5.592913144264842762e-01,5.542936420225955674e-01,5.618221457642353922e-01,5.712796027551539924e-01,5.706896734183708464e-01,5.691581059041969093e-01,5.672565806417300127e-01,5.760358149140467621e-01,5.612731226744263058e-01,5.515047156377959059e-01,5.774866528524269516e-01,5.744215668897059146e-01,5.722029043558503059e-01,5.643134432306756709e-01,5.628635095161143020e-01,5.699414443297806665e-01,5.741160682293703355e-01,5.702568921488146980e-01,5.686603045956546421e-01,5.693527411460219678e-01,5.608831154475267811e-01,5.732847250638429815e-01,5.707928316960814152e-01,5.768208335449431789e-01,5.706430682159627787e-01,5.745014903830197861e-01,5.578677053351882575e-01,5.811524544607554743e-01,5.617574899558075430e-01,5.678315654542269719e-01,5.569185372517958532e-01,5.799592572222551645e-01,5.676024812617929127e-01,5.638682372292296296e-01,5.775801990945486075e-01,5.692555909134616732e-01,5.720693459736788666e-01
5.496289740379657340e-01,5.542389401717010555e-01,5.618536752650894472e-01,5.428712672950979368e-01,5.456417964749946670e-01,5.586661156594562305e-01,5.489076571430615559e-01,5.528348523479453824e-01,5.351120496087496958e-01,5.357443311714329415e-01,5.512522184464773156e-01,5.468868740404007056e-01,5.503759777945635978e-01,5.536744381064676590e-01,5.410102210755125540e-01,5.397854303992130065e-01,5.492341044793014326e-01,5.477337228277616710e-01,5.364487440503609150e-01,5.456130010843071032e-01,5.495355323086936750e-01,5.519965582368770995e-01,5.506261262992109273e-01,5.462948686981485835e-01,5.478100633340711179e-01,5.439977146960801591e-01,5.509821981250878631e-01,5.531634731291026341e-01,5.408212512566139551e-01,5.501862775795713922e-01,5.335509607502567642e-01,5.426475286490682892e-01,5.428204059673867876e-01,5.413206870531880321e-01,5.443411463026207597e-01,5.366594721175178551e-01,5.505911184724877616e-01,5.440472907328117724e-01,5.457524519261196527e-01,5.505716042924359011e-01,5.439169678451359902e-01,5.585412650821934832e-01,5.514296042185257152e-01,5.444394989782216365e-01,5.525888225251249786e-01,5.677036925730106764e-01,5.413333954877395104e-01,5.431068514327832553e-01,5.469675946602997607e-01,5.512525049051941739e-01
5.335342900723377690e-01,5.147251552955623977e-01,5.086931270870492794e-01,5.145762883210772687e-01,5.238267598459822594e-01,5.263664626520048184e-01,5.138259181776874129e-01,5.287184211335544948e-01,5.242778086249457736e-01,5.190240157042924629e-01,5.243308457427289238e-01,5.352567725858097258e-01,5.299233544410180130e-01,5.169076162072839820e-01,5.334239588046864045e-01,5.353791818192606966e-01,5.072421435645436683e-01,5.295651569632867650e-01,5.219723255261888850e-01,5.406865691097352267e-01,5.270552306163985845e-01,5.268168766754692811e-01,5.136964342980118170e-01,5.283756773251467864e-01,5.347666383253963929e-01,5.298985170614475271e-01,5.277343359778282617e-01,5.252690403742106273e-01,5.266323058542629054e-01,5.129747324144172671e-01,5.377194258520755499e-01,5.292705456696890076e-01,5.243781255571100530e-01,5.215796882053796990e-01,5.346186534321317740e-01,5.312248717752767746e-01,5.132854195772481587e-01,5.223993182489349296e-01,5.122377316858166552e-01,5.217994180647548275e-01,5.237006318994940068e-01,5.275967073735094992e-01,5.279649004658361067e-01,5.256837811386838588e-01,5.275061494721930977e-01,5.152561037374905339e-01,5.276682248743497228e-01,5.243062362143277033e-01,5.320629532660688943e-01,5.228244889184952005e-01
5.011381835410503305e-01,5.027305651262174990e-01,5.018008599263700242e-01,4.945005081437671146e-01,5.061563942638700464e-01,4.880685558454814776e-01,5.063776561557872258e-01,4.958470123245604655e-01,5.009695219089270735e-01,5.028043225165241825e-01,5.043235703217330279e-01,4.951772827792575993e-01,5.096542676042415954e-01,5.060210681058647797e-01,5.002890551414486131e-01,5.170379989615520033e-01,5.071568194337650048e-01,5.010486159892657554e-01,4.928846051593056554e-01,5.121387643527969269e-01,5.051010259871309138e-01,5.036768107250668702e-01,4.919598354676325003e-01,4.804562632461807370e-01,5.019526556958503472e-01,5.120548439724641465e-01,4.903542888279107115e-01,4.939009895753073698e-01,4.960958475213331775e-01,5.057057638519358855e-01,4.997197817993063174e-01,4.901400647453509341e-01,4.976064049436583203e-01,5.065090943028239812e-01,4.972520140049255244e-01,4.952808089963848248e-01,4.985644937047933878e-01,4.933395152568748054e-01,5.077537416009153537e-01,5.087935536303237472e-01,5.073817021435645946e-01,5.027337587281363041e-01,4.946519623332716331e-01,4.922585040505945697e-01,5.100318599885044213e-01,4.998871364369492643e-01,5.068448701850311044e-01,5.122299451032101825e-01,5.143378844887640522e-01,5.039064392399500436e-01
4.802305921727949012e-01,4.777650030728738950e-01,4.831958995336795848e-01,4.871733115086309129e-01,4.716922594589760820e-01,4.732571692725717205e-01,4.810098242199686847e-01,4.645398986689806553e-01,4.793789879188371517e-01,4.731257902177171126e-01,4.789000087166724318e-01,4.849748897053869356e-01,4.878466069650913006e-01,4.851147788308411424e-01,4.799533583973101813e-01,4.753849626202580891e-01,4.636201123229324317e-01,4.757590401307369432e-01,4.707499957360249399e-01,4.801132510108037099e-01,4.781265801151463601e-01,4.807510942819877564e-01,4.764579256570679044e-01,4.750354310967481175e-01,4.898008677938726074e-01,4.720128407307614404e-01,4.813457896721310414e-01,4.745465182858953357e-01,4.850318592640665005e-01,4.810453997814695404e-01,4.826670890466192576e-01,4.710220120781619668e-01,4.700097822485069243e-01,4.821519485321700271e-01,4.829918978735085466e-01,4.776973718385893464e-01,4.719287852693938579e-01,4.789400221644787847e-01,4.885900623726485148e-01,4.681835523945601096e-01,4.642858508672312312e-01,4.761924997187744757e-01,4.699931227089920172e-01,4.698794728206690530e-01,4.796188955505351070e-01,4.811348077063425932e-01,4.702447924952898872e-01,4.794110433173621733e-01,4.727376647294973533e-01,4.788206503335561415e-01
4.413605588302378924e-01,4.550218970852173972e-01,4.555267534233753413e-01,4.586370910576982873e-01,4.475198543105212701e-01,4.562464441584889729e-01,4.570498824657324155e-01,4.497335097671891768e-01,4.635484968619072998e-01,4.520385384754149749e-01,4.554633930677479681e-01,4.482361269301045059e-01,4.701476156222058611e-01,4.592808201663907131e-01,4.540081729389014997e-01,4.551894061371811184e-01,4.605338249857512389e-01,4.495446384405030749e-01,4.558937017212980058e-01,4.527003353987360534e-01,4.659365350224510816e-01,4.489625403481800059e-01,4.492314687448138444e-01,4.384704618294023581e-01,4.595031433703384294e-01,4.604959938502958816e-01,4.591275632391482175e-01,4.445192430237134285e-01,4.674342065797331691e-01,4.631312896047494188e-01,4.533511186464624920e-01,4.606968591221654030e-01,4.645874529323686941e-01,4.672598548809891450e-01,4.527722020979317863e-01,4.550412213537650130e-01,4.465355406576086428e-01,4.571390514390039628e-01,4.523545982450497549e-01,4.444803517538968851e-01,4.516125780843258108e-01,4.513687111829426946e-01,4.452582626763829099e-01,4.562901220096425292e-01,4.537254146798814780e-01,4.513165187957318136e-01,4.573875416056746857e-01,4.600476435241329098e-01,4.568035692479870957e-01,4.500080149797634488e-01
4.354789663120862131e-01,4.313534793757098362e-01,4.190634995779499161e-01,4.270909304667072637e-01,4.209908025980403368e-01,4.288604484832643227e-01,4.289388249962589605e-01,4.255170981920230466e-01,4.362532437637732796e-01,4.240219245528886738e-01,4.285312425934000857e-01,4.405494922666738922e-01,4.294448286179579632e-01,4.311143212683949399e-01,4.305560053528533215e-01,4.428980879160125395e-01,4.401328308662540434e-01,4.375235365558707290e-01,4.305929605819595052e-01,4.260085212973797053e-01,4.338496387881285443e-01,4.182832322563964644e-01,4.321276933248566210e-01,4.395937042974118469e-01,4.162804422489455036e-01,4.226729152722132898e-01,4.218095098037890622e-01,4.358861405477740258e-01,4.225407630561582306e-01,4.237015763791628364e-01,4.378650364902078596e-01,4.286889216905674371e-01,4.428551682034519432e-01,4.381934848790677295e-01,4.273542840332886783e-01,4.241429349554036166e-01,4.334787890220334061e-01,4.266545904622252583e-01,4.317212999798027973e-01,4.438288231544532669e-01,4.317472570888784000e-01,4.275330527840801031e-01,4.259312675034897522e-01,4.323617956001611917e-01,4.194875515339135386e-01,4.392558030903062627e-01,4.300523207197628484e-01,4.264864865351814527e-01,4.291165679514701847e-01,4.358535820134115113e-01
4.037985643603177466e-01,4.068913721572970932e-01,4.051276026283602283e-01,4.023130546577294298e-01,3.996249302337913645e-01,4.228432573629578028e-01,3.952056416219909551e-01,3.978350823950559390e-01,3.951272930142968876e-01,4.058244857460838184e-01,4.064074495415510024e-01,4.154137854339105540e-01,4.255171993691325705e-01,4.053667602121163727e-01,4.052945095438818535e-01,4.143965565897615999e-01,4.170807983929187834e-01,3.980513544095920508e-01,4.012195773031594359e-01,4.139266399416863251e-01,4.007135128810847546e-01,3.997513400110276338e-01,4.072409154548820021e-01,4.018501066237311070e-01,4.067703988644146285e-01,4.106370577608521311e-01,3.977215011367991049e-01,4.044255291985050516e-01,4.040742308037941766e-01,4.099341993506961379e-01,3.988840157067576331e-01,4.083010613205794725e-01,4.069516705605535356e-01,4.051059812462416421e-01,3.989646189781074215e-01,3.979781211285889908e-01,4.076663818483119428e-01,4.045411756208141529e-01,4.012730241444089074e-01,4.051974898519989376e-01,4.013658594408842095e-01,4.062364254839888056e-01,3.978389679489837683e-01,4.153557424775274343e-01,4.017386386807249576e-01,4.008687382327918436e-01,4.018650577735318197e-01,4.056922590664793771e-01,4.205641257040389491e-01,4.046094433435289406e-01
3.770319713973694919e-01,3.841387380125748097e-01,3.792313031941564327e-01,3.798912412399048644e-01,3.798689339936910381e-01,3.863447085244683388e-01,3.875435507669284796e-01,3.773761629362157310e-01,3.802244188866307772e-01,3.862565676428588723e-01,3.906543251548385554e-01,3.715813738644320186e-01,3.964090182069777146e-01,3.884734554327479161e-01,3.915739701361353187e-01,3.832905369190859890e-01,3.754496370803646621e-01,3.845765676767960439e-01,3.993156760139792705e-01,3.796956322795774774e-01,3.789730155758026520e-01,3.792424462326964285e-01,3.895092039626785185e-01,3.800776614342785131e-01,3.919504075896992346e-01,3.841860186035349067e-01,3.851686296436447887e-01,3.719504372482491661e-01,3.810073484757641737e-01,3.881849506181833664e-01,3.825219599812858529e-01,3.833201539881945785e-01,3.812168870876355697e-01,3.887720685620568162e-01,3.861799328641803419e-01,3.788298410853478404e-01,3.699687824152008697e-01,3.873388309406881058e-01,3.745401736492018352e-01,3.761969682638488521e-01,3.839425017081804503e-01,3.833370304158051911e-01,3.819962250626239841e-01,3.827926038655665719e-01,3.853089419973035334e-01,3.715513143040067856e-01,3.684655046845708992e-01,3.790276585552547761e-01,3.879615190922074963e-01,3.857684078495193236e-01
3.508039126687405584e-01,3.512625148815425868e-01,3.520957643796043812e-01,3.588014658894531084e-01,3.474132412765911226e-01,3.591294098110297539e-01,3.475856593897005409e-01,3.671361847145490631e-01,3.635663127351068113e-01,3.525107633097745996e-01,3.630174891250170233e-01,3.670294959669535562e-01,3.586988145922703763e-01,3.531356360742862188e-01,3.609868467082110732e-01,3.638567832576924954e-01,3.671019036750949871e-01,3.574607740775357922e-01,3.642705780393968862e-01,3.536744116441098429e-01,3.723128402438138362e-01,3.600516627436644024e-01,3.672746171419032368e-01,3.615699420603704639e-01,3.615990362592327312e-01,3.647843840359753509e-01,3.528006526393416831e-01,3.626491882392907096e-01,3.652500842859713881e-01,3.615193728068903378e-01,3.479043405789526422e-01,3.494728104458049711e-01,3.593644100757514837e-01,3.573158849263378123e-01,3.679656185701037918e-01,3.567623481569716648e-01,3.579027358803783532e-01,3.570729576915658288e-01,3.577626723658938745e-01,3.506657184648467318e-01,3.578462284582376585e-01,3.564488496482389190e-01,3.562026817661759215e-01,3.546889783504523774e-01,3.584196193747837822e-01,3.502925210053395300e-01,3.607769877164300198e-01,3.577216117584566812e-01,3.661401798189522494e-01,3.606029350840693204e-01
3.394659121540954394e-01,3.334770812260455797e-01,3.403260446997951605e-01,3.284585066839474932e-01,3.416437269325884318e-01,3.324595072183261779e-01,3.343329903622670463e-01,3.310268412563816542e-01,3.370991529480540372e-01,3.314498691347166903e-01,3.410494541945706115e-01,3.307865698274747857e-01,3.361415635151674963e-01,3.313357933188745830e-01,3.421755652905341671e-01,3.309641830653729522e-01,3.367998484443489593e-01,3.409597302096062377e-01,3.331982811992170723e-01,3.298159985255259552e-01,3.357431823474114063e-01,3.370545285047610307e-01,3.424240354964276922e-01,3.451421677175743330e-01,3.446957458868589730e-01,3.416464835977005565e-01,3.322308079045800944e-01,3.342769147021439902e-01,3.380442219184038866e-01,3.352235513749888818e-01,3.427234356822307926e-01,3.364772107563707704e-01,3.374910637620063270e-01,3.448378716710023828e-01,3.370056522445272207e-01,3.405494942344600706e-01,3.409407994459158764e-01,3.330729665460637756e-01,3.378678241367721879e-01,3.311766745208852281e-01,3.428187834271356760e-01,3.288826016483224479e-01,3.359074940411597709e-01,3.370983386089533851e-01,3.394279135191065055e-01,3.256307584776463315e-01,3.387309619051532272e-01,3.313056508166343228e-01,3.317524567909673761e-01,3.322056655578377593e-01
3.066722817103821885e-01,3.148676515859191727e-01,3.067054689867332318e-01,3.131888532339863196e-01,3.145583266764557240e-01,3.129199816981415583e-01,3.050287708184239999e-01,3.158244380964305154e-01,3.174692424169813232e-01,3.197238300638742814e-01,3.151877313797538660e-01,3.079146223123092052e-01,3.104420888356378416e-01,3.216305457513191079e-01,3.059951886844262670e-01,3.099147589330458752e-01,3.101571931792713177e-01,3.109382158080575831e-01,3.189928731057415923e-01,3.022820271184401553e-01,3.224487044835487315e-01,3.143239746696804837e-01,3.054638574133052287e-01,3.203099461134205073e-01,3.063757651149134897e-01,3.166614489022684942e-01,3.104982250853786097e-01,3.146189953206182666e-01,3.054437239960907102e-01,3.126712324775092755e-01,3.218096727803689272e-01,3.141133686457268648e-01,3.107591046786073452e-01,3.089521314239651595e-01,3.170113223809210012e-01,3.156167954227981354e-01,3.178929999564310549e-01,3.083321919402881028e-01,3.162627664418145024e-01,3.146367710853255617e-01,3.107597088021554210e-01,3.119922226053328251e-01,3.058670784950941468e-01,3.101742675500692714e-01,3.150271223880314886e-01,3.045878977619030925e-01,3.083485684359763557e-01,3.107429616081610613e-01,3.150169069789023890e-01,3.192147410040030442e-01
2.794560223124055720e-01,2.908003880445529932e-01,2.909229493360941943e-01,2.964631118637846563e-01,2.899398075378925577e-01,2.852324606685976427e-01,2.945208347995295073e-01,2.939729213175066858e-01,2.887572908038164021e-01,2.883600535932923647e-01,2.955181226079158230e-01,2.909684097236522327e-01,2.895445826186125449e-01,2.912858680103632136e-01,2.935040656989893471e-01,2.916421668956198920e-01,2.862849564114876566e-01,2.824723968553246589e-01,2.909118656557054816e-01,2.870601606214004953e-01,2.958027681576319012e-01,2.970358570210747673e-01,2.858336832372954106e-01,2.930449129600030123e-01,2.929543880162379099e-01,2.860019560131539795e-01,2.859460167096987138e-01,2.804863642715929584e-01,2.886314273473493119e-01,2.864914000887956447e-01,2.873516208063198185e-01,2.894998740949596971e-01,2.943568770222266262e-01,2.958894551171902809e-01,2.876599092600465868e-01,2.774252179811464991e-01,2.830315098664281659e-01,2.944814552340997982e-01,2.878613798592372652e-01,2.842470024603337975e-01,2.826912434586071332e-01,2.929473632679646111e-01,2.789212223108014088e-01,2.878491968358017350e-01,2.829220712964376494e-01,2.780704230530348653e-01,2.822819839412870624e-01,2.930321865538794701e-01,2.914711117408154695e-01,2.954651326621643981e-01
2.608310710879280792e-01,2.734943669147926748e-01,2.673151821652927640e-01,2.648058632564324055e-01,2.660738882940142380e-01,2.689395577507400215e-01,2.767580362823456874e-01,2.683476011562827002e-01,2.723200729233473671e-01,2.659355338151369041e-01,2.701023915444045187e-01,2.627402735199642625e-01,2.607921196280320597e-01,2.699700522737460973e-01,2.715063968083735735e-01,2.624486067376465837e-01,2.633474053494801459e-01,2.665488598510791229e-01,2.636195266148405603e-01,2.653531007651305229e-01,2.663728345396442765e-01,2.709975710076427124e-01,2.648074585722872132e-01,2.704000210144665850e-01,2.659818698570140527e-01,2.627115794277278260e-01,2.710048737026612975e-01,2.591737997774863356e-01,2.650721570207366651e-01,2.616250057174451249e-01,2.692653628479832473e-01,2.653923580730294662e-01,2.743469451600379916e-01,2.633607408160107410e-01,2.580136101520517644e-01,2.792557565156687516e-01,2.690768511787428596e-01,2.688897981341153431e-01,2.741864209743632985e-01,2.664538363051943692e-01,2.626447102110935350e-01,2.593017280810044345e-01,2.655624957852621981e-01,2.705683534427822945e-01,2.671873615477285968e-01,2.642672861924139083e-01,2.619553387505357822e-01,2.707880010491526823e-01,2.685098028188198094e-01,2.666414772634458918e-01
2.444032962705435519e-01,2.368550877462950732e-01,2.455765597166814640e-01,2.425012791593281480e-01,2.476396665115757900e-01,2.380446534557572047e-01,2.430769831114311663e-01,2.467205318972713057e-01,2.444865985285599175e-01,2.488566207709783928e-01,2.457481251054753624e-01,2.492178371155451266e-01,2.465802764367909239e-01,2.522422599142554178e-01,2.461166604083624698e-01,2.467804911334276763e-01,2.440875544431082012e-01,2.492225104801125968e-01,2.478465476693930414e-01,2.427113460117805155e-01,2.336272632995634035e-01,2.497563922800385416e-01,2.473204756068093646e-01,2.424087227938358791e-01,2.329998891842549325e-01,2.459182118361598335e-01,2.452687143849550944e-01,2.452300261514600010e-01,2.437903493136253930e-01,2.455108131671082383e-01,2.421834889993106088e-01,2.361712119475845584e-01,2.456996099006462375e-01,2.349518731972717600e-01,2.411041450315719037e-01,2.442091140818355155e-01,2.447115467697205393e-01,2.453177783492895281e-01,2.433319278158290466e-01,2.474389837876739828e-01,2.433985094980952169e-01,2.407807879546773888e-01,2.444841217499571784e-01,2.466550684784067082e-01,2.440788422777283861e-01,2.424988142790075463e-01,2.414608486926956288e-01,2.459983090004274620e-01,2.458794954207229877e-01,2.389560871918382512e-01
2.225502426753826202e-01,2.231257673973295608e-01,2.228207924975944276e-01,2.140570740403532901e-01,2.268424270167996304e-01,2.215776672246108081e-01,2.263220295025581696e-01,2.216939598093004837e-01,2.264205238580616619e-01,2.339334041850811008e-01,2.241636051979764843e-01,2.210101825333487535e-01,2.264301714928383391e-01,2.245788293366171029e-01,2.157212043154826675e-01,2.236465221101618661e-01,2.314378001685943875e-01,2.216068095726414222e-01,2.201585263969867423e-01,2.255112227060591668e-01,2.249150899575013962e-01,2.213490507138105856e-01,2.164282029172332755e-01,2.210413349902979885e-01,2.254364837785158282e-01,2.173968524287768767e-01,2.292503724310961943e-01,2.141901658919714013e-01,2.175133499234139789e-01,2.260873636771456863e-01,2.243118001270288098e-01,2.189872730038363580e-01,2.253323094228436296e-01,2.267257786430235400e-01,2.262307230117426848e-01,2.203057710228653321e-01,2.234511783488248027e-01,2.157575019479061607e-01,2.221657790659436471e-01,2.228217417133420419e-01,2.257464764639286747e-01,2.140187536226645926e-01,2.115102058946266017e-01,2.204065540559610181e-01,2.318165225634187254e-01,2.229087628209776850e-01,2.221166627015596917e-01,2.210898303582580215e-01,2.217686103711555279e-01,2.283489460391639192e-01
1.917574069678832371e-01,1.982265680683138187e-01,1.962894053937517258e-01,2.014690272276114802e-01,1.967672882637761522e-01,1.979918905058709877e-01,1.990744956804480770e-01,1.942815197597640431e-01,1.917418591167325270e-01,2.015013749204421223e-01,2.007023457060756189e-01,1.989882994524785620e-01,1.915286904805006407e-01,1.996338111161658213e-01,2.070970495084700769e-01,2.002877066987936161e-01,2.020935100956680608e-01,1.973667441925178456e-01,2.041487011485872693e-01,1.910562770773460151e-01,1.969245893665794445e-01,2.057643418219040898e-01,2.004435317534330185e-01,2.026552888086045334e-01,2.079951515674960116e-01,2.070912738792934638e-01,1.887002640627511163e-01,1.964654973515382874e-01,1.994935193985704902e-01,2.023620493023995104e-01,1.962322664668757766e-01,1.922827422820828358e-01,1.965344565100206609e-01,1.935171346591214869e-01,1.946118503926498600e-01,2.069303715152623624e-01,2.009529891037495353e-01,2.031427492263260803e-01,1.924110837678912334e-01,2.023546692283150483e-01,2.054748914950599026e-01,1.942424937518879013e-01,1.926794538914350374e-01,1.987190381264180850e-01,1.991776811046583051e-01,1.878872157506837892e-01,1.983902255062859887e-01,1.927760801849224548e-01,2.031023446739509131e-01,2.040568406261399625e-01
1.772922613082466015e-01,1.794950089130628867e-01,1.773099420380854774e-01,1.842974789898316479e-01,1.798744694876400207e-01,1.799975235427983267e-01,1.794038908966222590e-01,1.882965434626385215e-01,1.774957283066928848e-01,1.799089316875606415e-01,1.760877625597331020e-01,1.789752202469006848e-01,1.755166717567257506e-01,1.850259533355775587e-01,1.782675567153005902e-01,1.738271135367967235e-01,1.711403940298737714e-01,1.820655952014622603e-01,1.750528747678339048e-01,1.741150555030701597e-01,1.812481176252240256e-01,1.837846121169229019e-01,1.848278878766983491e-01,1.932678643348174630e-01,1.737517621968928117e-01,1.794685394698370962e-01,1.833367846458328621e-01,1.742407983550011696e-01,1.870419806252549000e-01,1.746215959633871662e-01,1.857996954201099615e-01,1.761151266627085377e-01,1.756205025780627205e-01,1.708349335859413731e-01,1.784721536161952560e-01,1.804951733991670970e-01,1.758794798311915375e-01,1.725917224110127546e-01,1.838844974265336496e-01,1.787857091759993411e-01,1.812266707345577266e-01,1.718845059396642005e-01,1.838733575667499121e-01,1.719884697209941860e-01,1.775278445199436061e-01,1.753374721178431184e-01,1.836077514858243664e-01,1.845464031143946859e-01,1.774808460051725822e-01,1.717564461458912783e-01
1.542111971065677212e-01,1.614999679666772880e-01,1.608547457144171022e-01,1.587818310513771369e-01,1.579325974059261339e-01,1.602803076892357625e-01,1.532658883625425683e-01,1.509880807745409836e-01,1.570951249905314651e-01,1.615276239943467529e-01,1.533941426103462291e-01,1.556687683407307898e-01,1.542850106607519811e-01,1.609283008279555893e-01,1.548999539088778687e-01,1.544759997704135690e-01,1.512555100037085987e-01,1.578018278206390901e-01,1.535666069013351953e-01,1.607082267101820339e-01,1.600685311306808134e-01,1.599943118347996185e-01,1.641793233848210798e-01,1.518760548574941138e-01,1.538157950255439055e-01,1.573032172732236333e-01,1.553253308375218966e-01,1.599437602176685125e-01,1.574029580941422313e-01,1.539365587660148915e-01,1.581559306898848716e-01,1.596476221162203002e-01,1.545735576224126218e-01,1.509488255265745427e-01,1.529114853533565799e-01,1.551149606507384038e-01,1.589817815917560218e-01,1.595737593960432354e-01,1.529897185373025603e-01,1.639247451359056862e-01,1.581730577390269565e-01,1.579549868896954201e-01,1.620048272678987489e-01,1.601467072057699281e-01,1.536258240162519939e-01,1.516090856280582766e-01,1.608282051193659079e-01,1.548094022291461869e-01,1.543978315502690934e-01,1.617523545953628294e-01
1.360694191561364341e-01,1.400432020523196264e-01,1.392577580286302741e-01,1.379731539888979786e-01,1.416595160392967734e-01,1.277725323579086969e-01,1.439614401112702669e-01,1.375013714748166138e-01,1.321549406419139372e-01,1.357752583499847454e-01,1.411216543274796953e-01,1.370313136437210089e-01,1.391613161076917515e-01,1.409342282711765204e-01,1.387357598498701328e-01,1.330421422124522524e-01,1.389729950052848162e-01,1.382511124693424354e-01,1.460059675592579043e-01,1.395449033625549284e-01,1.394378388629597398e-01,1.341786157710365412e-01,1.450574943525656246e-01,1.380311044674484289e-01,1.370765926344106045e-01,1.342190283730222422e-01,1.427262219078020422e-01,1.368714950088511795e-01,1.370443211334319289e-01,1.361237137484764548e-01,1.417365023718566430e-01,1.368059404544740010e-01,1.424284808623993981e-01,1.427955479558095098e-01,1.366596773246631369e-01,1.332802099556203712e-01,1.360920035849736420e-01,1.372520926309222511e-01,1.361809303693659046e-01,1.400195229363049021e-01,1.364933978024572281e-01,1.384534680495123904e-01,1.350687942170687439e-01,1.366659872482197668e-01,1.357401813894300591e-01,1.350127377362509984e-01,1.365342062286868663e-01,1.357721219023312054e-01,1.367958715457637531e-01,1.370124959254872266e-01
1.169241146151298733e-01,1.153730598293402909e-01,1.235169751791558440e-01,1.234970502220380240e-01,1.170562014633258763e-01,1.164103459524073597e-01,1.187257386712543134e-01,1.184357103275933826e-01,1.114728630096965406e-01,1.229838109791740880e-01,1.152604014052105164e-01,1.127769261381633692e-01,1.200449662395167011e-01,1.219870746288852642e-01,1.170926239522524087e-01,1.211971944370679871e-01,1.168336067465511052e-01,1.129169085292135721e-01,1.220667991827931592e-01,1.204253203709306358e-01,1.184284079909119769e-01,1.161699809918172177e-01,1.268447273363355055e-01,1.181527634344917421e-01,1.199277417320738226e-01,1.200096671695590755e-01,1.211368421480640695e-01,1.195696596887945856e-01,1.213507389932398928e-01,1.184403685782806637e-01,1.146648337115963451e-01,1.188285988629309425e-01,1.196259460673388814e-01,1.175381260514228032e-01,1.159644616375913317e-01,1.231837100905353588e-01,1.240111529228060672e-01,1.174094054853696556e-01,1.205110503061457006e-01,1.235833389283257228e-01,1.180180140581850445e-01,1.176294458150565353e-01,1.216343231176110207e-01,1.124228853613577356e-01,1.222081528973702341e-01,1.187281780872432163e-01,1.191453518385320182e-01,1.156804495239607267e-01,1.194187497737483061e-01,1.200236754904521058e-01
1.025754995560448635e-01,1.006261818363489852e-01,1.006082856730822206e-01,1.050098364610205087e-01,1.041043902771435353e-01,9.992550754379561639e-02,1.010137144997503428e-01,1.003030383713200413e-01,9.683336939141004573e-02,1.033999624314061727e-01,9.768824794593819472e-02,9.954226531117134347e-02,1.007210478821140009e-01,9.975553572061597596e-02,9.845564856802610509e-02,9.575513733799791150e-02,9.774808603918583305e-02,1.037879212333961410e-01,1.037783255325774590e-01,9.956682454302642760e-02,9.745850172485294449e-02,1.008816982760245423e-01,9.794579690104610048e-02,1.011707983357347101e-01,1.027967490913392068e-01,1.043709454280009469e-01,1.036519169026786369e-01,1.029642712135976634e-01,1.036863705228180804e-01,9.795197116435835905e-02,9.743605714926202588e-02,1.007149675332377065e-01,9.564255246890457363e-02,9.614357425883784947e-02,1.020948600697629688e-01,9.988138591628420437e-02,1.007172547554511383e-01,9.914433415025875052e-02,1.043716957056138595e-01,1.000987655590577369e-01,1.030055128613819038e-01,9.506249508726379027e-02,9.902432126440068039e-02,9.793786303729647147e-02,9.885285278346112037e-02,1.008019434678689291e-01,9.663391409523432174e-02,1.004775201375130850e-01,9.967909509232933396e-02,1.044136023895328447e-01
7.444507867267842471e-02,7.706476674795174897e-02,8.238238059294081261e-02,8.256018397658075603e-02,8.532830235095839599e-02,8.128548121050008235e-02,7.933005492223950406e-02,8.463290176583561364e-02,7.792841262309911643e-02,8.447534718612970117e-02,8.311587917075619059e-02,8.918772427573674888e-02,8.139130883639178471e-02,8.220730317736889281e-02,8.279529094796690691e-02,8.286727269210895919e-02,7.771436589711414045e-02,8.267794606609983610e-02,8.288736484023624673e-02,8.553291436145850357e-02,8.217418601351855756e-02,8.851413676328855062e-02,8.464400697374874216e-02,8.571787817121105657e-02,8.168529461141371684e-02,8.177774436119973622e-02,8.434883185073900613e-02,8.311018933419060672e-02,8.701336587733279893e-02,7.911238231806190513e-02,8.447908142646012863e-02,8.295206711382950571e-02,8.764759707895666829e-02,8.155711904713675020e-02,8.348854778061595705e-02,8.493203206817970252e-02,7.932514536641323277e-02,7.574252424787211724e-02,8.535268201696154244e-02,8.238242215498656207e-02,8.001164154853232513e-02,8.170166576394145841e-02,8.179307691071212305e-02,7.732747346993502913e-02,8.169318486487602005e-02,7.921787720682177403e-02,7.894566913578550393e-02,8.275982838272159803e-02,8.233962619594177579e-02,8.784189076259044104e-02
6.504190777573411186e-02,6.755757958410985031e-02,6.517368613361895768e-02,6.475124129275224016e-02,6.493017558308875059e-02,6.848519054153989760e-02,6.108854416577288310e-02,6.828337276091510366e-02,6.417292556621988220e-02,6.960938203519005663e-02,6.625425069079719786e-02,6.337751438349871480e-02,6.229361001150049426e-02,6.931822973892753925e-02,6.732262492754115257e-02,6.591684732359186227e-02,6.566335043479998301e-02,7.217667611292112595e-02,6.585181789808092212e-02,6.386800095768016550e-02,6.921556259784346354e-02,6.355198735844649893e-02,6.453972168043543844e-02,6.416093175292884865e-02,6.595746605207970792e-02,6.447251737192082055e-02,6.475062157860643486e-02,6.670687034611225141e-02,6.851024612971892691e-02,6.543121723151817948e-02,6.425159965896029557e-02,6.443827084289222018e-02,7.070491171929836616e-02,6.149952458854583692e-02,6.671948606033262230e-02,6.571650495171071915e-02,7.077790922106157179e-02,6.624627912168500055e-02,6.574792112690565349e-02,6.930542257111171889e-02,6.935164487180288384e-02,6.457401319045263932e-02,6.917288126657121505e-02,6.526219817499784304e-02,6.722052564529558405e-02,6.642332612845859574e-02,6.891642366250465279e-02,6.772898594035646480e-02,6.890151733625093922e-02,6.446104471925634405e-02
5.386796587829157518e-02,5.049018686172900006e-02,4.926786125411057593e-02,5.266187238136532667e-02,5.204146963348389721e-02,5.353770804158945740e-02,5.393400516704779241e-02,4.702334855342717862e-02,5.017652843308550992e-02,4.958312618207546402e-02,5.164734864606982528e-02,5.165481202320849896e-02,5.254530629990627338e-02,5.017589453104037700e-02,5.117688255856843449e-02,5.250266178335517842e-02,5.097780031129986456e-02,5.026007821710976042e-02,4.791624108726864895e-02,5.059092777989866729e-02,5.237034329085356321e-02,5.070827586871366754e-02,5.010689855290918759e-02,5.301747501074101365e-02,5.570183066346665740e-02,5.158943130237391567e-02,4.952225399876224177e-02,5.288242162637657451e-02,5.116657722758428256e-02,5.217460545238129105e-02,5.543315022907029099e-02,5.014634379099994210e-02,5.188271238750557374e-02,5.135108188618006664e-02,4.950001875374087507e-02,5.049194523184984823e-02,5.080564027008619560e-02,5.148612842070108414e-02,5.268390850184780788e-02,5.559953065078943046e-02,5.284956836169405620e-02,5.424068962511855579e-02,5.047320954443264285e-02,5.056712825362384700e-02,5.207015163855848588e-02,5.186663502938634873e-02,4.880033254818523514e-02,4.900421034541212195e-02,4.939750511755433560e-02,4.711718153673244425e-02
3.759866732282090424e-02,3.850782511117126911e-02,3.720374727072077448e-02,3.712424099773572322e-02,4.226648293983988058e-02,3.177475368678395889e-02,3.482491081653758119e-02,3.711157274570290460e-02,3.759121649790147374e-02,3.842602699232662566e-02,3.950388774529643016e-02,3.749696480403365284e-02,3.750786007109460640e-02,3.772258055207784733e-02,3.887828530034770358e-02,3.713551957452596031e-02,3.631904733705128979e-02,3.581150631178394578e-02,3.779493542561916664e-02,3.878833894525288151e-02,3.643544532455036261e-02,3.662737264780170643e-02,3.751448191759423900e-02,3.802371411669124013e-02,3.502594318961919223e-02,3.554450761698974698e-02,3.679750943888746711e-02,3.710419931119604553e-02,3.374762780587776262e-02,3.442610586848529608e-02,3.760830646617673717e-02,3.452893177520877099e-02,3.907640804298256193e-02,3.602915789957437248e-02,3.782128610017156806e-02,3.890732972585612959e-02,3.622898224926167365e-02,3.770157921680156871e-02,3.830811004992688840e-02,4.055811510768465161e-02,3.640494416978296705e-02,3.950717866158177938e-02,3.710857927770693648e-02,3.673503848990104792e-02,3.594694688418274831e-02,3.385484772670827036e-02,3.563207477328226430e-02,3.512869644763694926e-02,3.781361027733085023e-02,3.611151669824802513e-02
2.482278318360664482e-02,2.456566005634837693e-02,2.335930675510949212e-02,2.711182581967575000e-02,2.631659747704173311e-02,2.306312607394975928e-02,2.623660824791054086e-02,2.305897766811896080e-02,2.690204915495886251e-02,2.643121362075146266e-02,2.570640130962969366e-02,2.682166644260152930e-02,2.412153599965663128e-02,2.413448075235388735e-02,2.669451665517912423e-02,2.307526592311449215e-02,2.374565472903102104e-02,2.433987925061127655e-02,2.810320192685591967e-02,2.560349023731676305e-02,2.305479997618052612e-02,2.800114835593660659e-02,2.631663590522928531e-02,2.631259906347018993e-02,2.613915511844942807e-02,2.602225868852110421e-02,2.541819711314853916e-02,2.452961844379591971e-02,2.730919707085331660e-02,2.632761510982778788e-02,2.335668115435700354e-02,2.265343457678912695e-02,2.165547768625969427e-02,2.274611111845640382e-02,2.275381150806281977e-02,2.544009352329358944e-02,2.661619368278766648e-02,2.798253152372658092e-02,2.780301280885982135e-02,2.553918948823031068e-02,2.524600143012380171e-02,2.324440962657129545e-02,2.473841630283466972e-02,2.674835226384933429e-02,2.434613611778035230e-02,2.523866581048652205e-02,2.632521360092850496e-02,2.829880361872289668e-02,2.602459334579140804e-02,2.962238481853996658e-02
1.553492255898818696e-02,1.661036408904200887e-02,1.610993840911066274e-02,1.808844697352181632e-02,1.246623643327867022e-02,1.553228458251995799e-02,1.453754595710188800e-02,1.413039254616341167e-02,1.344574889419112088e-02,1.374995456055707471e-02,1.602975453615239354e-02,1.592069870041479263e-02,1.434164086395672486e-02,1.661307162372120672e-02,1.482401252063975106e-02,1.730692907760846000e-02,1.533835174213926851e-02,1.285522110766392466e-02,1.602811874056237970e-02,1.434764047533819420e-02,1.581376461332923908e-02,1.542923144703413872e-02,1.444325540910416233e-02,1.484176893079384996e-02,1.462232436415430298e-02,1.671461034540997620e-02,1.513421222420232096e-02,1.611743116221736258e-02,1.227353997528859292e-02,1.513970910799483996e-02,1.611790845645067957e-02,1.415732119400958319e-02,1.632329685466398991e-02,1.740521587432568990e-02,1.454350336624929581e-02,1.532296425593577226e-02,1.365170302450014611e-02,1.573540515751355867e-02,1.324825591069668865e-02,1.592341748068736365e-02,1.622666225066200785e-02,1.523322114551938639e-02,1.640598920182925052e-02,1.532440533801310463e-02,1.413376725428331683e-02,1.414198754591224766e-02,1.493688152415798692e-02,1.483908910005797208e-02,1.493251111350580619e-02,1.473495532030014502e-02
6.514699947490511928e-03,8.498887519473613539e-03,7.609215841162246530e-03,5.826282225881708639e-03,6.525637445039731560e-03,6.323780823755096453e-03,6.519407313953141762e-03,7.299613217097583769e-03,7.127166078407757600e-03,7.408940555619915672e-03,6.805434814125076344e-03,5.931191932198104887e-03,7.806303846311855345e-03,6.620655941133331453e-03,7.514293558648504207e-03,7.012136781026497359e-03,5.437644697382661325e-03,6.819381507620961118e-03,6.013580694434951524e-03,8.204769106412183530e-03,7.305252765234603041e-03,7.211696930662460370e-03,6.216491798663081186e-03,6.228171920361118274e-03,4.844132047079825407e-03,9.177797537867198388e-03,7.116323587095959441e-03,5.534803926304264661e-03,6.325075506206138086e-03,6.924694665493644902e-03,7.504669672968282933e-03,6.922864857840869447e-03,8.105759107319754353e-03,6.619000795174444403e-03,5.937562909877469770e-03,8.006812812942267626e-03,6.616128921280895955e-03,8.012558480920948384e-03,7.508211124087152757e-03,7.897816387563075594e-03,7.504347593829348295e-03,6.123010106794240029e-03,7.601874411114850280e-03,7.616918300597887159e-03,6.227714454164107877e-03,5.344234649930580498e-03,5.831149183770463137e-03,6.415863686637118639e-03,6.430430393646896330e-03,7.105608333713288143e-03
9.861491359897029720e-04,1.377728412177240194e-03,1.176664493326100465e-03,8.817727262076430249e-04,1.276489207600988059e-03,1.379008889379020443e-03,1.377063802148089256e-03,1.276284150102315485e-03,1.280648157425547107e-03,9.853062000350341389e-04,9.820939618521858615e-04,1.670567324970011810e-03,2.064125181368664432e-03,9.794434325261535453e-04,1.179750742619202486e-03,1.375453415577111574e-03,1.376312473495511441e-03,6.872866224956746418e-04,1.280048211630317864e-03,1.276503789564914981e-03,6.865564313812555367e-04,7.875809165465485822e-04,1.078692284722847531e-03,1.377844265503851140e-03,9.846573354194323568e-04,1.180016106998443620e-03,3.952919244818493979e-04,1.278009865530852157e-03,1.083974282611125392e-03,8.887518034553178094e-04,8.860340924293571988e-04,8.863053981466743675e-04,1.080368841912177948e-03,1.769377100649798104e-03,7.896821461967350490e-04,1.079273580732457083e-03,7.877551610603878004e-04,1.277214380330706422e-03,1.080248631712460135e-03,2.062469537395954493e-03,1.078945422549271171e-03,9.796186399893718529e-04,8.861313657240024776e-04,8.866570487990735111e-04,1.573126831027578778e-03,1.181813253696271547e-03,1.472368022862520628e-03,7.867631204922090945e-04,7.866926533750799198e-04,9.842988579910770443e-04
