4.102204345113606543e+00,4.089786794619191035e+00,4.107032614601393128e+00,4.105880889278473056e+00,4.066539122890214131e+00,4.116923416935684976e+00,4.133321973118166959e+00,4.078491331457263946e+00,4.052779549553640059e+00,4.107641484713957958e+00,4.086411177123938643e+00,4.086049292432956115e+00,4.088848695052245574e+00,4.124595978439382193e+00,4.089132825772100688e+00,4.091132734641528934e+00,4.102375749257475945e+00,4.090996076425621908e+00,4.104854521068187267e+00,4.096159826827954653e+00,4.116823176432513165e+00,4.140797106096350433e+00,4.077376749398969658e+00,4.096505997840924174e+00,4.084906892702026227e+00,4.089515542249757551e+00,4.114213766114265702e+00,4.106074613037521637e+00,4.096715849054766601e+00,4.098546894144169173e+00,4.112225591155804771e+00,4.088176412945342619e+00,4.091394352287630376e+00,4.109419320324787961e+00,4.085159849385599173e+00,4.131481423821543153e+00,4.070647908202293941e+00,4.109757803219484806e+00,4.121939517179960433e+00,4.100763690452071231e+00,4.084725832243234045e+00,4.109805495940683784e+00,4.117468112011920311e+00,4.112069498129794276e+00,4.060603234281808582e+00,4.095162426718712112e+00,4.098331586538684235e+00,4.105132227774277887e+00,4.075297969431576739e+00,4.102578143905042829e+00
4.076362380246322914e+00,4.113805712578828100e+00,4.089723645479086400e+00,4.036964019088953748e+00,4.069698880551468001e+00,4.090763809885755720e+00,4.099259212251301854e+00,4.097935830009897806e+00,4.105270502228242968e+00,4.129941421318461536e+00,4.076267431312871281e+00,4.059087119458596682e+00,4.056931347897923423e+00,4.080215726099920559e+00,4.105619916665821378e+00,4.084586627348933519e+00,4.103077691872432986e+00,4.075361024456111814e+00,4.059547230934186679e+00,4.050249278313613921e+00,4.128001575604805851e+00,4.105604621265078968e+00,4.124288337149915940e+00,4.078897508936949912e+00,4.088313797464826038e+00,4.079384396254417844e+00,4.097569648981912671e+00,4.084597763624897127e+00,4.132010873393512362e+00,4.086622461704532583e+00,4.073810115968536927e+00,4.097140050526825839e+00,4.084132085712154137e+00,4.065308034818547966e+00,4.092442559758755039e+00,4.106374630667486869e+00,4.088935701777123732e+00,4.088133880684662103e+00,4.083638936280761023e+00,4.130435874949211161e+00,4.094366217763925064e+00,4.122951500903008437e+00,4.055729521358675704e+00,4.087653058400572803e+00,4.108938925444562962e+00,4.101982435133812110e+00,4.110727803311260864e+00,4.100951548354113463e+00,4.064680290578253086e+00,4.075255740778726654e+00
4.088035503947425653e+00,4.112722788598645707e+00,4.068018765160479333e+00,4.117220597337648336e+00,4.081635163560025426e+00,4.089598530967197831e+00,4.091068907302026325e+00,4.032426716800002531e+00,4.074835014079417839e+00,4.081961047094184281e+00,4.087306892029348049e+00,4.102032108868264082e+00,4.082608440658465732e+00,4.027024984876607760e+00,4.088189506234173543e+00,4.091773692541669227e+00,4.095618927131760678e+00,4.100991485862738095e+00,4.091558553122530029e+00,4.094739933524457420e+00,4.075846170713482763e+00,4.063215461561483721e+00,4.084054108322716203e+00,4.101638059884947118e+00,4.100918302752186939e+00,4.065223009080904504e+00,4.111362119441038132e+00,4.082714415018243059e+00,4.065338983785260929e+00,4.075394316016981655e+00,4.073720536283151894e+00,4.125145526557137288e+00,4.079958279035574620e+00,4.068821704057777211e+00,4.099256853656471300e+00,4.097561494252020431e+00,4.112157977642998397e+00,4.125036990680053250e+00,4.101137653477046285e+00,4.082606900069665201e+00,4.067738257971352134e+00,4.088637048573207089e+00,4.058081120739855940e+00,4.068273517024890928e+00,4.079821430344762412e+00,4.065409536192809981e+00,4.085917263067672778e+00,4.099016074710604585e+00,4.086001926617424118e+00,4.094087481470869427e+00
4.120403264108282393e+00,4.094424375563493257e+00,4.077654154369940720e+00,4.018474727941748093e+00,4.083459476698791057e+00,4.088524496685515430e+00,4.071353763766960121e+00,4.049445452034580839e+00,4.080348166246296593e+00,4.058573591641565947e+00,4.088216373473435361e+00,4.077903864195904227e+00,4.085402272626610376e+00,4.046782983032717773e+00,4.079611919284705124e+00,4.027879458022261439e+00,4.050899775365032873e+00,4.070970681746156394e+00,4.095501767420642203e+00,4.074899471615495372e+00,4.048605123398885119e+00,4.080887487184289952e+00,4.122745368726620896e+00,4.054664981968532977e+00,4.076292731806669956e+00,4.131774479760475849e+00,4.117095268336368186e+00,4.059458214972977430e+00,4.075914141114489020e+00,4.070513050110563746e+00,4.102187184866936676e+00,4.091005411970361827e+00,4.038782645105631453e+00,4.052029430237685581e+00,4.083613288219301474e+00,4.099159595890075281e+00,4.049234065388666259e+00,4.102636161090291722e+00,4.079345619777032361e+00,4.068594167700899433e+00,4.107899107005650308e+00,4.095036434474370601e+00,4.099903837020964836e+00,4.062774613310812022e+00,4.085865978272233079e+00,4.108545923534899558e+00,4.137545848607215859e+00,4.059676472065404162e+00,4.107441704032335217e+00,4.064496563344716762e+00
4.041494010744937526e+00,4.053489282160924745e+00,4.107065282000464279e+00,4.062003768526436964e+00,4.058258492558334929e+00,4.063082051209648604e+00,4.082117267334162136e+00,4.035135093768354331e+00,4.073169639755521487e+00,4.078177437031482278e+00,4.063720036938750724e+00,4.059599316929833890e+00,4.046037529561849588e+00,4.070910012524816324e+00,4.074619704321906788e+00,4.049932948732558380e+00,4.081429743727463588e+00,4.063035687355458059e+00,4.040306696369132311e+00,4.068288915264748340e+00,4.074992979320072983e+00,4.073032833114298867e+00,4.019249703172588895e+00,4.028693376599606246e+00,4.048634147612379053e+00,4.051692458796446239e+00,4.058335589386850017e+00,4.084254180822974867e+00,4.062569064332337554e+00,4.030436733713581354e+00,4.089260906931968087e+00,4.046538866536532275e+00,4.024369657565188163e+00,4.031849532485001220e+00,4.074856033542830325e+00,4.080183844595923759e+00,4.054430941748122130e+00,4.065099756039904477e+00,4.069924302512095693e+00,4.084383745053146164e+00,4.041446179769050850e+00,4.065928907673457715e+00,4.045009852824829721e+00,4.107304279099851740e+00,4.076287227240121602e+00,4.056214099260096795e+00,4.038814856243328144e+00,4.081113824414897451e+00,4.054551469063408575e+00,4.018540213417076679e+00
4.039853899873345533e+00,4.024214091776830315e+00,4.060753170070559470e+00,4.044718186956228756e+00,4.032043515815099788e+00,4.065333253484498144e+00,4.071239167640285039e+00,4.040352064113196917e+00,4.053752405442160978e+00,4.065346361483304527e+00,4.064092677992072744e+00,4.033929273626007728e+00,4.021907295759616474e+00,4.067138355487982082e+00,4.052103494012335716e+00,4.068327597001874629e+00,4.030407701169688828e+00,4.045195454535625679e+00,4.061934061696145903e+00,4.017063122340959858e+00,4.043320824517405043e+00,4.059446314847761528e+00,4.069378140111600040e+00,4.057921700131804421e+00,4.048864165225565692e+00,4.064423282254865377e+00,4.037860184770625693e+00,4.036255101365602727e+00,4.095373164014687539e+00,4.071161496805436819e+00,4.031881615418996034e+00,4.055064590777460509e+00,4.044792722361489901e+00,4.042133558993270981e+00,4.024257247890896672e+00,4.086724504856557694e+00,4.038915394590045338e+00,4.035264914997774177e+00,4.013205817597788716e+00,4.076007242328162583e+00,4.075010481185687539e+00,4.055748989989538700e+00,4.015055997975639279e+00,4.021809169996631184e+00,4.086548949278233422e+00,4.080035061565374654e+00,4.050042754359064467e+00,4.081341408148447591e+00,4.081939332966398659e+00,4.038090472440861944e+00
4.016930851634676003e+00,4.029716144209834816e+00,4.053907993037277002e+00,4.017327273759333295e+00,4.103131305243319815e+00,3.996936330987245878e+00,4.080096881534010400e+00,4.022991848336374687e+00,4.074183158706938812e+00,3.990548747670731977e+00,4.010100444132815412e+00,4.042636861790076530e+00,4.029788141668823265e+00,3.994110479019078674e+00,4.064371015079704996e+00,4.018224109289350920e+00,4.005351014884142913e+00,4.029201727052572402e+00,4.027699849146760158e+00,4.032563190374208517e+00,4.072467350065562819e+00,4.050827513572637706e+00,4.028105466572617033e+00,4.019677498909548063e+00,4.055961196062550123e+00,4.016982460772509533e+00,4.014950818270142108e+00,4.047379106933056470e+00,4.037864713580040288e+00,4.051909499508266954e+00,4.016373016277412056e+00,3.984374410333278327e+00,4.006653773171547250e+00,4.047057250984203769e+00,4.005264261774679646e+00,4.039665114744535934e+00,4.026708461663632832e+00,4.056025750029403909e+00,4.022183835840645649e+00,3.975903385493102959e+00,4.042705967693196456e+00,4.051469846805072272e+00,4.031020347667761072e+00,4.040493399041348965e+00,3.995698587051072614e+00,4.010849214905184645e+00,4.008752896521651010e+00,4.016283428177931825e+00,4.006904348343477196e+00,4.030772496277121419e+00
3.993469420497768763e+00,4.025210419110218041e+00,4.031780403720990336e+00,3.963053720540033797e+00,3.983351887714052797e+00,3.996363262739675903e+00,4.019505992202805800e+00,4.006329265977530696e+00,3.986995591328676536e+00,4.039988198211413639e+00,4.031810418674086627e+00,3.971539366932610005e+00,4.025207182903804082e+00,4.032390250220521111e+00,3.996740145466058269e+00,4.032010838726052704e+00,4.002645795590100697e+00,3.985355568052731279e+00,4.026594319800064881e+00,3.994397547353825129e+00,3.993369886142763558e+00,3.969878765840132218e+00,3.986369753842866182e+00,4.015364528426514923e+00,3.981822846807296479e+00,3.975460287110675228e+00,3.981610227009552805e+00,3.981085677832789216e+00,4.007681769401647109e+00,4.024131036612335066e+00,3.979335160352339251e+00,4.004218225892894445e+00,4.018094859496364357e+00,4.017235723709667639e+00,4.011776689460615941e+00,3.988873163004945877e+00,3.998293522659734478e+00,3.995072227370479734e+00,3.990616221807973485e+00,4.009929165819267283e+00,4.015492009398069051e+00,3.984002253500737112e+00,3.967749106284683691e+00,4.006572747422940672e+00,4.016445330526510205e+00,3.981206318236562236e+00,4.020643625473380389e+00,4.027693295793892680e+00,4.030094734731405559e+00,3.960726357818471488e+00
3.989156140300835762e+00,3.950432961752685213e+00,3.964352680773681747e+00,3.956690598761859690e+00,3.974383513513050747e+00,3.953601059014832497e+00,3.953328039913925451e+00,3.982050122248669943e+00,3.942741981438257159e+00,4.019936498745392051e+00,3.947183065653296907e+00,4.003084392056428520e+00,3.936609495385811730e+00,4.015920399708400979e+00,3.952177230041981737e+00,3.947412294379813780e+00,3.993016675963025008e+00,3.974549206887837638e+00,3.962445943514702584e+00,3.987838620783986876e+00,3.951509450750103181e+00,3.947964180833358760e+00,3.959070562169157981e+00,3.986301199967048348e+00,3.978059901203528259e+00,3.983005003211786743e+00,3.979851268760893568e+00,3.944006305526962297e+00,3.966347774646995283e+00,3.972251970422454814e+00,3.965122739586473877e+00,3.951748806797103164e+00,3.961467444768617785e+00,3.962674630044978219e+00,3.939544971271915941e+00,3.973324745326416885e+00,3.983720821704848536e+00,4.006844859811192983e+00,3.969393483057184646e+00,3.950431944497360348e+00,3.969264583796995982e+00,3.975836098015196995e+00,3.953369285012164003e+00,3.980003613323221945e+00,3.974791198496336886e+00,4.029645365979305005e+00,3.986396368119425659e+00,3.958562696099883649e+00,3.948261596261677830e+00,3.990845640809382200e+00
3.933207791891226268e+00,3.929774437045007840e+00,3.983169897569650342e+00,3.903596568820183244e+00,3.947270614471295236e+00,3.936517090479081826e+00,3.927251156085417083e+00,3.961945534003938896e+00,3.935942005901890806e+00,3.921961459832083108e+00,3.953629768225501717e+00,3.950712414366086556e+00,3.944215041684071110e+00,3.914640654047420121e+00,3.958044790804094770e+00,3.917428920935487113e+00,3.922387652334373254e+00,3.939120386669313412e+00,3.911209461521625741e+00,3.986305790277305139e+00,3.974566548822238587e+00,3.968452824610367191e+00,3.938076940396600722e+00,3.969241976325105448e+00,3.940670633056865935e+00,3.960673601874876493e+00,3.970630153265565898e+00,3.965620507162783248e+00,3.933482895044068783e+00,3.926082069253926221e+00,3.945930774011602082e+00,3.925757131048813520e+00,3.894637115192414623e+00,3.956788579071036871e+00,3.944128659748843635e+00,3.956022058602211455e+00,3.929899554662769745e+00,3.926801292795790488e+00,3.937030527907555033e+00,3.921663566355568342e+00,3.953891130939652054e+00,3.932558864180551339e+00,3.933453017083643477e+00,3.946661953423925340e+00,3.984224696782108222e+00,3.940230272275761170e+00,3.907292829483203445e+00,3.933015923633213173e+00,3.985953753605101291e+00,3.921614793726603931e+00
3.919396339751769709e+00,3.927289943164430142e+00,3.867612773587578268e+00,3.875239245420285972e+00,3.906382160500949663e+00,3.904301475473153094e+00,3.883931815779278374e+00,3.882958495932562926e+00,3.934198941011411765e+00,3.886390355752932013e+00,3.891227807610422751e+00,3.911612525957526731e+00,3.897082666875342660e+00,3.910798069510266206e+00,3.897265134736958014e+00,3.924374959580905653e+00,3.858895284827831951e+00,3.910767472595614525e+00,3.899530312275238497e+00,3.913356163793177078e+00,3.933007904796199661e+00,3.894352071608838006e+00,3.889877219138511588e+00,3.877945727887330385e+00,3.891489793288466892e+00,3.912633824540014071e+00,3.895608224696311073e+00,3.940831404021709616e+00,3.916394584325115336e+00,3.889332987774482664e+00,3.867506268400899394e+00,3.916161577164430696e+00,3.852093439416475196e+00,3.930051411959472940e+00,3.889282828952625337e+00,3.925746412181708056e+00,3.899674237265073007e+00,3.865558963161261463e+00,3.913662086770190562e+00,3.882971361159735402e+00,3.907440474862934110e+00,3.877172570809876984e+00,3.926903704964598063e+00,3.894526383024419225e+00,3.935966796061269868e+00,3.904164165362259187e+00,3.894668004767254388e+00,3.915527902057261755e+00,3.865935511977627748e+00,3.944744811919140837e+00
3.849222401504486690e+00,3.844711763718698716e+00,3.867103870818930034e+00,3.864597333496113674e+00,3.877234162671050921e+00,3.890986908650547527e+00,3.842367990652427956e+00,3.881028441204173784e+00,3.850360077543971471e+00,3.856337037812581858e+00,3.813704946658134087e+00,3.820208252284772676e+00,3.844458816794962708e+00,3.884912259961558867e+00,3.834515160342860884e+00,3.872969816150852118e+00,3.882631243817160627e+00,3.849084756051829981e+00,3.871069552723705343e+00,3.893150520198813247e+00,3.877387999624362092e+00,3.794410609183779481e+00,3.888257406302007002e+00,3.840047960887535083e+00,3.857908188830407870e+00,3.896955539945162972e+00,3.876057062462498592e+00,3.875994090607228770e+00,3.885234214657573570e+00,3.905713023986526977e+00,3.847925954824839234e+00,3.862765873582927778e+00,3.878866100368425496e+00,3.866374856818903361e+00,3.866330320264285358e+00,3.883409960322659060e+00,3.870673968718534308e+00,3.835485898742891031e+00,3.857507241843119328e+00,3.887740537875892244e+00,3.876214269486689457e+00,3.807109647042175471e+00,3.818912847970149738e+00,3.868092421905731992e+00,3.879657576375673766e+00,3.903066587896425244e+00,3.866216014988051342e+00,3.852971775163976265e+00,3.882361462742528246e+00,3.858785775283523733e+00
3.820843717752260726e+00,3.804200803451576629e+00,3.831747812660410535e+00,3.845181143289968517e+00,3.849407898419244578e+00,3.807676876670741617e+00,3.790880461894578612e+00,3.833886335445641613e+00,3.823464245544459850e+00,3.836750933341765979e+00,3.862332833328549153e+00,3.818060767177693382e+00,3.808987238391736696e+00,3.778082969781297429e+00,3.778892087559277524e+00,3.851669447869418228e+00,3.800165303505746106e+00,3.851514554325915274e+00,3.830339320426117133e+00,3.809303582786132569e+00,3.813364592837371614e+00,3.858521615128245319e+00,3.817431672280183541e+00,3.849114473456774821e+00,3.838152780441089096e+00,3.840348558343561258e+00,3.830722326831185409e+00,3.829123583856027135e+00,3.811926323838386921e+00,3.806082529107186918e+00,3.804788221127609393e+00,3.817136926535498187e+00,3.813296527590903207e+00,3.809629279376403499e+00,3.855768267142057226e+00,3.837235404228175550e+00,3.814295433049707640e+00,3.827709758471858237e+00,3.846932065323816818e+00,3.807844707663503581e+00,3.803930948142896451e+00,3.783771578215978426e+00,3.837123828686320959e+00,3.827494250961871014e+00,3.818181490321500782e+00,3.838417376331819675e+00,3.842717831310761500e+00,3.786366976288591424e+00,3.830784157917773491e+00,3.807927528397720085e+00
3.809811261798789594e+00,3.750432702542434882e+00,3.810128931198633495e+00,3.793600611024868119e+00,3.793390029295564680e+00,3.741550487936327052e+00,3.760797412699625752e+00,3.751631595529762109e+00,3.791100281592060917e+00,3.775266287455445902e+00,3.740979900484379339e+00,3.788433663815418129e+00,3.797232974966734620e+00,3.740650030409490956e+00,3.794732060750090952e+00,3.718640634988660043e+00,3.772828626573360378e+00,3.754269827946494775e+00,3.780996573214733480e+00,3.779122960774394357e+00,3.740405875744640785e+00,3.751355796944442655e+00,3.779793921111486377e+00,3.796658473457728444e+00,3.775508361954305059e+00,3.766160094280142978e+00,3.766412227780794986e+00,3.759918864671062178e+00,3.768617070991315821e+00,3.729627788883794537e+00,3.763914193754430038e+00,3.777937507803300843e+00,3.782752701837554632e+00,3.774921350819234078e+00,3.782099800336198303e+00,3.758059890073949472e+00,3.746416315071422698e+00,3.784380511573139927e+00,3.769405538545875345e+00,3.813489959947397701e+00,3.767653677244890531e+00,3.726275025524318885e+00,3.794636241374869989e+00,3.786107625719999703e+00,3.772799697218292447e+00,3.800460394515650542e+00,3.758939859818843043e+00,3.748810132808206408e+00,3.797930497885801948e+00,3.795338475159097058e+00
3.722452931941077292e+00,3.757932506620740298e+00,3.737058094254535057e+00,3.730819317817927860e+00,3.752301825997672147e+00,3.681947913831491892e+00,3.748086007413238718e+00,3.707698348015020073e+00,3.731919093701566048e+00,3.710632210032867029e+00,3.694832750764990070e+00,3.728896513424495129e+00,3.747281747927656337e+00,3.726178645074532891e+00,3.709062617365335601e+00,3.723838631027274193e+00,3.722603902348192495e+00,3.736117663112023202e+00,3.718028863245527393e+00,3.693259547285158373e+00,3.709768816828811211e+00,3.697997545434809297e+00,3.725812535323376640e+00,3.736865278780091781e+00,3.703458083450319904e+00,3.753040432525248882e+00,3.724416559891347678e+00,3.700613959308564738e+00,3.737514645658123857e+00,3.729886656544401546e+00,3.702217171489939229e+00,3.715321596604256538e+00,3.703957988551653813e+00,3.772076275118181332e+00,3.704873275710169889e+00,3.692153459589915698e+00,3.721510995143137990e+00,3.701493649149554699e+00,3.704255651280189632e+00,3.738732739957418172e+00,3.713626854473524030e+00,3.734953844490461083e+00,3.716281713663064146e+00,3.716765205730165889e+00,3.691570591278269919e+00,3.711838531987089240e+00,3.758916636188596172e+00,3.719128844180845217e+00,3.738529153469408506e+00,3.723086280643307600e+00
3.695040842169450279e+00,3.678537748013723352e+00,3.714327408229503913e+00,3.650644575397365976e+00,3.666498146328338148e+00,3.695012137407406971e+00,3.697075023503561653e+00,3.651597083553880019e+00,3.691957179526167199e+00,3.655839119245940072e+00,3.669687863090824287e+00,3.648659835996330258e+00,3.676007217513114878e+00,3.659793491608509974e+00,3.650841343985514520e+00,3.677376737257443740e+00,3.667620434724048639e+00,3.628757479520479112e+00,3.642552932558246415e+00,3.686057974900073919e+00,3.666792635398922418e+00,3.660965846232572929e+00,3.668550155161704573e+00,3.681439445226135643e+00,3.665090011401964443e+00,3.647048339355472901e+00,3.631047995098356740e+00,3.660597263598210915e+00,3.715887427472754911e+00,3.696598135802990903e+00,3.683707831183044679e+00,3.660229334578828819e+00,3.665343485628256293e+00,3.667185138134843481e+00,3.691236922488478456e+00,3.680487601162642175e+00,3.722165980966240184e+00,3.653777268713010340e+00,3.693205260933893896e+00,3.675195283127362877e+00,3.623484372780941598e+00,3.637466299778439716e+00,3.662181570002935427e+00,3.614218344737394339e+00,3.637603922288876301e+00,3.637223685188345268e+00,3.706312982044399185e+00,3.666404547453792961e+00,3.697164108697144513e+00,3.693934264174606685e+00
3.581247788468012949e+00,3.613835067430378967e+00,3.624802267561535452e+00,3.606561335668015289e+00,3.597651091596345552e+00,3.569911239645794154e+00,3.606819970499057337e+00,3.632544299117184572e+00,3.637663955395858295e+00,3.649877566643892735e+00,3.583423532712251891e+00,3.586769122163977030e+00,3.600392881544092205e+00,3.607665087498444834e+00,3.602116055153421481e+00,3.636887762258121271e+00,3.620767882652028646e+00,3.595906267282467539e+00,3.586919025388342508e+00,3.611466011793027064e+00,3.618051810319426576e+00,3.584937755717827912e+00,3.607079208933179792e+00,3.599197478842641296e+00,3.620421837466593296e+00,3.625866771241524233e+00,3.617116226408157331e+00,3.649854018227538965e+00,3.598276214255671235e+00,3.583332233930454525e+00,3.602856919137055858e+00,3.614178441656970442e+00,3.608622018604049408e+00,3.564533636492769997e+00,3.615336005066390079e+00,3.616472131233908538e+00,3.629478526627872625e+00,3.632271249449306794e+00,3.582623523185567205e+00,3.590012573938548002e+00,3.627213358074165672e+00,3.619854965987659323e+00,3.559246774701398497e+00,3.581934997201557280e+00,3.600500748348774760e+00,3.597502039790563710e+00,3.584877114637117224e+00,3.640639998946976874e+00,3.580959101652407384e+00,3.637252478872183836e+00
3.529007033084863743e+00,3.594428305270375379e+00,3.555886649127233401e+00,3.599244875783744746e+00,3.538334236656388132e+00,3.554234724821462965e+00,3.553475763423956213e+00,3.551887189750889906e+00,3.519710738846705933e+00,3.543195943317143382e+00,3.538602099009975799e+00,3.573345879348712284e+00,3.564669942799732372e+00,3.544113927557773103e+00,3.546821075357468711e+00,3.549650720955847660e+00,3.545776856043354908e+00,3.502640301038169923e+00,3.563937216074586800e+00,3.563169871979880110e+00,3.524742357364186951e+00,3.572256925327744526e+00,3.524356264075583223e+00,3.574625905489208222e+00,3.501359935964047487e+00,3.533427370970650294e+00,3.568164564640597725e+00,3.545303533914311078e+00,3.565869232565018532e+00,3.566577268099385467e+00,3.586322231263545213e+00,3.604798024261140821e+00,3.557948971145317163e+00,3.553395705452160325e+00,3.535757320526968783e+00,3.539640811543138810e+00,3.571431576856956447e+00,3.548436041312693856e+00,3.553302196011313363e+00,3.528358670663721330e+00,3.529507010577889403e+00,3.595297033562910638e+00,3.571733316781493084e+00,3.541988931133771334e+00,3.538520147672907346e+00,3.578337499812473510e+00,3.553212836061665936e+00,3.545469054873167991e+00,3.541364741372772684e+00,3.546365450965768495e+00
3.500298295037663099e+00,3.482238450332566959e+00,3.526258781528278874e+00,3.456092889848092931e+00,3.501963266522367224e+00,3.484428040627270295e+00,3.476769301782201005e+00,3.505691372912509873e+00,3.483743613747765533e+00,3.503277115854396495e+00,3.489504469646463658e+00,3.478499092434741868e+00,3.523731942701842090e+00,3.467705821111549014e+00,3.469687618838951604e+00,3.484165207213179016e+00,3.520279237001576522e+00,3.476988920788444126e+00,3.470972964316088483e+00,3.466551735382749744e+00,3.492089210080435713e+00,3.490758481796465862e+00,3.487901577849827905e+00,3.506987494529234528e+00,3.465613094589850007e+00,3.493263515322657220e+00,3.470745027000632810e+00,3.492006612603366200e+00,3.468601886112377741e+00,3.441994381651957813e+00,3.476115391746886107e+00,3.471344527572835847e+00,3.489272168423513509e+00,3.503519886340960898e+00,3.486353145590495917e+00,3.491659933104133362e+00,3.471700283412644250e+00,3.499950335866678142e+00,3.448031169238170435e+00,3.479867303744372808e+00,3.457261834050884719e+00,3.468363088813176009e+00,3.495543758385848854e+00,3.507538908534422628e+00,3.462534275052000954e+00,3.479309877048704092e+00,3.502512962471313607e+00,3.475965279095237115e+00,3.504644453384362368e+00,3.462902767852652275e+00
3.408629890577504984e+00,3.392331909293521797e+00,3.394164223400698788e+00,3.392706854975854558e+00,3.412751831581711137e+00,3.412043063639492502e+00,3.431110551054560087e+00,3.413696854169190775e+00,3.451687765335283320e+00,3.394993042259663252e+00,3.449754062012919675e+00,3.400436546586500075e+00,3.449970603633117694e+00,3.413685346405334720e+00,3.429662401790499970e+00,3.427538437785128789e+00,3.419186284828549027e+00,3.420895305518721230e+00,3.410738452193248449e+00,3.388475637999437406e+00,3.395207149409372960e+00,3.373733936024538860e+00,3.467658538367521359e+00,3.438199748102226394e+00,3.385079255887804894e+00,3.404563451299426724e+00,3.392302944231984529e+00,3.446811293427782807e+00,3.451142114297734320e+00,3.469802910714645083e+00,3.432362406598157278e+00,3.437565836210026760e+00,3.397858818970482808e+00,3.403439210180366548e+00,3.432492528505046714e+00,3.399013639563007061e+00,3.390207192797776603e+00,3.413317194487020423e+00,3.406448996794005701e+00,3.451488706892391622e+00,3.397842550741404732e+00,3.421190918679176907e+00,3.425798334104986687e+00,3.375480811210739507e+00,3.411336801696631671e+00,3.402482138936711031e+00,3.451533341714727143e+00,3.428084171519274914e+00,3.406755650510498334e+00,3.411442768486878663e+00
3.362616856176535052e+00,3.308931517584261073e+00,3.345017230310602940e+00,3.353325609776372396e+00,3.343759990242407110e+00,3.368541424830046704e+00,3.306136593444481075e+00,3.339983357829352073e+00,3.316636473313180566e+00,3.348616957919040793e+00,3.338396438493178575e+00,3.345915451228835380e+00,3.319513355242452057e+00,3.362416307731649567e+00,3.318689623737440364e+00,3.348513500226955486e+00,3.346779149161883460e+00,3.362140019767880350e+00,3.375086912198981270e+00,3.328034376004783468e+00,3.329923589423483321e+00,3.320503991633599217e+00,3.288722017966557498e+00,3.339609567988071070e+00,3.320943012456608834e+00,3.367203415169251368e+00,3.337143183018319359e+00,3.341158060224473481e+00,3.372814895277191916e+00,3.355875282051113739e+00,3.367361498016796517e+00,3.369209892411543006e+00,3.395472451037186978e+00,3.352615226498992573e+00,3.352128517255238194e+00,3.349335095779300442e+00,3.364079821205168130e+00,3.357412885427915050e+00,3.328460309944659024e+00,3.338456897776066246e+00,3.399644035670767561e+00,3.334505301755028128e+00,3.344754695551706902e+00,3.375731314001661598e+00,3.299016036547344655e+00,3.378317584021127029e+00,3.319769643113960278e+00,3.335460219777056423e+00,3.326763934134263412e+00,3.375365302050602700e+00
3.264276475033533131e+00,3.250521351239353596e+00,3.251475620554326262e+00,3.264030761763138333e+00,3.265462795259324480e+00,3.271577675050782119e+00,3.280342177356962097e+00,3.285258915754258435e+00,3.295870145137725693e+00,3.257442555699762821e+00,3.249653188245210433e+00,3.307168112473681809e+00,3.259283066706871956e+00,3.325018131844574842e+00,3.299307029085140286e+00,3.302438051072873471e+00,3.259660935377493018e+00,3.242156340168445894e+00,3.308156410120966395e+00,3.298562182838562951e+00,3.270441481071895140e+00,3.278441897933158433e+00,3.292359370778267014e+00,3.273198537303236400e+00,3.269717153437042612e+00,3.284996698281477112e+00,3.277582516231295706e+00,3.255226012119756263e+00,3.263729550068221741e+00,3.310650370573810175e+00,3.246077449820993444e+00,3.298463482927355361e+00,3.285616196728226246e+00,3.275101828437059215e+00,3.267526618992806942e+00,3.289639574169576530e+00,3.308073756390251585e+00,3.279510647398554912e+00,3.277304837550524041e+00,3.242474705528509471e+00,3.342615049364999535e+00,3.285515859961784191e+00,3.270564396788931294e+00,3.279937716892909805e+00,3.297287793001949296e+00,3.283496045025595222e+00,3.267655859806424257e+00,3.237646836095500635e+00,3.264772184142406886e+00,3.277458732120490659e+00
3.216094616277979767e+00,3.211542543849118747e+00,3.193620719290692911e+00,3.187469866090689496e+00,3.194466352604844683e+00,3.206690386148938643e+00,3.229891391573772363e+00,3.224619017564353651e+00,3.234071896298319704e+00,3.225722837782710073e+00,3.203040364306181331e+00,3.196011983242038834e+00,3.169910725018096453e+00,3.200038811415125029e+00,3.190812365817280671e+00,3.220458575915894350e+00,3.208043521755507665e+00,3.201552535807901556e+00,3.208368030830840212e+00,3.228350983153896347e+00,3.243913206225065959e+00,3.195286766198720318e+00,3.208471538329792594e+00,3.198865784434398840e+00,3.197419840539391878e+00,3.207814896275137606e+00,3.211376673016572258e+00,3.240625485273476158e+00,3.220120679363127181e+00,3.217621480466027251e+00,3.199290529634298608e+00,3.230676681590567423e+00,3.204997524187556124e+00,3.190909772408874190e+00,3.168997391459295709e+00,3.214700901778903663e+00,3.166901491882536224e+00,3.210748940974152088e+00,3.187995876769222026e+00,3.193209751886262104e+00,3.229363809450369160e+00,3.175431932143611746e+00,3.175439140693727680e+00,3.208960859949568700e+00,3.211391003754746620e+00,3.205505790582099390e+00,3.202245324591996845e+00,3.194281989551877476e+00,3.228961572240490518e+00,3.246311879527703059e+00
3.108910725411635045e+00,3.116005037196087901e+00,3.134764236443088326e+00,3.127052297432396877e+00,3.125366452399515715e+00,3.160806927379030906e+00,3.110151408482687785e+00,3.109016812544712405e+00,3.150491847068161544e+00,3.122339115807671206e+00,3.113729876340271652e+00,3.113410014999228981e+00,3.125466927597695843e+00,3.141682832550589222e+00,3.104899019623372336e+00,3.120448959648723264e+00,3.097378483548448358e+00,3.113800982312858512e+00,3.105654590425129147e+00,3.152700269094270702e+00,3.112069706333356667e+00,3.127972727728675295e+00,3.103771115375463019e+00,3.124901184322569136e+00,3.139611070926068503e+00,3.127385499057459217e+00,3.121404927052842115e+00,3.160817090137811203e+00,3.148238126632285638e+00,3.098100065822142035e+00,3.090727738445352202e+00,3.145871230552430120e+00,3.152801453865558656e+00,3.098431831741382592e+00,3.089201912898632330e+00,3.144577210424806868e+00,3.138931352557456478e+00,3.123592314263678116e+00,3.119138692028435411e+00,3.132621723265911484e+00,3.132092834602538289e+00,3.118550167540547591e+00,3.122516107893082093e+00,3.099875863189599734e+00,3.108173985124726979e+00,3.135972828209884433e+00,3.129985314747791403e+00,3.133396985097157916e+00,3.117769935706561135e+00,3.147475678214953998e+00
3.067894778408867484e+00,3.067351692822191556e+00,2.978261386270091737e+00,3.063624471335376853e+00,3.058288568388891626e+00,3.049933862584623956e+00,3.051446301458100585e+00,3.069903254343507193e+00,3.032535963618112174e+00,3.060794016179612331e+00,3.032149335294290093e+00,3.066811132819644126e+00,3.081361291374867140e+00,3.052248357463804407e+00,3.017509904711841440e+00,2.995630527042812297e+00,3.031093169457588665e+00,3.075915981432034485e+00,3.028156390114438157e+00,3.064918399669970039e+00,3.049816453915855430e+00,3.032740324320928771e+00,3.027008867371950629e+00,3.048685282816264053e+00,3.019492580942083393e+00,3.078012559702575146e+00,3.008027713571118422e+00,3.035140810624837204e+00,3.041878065371474094e+00,3.051010305391987920e+00,3.046458655034927521e+00,3.012889836950713551e+00,3.061074678486885414e+00,3.045683735046583074e+00,3.059634362831156640e+00,3.054160964050146365e+00,3.037475547120653374e+00,3.025344593431293028e+00,3.043546736876256986e+00,3.043489358303369752e+00,3.021009847918326940e+00,3.034524333104578364e+00,3.039774489251600986e+00,2.998162558449202653e+00,3.036589954323211327e+00,3.042402961372093539e+00,3.027508414115423818e+00,3.033095436211439289e+00,3.039569079185463263e+00,3.047035437216363274e+00
2.954245168884707340e+00,2.991049481926309372e+00,2.951240985419447238e+00,2.957232341915053020e+00,2.990964196774560158e+00,2.968397606736072891e+00,2.973583263787062947e+00,2.955390081704315719e+00,2.999941380633863730e+00,2.971266968831570043e+00,2.979437474046518375e+00,2.984125801181677140e+00,2.972049780614439918e+00,3.006851778688258925e+00,2.983034117949090458e+00,2.992812917530282224e+00,2.962550764809376069e+00,2.959866253255532875e+00,2.932649219128519835e+00,2.979866263713415897e+00,2.949586343853707771e+00,2.973449586665784405e+00,2.975107216687098433e+00,2.971646505338039645e+00,2.973558875036061533e+00,2.932353796211130348e+00,2.936187488923120537e+00,3.013527956763933258e+00,2.989956667249904498e+00,3.013650640416648319e+00,2.942474651442127165e+00,2.979799962950751446e+00,2.919685805414049540e+00,2.984588673215405663e+00,2.975196538389065282e+00,2.989558560919311159e+00,2.944625962810601294e+00,2.964060488995065246e+00,2.980040521419197841e+00,2.956537416426626041e+00,2.943943056175736928e+00,2.963920086693540235e+00,2.994550897813736068e+00,2.949911802237275005e+00,2.990091964460274809e+00,2.954376356170409501e+00,2.963931617106879468e+00,2.974083119217827864e+00,2.953278795515254185e+00,2.964019020096253509e+00
2.899609756939095728e+00,2.865679993607203269e+00,2.897163208163023196e+00,2.886850263853528276e+00,2.870020257379471307e+00,2.914446627197496031e+00,2.885221460978284913e+00,2.916815771758654474e+00,2.887445808529464752e+00,2.883117853953283571e+00,2.842576421900406380e+00,2.853750462299948776e+00,2.895081294589179066e+00,2.894026660896507952e+00,2.882560253596126998e+00,2.878668903402664903e+00,2.879730000077059593e+00,2.913218161130908701e+00,2.920265262094871250e+00,2.852673617209922963e+00,2.857386168981553176e+00,2.881903711554627101e+00,2.909163826112037388e+00,2.889162618609139255e+00,2.919866962371213681e+00,2.872530089475970438e+00,2.884125429836067234e+00,2.868294976773051008e+00,2.892048952693297981e+00,2.911194707677206228e+00,2.891825432543022156e+00,2.859365957123593649e+00,2.850578905044215183e+00,2.929793093237567536e+00,2.864001749316767320e+00,2.863012666759747749e+00,2.898193951958401460e+00,2.881099593321898134e+00,2.906360471476320040e+00,2.848625991720718620e+00,2.847234480879233587e+00,2.902230548862147153e+00,2.897147935130942376e+00,2.906193443283470401e+00,2.869876250575060794e+00,2.900738200063858852e+00,2.874798593395061275e+00,2.878094747474294390e+00,2.864667022131576424e+00,2.860697960944536433e+00
2.796593701243132113e+00,2.804772745439266135e+00,2.780308356036788719e+00,2.798214748988048672e+00,2.776532862842943761e+00,2.797367826245321876e+00,2.786579749065450251e+00,2.801374122034764103e+00,2.788576632877560524e+00,2.771939420005510080e+00,2.775440534436483642e+00,2.784536732568485995e+00,2.781662489193284404e+00,2.795944108434726516e+00,2.796100801676348002e+00,2.813836104156593354e+00,2.825221234652458335e+00,2.771626684100997551e+00,2.809167667227119747e+00,2.798442272326728819e+00,2.798580527632812398e+00,2.787115808472792278e+00,2.763293003361466660e+00,2.782277431676288160e+00,2.816472122164394687e+00,2.818213061711180689e+00,2.757241109533669743e+00,2.770119077030321897e+00,2.825751797469914006e+00,2.802552705604093752e+00,2.787556951977130826e+00,2.772023934998746775e+00,2.766079809022620850e+00,2.776618075575514322e+00,2.797706929251736252e+00,2.781112634065720624e+00,2.772957592825585404e+00,2.793452113194222708e+00,2.814474755569411624e+00,2.795517508707246801e+00,2.773118411091970881e+00,2.808692147470826850e+00,2.778137170166977477e+00,2.791098394636851499e+00,2.792992158118154489e+00,2.781395111369433515e+00,2.770172441648288242e+00,2.800221969131055921e+00,2.821224150190833946e+00,2.801350757342773168e+00
2.678477357811676285e+00,2.682348324453570854e+00,2.704177066454912293e+00,2.716154046771252162e+00,2.707822319541901113e+00,2.682223828790077480e+00,2.740834743619788405e+00,2.708047468635969679e+00,2.684836168004299584e+00,2.688602519893473541e+00,2.697083276315806355e+00,2.688222973134839044e+00,2.729767697683298078e+00,2.732476025512025064e+00,2.715975523786324342e+00,2.722036580691342689e+00,2.702283544443230934e+00,2.719267511594518183e+00,2.702091800301780200e+00,2.708661098705841486e+00,2.702289217455231984e+00,2.702163613011274279e+00,2.728622091561033525e+00,2.685178042800082654e+00,2.720804957350878794e+00,2.708923767164733931e+00,2.741814770367191123e+00,2.711769018005522280e+00,2.711138377926283205e+00,2.706573624909813791e+00,2.717978287333209675e+00,2.696441641567564496e+00,2.684969904767911419e+00,2.721400464914576656e+00,2.675042693653993275e+00,2.703210490885821660e+00,2.668046127541541246e+00,2.727265034761722440e+00,2.650485549413959863e+00,2.705291002024663882e+00,2.730597371278143726e+00,2.733427001981544091e+00,2.675097100006743389e+00,2.697345944560312514e+00,2.720899992088232633e+00,2.739233968588437929e+00,2.719269489248650640e+00,2.697867884502933133e+00,2.679548765065702387e+00,2.668632366232318809e+00
2.619615317302430135e+00,2.640492352086412975e+00,2.620062715916165352e+00,2.645290582237534771e+00,2.613888310369773205e+00,2.588738030497390596e+00,2.587070570139049952e+00,2.640986203214156891e+00,2.599240510372118784e+00,2.619610316212306333e+00,2.625479706327623397e+00,2.611137959455190227e+00,2.620178656513302951e+00,2.629242900438232056e+00,2.581642717489037953e+00,2.574517877760384987e+00,2.597512626836353533e+00,2.594597366025971130e+00,2.602765162382657760e+00,2.586338907675417520e+00,2.623558960218417724e+00,2.622400740843540579e+00,2.592436178476468012e+00,2.656614722548672702e+00,2.639028667391831728e+00,2.633215394480060478e+00,2.634664164805292419e+00,2.593914955725813876e+00,2.644408936071070748e+00,2.644604268094310484e+00,2.607854574979842077e+00,2.617022655056501002e+00,2.625082630565129804e+00,2.587418091928999964e+00,2.624962301797928887e+00,2.626139914350379634e+00,2.567888566338028866e+00,2.594667724756849037e+00,2.634874440320609690e+00,2.611210234109512918e+00,2.620017162926997045e+00,2.616634827011412590e+00,2.623999038180413912e+00,2.638689405697782764e+00,2.610970117263186285e+00,2.610423741190588842e+00,2.595461204964192081e+00,2.643585588934891817e+00,2.601839843458496837e+00,2.605223010758772606e+00
2.521360008145600684e+00,2.537711374057738389e+00,2.504042562454335652e+00,2.528267193627240061e+00,2.510980807243772706e+00,2.563191517801838071e+00,2.525023585567953255e+00,2.531835363111717196e+00,2.551932257957992167e+00,2.529097154134813952e+00,2.538788616803350440e+00,2.517169557287481929e+00,2.512968364529240883e+00,2.509863522375587408e+00,2.532822097482574364e+00,2.514610830912209938e+00,2.519278789211784719e+00,2.527878081406536470e+00,2.508061719468689166e+00,2.490330172376150841e+00,2.513205541168587853e+00,2.506508549894424842e+00,2.519829537087458604e+00,2.517988602635810480e+00,2.529377005772067921e+00,2.508769748559079638e+00,2.489105710051441100e+00,2.527641248590013490e+00,2.542516114144886874e+00,2.545683826888145429e+00,2.518765409360870233e+00,2.508742898445118108e+00,2.495932613242897613e+00,2.556354669257691281e+00,2.523649390374708812e+00,2.534590126089019346e+00,2.521213946828929409e+00,2.513924195167287046e+00,2.539411197294960676e+00,2.507076615600195346e+00,2.500169245823359088e+00,2.505662687485372686e+00,2.522276104158351906e+00,2.538429769752109433e+00,2.513918774654498201e+00,2.501564336254142873e+00,2.513942951474259502e+00,2.549931218528948218e+00,2.526378086620850727e+00,2.502118366285433826e+00
2.450158073381762058e+00,2.457134799230127786e+00,2.433982615402776606e+00,2.405194237036398341e+00,2.429462585523291196e+00,2.386907232419037239e+00,2.439527420979173300e+00,2.445445233492399506e+00,2.420337360581754638e+00,2.481847070714862991e+00,2.438893083094139769e+00,2.452361651051963243e+00,2.439261518886993052e+00,2.417058483173424754e+00,2.425664126246227958e+00,2.431405497479116384e+00,2.428983237296218345e+00,2.450684331797754467e+00,2.392204480470479400e+00,2.426802792587167357e+00,2.444987212375262509e+00,2.446990304961876639e+00,2.412019210288939064e+00,2.469551978035129380e+00,2.387378929509256675e+00,2.428267987286569785e+00,2.415072121999098709e+00,2.438831897035000473e+00,2.406379767757095500e+00,2.454576163043727721e+00,2.448972441223274288e+00,2.431223410329812484e+00,2.450033952245257218e+00,2.409848944717754904e+00,2.414074395133944062e+00,2.434384645132760649e+00,2.423284002766723955e+00,2.437869964687305657e+00,2.407767187888002702e+00,2.408774834116519159e+00,2.426066701380920065e+00,2.427717734571533281e+00,2.465669205216947102e+00,2.456133217857988438e+00,2.445540725299259588e+00,2.445677170830697023e+00,2.437538197675868989e+00,2.426473110569218772e+00,2.418600544271862773e+00,2.415399545146781790e+00
2.359001310528030526e+00,2.324621311925924250e+00,2.320860008143845743e+00,2.348171720546180286e+00,2.336703265301425692e+00,2.353515171341085122e+00,2.342443494211665644e+00,2.332631695910655445e+00,2.347280096975168817e+00,2.346993017217111621e+00,2.347293830308069484e+00,2.357644903179671125e+00,2.368667904525169288e+00,2.314306623810296504e+00,2.368189842846842197e+00,2.335646389028672054e+00,2.330696468356897810e+00,2.320488962285337742e+00,2.332288503131484170e+00,2.338225792276738879e+00,2.338122706062368383e+00,2.328491338243657616e+00,2.340300476919232153e+00,2.353535967662248929e+00,2.340382057226035872e+00,2.360051424149281374e+00,2.316197117833621810e+00,2.288085003522632555e+00,2.321796585693160164e+00,2.329244106330343289e+00,2.337418943872312305e+00,2.346304659211440491e+00,2.312760761692914446e+00,2.292288588971613805e+00,2.342915759377894425e+00,2.326188045710472441e+00,2.313167908705676457e+00,2.337964394470185781e+00,2.316637481651721675e+00,2.322344603464864488e+00,2.333771780056359546e+00,2.354040035427296562e+00,2.343800231706946402e+00,2.348246673505482995e+00,2.352794107159247972e+00,2.341960397314026388e+00,2.335955362226399767e+00,2.341438641304740109e+00,2.326041005378014503e+00,2.321384944426466479e+00
2.250158323127758653e+00,2.257141645177217715e+00,2.227430054354321509e+00,2.250079811131728835e+00,2.228492341667354104e+00,2.230937575498143755e+00,2.235414027840088913e+00,2.238551766560826106e+00,2.233957488046436346e+00,2.246363981535040466e+00,2.240862470227347192e+00,2.258590862179413072e+00,2.240951194545376612e+00,2.222387269331297155e+00,2.263200801128265827e+00,2.203455251241671409e+00,2.277411932815939899e+00,2.225574050072509191e+00,2.245690833444883960e+00,2.244703215313919920e+00,2.245965165019609522e+00,2.241861793712238260e+00,2.257662165740007332e+00,2.223871222504245626e+00,2.207363512435833730e+00,2.220834422765860072e+00,2.222107439034689769e+00,2.233095866765069104e+00,2.203287825557164847e+00,2.224363418947334470e+00,2.272107376282691771e+00,2.216185862325815936e+00,2.237609510862407447e+00,2.229031336017163412e+00,2.231017623293599428e+00,2.201190928150349446e+00,2.240768109804222252e+00,2.230925785195832400e+00,2.227391223739172865e+00,2.264345072921526203e+00,2.265942774066471710e+00,2.258049712316347879e+00,2.237387636975538996e+00,2.237001669175136875e+00,2.268273548502216741e+00,2.252137180636610392e+00,2.226909164953315035e+00,2.209886529142889966e+00,2.280790682693139892e+00,2.267824440370334926e+00
2.106199834083360756e+00,2.135393741638440979e+00,2.151922642720887513e+00,2.167716242039710473e+00,2.163957029643757135e+00,2.160638258080384233e+00,2.155491095927204892e+00,2.125778918171190579e+00,2.123241519132091693e+00,2.170510665852773080e+00,2.169741408074417066e+00,2.153662935045531857e+00,2.167317597798028128e+00,2.137049101763818015e+00,2.122512842886768780e+00,2.142670987999060639e+00,2.130879243546513813e+00,2.146119923028074528e+00,2.138216779167203985e+00,2.136412836576056407e+00,2.129547508740542661e+00,2.129813687367940300e+00,2.172645035499696231e+00,2.135215014257481947e+00,2.134729625542445497e+00,2.113038443227390317e+00,2.162305569224795665e+00,2.149650252446065224e+00,2.089068000530220459e+00,2.146606741015320008e+00,2.145234899913735838e+00,2.137470021925898411e+00,2.147996939593725063e+00,2.135577496787266050e+00,2.173317806828041654e+00,2.175319791650502488e+00,2.124263038554417005e+00,2.158525853278592699e+00,2.159343890434952229e+00,2.145531191330468435e+00,2.139336818592840750e+00,2.143677877613518579e+00,2.136247778532213815e+00,2.156874168616153664e+00,2.126458251711310421e+00,2.181281518719406343e+00,2.159669004112600543e+00,2.147022086995536316e+00,2.143746412811117441e+00,2.170593062248632243e+00
2.066414996551770411e+00,2.043144197555278208e+00,2.067358927441218519e+00,2.068473848884701205e+00,2.033025451618052148e+00,2.030170443542133718e+00,2.051989804220415436e+00,2.063414621625004663e+00,2.032999518989086152e+00,2.051190310936600092e+00,2.020069678574609284e+00,2.034168664824985928e+00,2.028917472154323498e+00,2.057465782533103305e+00,2.027048404821811811e+00,2.039121894883717978e+00,2.053317435261718504e+00,2.045365705272871537e+00,2.036732178093380696e+00,2.055414481533971216e+00,2.035921195609275980e+00,2.049309486987864304e+00,2.062262424149048812e+00,2.044148693374554959e+00,2.074200879783485885e+00,2.056839636148824368e+00,2.038834361925824901e+00,2.056138478887933552e+00,2.048295044771910156e+00,2.045301199631938793e+00,2.028517752031969490e+00,2.042527892400966216e+00,2.056846026870057020e+00,2.049047213969910519e+00,2.021449570522154460e+00,2.032618526731262421e+00,2.034246307649754115e+00,2.038310920021778383e+00,2.031811188853691608e+00,2.052139468506236408e+00,2.083619345001535894e+00,2.035060731768357112e+00,2.009110448421000505e+00,2.023747633901974208e+00,2.056685380115341300e+00,2.049179683171757915e+00,2.046239207618986367e+00,2.042932981674935089e+00,2.039921651746078535e+00,2.045147803172156387e+00
1.938261073475109342e+00,1.939412966621980372e+00,1.945250936403812192e+00,1.964952197793422117e+00,1.925000397356099180e+00,1.972431747576780525e+00,1.943713545374988971e+00,1.961529683183903972e+00,1.939131676599214371e+00,1.950676239475308549e+00,1.950025101757831392e+00,1.949962626789867093e+00,1.962685657344611867e+00,1.964230237495226516e+00,1.971560999530277636e+00,1.925506925806650615e+00,1.954168617602952240e+00,1.937249900386408985e+00,2.002202891614671465e+00,1.933590076143712810e+00,1.938414775773515064e+00,1.930727330518126950e+00,1.937581821625952827e+00,1.908028294492903010e+00,1.982225664697291334e+00,1.943607063174367600e+00,1.955247941497801012e+00,1.950310857947541665e+00,1.941702175084785376e+00,1.933640770198389092e+00,1.943500317468541239e+00,1.945908744629711862e+00,1.943087019849360830e+00,2.000622508390727639e+00,1.942850356781839594e+00,1.947216840536654558e+00,1.942242080398847826e+00,1.938399320454265773e+00,1.951206442501367322e+00,1.920532852392923484e+00,1.991934558872380912e+00,1.949510234114444351e+00,1.965464776930626600e+00,1.947281004436013818e+00,1.947399296658502088e+00,1.931076312470477285e+00,1.946700441044426855e+00,1.923555978534956079e+00,1.950435975955991275e+00,1.962539864577840687e+00
1.856067507386520044e+00,1.855439569415042511e+00,1.844366333372999822e+00,1.845963732196456597e+00,1.844479251925446261e+00,1.812553891983038179e+00,1.830740099262985643e+00,1.843863781517149913e+00,1.871876677837436054e+00,1.837351944007660887e+00,1.875871154180822842e+00,1.847734492054869948e+00,1.846781866961219265e+00,1.861697408501188145e+00,1.853968021186770176e+00,1.863470584195083379e+00,1.860533419812039346e+00,1.854184921753182280e+00,1.827827830895929262e+00,1.848642328662142287e+00,1.884411450077253525e+00,1.849670158254927754e+00,1.879650041247869163e+00,1.837315140180182160e+00,1.852963383834647093e+00,1.825639189386957018e+00,1.857832952611581101e+00,1.856583946513064465e+00,1.844097591036672146e+00,1.848830349251127103e+00,1.836336787860846753e+00,1.862036521376770892e+00,1.851149806238257201e+00,1.840512128141134518e+00,1.865181830353611847e+00,1.833798410568457937e+00,1.839938032491782893e+00,1.834089563326464889e+00,1.865675578339299534e+00,1.852675074630149465e+00,1.837345457496148526e+00,1.837330038596975745e+00,1.838058388976514523e+00,1.833630690739527225e+00,1.847030339479855732e+00,1.831756635525681132e+00,1.852243149646663145e+00,1.830795637216527494e+00,1.845498104620499236e+00,1.863324488345870833e+00
1.748736735185024482e+00,1.738004377109560794e+00,1.750596132044565545e+00,1.744218924437551221e+00,1.747415754814324984e+00,1.758401735791249809e+00,1.749550743523319518e+00,1.754586107802563300e+00,1.750496473485424698e+00,1.745809011176524983e+00,1.752020228558510251e+00,1.724311932520734558e+00,1.766214616017605543e+00,1.761484052731937977e+00,1.732025029178531961e+00,1.736517373978898604e+00,1.725162373306503349e+00,1.734682764276993527e+00,1.739755411297928989e+00,1.760159605599020516e+00,1.725259791419180289e+00,1.766664778070722530e+00,1.775110440703250081e+00,1.780114367507069195e+00,1.775587586712375598e+00,1.748415222337815100e+00,1.742763941014471296e+00,1.764981342889687443e+00,1.746818873361293711e+00,1.734721414406088291e+00,1.744103082139849992e+00,1.747028713563182567e+00,1.748690943062465974e+00,1.729593433372449862e+00,1.795380844233938511e+00,1.779897508079258062e+00,1.771363298009845266e+00,1.782928332360468326e+00,1.753277847966001168e+00,1.731036107017268844e+00,1.726467166262549480e+00,1.751069934732084832e+00,1.751087082018026653e+00,1.731279080603661313e+00,1.726597347784286418e+00,1.744222575124520169e+00,1.724718921098461921e+00,1.739737931378475766e+00,1.726699971713785198e+00,1.750702437850671034e+00
1.679326806489236379e+00,1.646277006740523685e+00,1.673362700993036301e+00,1.660596568240418236e+00,1.658069104087041223e+00,1.654358950375003579e+00,1.637886199699801759e+00,1.635512881565199361e+00,1.645232607201083885e+00,1.654260200529619862e+00,1.667517843443504733e+00,1.671116008337646175e+00,1.640995938768655682e+00,1.656008271994074743e+00,1.647930152819408134e+00,1.664323890051817800e+00,1.668741300270289996e+00,1.668587296956749899e+00,1.644281860736314549e+00,1.642371718135619663e+00,1.630192001964258619e+00,1.644363754074682715e+00,1.672003041182070993e+00,1.619107977022729461e+00,1.656492976794565308e+00,1.662115591867636022e+00,1.642539303953135743e+00,1.645103402551071570e+00,1.668168444676409345e+00,1.655349240421671864e+00,1.660928613128586973e+00,1.602215624961775164e+00,1.653353930899986057e+00,1.678396340369459727e+00,1.664113205053281419e+00,1.620743482457292828e+00,1.654765340723611144e+00,1.668481477452875783e+00,1.637324209515072182e+00,1.641297406810841464e+00,1.623613437564559225e+00,1.613968094658361885e+00,1.680505589281638290e+00,1.638124210191619134e+00,1.634375836714839325e+00,1.657299498847043306e+00,1.663959690763726185e+00,1.635044984456382577e+00,1.672863035429793532e+00,1.655176590365319500e+00
1.554032646946450047e+00,1.540507599302036956e+00,1.551748329869889309e+00,1.577214252508009285e+00,1.553802746913707900e+00,1.554988036345423597e+00,1.549715636979845934e+00,1.547642871753840854e+00,1.542870893127750831e+00,1.571476750483906448e+00,1.568709118941089775e+00,1.537663881634197205e+00,1.561955501529593171e+00,1.550334275893974878e+00,1.540729153955934239e+00,1.531609604741312802e+00,1.565911250158448897e+00,1.554038564949511425e+00,1.558607748666122950e+00,1.569863127599361974e+00,1.537423692067689585e+00,1.534985791544639211e+00,1.558103415342226850e+00,1.542820045159991382e+00,1.539559378518289723e+00,1.564667160390327716e+00,1.566371933097553626e+00,1.536494396497590342e+00,1.559925454843277048e+00,1.534110450867565811e+00,1.548820490981695164e+00,1.559080032171976660e+00,1.567771925103722541e+00,1.531028583924897601e+00,1.566190605970336103e+00,1.553635948389787247e+00,1.528584700559756371e+00,1.554892491164021839e+00,1.556822639835716560e+00,1.569534296864840917e+00,1.536649207664808836e+00,1.524863184697804019e+00,1.559033030045141155e+00,1.526022437195137194e+00,1.555297547712904738e+00,1.573977035380143441e+00,1.544599479296616895e+00,1.584693314513193618e+00,1.553394556732617726e+00,1.540701956984769083e+00
1.471261424102286108e+00,1.476820744651291095e+00,1.481609533797887401e+00,1.444165482536458267e+00,1.465831682653093937e+00,1.455628804136417154e+00,1.467862668750038679e+00,1.453453809629033033e+00,1.452148494190539596e+00,1.466584899503709627e+00,1.440504296782185056e+00,1.469503987633050901e+00,1.462692058172420095e+00,1.450773904477683729e+00,1.461309878471355184e+00,1.455218829794209245e+00,1.463088098857457942e+00,1.459667074424856104e+00,1.467825655880601765e+00,1.461539991258050453e+00,1.456299975679721692e+00,1.464793841052270285e+00,1.453509666747642592e+00,1.474388069926344302e+00,1.461638115070425403e+00,1.461652991841797089e+00,1.447245512657082234e+00,1.474370082215192612e+00,1.458556529867095719e+00,1.465496436391570789e+00,1.451299973698669810e+00,1.465677584312746307e+00,1.475322163266995945e+00,1.478637540991801558e+00,1.435366360930105278e+00,1.462760448045562267e+00,1.431090240088583654e+00,1.447180109136525283e+00,1.463619064543701276e+00,1.484948528255881639e+00,1.442026261346777583e+00,1.439143491247738327e+00,1.459434426066679835e+00,1.457634949365582244e+00,1.463242598108633885e+00,1.452494115081198744e+00,1.472049648468023886e+00,1.457214640250978910e+00,1.477065453923676941e+00,1.439111146716688383e+00
1.359951884024341862e+00,1.356890456357781494e+00,1.345367506215448650e+00,1.373875946350250121e+00,1.364811666166612758e+00,1.377235911637830990e+00,1.346420403816838807e+00,1.337566140322531849e+00,1.344523290203141430e+00,1.364789968326543201e+00,1.379213608968489213e+00,1.358408627361527010e+00,1.332078402212218293e+00,1.335010140811381696e+00,1.375137455765887529e+00,1.357680605844294508e+00,1.368120134912071739e+00,1.371592364038348277e+00,1.353714383342112804e+00,1.349453570842667816e+00,1.347652527069205464e+00,1.364619252811428485e+00,1.358816483233477479e+00,1.388550797353661492e+00,1.376539385517604686e+00,1.359105082150825483e+00,1.345724168289004652e+00,1.359886371856275700e+00,1.354634935400000240e+00,1.370343139672494548e+00,1.390640451006528000e+00,1.354684997520021694e+00,1.385558443057591571e+00,1.335754787047579439e+00,1.375207798239184376e+00,1.352034281102252988e+00,1.359395377788606085e+00,1.365461467553130248e+00,1.360799361881866787e+00,1.356203554660496691e+00,1.363127505988678712e+00,1.364910279324462961e+00,1.350810660115811190e+00,1.368614631985221264e+00,1.364956009904394696e+00,1.361244527055384346e+00,1.361478824045301295e+00,1.349423382029334650e+00,1.369840935336801513e+00,1.363964377579007126e+00
1.264980306044191094e+00,1.259350636918986188e+00,1.254930666990161647e+00,1.262828234490118495e+00,1.271531451771062082e+00,1.254709626235519515e+00,1.294834787384207653e+00,1.256994927621553959e+00,1.253988814546713293e+00,1.263228712083737326e+00,1.259651895291133528e+00,1.259485792688594508e+00,1.259137364902163769e+00,1.248053984967351981e+00,1.257066079253850832e+00,1.262002541021472357e+00,1.268848041454121223e+00,1.287672372815453992e+00,1.262996329567608322e+00,1.273254067430836578e+00,1.280532737560799772e+00,1.260461346772771440e+00,1.250304215787708229e+00,1.266213980108687354e+00,1.274953197097344448e+00,1.247201354462165179e+00,1.255785168199876622e+00,1.253926047420382384e+00,1.280855548461433235e+00,1.268900991239086506e+00,1.257422197506672834e+00,1.267526583315000455e+00,1.255028336177267612e+00,1.252365992597742173e+00,1.277350898006361701e+00,1.233638665182763550e+00,1.258607726586665532e+00,1.266945236109264794e+00,1.263162531618552187e+00,1.270461581391287398e+00,1.251707770996495661e+00,1.249832966061265260e+00,1.268856024012845252e+00,1.265454367926889256e+00,1.235519336766656151e+00,1.258862083327928261e+00,1.286612701875814890e+00,1.262288099977844302e+00,1.268097356117064090e+00,1.267203456845077625e+00
1.170491026538882595e+00,1.170585749676132492e+00,1.178068969180990466e+00,1.167886505908874550e+00,1.175350317369734388e+00,1.165199720210567280e+00,1.160131522791867376e+00,1.134159792841782144e+00,1.164250461234169531e+00,1.194911974954987022e+00,1.158291116339658755e+00,1.159693405579261594e+00,1.154046245281972194e+00,1.174475186183150832e+00,1.159669434921994702e+00,1.151696305435799816e+00,1.178144931904566928e+00,1.158112362646357196e+00,1.203304135071389780e+00,1.179599682229905078e+00,1.150467832152981984e+00,1.168904536362235458e+00,1.171339996394460847e+00,1.167932950361567856e+00,1.189829769725904818e+00,1.167317394683169862e+00,1.146585815422158428e+00,1.156085690772373553e+00,1.181010097880100806e+00,1.162406437241767065e+00,1.173034849086814102e+00,1.173392726054153234e+00,1.188152807405456368e+00,1.180766742526518254e+00,1.182581318684490679e+00,1.176935090886928048e+00,1.160402961133389477e+00,1.155268353036478679e+00,1.178792806505397861e+00,1.157207296644531924e+00,1.142851727489661240e+00,1.182480240138971794e+00,1.172881756182281077e+00,1.151131399275036493e+00,1.189424887291306687e+00,1.169666359475773465e+00,1.171805039894871392e+00,1.187757325704805078e+00,1.162238660500540810e+00,1.164836354783889361e+00
1.093773562868210369e+00,1.078446170909779678e+00,1.087899477957524175e+00,1.065081129848947983e+00,1.062006176316046657e+00,1.073041442428437797e+00,1.071260382828216562e+00,1.085851724447234989e+00,1.095132077288734518e+00,1.100804804507949042e+00,1.088426283829178720e+00,1.054628648312373018e+00,1.079998140088249681e+00,1.084523826520413792e+00,1.068745571127429628e+00,1.071575670804280733e+00,1.082980341653580147e+00,1.065143719742454698e+00,1.087976076707796169e+00,1.101636188596706090e+00,1.103264845975394426e+00,1.073901958579709826e+00,1.090111487448047090e+00,1.091034407480735879e+00,1.062021863508490371e+00,1.086972866603285404e+00,1.095244261458808266e+00,1.081321468355357363e+00,1.085424659616865073e+00,1.059133295814220554e+00,1.079661967333197525e+00,1.068954048183454519e+00,1.064910200361205650e+00,1.057165818832623394e+00,1.076423565194388088e+00,1.085642121368374236e+00,1.071107603358424809e+00,1.091851288293411049e+00,1.061899487893269489e+00,1.091349099901931963e+00,1.072771002026174259e+00,1.081513471947245231e+00,1.080248940047595863e+00,1.086231160389980577e+00,1.069612103060567421e+00,1.050583905291189168e+00,1.067986177448115637e+00,1.082370554530881046e+00,1.071461592499098003e+00,1.082378655360257902e+00
9.788537444283100797e-01,9.650906036685583667e-01,1.011545821008181800e+00,9.973472477377000045e-01,9.899493973086171961e-01,9.991207801039668768e-01,9.840328551804303769e-01,9.935841577770341271e-01,9.712420898514836365e-01,9.579482044505412963e-01,9.829797365914998419e-01,9.921797352102246226e-01,9.737778576450465406e-01,1.002105929241499327e+00,9.716499295968240579e-01,9.832839308173408899e-01,9.927048760369243663e-01,1.001399262320031402e+00,9.853346107571925305e-01,1.004814324224079680e+00,9.820792993550448990e-01,9.789620710142499238e-01,9.828730677533855653e-01,9.779832425376608906e-01,9.860209304265640240e-01,9.756869411646538204e-01,9.899756129703490837e-01,9.998526605024756764e-01,9.938617161219407414e-01,9.738428012333110173e-01,9.905647970065897256e-01,9.894704133398379842e-01,9.971170587921353023e-01,9.939796120287943682e-01,9.696792033092594965e-01,9.861367353563679217e-01,9.825247045232766707e-01,9.730563560782947707e-01,9.808599621496666421e-01,9.856845227591074510e-01,9.807351756962707778e-01,9.695528616366773100e-01,9.902129066895627441e-01,9.946751395753793412e-01,9.861152548930802730e-01,9.780105987964931025e-01,9.933656880603233263e-01,9.810424103588617495e-01,9.691043836045712956e-01,9.862145173702294709e-01
8.922912914161760245e-01,8.954664466968854653e-01,8.954540826959737077e-01,8.909025575664522023e-01,8.754260911050364413e-01,9.230839290938738229e-01,8.910580526680622615e-01,8.767914850684087602e-01,8.891421153860427085e-01,9.055725802711803718e-01,8.977693389047264327e-01,9.167425372985659182e-01,8.858728338956476378e-01,8.833802558099406177e-01,8.923564697687174085e-01,9.021306817079837170e-01,9.077667689711862442e-01,9.059642225507668067e-01,8.949172006192471773e-01,8.861684363866083602e-01,9.015573447456305400e-01,8.864701205016608521e-01,9.067541983507898529e-01,8.764487180859290572e-01,9.100550903955987314e-01,8.997596664020094392e-01,8.942752973763907764e-01,8.997215652629571014e-01,8.816145843202777277e-01,8.931914512160722408e-01,8.770676638774694833e-01,8.890414563725448360e-01,8.976146532992278493e-01,9.030580057003247951e-01,8.785134802973872947e-01,8.906010703300621945e-01,8.817176913590656362e-01,8.908535890735878038e-01,8.830251335671672752e-01,8.887408124826360334e-01,8.981545555395360481e-01,9.063984219207373849e-01,9.130321543093010694e-01,8.697005221527641661e-01,8.929818288915458702e-01,8.989405261001039982e-01,9.057186808064704442e-01,9.057588608735827052e-01,9.047091634721950992e-01,9.146778392516355938e-01
8.127875505606908524e-01,8.147795557985176851e-01,7.826610765490085164e-01,8.059550148469724062e-01,8.043322929655725151e-01,7.931670613172936424e-01,8.214790513132977923e-01,8.051874812960935213e-01,8.110341358306561999e-01,8.171614934004252095e-01,8.074216875532471693e-01,8.161053083713206702e-01,7.888443804288935990e-01,8.071733884205327669e-01,7.939962047809346890e-01,8.181028377860452006e-01,8.065011998438166296e-01,8.063312826160573543e-01,7.965882362971178354e-01,7.886705439995583822e-01,7.951238320090447953e-01,8.303285904004603646e-01,8.040060100598463988e-01,8.158303086098397383e-01,8.109750288857084932e-01,8.127104284956475633e-01,8.106383376916299621e-01,8.048701776610855951e-01,8.148742633065013674e-01,8.232127012873674543e-01,8.182754349389603776e-01,8.026211361191101235e-01,8.129691124839822924e-01,8.004691828023666744e-01,8.117225705512266520e-01,8.055121694492632933e-01,8.107460128703175561e-01,8.059261471713147218e-01,8.070133478069477784e-01,8.146701289054880668e-01,7.950742220784833281e-01,8.246505885142809689e-01,8.060742060801747710e-01,8.056196908388345568e-01,8.151537422646756292e-01,8.039727853273342939e-01,8.010200060151637658e-01,7.980764745989965547e-01,8.202088132089550010e-01,8.247144867337814489e-01
7.354365451118413111e-01,7.189849829481674837e-01,7.191926084360125149e-01,6.970061799383525658e-01,7.283638631219437887e-01,7.290702243880263778e-01,7.116091241645895460e-01,7.234478577255788467e-01,7.196274851499885328e-01,7.074256013108091157e-01,6.990800889994712719e-01,7.275832574661881269e-01,7.330739404786491553e-01,7.368066099605092845e-01,7.253984045871498809e-01,7.332669391717845375e-01,7.013130201096615668e-01,7.225482160856081526e-01,7.287134069856719965e-01,7.366427642541119036e-01,7.294536847340880037e-01,7.105085492456256757e-01,7.398547086563608266e-01,7.275641518313934464e-01,7.211796622156588787e-01,7.351328408134174541e-01,7.213672032178901627e-01,7.244728008171754663e-01,6.987297051791915292e-01,7.151879320564519249e-01,7.376448664435298896e-01,7.352728385008745482e-01,7.308980894069856404e-01,7.184632650989576375e-01,7.163959646938313774e-01,7.170778193050855176e-01,7.428923174533959006e-01,7.230733466654274411e-01,7.036944482326499273e-01,7.229118294284687662e-01,7.102700268794182037e-01,7.244858879935255347e-01,7.129232434536328933e-01,7.116320410626318926e-01,7.335759936894111766e-01,7.002770977952440523e-01,7.206467110757521777e-01,7.194472762399964916e-01,7.149283351216445537e-01,7.379458842322276224e-01
6.337669699633645681e-01,6.340902396536970409e-01,6.448542750502066490e-01,6.216354260188647896e-01,6.408064525748981000e-01,6.494066493751087243e-01,6.582587907562642560e-01,6.389726584809759524e-01,6.454776791577770956e-01,6.539780509279642384e-01,6.273901063064152295e-01,6.406410935876389878e-01,6.316101803121744185e-01,6.341114616646831292e-01,6.469582554000854469e-01,6.334484676254609203e-01,6.506627722543009140e-01,6.602732891946500038e-01,6.348057699748762550e-01,6.573000691922115113e-01,6.480029900347843430e-01,6.236416900975908506e-01,6.407493542918620832e-01,6.328047476136910987e-01,6.356952892969757185e-01,6.351780118655661056e-01,6.424554882627963037e-01,6.474842369192032043e-01,6.432143218199445345e-01,6.253806832702303309e-01,6.466274939989462567e-01,6.332591091137264039e-01,6.323522208040941450e-01,6.478934028111010823e-01,6.345002610228971385e-01,6.292134932630867317e-01,6.350859360876489612e-01,6.361669838523132947e-01,6.466695735189772476e-01,6.520504844164304314e-01,6.375512661930051728e-01,6.536317220488260249e-01,6.432745506495194387e-01,6.468334888577449426e-01,6.449259448483433133e-01,6.404261447704646670e-01,6.374253867719312794e-01,6.353874275930853077e-01,6.400799362468843068e-01,6.319124854858129137e-01
5.388998890086561522e-01,5.643945716277140034e-01,5.629661613731103964e-01,5.697200668210870012e-01,5.578165034973849856e-01,5.571236948050755089e-01,5.678755964942410195e-01,5.611296073561362618e-01,5.451220684342557021e-01,5.590926865920381461e-01,5.630435014406817151e-01,5.705912045026014789e-01,5.637186054622793652e-01,5.641849120188109357e-01,5.718110842726045195e-01,5.484433331775652176e-01,5.620556519056303380e-01,5.695654653369089937e-01,5.603989074826312144e-01,5.423482749276533621e-01,5.694552024822412406e-01,5.624086261423240085e-01,5.714126365692424603e-01,5.641081031049428596e-01,5.501153148005939464e-01,5.624403508050643818e-01,5.649157288608762650e-01,5.618623175275859749e-01,5.664826324206336805e-01,5.670101202593242906e-01,5.499232477720108481e-01,5.613731030759048224e-01,5.469033727411297674e-01,5.609618381522946118e-01,5.477433667599987954e-01,5.659200196818271467e-01,5.637557047696416523e-01,5.563160519377291502e-01,5.536743689909661148e-01,5.655866510489767629e-01,5.732315368498073216e-01,5.528325707479420092e-01,5.496472218841732538e-01,5.649514977406744354e-01,5.458108284643875541e-01,5.547195735881241818e-01,5.664993398748751074e-01,5.488532139277979560e-01,5.587068041543024055e-01,5.702363702120424316e-01
4.737862716090854853e-01,4.879816645546806164e-01,4.807893253321735560e-01,4.944422095186647992e-01,4.631107351495459823e-01,4.853976774262823701e-01,4.782011331905645646e-01,4.790710507666169349e-01,4.782994157660692136e-01,4.863671160403057470e-01,4.715283647585076787e-01,4.581563884689306976e-01,4.824320612951088494e-01,4.826671398174765537e-01,4.965137142064846021e-01,4.838318594046776555e-01,4.707641334047871218e-01,4.883223847518335381e-01,4.724440861288063398e-01,4.851977286430437242e-01,4.977237668072877486e-01,4.692660342375475357e-01,4.899922529789166314e-01,4.827016869371714147e-01,4.731518414460164634e-01,4.918266195168943811e-01,4.764436104091246404e-01,4.853016565153124851e-01,4.853521402634829451e-01,4.803641282836211279e-01,4.869283425791181563e-01,4.803485924832704979e-01,4.832689017537422083e-01,4.914902000529711712e-01,4.729154043783702077e-01,4.714052968613521299e-01,4.834172140751982760e-01,4.804529775505212985e-01,4.800497473282482885e-01,4.816184853262013288e-01,4.750648675053401049e-01,4.760818534161430637e-01,4.868178061579845894e-01,4.878701316039021352e-01,4.956870682132024086e-01,4.852786999119179101e-01,4.771082985437981594e-01,4.866779674696752878e-01,4.932924058356441543e-01,4.839408645229938410e-01
4.100820840997556060e-01,4.092015244655632933e-01,4.134924152938350694e-01,4.147451253880266586e-01,3.985029932675921427e-01,4.051113911376849619e-01,4.104734647789078372e-01,4.240562937639673624e-01,4.089732550197725525e-01,4.014636972096648493e-01,4.151336196196833139e-01,4.021131370783370129e-01,4.038067495895276693e-01,4.049868261452234663e-01,4.105539508365382839e-01,4.122492772273723127e-01,4.090246856987935220e-01,3.986040940924726050e-01,4.086213995832407297e-01,4.012193457877004099e-01,4.244684306449928446e-01,4.093353348673531289e-01,4.073227910324473955e-01,4.074324755824088595e-01,4.215038880020675616e-01,3.987226028128305622e-01,4.204420369454751616e-01,4.142177821421827444e-01,4.132498671401899082e-01,4.025450008036196015e-01,4.070650577229124600e-01,4.010596020467780964e-01,4.030813542737644029e-01,4.122396609484688668e-01,4.082442513304344600e-01,4.041506666899044031e-01,4.190497245000587290e-01,4.035387255295110331e-01,4.149210282119505933e-01,4.080777587266439799e-01,4.083697748363073754e-01,4.095680636198018587e-01,4.102069731304494038e-01,3.968304214657180085e-01,4.125438858342888593e-01,4.110652344566002592e-01,4.168567808256313234e-01,4.138348804276901771e-01,4.025642260202134670e-01,4.090357654156673295e-01
3.410692707302933613e-01,3.372659114164744953e-01,3.347632883401286952e-01,3.347368609429847153e-01,3.326938503766273536e-01,3.373676806851823584e-01,3.428635100347240394e-01,3.271023651398549115e-01,3.390742174695262068e-01,3.356103321951697249e-01,3.442041622016668856e-01,3.477476383257013803e-01,3.375434337042674815e-01,3.442923644478501077e-01,3.506173266599884597e-01,3.438672464028771358e-01,3.483438478343803824e-01,3.361322592777701845e-01,3.389166244999137212e-01,3.415416189370751865e-01,3.412882603132382786e-01,3.360987935575265317e-01,3.367092431251915152e-01,3.286085445004427452e-01,3.349679720045968812e-01,3.296018854669549025e-01,3.430924217680427768e-01,3.447962202278279098e-01,3.371933088071535911e-01,3.457893338695292029e-01,3.414590888589207895e-01,3.446440992484009480e-01,3.300453450840452052e-01,3.407462930162977743e-01,3.406778580801046452e-01,3.306293397794713429e-01,3.352125753424781696e-01,3.331183817686346194e-01,3.369833741658044279e-01,3.502264196783204664e-01,3.471201208659075443e-01,3.372309772224439950e-01,3.254029698614830379e-01,3.444682096042466779e-01,3.433952184327973001e-01,3.364667036899781638e-01,3.438080563521980770e-01,3.397190495137862309e-01,3.429991120316558950e-01,3.353060223511910576e-01
2.673736299928379245e-01,2.817921654097684248e-01,2.765069560535003412e-01,2.805282146495850504e-01,2.723752078493355544e-01,2.786270416493271673e-01,2.679337245448555893e-01,2.699613489580411363e-01,2.780973857475757538e-01,2.728838104411644427e-01,2.817720408591617987e-01,2.768003352922588922e-01,2.791108297703661645e-01,2.705666462661934224e-01,2.805790101097527800e-01,2.724308020336220215e-01,2.670069177236107372e-01,2.772428341545366548e-01,2.746366965506303881e-01,2.755245570454397108e-01,2.664358356357967028e-01,2.814921975858152847e-01,2.738681807049037076e-01,2.837669786365024094e-01,2.743592093426544531e-01,2.693587361917217926e-01,2.833331601647406939e-01,2.721242215361834860e-01,2.739356568036686590e-01,2.758041250507850539e-01,2.689123630623153627e-01,2.710215361763551600e-01,2.652778407954432538e-01,2.824179136339176610e-01,2.850663580860122170e-01,2.722237908457865729e-01,2.778534042950554506e-01,2.723739179114526565e-01,2.787280913411399053e-01,2.827496457850899869e-01,2.726430417655965055e-01,2.700415596459282974e-01,2.833462631565069612e-01,2.709706186056926591e-01,2.856017636850651242e-01,2.762011014313225377e-01,2.734627995295110248e-01,2.758238922529753223e-01,2.766093558100811700e-01,2.765715971168687393e-01
2.179134674822074680e-01,2.186992894903461715e-01,2.086622423646760371e-01,2.233791225802637948e-01,2.209358174669431574e-01,2.220223981917114064e-01,2.098007698524998188e-01,2.167449488380080724e-01,2.215617204884365588e-01,2.205169965680753574e-01,2.183484766033033653e-01,2.199073366571741017e-01,2.192591534077491799e-01,2.134582881463587545e-01,2.172310676153235698e-01,2.127338376273761045e-01,2.099530720612992341e-01,2.169597995112166888e-01,2.134736394845015151e-01,2.107074362968176240e-01,2.221885285735060722e-01,2.242998924491747537e-01,2.220799451923962664e-01,2.121732234581782117e-01,2.130184306251969029e-01,2.127148775293679905e-01,2.121237250565153332e-01,2.204429963558569849e-01,2.173824589295608456e-01,2.187530719917578914e-01,2.121027904286335031e-01,2.188751361054127043e-01,2.141232358432339222e-01,2.107147064409655990e-01,2.189894724845141416e-01,2.284267870134596701e-01,2.153987041538212577e-01,2.104340808369291327e-01,2.172645913911028515e-01,2.138918425750752084e-01,2.139835692379970233e-01,2.059287251588090006e-01,2.098296898887057893e-01,2.150996933272520673e-01,2.134292301940914349e-01,2.084936175932733393e-01,2.064058122223607905e-01,2.184676769755301007e-01,2.176597015523856760e-01,2.180463773283910778e-01
1.611273320233237438e-01,1.556957355457335157e-01,1.633135534551022061e-01,1.651101468434061914e-01,1.630832279467051560e-01,1.567089181410201704e-01,1.626059874641471170e-01,1.695598326023401992e-01,1.648000840329330030e-01,1.571764288441050983e-01,1.568696137861387008e-01,1.650275136108176888e-01,1.641079622169673013e-01,1.725141866229874255e-01,1.603561131072790968e-01,1.581144270723769951e-01,1.588359247289498621e-01,1.700188373811021003e-01,1.578816616248580607e-01,1.599666619281984725e-01,1.672451698557614053e-01,1.637410503157160635e-01,1.650519960141196840e-01,1.546734718355403382e-01,1.666938937652416020e-01,1.574884848786933245e-01,1.585495931918773638e-01,1.613525227717357291e-01,1.621512342533787399e-01,1.608689410923768437e-01,1.589370125110746157e-01,1.569197092456554588e-01,1.584745959492650513e-01,1.572622005184295957e-01,1.650677523947285119e-01,1.590706775937817674e-01,1.646849168434008359e-01,1.700753348143569099e-01,1.639380099279311997e-01,1.681199135528510247e-01,1.633829181467586211e-01,1.609750587248834075e-01,1.624567594291432271e-01,1.599615590201136639e-01,1.617094306153485650e-01,1.652941502112549310e-01,1.646695656034995736e-01,1.692871862902316227e-01,1.645575238779838911e-01,1.678619658596769149e-01
1.188086513476541289e-01,1.146379881221528396e-01,1.176443455215538808e-01,1.166973249053628314e-01,1.203559084490683634e-01,1.153400217346092771e-01,1.118726887383725832e-01,1.049665545834049946e-01,1.111481138730046614e-01,1.159052884538364497e-01,1.118278365717304962e-01,1.114240006208310069e-01,1.071395786790038523e-01,1.135703249669316878e-01,1.195183012942538509e-01,1.152204665658299321e-01,1.197384336714314851e-01,1.143347931487097152e-01,1.127080631584071874e-01,1.148343525233298523e-01,1.162224547545041703e-01,1.112343034109354173e-01,1.082027325687213021e-01,1.115782799227559158e-01,1.140245022722086443e-01,1.155872524636967213e-01,1.149868545256556851e-01,1.071590293580681474e-01,1.191578931819885917e-01,1.149131342252451282e-01,1.101043496357171775e-01,1.150126554753067298e-01,1.156583117476606970e-01,1.149371107150325977e-01,1.091356766417974355e-01,1.120826566899335019e-01,1.113603377866204808e-01,1.114040999161272361e-01,1.131742687713045564e-01,1.217426931554974195e-01,1.096933628010060696e-01,1.195101307688354042e-01,1.147533616650517480e-01,1.129245188929948046e-01,1.169493775498304106e-01,1.141427403862089601e-01,1.156927159450272524e-01,1.204460334718976400e-01,1.108651531719540284e-01,1.151688577963306398e-01
7.166959125393462804e-02,7.475610952946992738e-02,7.234500807554736235e-02,7.360394413042516126e-02,7.406211940060290766e-02,7.157774158487523186e-02,6.931418372852388154e-02,7.163666810228633275e-02,7.284816079459882632e-02,7.406407586967168888e-02,7.900779009822493648e-02,7.428723510124393692e-02,7.704152848176139268e-02,7.111183443399200776e-02,7.200403798182630766e-02,7.201687747268627204e-02,7.223481674768394978e-02,7.285827615967148396e-02,7.482243916250927440e-02,7.334218779576937020e-02,7.103393984605832490e-02,6.622746605701147760e-02,7.002099843752286612e-02,7.618942893104918568e-02,7.606522634011354811e-02,7.164756471060840237e-02,7.800556321590493281e-02,7.625502767788303049e-02,6.928703719187247201e-02,7.364204818300425226e-02,7.740982700751582180e-02,7.490452547874726363e-02,7.088958115280426242e-02,7.393845766556814136e-02,7.571853176278092734e-02,7.380738089326330242e-02,7.361428835321127961e-02,7.826003063220846045e-02,7.608358367550617507e-02,7.226622059005144427e-02,7.107942436971947942e-02,6.938166779157772801e-02,7.335356806425007148e-02,7.603890645481217736e-02,7.238772334109602746e-02,7.594772331368754292e-02,7.352687590800546791e-02,7.442509481167178254e-02,7.727643591971751491e-02,7.735026819685604516e-02
