1.720800902913701691e-01,1.718523858025517159e-01,1.726790015874103690e-01,1.712260494805119826e-01,1.700834640386308660e-01,1.719051060272824838e-01,1.713882579340347545e-01,1.712266237152794968e-01,1.725457974669667716e-01,1.718053309123756811e-01,1.713791149405504977e-01,1.729486578557042631e-01,1.715300185136674205e-01,1.722722729217393556e-01,1.725001822596453627e-01,1.724642959519887830e-01,1.711210049639084185e-01,1.741280021182522730e-01,1.722335676807850990e-01,1.727557254777043194e-01,1.722726931282416718e-01,1.732360640838227217e-01,1.706979165189727310e-01,1.715876071019951654e-01,1.728415743166316076e-01,1.708094892531340503e-01,1.718236502654300890e-01,1.722101734492153258e-01,1.718234289735490750e-01,1.724561067555131499e-01,1.716956375625237341e-01,1.736064349576763866e-01,1.731983418185073786e-01,1.727826153442825474e-01,1.740323266927058521e-01,1.727047206856736072e-01,1.711997990308448958e-01,1.719438114063587264e-01,1.711581927818606186e-01,1.707477645618204198e-01,1.714325777179549481e-01,1.709401782731202746e-01,1.718252672419354476e-01,1.727534363512542026e-01,1.704193799856988378e-01,1.714405075245311327e-01,1.710578658013918452e-01,1.735373566923369970e-01,1.727538603067969580e-01,1.740476933248043534e-01
1.720919691507951932e-01,1.714169763263576340e-01,1.722417994684854181e-01,1.722415966820257383e-01,1.719055881406869046e-01,1.709286156747686358e-01,1.722901032263150500e-01,1.723627232831498324e-01,1.708306978194581993e-01,1.708739412623004328e-01,1.738546180256596296e-01,1.742704465977614192e-01,1.722251022397791875e-01,1.718139791548855544e-01,1.727398555198917107e-01,1.716113286466201815e-01,1.714454623977315351e-01,1.715631669110799506e-01,1.726311773609071620e-01,1.718780377221349187e-01,1.720970562045691932e-01,1.709986437113119040e-01,1.734107438539850554e-01,1.736881388889819910e-01,1.731464803484646098e-01,1.717315979190841557e-01,1.721856338715489765e-01,1.731579218176832746e-01,1.710268739758818157e-01,1.737931324905795383e-01,1.720559402135949933e-01,1.726934083191096481e-01,1.737284813714674025e-01,1.724067864523379512e-01,1.703014635078638761e-01,1.728911730034305150e-01,1.732163252947678256e-01,1.730309029270746535e-01,1.732355628445069462e-01,1.729832369066691133e-01,1.708198654919423909e-01,1.713954624512405434e-01,1.723765422882395371e-01,1.716739317311505308e-01,1.707152528305666273e-01,1.724591343531692023e-01,1.703658642936435319e-01,1.724079096964486746e-01,1.717478069475431024e-01,1.709363868352974936e-01
1.717597592865804101e-01,1.709891341428413647e-01,1.712778975003009241e-01,1.708578261839170109e-01,1.705072362306746803e-01,1.714390413379526523e-01,1.706450283796056566e-01,1.719211539676550604e-01,1.721584396669322559e-01,1.724138725014340012e-01,1.714367649390661774e-01,1.706625956887168061e-01,1.716794695473746191e-01,1.715539252442402074e-01,1.719970050385667970e-01,1.704362459899826376e-01,1.719414084822463440e-01,1.717253678459611799e-01,1.729568897690330620e-01,1.718553642996046016e-01,1.722739112521035620e-01,1.702486341685618687e-01,1.704099886669281916e-01,1.712603692397424715e-01,1.701589312413709643e-01,1.708410706493773412e-01,1.721379685695096362e-01,1.729027215081273272e-01,1.727571847641153346e-01,1.700560951797931153e-01,1.711336596123576581e-01,1.707707718445037048e-01,1.727614286056273207e-01,1.723194902106049697e-01,1.720227637200143767e-01,1.727672852696883199e-01,1.727667296759511917e-01,1.720989447880058310e-01,1.715601898802969205e-01,1.710737378604166581e-01,1.713667090621964761e-01,1.709771318865173917e-01,1.704988576348266394e-01,1.707230222887500259e-01,1.733342649235996569e-01,1.712955169058380245e-01,1.721435888336036724e-01,1.704111048650446825e-01,1.706794745943109870e-01,1.719411251027090914e-01
1.701380475471726272e-01,1.719834899626390690e-01,1.713728560556219416e-01,1.719772511091798572e-01,1.709174094605516170e-01,1.717724825268541755e-01,1.712231779826741129e-01,1.720636926550975221e-01,1.707507672006723931e-01,1.722588304249009772e-01,1.707298208945381701e-01,1.705905506601121113e-01,1.709165295740291968e-01,1.718021874109335323e-01,1.715015360213345552e-01,1.706289102869811558e-01,1.699659835701976540e-01,1.726283625414301304e-01,1.711081682929717629e-01,1.710122302166969255e-01,1.709623167465769145e-01,1.722340610023816720e-01,1.727261681721757314e-01,1.714640235850053429e-01,1.709357555907158321e-01,1.721646992476851545e-01,1.726052488116537054e-01,1.720364572964886707e-01,1.703767519486510396e-01,1.697583193131929902e-01,1.715659510967588453e-01,1.706314820738284721e-01,1.714648998640636302e-01,1.726421726119889699e-01,1.714574198071474598e-01,1.714333211574443905e-01,1.708220394689338728e-01,1.732952123183054138e-01,1.711640638271698378e-01,1.703794317285367843e-01,1.722157955871821133e-01,1.688571156724870959e-01,1.693492820113845776e-01,1.714595345762995882e-01,1.710792909059212774e-01,1.701852403772874944e-01,1.714439189533737140e-01,1.725912652534877800e-01,1.712095450611893777e-01,1.717401787070634567e-01
1.713562984927320954e-01,1.717412616567052519e-01,1.695624719388549029e-01,1.711977940725444569e-01,1.700110775256746531e-01,1.714177193960681189e-01,1.703220422830825365e-01,1.694864654604784360e-01,1.708238889818713413e-01,1.713673456759138014e-01,1.696466692927136866e-01,1.690347662555228836e-01,1.719762010453255718e-01,1.710025912229863609e-01,1.722092239082998189e-01,1.702723349493845961e-01,1.708123269326662363e-01,1.711419811533791968e-01,1.717129831080143609e-01,1.688927196033888078e-01,1.707131847574734351e-01,1.688543556900426457e-01,1.719750103251170836e-01,1.703735510662841846e-01,1.710478409477722561e-01,1.700278683495628773e-01,1.706930217550497453e-01,1.705275328759655318e-01,1.712836465591067725e-01,1.717161679471594371e-01,1.720981481180111905e-01,1.712674982988290351e-01,1.704849244065431146e-01,1.704328066936524610e-01,1.718912164346143301e-01,1.703501848363185300e-01,1.693671122110543548e-01,1.692096491545536652e-01,1.713262271200609588e-01,1.707038478696295547e-01,1.708002813978037326e-01,1.717609603487587067e-01,1.702119841519679211e-01,1.698544704310569475e-01,1.696417641056628123e-01,1.704072851915180986e-01,1.702887133746238402e-01,1.719771916720677918e-01,1.712168707772722120e-01,1.698694954384840083e-01
1.697289231584973301e-01,1.699775756311773522e-01,1.696354289224203393e-01,1.703525056982649888e-01,1.692901421827649189e-01,1.712896929293663828e-01,1.708145826377223675e-01,1.711876664706125650e-01,1.687080704125020481e-01,1.708837541259363435e-01,1.698661528148886490e-01,1.699304968376108282e-01,1.695881834594325510e-01,1.709022698656658956e-01,1.715030859556537224e-01,1.699310401093028777e-01,1.696485571432621853e-01,1.712975562267694263e-01,1.719608048005491496e-01,1.696180621733596461e-01,1.703622656931159385e-01,1.703162123902040859e-01,1.705616484039317038e-01,1.700223542284760581e-01,1.703046930793294111e-01,1.702806944110014098e-01,1.684525734560038956e-01,1.691695297279162125e-01,1.695745483153711375e-01,1.698409922472345068e-01,1.692853764726232613e-01,1.707488992638100112e-01,1.714545285881178271e-01,1.702617493599843379e-01,1.707548512311074240e-01,1.695638480605822229e-01,1.706844395913594548e-01,1.695347374306901966e-01,1.690226255569378944e-01,1.685737517645207462e-01,1.713994657556244250e-01,1.705050808568664977e-01,1.719750660091093619e-01,1.720655767817544923e-01,1.704718007408428937e-01,1.688560140733494364e-01,1.713366614357509088e-01,1.706495731590447484e-01,1.708188461062014607e-01,1.694201035824453860e-01
1.696561003843310433e-01,1.696921201524677625e-01,1.686096224529831100e-01,1.685785952328934800e-01,1.694949314247946037e-01,1.680664028764947970e-01,1.680894826543206655e-01,1.685398734379941754e-01,1.688534027105263735e-01,1.677065888969894170e-01,1.702942460103430700e-01,1.708363191590827335e-01,1.683081410061565142e-01,1.705778049262802187e-01,1.680864259594017085e-01,1.694765766735725487e-01,1.703489189351881650e-01,1.690097874209920970e-01,1.682014310069855634e-01,1.688139964792329528e-01,1.690084939283061083e-01,1.683720970723482924e-01,1.675185807590973130e-01,1.689855411621938308e-01,1.687613368384947299e-01,1.683991240180637006e-01,1.690457362922835882e-01,1.700122048433642397e-01,1.706906650685511562e-01,1.697629582191315101e-01,1.680642159553798476e-01,1.695554902156231891e-01,1.699365830992618509e-01,1.691053918253388466e-01,1.689486631427558339e-01,1.686428384320092233e-01,1.690277468305114716e-01,1.688906900703220082e-01,1.695125599586770060e-01,1.684101799878188477e-01,1.701712780035115891e-01,1.690003244164769991e-01,1.701450991440496552e-01,1.681451512889872435e-01,1.695948945350988224e-01,1.691533665789632657e-01,1.700446106630707499e-01,1.700605039063957657e-01,1.688417479368743979e-01,1.699461893382910593e-01
1.681537904278013196e-01,1.670600842073871606e-01,1.692354609875277582e-01,1.687868173014043793e-01,1.671477802132829149e-01,1.690406348726071761e-01,1.683452288324770452e-01,1.679738014011050440e-01,1.678875534923111035e-01,1.684976590651388051e-01,1.669934208690776467e-01,1.679354359799975771e-01,1.686017118355421507e-01,1.668542213636530214e-01,1.677069231242694913e-01,1.688419431995368813e-01,1.696668492895319069e-01,1.683592182823073213e-01,1.676789039980242091e-01,1.700672861992517659e-01,1.692538738072220383e-01,1.706049033792959579e-01,1.688335960624573195e-01,1.686869469033175917e-01,1.696555913140807836e-01,1.686144441445608655e-01,1.672138689405623657e-01,1.676233243813080032e-01,1.683098649117570067e-01,1.689314778399956807e-01,1.680713024174749493e-01,1.687617800283399139e-01,1.663279420912883722e-01,1.679709414136935364e-01,1.690431565058720387e-01,1.698803522270643518e-01,1.685606508066460341e-01,1.682891113191983534e-01,1.683351651362919033e-01,1.669914910307965517e-01,1.691917321681903064e-01,1.684316788490940464e-01,1.687497115111331603e-01,1.692054217994033438e-01,1.693998236786100620e-01,1.687887618011361945e-01,1.696673263090879846e-01,1.683461604302607384e-01,1.676960696049042410e-01,1.664037772891913403e-01
1.657670345186252059e-01,1.674702543909727392e-01,1.679517557717759291e-01,1.672299316879512499e-01,1.683136403398458325e-01,1.674469198146840698e-01,1.666644682016054368e-01,1.671599742405067424e-01,1.663728736923655860e-01,1.668124554980627283e-01,1.678354600615079295e-01,1.675782612313314046e-01,1.676992756887198677e-01,1.672372504986148201e-01,1.675966310797457060e-01,1.681663399200740427e-01,1.676190186073890365e-01,1.674664724879378064e-01,1.675900174240801954e-01,1.667133048619502400e-01,1.677430278225479354e-01,1.675780128097353328e-01,1.657656236518673665e-01,1.682239046886602751e-01,1.673363236617658178e-01,1.669270726032618946e-01,1.667270672205436732e-01,1.668046203052619691e-01,1.676058943430087655e-01,1.675043966925363059e-01,1.681524853288330623e-01,1.668672709069836946e-01,1.668579170242183995e-01,1.681997897510352502e-01,1.660779108666018133e-01,1.679158894946357339e-01,1.661891116877816654e-01,1.656326011600822434e-01,1.656058561459659573e-01,1.654740710056969710e-01,1.677095977664237736e-01,1.667394340786796103e-01,1.683509299558547667e-01,1.677191389882007055e-01,1.675385901057899196e-01,1.663693504921560096e-01,1.662521708445940383e-01,1.666255893074564398e-01,1.662898813231901418e-01,1.677026290828962651e-01
1.666145967472315026e-01,1.665539215139796303e-01,1.649055800307542285e-01,1.649985337830653653e-01,1.637322008834552201e-01,1.661233504838609543e-01,1.654666592049253149e-01,1.665508940135580207e-01,1.660106608073462775e-01,1.633385095396216180e-01,1.668077842209768902e-01,1.664052143463948530e-01,1.652423807570100878e-01,1.659705656785274985e-01,1.661377492586793014e-01,1.663669950433020461e-01,1.659756718742675385e-01,1.663865548682055551e-01,1.664034439836618029e-01,1.662121801145569344e-01,1.655386237255710713e-01,1.664370781920199993e-01,1.659278043679080217e-01,1.642236809712265266e-01,1.661190552424373357e-01,1.641092984737597127e-01,1.660046700377590945e-01,1.655865615160780069e-01,1.671007577363359531e-01,1.662350138123436238e-01,1.638082720367941003e-01,1.664001905557669914e-01,1.657013758147552196e-01,1.656599350262479287e-01,1.667295674346661039e-01,1.668925716070077669e-01,1.668831908954828691e-01,1.642607336809639995e-01,1.661933347275265926e-01,1.663219647841221727e-01,1.638540362780814275e-01,1.676402400713569163e-01,1.669228550267463917e-01,1.649850557305913012e-01,1.663437654997011184e-01,1.657391792291525445e-01,1.656358235447758231e-01,1.664628390397220048e-01,1.663720899514281870e-01,1.645552610109628222e-01
1.645981275333704974e-01,1.661301936738699969e-01,1.641487820893170746e-01,1.633338873007666170e-01,1.639783095805448510e-01,1.640668359722950165e-01,1.639979060841360581e-01,1.641308269010269827e-01,1.630531834872930297e-01,1.644191647647972598e-01,1.634350428967690505e-01,1.657439851995043401e-01,1.635887754071684297e-01,1.640714436004484522e-01,1.642060103922127201e-01,1.640334583402107693e-01,1.657827268290911760e-01,1.626655161142171180e-01,1.640073065992780077e-01,1.652968781470202098e-01,1.658801552144364699e-01,1.635457007980291033e-01,1.662519270788822834e-01,1.641382637231635633e-01,1.637331950889213961e-01,1.650258328794849683e-01,1.635208254308443410e-01,1.639595578913859153e-01,1.646965777446868506e-01,1.643668991724233641e-01,1.631277252097083630e-01,1.653932872704800272e-01,1.650380642543145815e-01,1.634759532435997587e-01,1.649949765317015871e-01,1.653484617296321346e-01,1.652319234402992720e-01,1.636425823421944203e-01,1.643852441824640576e-01,1.628697163490847033e-01,1.645986906462328925e-01,1.650991573984963989e-01,1.652845572433089549e-01,1.663073877295075387e-01,1.643690294176207156e-01,1.642768699080432437e-01,1.642545104518219612e-01,1.633470913892893228e-01,1.644734648658879028e-01,1.656415622776091223e-01
1.638084806724958986e-01,1.629141159249780091e-01,1.622006470820570867e-01,1.630672918961518780e-01,1.612972601094221081e-01,1.622553087208049583e-01,1.627233148802765816e-01,1.631937416701755295e-01,1.623143127107354589e-01,1.625801098447082482e-01,1.639442331544276044e-01,1.635720318804282924e-01,1.628777760154809517e-01,1.630778614071649313e-01,1.619272803459824717e-01,1.635639197694286617e-01,1.626481878614135235e-01,1.623920520452499794e-01,1.619470341174036876e-01,1.617622452654399468e-01,1.621916173380202331e-01,1.623776880613259366e-01,1.620220984875436476e-01,1.625743426995766017e-01,1.636476734165016600e-01,1.629901918691112617e-01,1.646609299676287663e-01,1.636797096699666720e-01,1.639928445077153407e-01,1.634981080681645327e-01,1.630539902402128594e-01,1.627890176915058051e-01,1.612257350602205597e-01,1.625915431539261269e-01,1.615304805130093890e-01,1.631356021179946325e-01,1.633371087879830486e-01,1.618023489367054202e-01,1.636955416889704917e-01,1.624570670340062251e-01,1.640568015301759053e-01,1.616887970217358028e-01,1.617483946071954504e-01,1.641941784095652945e-01,1.617546252473355817e-01,1.620830817822666858e-01,1.651812549593628665e-01,1.611421578607987459e-01,1.630617630828369580e-01,1.643583778548362573e-01
1.613638293776417376e-01,1.598844429337180628e-01,1.608151781590234086e-01,1.606412540473552975e-01,1.627016483553634651e-01,1.594036363531286249e-01,1.598007013343564209e-01,1.618913316886468612e-01,1.608538594903885233e-01,1.616733404352770076e-01,1.624201161304077434e-01,1.608302632045417180e-01,1.616372197228042318e-01,1.601441994704832783e-01,1.607782855789722798e-01,1.608479633256989783e-01,1.611112782191736759e-01,1.614258342096645260e-01,1.612776771724988845e-01,1.611117848440794531e-01,1.594300392529554855e-01,1.604682307638664596e-01,1.602629632720791730e-01,1.602693343706774742e-01,1.599672410031775238e-01,1.610113234976366103e-01,1.594780463470178433e-01,1.614027592911131126e-01,1.608835482737347999e-01,1.591603838500498247e-01,1.611773540546072581e-01,1.607920806561626281e-01,1.602174236764558335e-01,1.603089423217779752e-01,1.603052080853203665e-01,1.612341526465051744e-01,1.584424512802265761e-01,1.615356906452975194e-01,1.607278365791910690e-01,1.600271219284294666e-01,1.612385336304954508e-01,1.610406114183187964e-01,1.608399908323684679e-01,1.613774790659055491e-01,1.613683036551762651e-01,1.603200294844412122e-01,1.612748453761892464e-01,1.589599208556078669e-01,1.610852683742778901e-01,1.602472166764238870e-01
1.606918592458497497e-01,1.592244544074408186e-01,1.573445458112723294e-01,1.588905405866801179e-01,1.589684595167892289e-01,1.587856949925891270e-01,1.584959472672527458e-01,1.587043180417744281e-01,1.583397452311428033e-01,1.584544848698541397e-01,1.580073087331718973e-01,1.587385753407098421e-01,1.585777113243491965e-01,1.595213304351510153e-01,1.605095747860996458e-01,1.587984639052475722e-01,1.580450405738040298e-01,1.578638257437335046e-01,1.591143083496310839e-01,1.589929988995298638e-01,1.604988054283557064e-01,1.571683011692815712e-01,1.605713717426317522e-01,1.586479129400946986e-01,1.587482302911719656e-01,1.585133209094370943e-01,1.591002858885365023e-01,1.593791756996293940e-01,1.589295467761009106e-01,1.587425195104999742e-01,1.596620988994858492e-01,1.608764092529687550e-01,1.575138874762303798e-01,1.593694061327874389e-01,1.575892390214206351e-01,1.590612919492992994e-01,1.602961975050721799e-01,1.594634068431903251e-01,1.590513713536965967e-01,1.597363243045471226e-01,1.572266010930001567e-01,1.596381824307159525e-01,1.594905362694790663e-01,1.597179992940432058e-01,1.601122980137373031e-01,1.590619572546160265e-01,1.588964787927154843e-01,1.608780581752436434e-01,1.593042717236189676e-01,1.605277859152328679e-01
1.555342175647439207e-01,1.561985055964207614e-01,1.573557366060631124e-01,1.574073422461880478e-01,1.572421017033797941e-01,1.580239125212465068e-01,1.577260809998903834e-01,1.582013773181882577e-01,1.561090769870158990e-01,1.556151312591722291e-01,1.562212204441240371e-01,1.584918184955663722e-01,1.584539388028736173e-01,1.568203178150203159e-01,1.568020031096408473e-01,1.588940819550233308e-01,1.575826749201318933e-01,1.575475835545099568e-01,1.575841962255017104e-01,1.569735143232631469e-01,1.563440739852207662e-01,1.577939564659832927e-01,1.569857344372109775e-01,1.558208400939735949e-01,1.578023138987332263e-01,1.559890884984693749e-01,1.569525587459180416e-01,1.571292040293539582e-01,1.555624253330767370e-01,1.561892413912702171e-01,1.557469975363109105e-01,1.569665842814986501e-01,1.571268042661370934e-01,1.570163066233591642e-01,1.565384849770460884e-01,1.569385638147437478e-01,1.548245277979075629e-01,1.583899167662828067e-01,1.571225207034161186e-01,1.563648433824611772e-01,1.569254077057078145e-01,1.561189795475386721e-01,1.590205040707984574e-01,1.574452146900229832e-01,1.558525217772933624e-01,1.567552134707078104e-01,1.557807538860090935e-01,1.563957434824021220e-01,1.573779166275474650e-01,1.563452675694418370e-01
1.537071134804802730e-01,1.567556235294560729e-01,1.548224740843356928e-01,1.550219247808709289e-01,1.554044352006348773e-01,1.545702812107268287e-01,1.541308143538561992e-01,1.535451840202896601e-01,1.544645916597618962e-01,1.548027119899829662e-01,1.550412552554525925e-01,1.548703859014412543e-01,1.536574273021544257e-01,1.547855189791096653e-01,1.539661470264117593e-01,1.560026106007363356e-01,1.554342253577101762e-01,1.548672174909600796e-01,1.556778015563269890e-01,1.553439983330961172e-01,1.536731045928965422e-01,1.550228195396408659e-01,1.549124353143273014e-01,1.540340577197443772e-01,1.549069793566757725e-01,1.537501967019614946e-01,1.544592637495679210e-01,1.551321970079905521e-01,1.543155337492348733e-01,1.552339476985325761e-01,1.548564240905161982e-01,1.543022741616945359e-01,1.530181542877378509e-01,1.542806077477140714e-01,1.539378598956210598e-01,1.544098905305166247e-01,1.555273171593125614e-01,1.554985619689170095e-01,1.569916114424814435e-01,1.538452977554411738e-01,1.541939324081227358e-01,1.544509676611923454e-01,1.548144154065097255e-01,1.547130753126186031e-01,1.543185336799900997e-01,1.538460248693263310e-01,1.557889735913376983e-01,1.548959228727652127e-01,1.540875368329450990e-01,1.546861642033472706e-01
1.521827581440650390e-01,1.519269716079618693e-01,1.529131212169903831e-01,1.523725309106569725e-01,1.529499191242687794e-01,1.527768070500705178e-01,1.538788302980854950e-01,1.511366031603191828e-01,1.540391994892294225e-01,1.513114029943050387e-01,1.524300890755423132e-01,1.520289033564201087e-01,1.528096198147269602e-01,1.528001750797881586e-01,1.512769490723804289e-01,1.525106508279326090e-01,1.513308267871186497e-01,1.511122548328233117e-01,1.519887385257111811e-01,1.540151486063554009e-01,1.520069188846094599e-01,1.527141142327318457e-01,1.533319942795324797e-01,1.537956084786526456e-01,1.534118197535618566e-01,1.526939667594080785e-01,1.512100254756369166e-01,1.527678294754500066e-01,1.523954057516246352e-01,1.524677937741490130e-01,1.526390438523951842e-01,1.530357447624783873e-01,1.538653613707617329e-01,1.518968902789010478e-01,1.533410910172805508e-01,1.509452433092249024e-01,1.540606670331483297e-01,1.498963170378236898e-01,1.517821801837267448e-01,1.522038909410127483e-01,1.523276857093856240e-01,1.532943932691918365e-01,1.518713411818525538e-01,1.509773165498410896e-01,1.520310502158515320e-01,1.520092754422956716e-01,1.519885914292440909e-01,1.535555585618001151e-01,1.532230831816062400e-01,1.515169732600894492e-01
1.480310039245325560e-01,1.504756150835941386e-01,1.490045643121285512e-01,1.496241522978450922e-01,1.491524449687596787e-01,1.501085907742421011e-01,1.496838147667357566e-01,1.495480653105674962e-01,1.495245099452548188e-01,1.489015989443201460e-01,1.494780140778813327e-01,1.504451953370133932e-01,1.492701381127416183e-01,1.510308185958661453e-01,1.493100600282224188e-01,1.489685690743901003e-01,1.491952798977718986e-01,1.510566888355587833e-01,1.498923187909001475e-01,1.501316660813050985e-01,1.500044296223347062e-01,1.504497341493480356e-01,1.487549225830987476e-01,1.497646913956014458e-01,1.498609971667642371e-01,1.499055769152190520e-01,1.494633538239945048e-01,1.498555689170781580e-01,1.513279562163242498e-01,1.506551565299811546e-01,1.496589514291410683e-01,1.493750766685618403e-01,1.498155840077128598e-01,1.506853507880762388e-01,1.503365946333818925e-01,1.489505182507682712e-01,1.519684368117135975e-01,1.499636407029383556e-01,1.504311409132091104e-01,1.495610951297840219e-01,1.506060576568323262e-01,1.496725887855835657e-01,1.514804373741970300e-01,1.503440892436616605e-01,1.506970464589657832e-01,1.498961553429576932e-01,1.508173523662974802e-01,1.492396326097744641e-01,1.484621348721610057e-01,1.500870787457291300e-01
1.481680015253404592e-01,1.463977480663697373e-01,1.481051123598865205e-01,1.475274572214443358e-01,1.480323289876050996e-01,1.476400893554501159e-01,1.478142939266469946e-01,1.479418743237251588e-01,1.479330114099428606e-01,1.471045089596539068e-01,1.477522165836803736e-01,1.476813810320399267e-01,1.476990434379223394e-01,1.468870148367343309e-01,1.471958005614385778e-01,1.477375307188358577e-01,1.472563795096033801e-01,1.471327577114858454e-01,1.467165630685373368e-01,1.463157171590236671e-01,1.467890486399790473e-01,1.481607658945120198e-01,1.482573005226369145e-01,1.461718026748611010e-01,1.461787417071614692e-01,1.475439000672518208e-01,1.478539059051165172e-01,1.484235383371268202e-01,1.477047679926581925e-01,1.470610229452151418e-01,1.486412542622526090e-01,1.482289936930159813e-01,1.465625038783462397e-01,1.480137130232794529e-01,1.455761091806315188e-01,1.467846653149236791e-01,1.476804186593403401e-01,1.473480075831112290e-01,1.466020581278585089e-01,1.472391318723569043e-01,1.482172645050930659e-01,1.476852162139923041e-01,1.471638224586016563e-01,1.475618704946558002e-01,1.480835219502826261e-01,1.485779606531319463e-01,1.456037125972127200e-01,1.480160573868546103e-01,1.471778121909316506e-01,1.472462980971312174e-01
1.448043373983084470e-01,1.443943965904615767e-01,1.455404365541636824e-01,1.434474419866628991e-01,1.443539645942193694e-01,1.440971524571672824e-01,1.442121153134428013e-01,1.439834468758464658e-01,1.451172237145970656e-01,1.434292277324956122e-01,1.453671194440138703e-01,1.443036899476165535e-01,1.452951503519448739e-01,1.459807872324564715e-01,1.441909838634455598e-01,1.450617311267375087e-01,1.437793787820773883e-01,1.441093128355931119e-01,1.444175510641833582e-01,1.455178026818025883e-01,1.453603822113621602e-01,1.448932482377582875e-01,1.448670242527827778e-01,1.436358240396209129e-01,1.447698344601844045e-01,1.430184661878292629e-01,1.438617240367537908e-01,1.456282440335022188e-01,1.431857651722910629e-01,1.459783270179493553e-01,1.449335008733591834e-01,1.439617553127487126e-01,1.456617494206614294e-01,1.443313105595602497e-01,1.444014752104345878e-01,1.452128154388586945e-01,1.454032638265894128e-01,1.454356918049913017e-01,1.443003744654515474e-01,1.467004554854714482e-01,1.449197194308164960e-01,1.463233845565142799e-01,1.443423369192149697e-01,1.441056709962556526e-01,1.454069044338074657e-01,1.453232163455218939e-01,1.454594413043359125e-01,1.440991351397218623e-01,1.442413442427127046e-01,1.428285247482179998e-01
1.412667330024795775e-01,1.411805724920361105e-01,1.416613316406563350e-01,1.416370093192921564e-01,1.416763912859631824e-01,1.426985734601048106e-01,1.419699987583984135e-01,1.421185061593820964e-01,1.422561783555704173e-01,1.412392543677334911e-01,1.423903483507549528e-01,1.421782328733009471e-01,1.421659695970044213e-01,1.427169184519768430e-01,1.414256440873345733e-01,1.421159738143733531e-01,1.419012402916170479e-01,1.419017045506474894e-01,1.414467967848248575e-01,1.429765293914385671e-01,1.425957720160019038e-01,1.422900894169331076e-01,1.432079986038166108e-01,1.432897674828768619e-01,1.421264516950942192e-01,1.401821908931482341e-01,1.410420223599086476e-01,1.425555990935885864e-01,1.426495826037353365e-01,1.422672835828691917e-01,1.427504095237860371e-01,1.435906430637604592e-01,1.425681346048840725e-01,1.415549471017120975e-01,1.419156619234729355e-01,1.420683715083909393e-01,1.421455736598601638e-01,1.423296286667247168e-01,1.422441625752386973e-01,1.418064692823833017e-01,1.406850880745226517e-01,1.418060374856358330e-01,1.429114435266044258e-01,1.409172078705508424e-01,1.417585461035487104e-01,1.427882364336937882e-01,1.427309869110039986e-01,1.423234760192176873e-01,1.424740724284836724e-01,1.403167445289039972e-01
1.396670990520480771e-01,1.375959971244651858e-01,1.386631863156407296e-01,1.394289898443646925e-01,1.386415706476313014e-01,1.381541482814787891e-01,1.386983644383511516e-01,1.393021336025405676e-01,1.394446748165457106e-01,1.398265178253035035e-01,1.389007252538811132e-01,1.375461935535355618e-01,1.381214065003893987e-01,1.381849014582212931e-01,1.386468409321965078e-01,1.398089056540128827e-01,1.391324262986605442e-01,1.402036209219196528e-01,1.391077597178899394e-01,1.394120630391492699e-01,1.385119145004871655e-01,1.376048554076255703e-01,1.398664554623987311e-01,1.387231223205434294e-01,1.400043945440453685e-01,1.397354965420963546e-01,1.383065544123202595e-01,1.387524294692079052e-01,1.391511003229942978e-01,1.386026223499919052e-01,1.393309230888132855e-01,1.392716252391056619e-01,1.385138718254827483e-01,1.387846924784024438e-01,1.402246438499523684e-01,1.381260786202811175e-01,1.390515479745606242e-01,1.393188035358063348e-01,1.391771025654099936e-01,1.387116751077689947e-01,1.404229601570117503e-01,1.394713810052305991e-01,1.389126782759605994e-01,1.379020333771684981e-01,1.395712904870560211e-01,1.382127514250629241e-01,1.395008313203845440e-01,1.397199937713350104e-01,1.375507874847024525e-01,1.384936369700954240e-01
1.362558163118610943e-01,1.355677187690689511e-01,1.344079046261178467e-01,1.354183127356974603e-01,1.358008040950581252e-01,1.368608284754788129e-01,1.350933148874439438e-01,1.349564235040865701e-01,1.356259820038158981e-01,1.374039047259351387e-01,1.351009377769978037e-01,1.359078283007270904e-01,1.356617212063183642e-01,1.360176053674864993e-01,1.349307067485401024e-01,1.352883663923181157e-01,1.356038476560149642e-01,1.360405685271885434e-01,1.375263942170207032e-01,1.358295845752992559e-01,1.360532913589877768e-01,1.344823651405518683e-01,1.364067620224387045e-01,1.369748143081851444e-01,1.365835564645739575e-01,1.368346790956807835e-01,1.371455362028349279e-01,1.372195467361914945e-01,1.369367154732172298e-01,1.358253066820387100e-01,1.366213683430404779e-01,1.357819588631667129e-01,1.362529506565903492e-01,1.357911695203745384e-01,1.360021099966889635e-01,1.361495403099571844e-01,1.364777549123598610e-01,1.374767085646902420e-01,1.363985648886331947e-01,1.374842172409168339e-01,1.367374150991901571e-01,1.361733691300294757e-01,1.377621208285846333e-01,1.363492285978187557e-01,1.359050090780815623e-01,1.358524551784925649e-01,1.361862084222726088e-01,1.377960787735916792e-01,1.348911954770643795e-01,1.362166804484361282e-01
1.324281598739315280e-01,1.326370419555418234e-01,1.333913337383335063e-01,1.337460691402313773e-01,1.328542833257713440e-01,1.335975004878865446e-01,1.356210572063256681e-01,1.325347920563538506e-01,1.334129810936693639e-01,1.323723912178293716e-01,1.324611142976454270e-01,1.346552474037518154e-01,1.335553815743577566e-01,1.329646192576280084e-01,1.324521075488964694e-01,1.337789279819031618e-01,1.326190775800574206e-01,1.322529655805057547e-01,1.342470488938118656e-01,1.343094868995099445e-01,1.340163389306773534e-01,1.332449336109190752e-01,1.341466077367452492e-01,1.328502424838509111e-01,1.328708326085519253e-01,1.321904552139160638e-01,1.334202854960912787e-01,1.327765520285936751e-01,1.342318649074993320e-01,1.331203617089994906e-01,1.326994622367591581e-01,1.328872163267859619e-01,1.333964619018051800e-01,1.329779085138566297e-01,1.334354846319625587e-01,1.325602992499719246e-01,1.323483654865923176e-01,1.326400198565621524e-01,1.325160837329084074e-01,1.335906481204741647e-01,1.323971388965164975e-01,1.333452006605861662e-01,1.329893396214093249e-01,1.313070486083186550e-01,1.329476998234855878e-01,1.321928237726685551e-01,1.328256790058250369e-01,1.334698610577518818e-01,1.329857481422890286e-01,1.339317240505900064e-01
1.301529288001252171e-01,1.292258547137290492e-01,1.298710257796645839e-01,1.291036958741679230e-01,1.292399825230982624e-01,1.283639762013464858e-01,1.296910420993826196e-01,1.302928468437844212e-01,1.313584322082250733e-01,1.290096529652692836e-01,1.302169761797081216e-01,1.303882177644727636e-01,1.290791265266189036e-01,1.314946401816588784e-01,1.297898655662717005e-01,1.284583045200322071e-01,1.304101619867249484e-01,1.307471363399417552e-01,1.293823040032046900e-01,1.287757748424764315e-01,1.300320166769037278e-01,1.307435033866550522e-01,1.290987034018219459e-01,1.308755537003079006e-01,1.291134228834303621e-01,1.291939785590560108e-01,1.312349993571256257e-01,1.302227079240959040e-01,1.296232550666773786e-01,1.294034657018592327e-01,1.292029325324864364e-01,1.300822574925684372e-01,1.308212626954651792e-01,1.298882304184290071e-01,1.283862827084553127e-01,1.309188141267476624e-01,1.307633562609555877e-01,1.284890097415769539e-01,1.311592070895543916e-01,1.289334667621256925e-01,1.291998650833825479e-01,1.299070756859758147e-01,1.300257949890910314e-01,1.298990866396242394e-01,1.298844583861641921e-01,1.299866476333118859e-01,1.300963604200949253e-01,1.295188526829073594e-01,1.302864227268392128e-01,1.297324147563031771e-01
1.266157661596539474e-01,1.262194678987122731e-01,1.249203860967336016e-01,1.263761345072700326e-01,1.267139817487525633e-01,1.256754095277801409e-01,1.269174747917661827e-01,1.276073809028597239e-01,1.276539237304459284e-01,1.263248823201815751e-01,1.264194137486121250e-01,1.265488456369058545e-01,1.274652053545699271e-01,1.263141690879318324e-01,1.263272114563060433e-01,1.284798404410796013e-01,1.267070872435517581e-01,1.251495677395792483e-01,1.279273467916499929e-01,1.259742626736052307e-01,1.263000025431731399e-01,1.271870601458348349e-01,1.264647586887900077e-01,1.266117503789155052e-01,1.262941921959666869e-01,1.255262525093418513e-01,1.267916459570037901e-01,1.268973464023755438e-01,1.261716162808599884e-01,1.269604764852495238e-01,1.263757387972416213e-01,1.271793721405768129e-01,1.264885716222562129e-01,1.269847170590151508e-01,1.253182188856658552e-01,1.266681194641120500e-01,1.272512073933486643e-01,1.266501441252184945e-01,1.266833774477917063e-01,1.274411420874148049e-01,1.264659313292731679e-01,1.250950841199122976e-01,1.268110194364397703e-01,1.255377572812542697e-01,1.266103570509054255e-01,1.261613040599249003e-01,1.259384627435964077e-01,1.265630911494973754e-01,1.264598835079960570e-01,1.277760623308568655e-01
1.224851225858821224e-01,1.225962581177346550e-01,1.229341678229218804e-01,1.233071182393796761e-01,1.233978042734971553e-01,1.227402154216505059e-01,1.231497979644715773e-01,1.230046180094357955e-01,1.236156859259547325e-01,1.230469534645649565e-01,1.228902106151144036e-01,1.233355699841377634e-01,1.245662576837053004e-01,1.224939444695825747e-01,1.229669318165529657e-01,1.230230216658802778e-01,1.232380370942336018e-01,1.227877561878174539e-01,1.232116484218438446e-01,1.222703117060973815e-01,1.228531610701335958e-01,1.231205805975423284e-01,1.221334874102073254e-01,1.235541714973954208e-01,1.233880872917019200e-01,1.227823410163724899e-01,1.229431407140242349e-01,1.230279053572009701e-01,1.230174735142001013e-01,1.235545077073534892e-01,1.225954133948861241e-01,1.232152291033435237e-01,1.226759152777128908e-01,1.238760411324627969e-01,1.232028791320638056e-01,1.239233264560360703e-01,1.243237560828274052e-01,1.229600719936975589e-01,1.229156092431125530e-01,1.228516429904000784e-01,1.226544691688914862e-01,1.228519007315898443e-01,1.224520820303554164e-01,1.220088525940116742e-01,1.230907670235436013e-01,1.230165802206193981e-01,1.228893707521966361e-01,1.233955674428593163e-01,1.230050334556779118e-01,1.230357331469440901e-01
1.196643221958893499e-01,1.194790265869762891e-01,1.195656976235348196e-01,1.181524502744336069e-01,1.198843193945740293e-01,1.208464397242837440e-01,1.196157609191408205e-01,1.198774646312058823e-01,1.188475575085879560e-01,1.190348657820659573e-01,1.192576205505296166e-01,1.203787986310360242e-01,1.191283206411776902e-01,1.202458795105652428e-01,1.195829082550594336e-01,1.193709489677150515e-01,1.204050088682817599e-01,1.191343548484492254e-01,1.204220947654437990e-01,1.189437880608617271e-01,1.193621428000298940e-01,1.190755282414279609e-01,1.198026481928464726e-01,1.195203337108397129e-01,1.203825734845968831e-01,1.195782610487237108e-01,1.199389275576242669e-01,1.220550872992606645e-01,1.195354733055157131e-01,1.199742294473360171e-01,1.199658070894937534e-01,1.202821501551934874e-01,1.201854545244941674e-01,1.200466754996499102e-01,1.188672814395042021e-01,1.191402886085825424e-01,1.200310315884648427e-01,1.193105131658672435e-01,1.190398618516220336e-01,1.194364895192926018e-01,1.207326002652339553e-01,1.200304095745430566e-01,1.192835875394517436e-01,1.191661493730659105e-01,1.204234358089309037e-01,1.206265868496728955e-01,1.204049870115616316e-01,1.185915199451226254e-01,1.201707165610360756e-01,1.185281664041864386e-01
1.166852789374009242e-01,1.162548766818415902e-01,1.145623178993206426e-01,1.154933209219261153e-01,1.161329917741747708e-01,1.159422971821822690e-01,1.160481762651147386e-01,1.157791850604547729e-01,1.172246098671190506e-01,1.175463013320253713e-01,1.159407727520516823e-01,1.160202348522197391e-01,1.184348758288617243e-01,1.160447325536335256e-01,1.167156557209040046e-01,1.174406019037459170e-01,1.174907823902572035e-01,1.158050483980187922e-01,1.169626076381513335e-01,1.150383429473597202e-01,1.150733680220711180e-01,1.159331933714380786e-01,1.161384968740138968e-01,1.158029558981530371e-01,1.169499742288022393e-01,1.158331484433274688e-01,1.180664887991155626e-01,1.154904544539305522e-01,1.171723309673394359e-01,1.162534795927715886e-01,1.161491057253204590e-01,1.154841942496133700e-01,1.167135671360646498e-01,1.166512007343531165e-01,1.167992794276000446e-01,1.147971283644011603e-01,1.158739498557676412e-01,1.167194469945120050e-01,1.167928592155473427e-01,1.162494142588345186e-01,1.161361996122372564e-01,1.164891281578826626e-01,1.163777213317988557e-01,1.156751984280846302e-01,1.161332738407524906e-01,1.151079110701879737e-01,1.149986976161749413e-01,1.168675552769457560e-01,1.162623801685157138e-01,1.162865996482216058e-01
1.129568662437332865e-01,1.120846741964649507e-01,1.126140359488469744e-01,1.138371029287945507e-01,1.120963288137299257e-01,1.130054758593643099e-01,1.124503436036310700e-01,1.126985804724981582e-01,1.139581428646026795e-01,1.120794739883883562e-01,1.124661010223711316e-01,1.138962694917869667e-01,1.125470578193454307e-01,1.139301408143696820e-01,1.129585658633663336e-01,1.116915323895533996e-01,1.123858563186121706e-01,1.121785091840580700e-01,1.123518051168789778e-01,1.120270957092859704e-01,1.122892366363289623e-01,1.112381911382694655e-01,1.132823814333911855e-01,1.128075137203950890e-01,1.134492212159871893e-01,1.122362442965741530e-01,1.131019566485930855e-01,1.122672105682085975e-01,1.132987228974738497e-01,1.123376316622370363e-01,1.124473775826500266e-01,1.128979561300631623e-01,1.123212084760388668e-01,1.120021418592934137e-01,1.131208804988885347e-01,1.106488288607415937e-01,1.121047403857794722e-01,1.124673006339690640e-01,1.124182400965123146e-01,1.125185281198788495e-01,1.118931203834342414e-01,1.127470242030407660e-01,1.129292412285865105e-01,1.124778150465531590e-01,1.137049933525932505e-01,1.112883274143702250e-01,1.128944533782101772e-01,1.132614596655767414e-01,1.106981773027853472e-01,1.106122472309638144e-01
1.082787633831197860e-01,1.086187576029469526e-01,1.100394697264070326e-01,1.083738986636225976e-01,1.093240996132402443e-01,1.070857836165407667e-01,1.092922403293308531e-01,1.090529589561066159e-01,1.090573232808077775e-01,1.092032794127877349e-01,1.087717513639705341e-01,1.074087604917621092e-01,1.083822343894327300e-01,1.093620716686454913e-01,1.085760341621418573e-01,1.093913487004664481e-01,1.089016258766022788e-01,1.082515179476846723e-01,1.084197992977084662e-01,1.081742866601313052e-01,1.085699119639947086e-01,1.089209224836401035e-01,1.086725485414196529e-01,1.102464586439153432e-01,1.080164166894860139e-01,1.093217408524902456e-01,1.079022150713681988e-01,1.084877445591103107e-01,1.085014070207377390e-01,1.075080445830288861e-01,1.084827588884444693e-01,1.092229384627880079e-01,1.082345779598027635e-01,1.088939784476940231e-01,1.082452981725878921e-01,1.095791750695215561e-01,1.085895710680039733e-01,1.093129257256367226e-01,1.087021993753341798e-01,1.083468000357287742e-01,1.102859975006632715e-01,1.099149510198890178e-01,1.091434645797571129e-01,1.097290530073921216e-01,1.093557441731940888e-01,1.093839290060123065e-01,1.097527716615902260e-01,1.091008966911966444e-01,1.085321311227673835e-01,1.096469487794404091e-01
1.052561597322099612e-01,1.052892380325102378e-01,1.058827337601549734e-01,1.050568359361760407e-01,1.050453600877130494e-01,1.052360895054570700e-01,1.041982854566409072e-01,1.061539566364711196e-01,1.053565457859960697e-01,1.046641261861453037e-01,1.048878135088724267e-01,1.049567396958611676e-01,1.054365710008564466e-01,1.058445002982281030e-01,1.052639979438287215e-01,1.061521549779890772e-01,1.051092931329404845e-01,1.052441758989831055e-01,1.054623274770587482e-01,1.053523872766942288e-01,1.061478004909797573e-01,1.051166926096167298e-01,1.052515905950239528e-01,1.050018177700065836e-01,1.045794880691466588e-01,1.055436817057582299e-01,1.054962222435880254e-01,1.049705069378300964e-01,1.044262041613977510e-01,1.046048616637091366e-01,1.054187770194488505e-01,1.055388289279003827e-01,1.045528876711364352e-01,1.059557510403016656e-01,1.046188432294893056e-01,1.045432514858482265e-01,1.054614112264842252e-01,1.046166637544899275e-01,1.043885477923418431e-01,1.045479390819056414e-01,1.043894041242512394e-01,1.057284719658044686e-01,1.050724708069900593e-01,1.054601722605149200e-01,1.039710334081107163e-01,1.062879437936919413e-01,1.051854902002619524e-01,1.050749535951293334e-01,1.047850454513871432e-01,1.037958879161176434e-01
1.007097898991649032e-01,1.016008008000890694e-01,1.013377300493876337e-01,1.009237369895275155e-01,1.020007057971445835e-01,1.022844582295068527e-01,1.002723089503354259e-01,1.011900865071105465e-01,1.011706002930740089e-01,1.012040941485420620e-01,1.009107245289081745e-01,1.019421478118062163e-01,1.019916039136501973e-01,1.018108750519944872e-01,1.016717903469754186e-01,1.018831895723419229e-01,1.015613733869153990e-01,1.021645717879649945e-01,1.005364290510983999e-01,1.018148428169927261e-01,1.011962338885771945e-01,1.011641880207432009e-01,1.021196639263466238e-01,1.020124053154746052e-01,1.014505058610111754e-01,1.014206544643718316e-01,1.016257194244132023e-01,1.022111980156736183e-01,1.010781006189502701e-01,1.016716178213475930e-01,1.024104788985851222e-01,1.023342926495418165e-01,1.016895762986804452e-01,1.011910484425411344e-01,1.009252717307076025e-01,1.017887171293000020e-01,1.015816797034154312e-01,1.016929277440677126e-01,1.013591867976692124e-01,1.017212674046835685e-01,1.013130797938307376e-01,1.028055933266751459e-01,1.012468461925292162e-01,1.029171087141017710e-01,1.014026764028618105e-01,1.010321034315583427e-01,1.018358511287699858e-01,1.000998634413612087e-01,1.012998570031092282e-01,1.017048085340014479e-01
9.799482217075285162e-02,9.876003652256655496e-02,9.787109419041108149e-02,9.843641184675255840e-02,9.740704821777734779e-02,9.664491552330002622e-02,9.733104618529532515e-02,9.816077402352142711e-02,9.728279804382855556e-02,9.790506415878975910e-02,9.848174787452179668e-02,9.763848921635778777e-02,9.866202897326392662e-02,9.749847947873559184e-02,9.718506054198572386e-02,9.795393506811479745e-02,9.668920123440083447e-02,9.782438294681687629e-02,9.852342481955567166e-02,9.808484238685634404e-02,9.838085636088741981e-02,9.760237372514048160e-02,9.828766773205875606e-02,9.812090124065267482e-02,9.781000883135758384e-02,9.686037597451360726e-02,9.834572066406400970e-02,9.722425272808013497e-02,9.772516764744985929e-02,9.719471286008465882e-02,9.799137065523845502e-02,9.684960135901300726e-02,9.913384387762191885e-02,9.827358845515223040e-02,9.726277618505779765e-02,9.768982113691639102e-02,9.759180403282796679e-02,9.889367226535453193e-02,9.899168574165628787e-02,9.803253047593474268e-02,9.760107480677884806e-02,9.828780371677231509e-02,9.775433834983365822e-02,9.707441695479954169e-02,9.798211214442502370e-02,9.710979279096104699e-02,9.807764699101352568e-02,9.897621312978549524e-02,9.820549154635811739e-02,9.859129794556624471e-02
9.541962765788304657e-02,9.398563222308119192e-02,9.410732064480557824e-02,9.356791818335401245e-02,9.243533894247073224e-02,9.437340519191016186e-02,9.257722116174711691e-02,9.346714081552673359e-02,9.367962926776328414e-02,9.394277180781449021e-02,9.240162063495670208e-02,9.479199804291052467e-02,9.391620817465057280e-02,9.418056292635865190e-02,9.425917816585002718e-02,9.358076812883546480e-02,9.549414996734890970e-02,9.318438810856352617e-02,9.319703941731491414e-02,9.424665895798008119e-02,9.396951111434478920e-02,9.398859664546496684e-02,9.437721997318972156e-02,9.434288110546509842e-02,9.370143173026210248e-02,9.409481272148120801e-02,9.434535696011595030e-02,9.407391075714484352e-02,9.364509668650954077e-02,9.356746374497676433e-02,9.435630563677954719e-02,9.406775287988759782e-02,9.401758291429138104e-02,9.463684927117603507e-02,9.424428291954053960e-02,9.295225862110541304e-02,9.419409247263109408e-02,9.257102870084443769e-02,9.454765600679974902e-02,9.362016065700201617e-02,9.406003049035448205e-02,9.439288249815754039e-02,9.464711162204732242e-02,9.470339031772054272e-02,9.535766652251655151e-02,9.313479069914373798e-02,9.344091501882169359e-02,9.457617831884121418e-02,9.415931788459429297e-02,9.379088552108284793e-02
8.954004763305196957e-02,8.891786470159387945e-02,8.929007678176055507e-02,9.001245230438777167e-02,8.996381754858574775e-02,8.987819568404313564e-02,8.949234630041311145e-02,8.966219918083170870e-02,9.026959472880589919e-02,8.968082581426263522e-02,9.001992002510712798e-02,9.090223709644830452e-02,8.938273143335739856e-02,8.912036467186466859e-02,8.916137376288810201e-02,9.042403614297775394e-02,9.046689235455601663e-02,9.101563107671049868e-02,8.947471424260053374e-02,9.000753632947423866e-02,8.943774566595120989e-02,9.001459134897127345e-02,8.943008452203210501e-02,9.098760586843543385e-02,8.913524599195510323e-02,9.005737674552637129e-02,8.931933811999165362e-02,9.081726392399544490e-02,9.105749952586449092e-02,8.898681113396561537e-02,9.120416172233204721e-02,8.933133686439449772e-02,8.975634438745241916e-02,8.999205094734948063e-02,8.914209492556812719e-02,8.997986810393893142e-02,9.072724204061942410e-02,9.048939260024270459e-02,8.988992105647017339e-02,8.977926232170292675e-02,9.046081976463114793e-02,8.968828420005196811e-02,8.891681136893084259e-02,9.006890975620586437e-02,9.117208127251603955e-02,8.977662556796466020e-02,8.941299450746174882e-02,9.050163087674167883e-02,9.034774978026893777e-02,8.983354130973744689e-02
8.640597075569335372e-02,8.662349849413480962e-02,8.543626739271222015e-02,8.559993132015854267e-02,8.686684749546394468e-02,8.666251065377339469e-02,8.669672881165370326e-02,8.646186793478294330e-02,8.684274999797625405e-02,8.572264209632596277e-02,8.630846013259088623e-02,8.515232584135531968e-02,8.640347565005702946e-02,8.480896036752866296e-02,8.654345093289908530e-02,8.650023189481184649e-02,8.680915827661618567e-02,8.478708412570337694e-02,8.601772557953805964e-02,8.650128627052401653e-02,8.569803771195462494e-02,8.636212099963974653e-02,8.560805926175112102e-02,8.672023072014642397e-02,8.681023805999597831e-02,8.564638201820498620e-02,8.653454954640110719e-02,8.635349124915737973e-02,8.659282165105157414e-02,8.671607644905059142e-02,8.489423719799431278e-02,8.546111832837988143e-02,8.620630447493984883e-02,8.645353327149928047e-02,8.647633404362087273e-02,8.677325721337185438e-02,8.705787075653775853e-02,8.657797054657376257e-02,8.620670900076679577e-02,8.586099281722794907e-02,8.616605093239936008e-02,8.544928604919456439e-02,8.586485104876354080e-02,8.551965864476518409e-02,8.662041805747472401e-02,8.581965288053050589e-02,8.590581455980259018e-02,8.439396207184558796e-02,8.577141228925391769e-02,8.673110025242355969e-02
8.236972609200785000e-02,8.237169942156384594e-02,8.188038815006813687e-02,8.198222592303856804e-02,8.243247094253572382e-02,8.206066150585823726e-02,8.298739627380075090e-02,8.205781915601595422e-02,8.136275308011600704e-02,8.246305549905214027e-02,8.153453789740006119e-02,8.185361283761898032e-02,8.241447267535680077e-02,8.228705585983349391e-02,8.316455634537123220e-02,8.167062196382927908e-02,8.196870209448703370e-02,8.244076942781372597e-02,8.273020156932356373e-02,8.274043408116979470e-02,8.171678172254681627e-02,8.211321580797914521e-02,8.312282312972220366e-02,8.336888296931635467e-02,8.220638059679796772e-02,8.250491039570047314e-02,8.252528893564678447e-02,8.178769632126489664e-02,8.294723758722684359e-02,8.188592414938640485e-02,8.178537967010235388e-02,8.232353783326336327e-02,8.218638129398198044e-02,8.310524959446850823e-02,8.200329874194103863e-02,8.272622199764602391e-02,8.307335206459731669e-02,8.247979826453726016e-02,8.179200599887254119e-02,8.217831938932089464e-02,8.254505757739004357e-02,8.236843469469301571e-02,8.219135316220278764e-02,8.149981410394416259e-02,8.266671763557401076e-02,8.273539177506920861e-02,8.233814787718736483e-02,8.240948001972708825e-02,8.190860409519470919e-02,8.119330279185162091e-02
7.881011138326279863e-02,7.814793824150011170e-02,7.896030018883079538e-02,7.851989395860103915e-02,7.764067888151318653e-02,7.968023484815114910e-02,7.823784612589812504e-02,7.930327309309462280e-02,7.938841839807739276e-02,7.819590063751230558e-02,7.957760606829418493e-02,7.858568319078068631e-02,7.763280092473298644e-02,7.655860637481110009e-02,7.824706221433487541e-02,7.771165942208996258e-02,7.830535223530635247e-02,7.864271571228861890e-02,7.895902464234742790e-02,7.812409028746264417e-02,7.844610998242672328e-02,7.783906078133349948e-02,7.743906093668005697e-02,7.855910431793985960e-02,7.808113805404839902e-02,7.813927864598017858e-02,7.835720554919045622e-02,7.943159767787368042e-02,7.856938616511920104e-02,7.855429767113342177e-02,7.908795015159851560e-02,7.812719012534169449e-02,7.841662549819841677e-02,7.750532624786282687e-02,7.759569460112072936e-02,7.886294368626046991e-02,7.812124749629432985e-02,7.898737779891910893e-02,7.749534371059761673e-02,7.775333238995761620e-02,7.710991365880816295e-02,7.920908845815578803e-02,7.904828899333980752e-02,7.745611067714476550e-02,7.800981391768417594e-02,7.775624579902057354e-02,7.948286904011959975e-02,7.793031420446090707e-02,7.839456871944180949e-02,7.905193353459970262e-02
7.555902115310018929e-02,7.403914314484222325e-02,7.452887914305007799e-02,7.306520452230896856e-02,7.491682791472244196e-02,7.448905533601038464e-02,7.423334820747719276e-02,7.500005825276528926e-02,7.480600770195650062e-02,7.439498949851029719e-02,7.491773317800262677e-02,7.349411543392322943e-02,7.593041910101429315e-02,7.533827986427700518e-02,7.450645390747147323e-02,7.459258858429269889e-02,7.353862200199944021e-02,7.497988949534242775e-02,7.515303832534996065e-02,7.450459562671886415e-02,7.360746360976519465e-02,7.317291987276279552e-02,7.431655509139195592e-02,7.468026352512548149e-02,7.471649384411548078e-02,7.534324722828293630e-02,7.503353039480291364e-02,7.514375816440094225e-02,7.433101707400903424e-02,7.417643982505675582e-02,7.496681244757046059e-02,7.377518450160946983e-02,7.402078436167636166e-02,7.389202039109041276e-02,7.413913296823906873e-02,7.577980008529117129e-02,7.579301913463250273e-02,7.397678658519742101e-02,7.385707710684595584e-02,7.401213365257083843e-02,7.478939065653066043e-02,7.493080651897825184e-02,7.571629293506326741e-02,7.478041452217160101e-02,7.462901678279990070e-02,7.453557434141799831e-02,7.431464945346009932e-02,7.502844455476918861e-02,7.427769189547639428e-02,7.505767593302858920e-02
7.069057902733051624e-02,7.072748011655376199e-02,7.118185062570808741e-02,7.185618676744338906e-02,7.088221502446094557e-02,7.060725686410855573e-02,7.044272703112462730e-02,7.049515351868722302e-02,7.055505240130756361e-02,7.126250900839645186e-02,7.003243182922945509e-02,7.039572347329584034e-02,7.106046105752890363e-02,7.062431312017040941e-02,7.043221069308189253e-02,7.062963740654210065e-02,7.053632100524194481e-02,7.147538145487929151e-02,7.053146678006201598e-02,7.186794227285096814e-02,6.939957413391635577e-02,7.116112860879779400e-02,7.134165214089438489e-02,7.020715612509363657e-02,7.029686175601934650e-02,7.077934180646917872e-02,7.072723062411842565e-02,7.097490635937113435e-02,7.083905726614696252e-02,7.060757536672349066e-02,7.152353292033536425e-02,7.032794223533933575e-02,7.071864448881373666e-02,7.043225686081808212e-02,7.064341854302284840e-02,7.168233179574125258e-02,7.189537285315353299e-02,7.047503116098811915e-02,7.092032374052296972e-02,7.072074105195969018e-02,6.992481773992469118e-02,7.041233859026307940e-02,7.121251664773285694e-02,6.955436321997163218e-02,7.059353501416786025e-02,7.130765010679401827e-02,7.117910467790020124e-02,7.069875635587216656e-02,6.996263376122197064e-02,7.069276375136487878e-02
6.698079452638151798e-02,6.613296221543846221e-02,6.684287062248742139e-02,6.808906937022818351e-02,6.696832473718788981e-02,6.642440904189610140e-02,6.691337776563063833e-02,6.703607740683942273e-02,6.659231025217815514e-02,6.694195460762251970e-02,6.696912759792909842e-02,6.696367639225545010e-02,6.692011542267253810e-02,6.681936391080062210e-02,6.706677558114786109e-02,6.759275255541682959e-02,6.725679348731539164e-02,6.690768339372200890e-02,6.697940804895663458e-02,6.721855970947278325e-02,6.665008465580640751e-02,6.721656872483718070e-02,6.628330477819044386e-02,6.704061332757926817e-02,6.739332879051622427e-02,6.656072402723108017e-02,6.705403622973878097e-02,6.765467798880978045e-02,6.699335135371962957e-02,6.729483132460030437e-02,6.764173317490415616e-02,6.576721387517013573e-02,6.654902609344295894e-02,6.749656380793489507e-02,6.665008723583391859e-02,6.782469569403670739e-02,6.701591123525535432e-02,6.651158148565976258e-02,6.718063206184506087e-02,6.682457356231294443e-02,6.742429610722254496e-02,6.716065179734502510e-02,6.642850289410082154e-02,6.751860758980157695e-02,6.631007921866344246e-02,6.793171194443976824e-02,6.655956800885269586e-02,6.620930765958257802e-02,6.794311318907823860e-02,6.690292864390717797e-02
6.256920140891879256e-02,6.305302929756559371e-02,6.349357415751531730e-02,6.309869740624816925e-02,6.345946216260493766e-02,6.310085905637476122e-02,6.254621514944636029e-02,6.221139606413229189e-02,6.366700037322504946e-02,6.272526638298157875e-02,6.325303864714360014e-02,6.244317844946881135e-02,6.293733762636216644e-02,6.276783622786376304e-02,6.355547605605547934e-02,6.295783470163997253e-02,6.282478740416705398e-02,6.245042876824812017e-02,6.352667102952706812e-02,6.217729607214411702e-02,6.271115473755359271e-02,6.262994258271140091e-02,6.270413761251623919e-02,6.389760808292105354e-02,6.304004039880031773e-02,6.379333961472495595e-02,6.343850768801304052e-02,6.298535916926985279e-02,6.189324980461529541e-02,6.266428538352589173e-02,6.297338117260160850e-02,6.240191385933625823e-02,6.252661644232677951e-02,6.397022619911579833e-02,6.316756699432049538e-02,6.377969926652471422e-02,6.335573216139149533e-02,6.334787803598995737e-02,6.302342020769485798e-02,6.274304041312055158e-02,6.223638167097168827e-02,6.268028095685473922e-02,6.352649659620658584e-02,6.278168669211151021e-02,6.350890126326444451e-02,6.311427387126200550e-02,6.368852273972101796e-02,6.286893963953069098e-02,6.227446446347720266e-02,6.299001337148835145e-02
5.988019845940643210e-02,5.902444021142202318e-02,5.850650615654535286e-02,5.898221878254303330e-02,5.843207821360226623e-02,6.018612073291735448e-02,5.843684456809069422e-02,5.951792990770005121e-02,5.868441856906903009e-02,5.806436237410571993e-02,5.965976765217181205e-02,5.956234279185389918e-02,5.906491284232500555e-02,5.899906713322157492e-02,5.913109387680563073e-02,5.918791832224954558e-02,5.914581586798599994e-02,5.812009546965318796e-02,5.853791726583459226e-02,5.921955064546204767e-02,5.945169002674786929e-02,5.919632581564008428e-02,5.941895613023627509e-02,5.951200988361052963e-02,5.863421097954524958e-02,5.901223823470981567e-02,5.902850781796763202e-02,5.938531359392975467e-02,5.964657107506501910e-02,6.013527099155212274e-02,5.943667633259892141e-02,5.826829256496404708e-02,5.915804891616861794e-02,5.826956515913944701e-02,5.909135328899911555e-02,5.938191279686528407e-02,5.888367726465162932e-02,5.923668494519038902e-02,5.910671497030754035e-02,5.894329712066130600e-02,5.849248161328041845e-02,5.874106614184155389e-02,5.890995551039458072e-02,5.863127449211107123e-02,6.048533422503583890e-02,5.931044700133564218e-02,5.931543629903527487e-02,5.846875789916700789e-02,6.005908939906558219e-02,5.938798213706549672e-02
5.595295387473666476e-02,5.540736450262261081e-02,5.445665639292432414e-02,5.566708394937035231e-02,5.577137603772712449e-02,5.643004076607165825e-02,5.597775780711070764e-02,5.483577375987911534e-02,5.568330896885329701e-02,5.588099601619486018e-02,5.592010737051860553e-02,5.516499725582176689e-02,5.580785240966405769e-02,5.499135385609946192e-02,5.603269482605268553e-02,5.466487832044212430e-02,5.551360310411689036e-02,5.567908480034909624e-02,5.461621729001440995e-02,5.505567005984980666e-02,5.659290366616658713e-02,5.467932745234682645e-02,5.576502137227821315e-02,5.509551006037749499e-02,5.584440623983590729e-02,5.514998447437127055e-02,5.545970868131663151e-02,5.610764563151630913e-02,5.550950966836745715e-02,5.608927953375016096e-02,5.606654439324695177e-02,5.548521814261286184e-02,5.529510236999661543e-02,5.587467961536754513e-02,5.563940710649784710e-02,5.505617721249103647e-02,5.529150623836814882e-02,5.638819273566913343e-02,5.569114671767041308e-02,5.572363922138852399e-02,5.528317500628235348e-02,5.530504103869028631e-02,5.552312721466193951e-02,5.562360628956633524e-02,5.536810079188160538e-02,5.454313014836514872e-02,5.485239385380479005e-02,5.589991566731744577e-02,5.581581350548625586e-02,5.547653279769313578e-02
5.248505476405623815e-02,5.146021433253096522e-02,5.063650004312128527e-02,5.207399087856604686e-02,5.125926695091999330e-02,5.126174015915552912e-02,5.059230093162615099e-02,5.066961780936749676e-02,5.148572223318949315e-02,5.158479744956599722e-02,5.237139151550638388e-02,5.120468044754002135e-02,5.105335605695854317e-02,5.172483875468050774e-02,5.201095256195869404e-02,5.289187141189945901e-02,5.185385478098316486e-02,5.156530383862206746e-02,5.082852818058607863e-02,5.095745993195335832e-02,5.087574249892230782e-02,5.156103130392802880e-02,5.309110735399013431e-02,5.123671434618585346e-02,5.164634285530265989e-02,5.184326269685235467e-02,5.154419568090499310e-02,5.113214366455692828e-02,5.198253553917236980e-02,5.080581842048170760e-02,5.154430368299075388e-02,5.146541343534265234e-02,5.043323847722387676e-02,5.167486446809826245e-02,5.158048507515140130e-02,5.185093863747602255e-02,5.153107586931966050e-02,5.157029574141068495e-02,5.178906509145462383e-02,5.184292653462335698e-02,5.226330014306319882e-02,5.215113063420988987e-02,5.193180124265420194e-02,5.159084964436944087e-02,5.236807716147646313e-02,5.208713800726587351e-02,5.256015747110761444e-02,5.212567731985147390e-02,5.202874449468918722e-02,5.157623611226259952e-02
4.806855216415103355e-02,4.742913088851964665e-02,4.721089661636522494e-02,4.938631648875031060e-02,4.856259857973605626e-02,4.785707102664106538e-02,4.834648268151017086e-02,4.767013148142241336e-02,4.749128648584270002e-02,4.784666514135816479e-02,4.788735780809214027e-02,4.816303499816389222e-02,4.886298994602234630e-02,4.892198909172651433e-02,4.792678307450993352e-02,4.793712023901508523e-02,4.816656968183962578e-02,4.877652468165538657e-02,4.720195747509949719e-02,4.955609583480544145e-02,4.855891837635048502e-02,4.717499034577706668e-02,4.747431990510773969e-02,4.765841047466915642e-02,4.825482272664809169e-02,4.810603272278891201e-02,4.829146245831385936e-02,4.746407651136439615e-02,4.793276854586071833e-02,4.730043783252035200e-02,4.803661741060242379e-02,4.807048417615149977e-02,4.832008799763932994e-02,4.770730594589814993e-02,4.804390019436602377e-02,4.778950263498358414e-02,4.772265800679493380e-02,4.841874161518715247e-02,4.834696683585523735e-02,4.847690070919917493e-02,4.843400024964851502e-02,4.764548834785586884e-02,4.835102111938718861e-02,4.791360128255788692e-02,4.810394337037989659e-02,4.827418793465925589e-02,4.826610130507591467e-02,4.789708913100574478e-02,4.731257210337006663e-02,4.800054770956314193e-02
4.487049539930081793e-02,4.435332920176589255e-02,4.346792449905993727e-02,4.424718942404563121e-02,4.512822341824192923e-02,4.427827152774830438e-02,4.412235739225559700e-02,4.365831627574918994e-02,4.470619691034988935e-02,4.512725029587442982e-02,4.458351264753005611e-02,4.490627082361881017e-02,4.434251083889410860e-02,4.469556103615065362e-02,4.483449833597982076e-02,4.390779277916967427e-02,4.506966347380319399e-02,4.432331261905970293e-02,4.458778446196540873e-02,4.374801228790359264e-02,4.482246606295001157e-02,4.443272482636132642e-02,4.381490075575262405e-02,4.406378137125592509e-02,4.432564593221867411e-02,4.387550822635174347e-02,4.424152789081041426e-02,4.433640216566304970e-02,4.445316110487434330e-02,4.423308811603179208e-02,4.530786723206001176e-02,4.449003996665296806e-02,4.462128771196072208e-02,4.437463441503913808e-02,4.441306195053492528e-02,4.404053814306780473e-02,4.444100356530987506e-02,4.483070246912616158e-02,4.380013251207660885e-02,4.496039667267398565e-02,4.445689438661959425e-02,4.514393780472744644e-02,4.437013749771451937e-02,4.424444455272703858e-02,4.455149106588419256e-02,4.479933901158594106e-02,4.441905316801918885e-02,4.450514523707981701e-02,4.410314780859343059e-02,4.507805885112247529e-02
4.082266025136514070e-02,4.093969967718237568e-02,4.174741689021926883e-02,4.065679965294062559e-02,4.190817365099548664e-02,4.078810519182470701e-02,4.084038488724801158e-02,4.008914540145801925e-02,4.099028772044816665e-02,4.086912921965797640e-02,4.063043369621233136e-02,4.088174080210350142e-02,4.114970603742034577e-02,4.138034869108329211e-02,4.112812332891976203e-02,4.092520720833631165e-02,4.038253123386801452e-02,4.069646436821806185e-02,4.093829055369979653e-02,4.110991865862823058e-02,4.086214574737974392e-02,4.072108298653960567e-02,4.141041358250044380e-02,4.106030477324734695e-02,4.075332748532992100e-02,4.144358562973846083e-02,4.112384350540199129e-02,4.086786044952181451e-02,4.024024229986708501e-02,4.121415669285062588e-02,4.127816249801529586e-02,4.116401807003928354e-02,4.063401301608784294e-02,4.055587436005855112e-02,4.099808915436308626e-02,4.054660490541865669e-02,4.071228276050301714e-02,4.050008147205181458e-02,4.043729558195302554e-02,4.046117996893928981e-02,4.078847133655568585e-02,4.032623643702944877e-02,4.107532235502427825e-02,4.173327347807192361e-02,4.121071005795514525e-02,4.115012786451216487e-02,4.168279660419026145e-02,4.129720809656674263e-02,4.117708010155217424e-02,4.177175547736802080e-02
3.687906158936239687e-02,3.823055239284058049e-02,3.732758249701041003e-02,3.825296503175039387e-02,3.709910984525217892e-02,3.862681064814800502e-02,3.736258924558837763e-02,3.815635256377267887e-02,3.782078975527096432e-02,3.680350976521934436e-02,3.731378234671193367e-02,3.776220761612079230e-02,3.710147582329394872e-02,3.823343634711839217e-02,3.788228264951000457e-02,3.700484261147324316e-02,3.732419423301392564e-02,3.803477168930336633e-02,3.815767084206770493e-02,3.780769227671070681e-02,3.721344679747983636e-02,3.754365672968179579e-02,3.738347755083543805e-02,3.746266203149708346e-02,3.770800983348850111e-02,3.763679357763944494e-02,3.802078128577661420e-02,3.803354644014718400e-02,3.662761579428166353e-02,3.724147073325277668e-02,3.744300279790944291e-02,3.714662637087592922e-02,3.694050943387970631e-02,3.791724296557702489e-02,3.735094473873441789e-02,3.785423009390791182e-02,3.741134534517127908e-02,3.678138850328577236e-02,3.732732912370109041e-02,3.814142661271705675e-02,3.785185607459237711e-02,3.666899872911726088e-02,3.738281181595144720e-02,3.714150640776508333e-02,3.695292694983231402e-02,3.808460922055804249e-02,3.715070234549399525e-02,3.785681082895088478e-02,3.749993488322209134e-02,3.762641080328184978e-02
3.439043955756949239e-02,3.434506200952078953e-02,3.461257785931619313e-02,3.473241247043249574e-02,3.451461108886257761e-02,3.427208766509954457e-02,3.347587500428089724e-02,3.403959247420025591e-02,3.419806865524009643e-02,3.461511865058410076e-02,3.424433459089312737e-02,3.423806719440845858e-02,3.501778257383460213e-02,3.450930598983369124e-02,3.400407100133255589e-02,3.392280133993793440e-02,3.461610406743743928e-02,3.392426209092047618e-02,3.378582360785480770e-02,3.431283262784876054e-02,3.568825595434242659e-02,3.489213392336727726e-02,3.364812167884790456e-02,3.445317756849062413e-02,3.391116463183969226e-02,3.426913991636598017e-02,3.473443863138967608e-02,3.402517782883780068e-02,3.468202075369727216e-02,3.369183200796859595e-02,3.438277095034051462e-02,3.517133213973305805e-02,3.402657940659212232e-02,3.445242316016779160e-02,3.495506148020142978e-02,3.385101803136814080e-02,3.423934309940857706e-02,3.368507549207632595e-02,3.459474137576310643e-02,3.433300267798922861e-02,3.378079427092497283e-02,3.395537988371880034e-02,3.503898372758814522e-02,3.317281799732781783e-02,3.411395778639907117e-02,3.386734861585479622e-02,3.388877686937591394e-02,3.453134399554952383e-02,3.434359565331950720e-02,3.436411512016589870e-02
3.117198035619299368e-02,3.045310655215028098e-02,3.157111123132234909e-02,3.090048973560556925e-02,3.138442896147598804e-02,3.061117804564207970e-02,3.107947473513114969e-02,3.074055221857398615e-02,3.131335602153122177e-02,3.130480508613275176e-02,3.090418533615647834e-02,3.095160949469970627e-02,3.124268580204618909e-02,3.089761428558682882e-02,3.044238715404341822e-02,3.125225039925647735e-02,3.079814122301223478e-02,3.112311842240083823e-02,3.083436575009195282e-02,3.106743669069852998e-02,3.025331865289149214e-02,3.055624613496754280e-02,3.107980250680617701e-02,3.094887941501160006e-02,3.062797907237601105e-02,3.136009518239505495e-02,3.070609747690663735e-02,3.122049161364836081e-02,3.081036951718345990e-02,3.075606935236421119e-02,3.067510000130607012e-02,3.131556542453571568e-02,3.092126377840499762e-02,3.106792188706927055e-02,3.110043010077431780e-02,3.065719047989409751e-02,3.131253869415853014e-02,3.096726117626164704e-02,3.037106458061443817e-02,3.157708019304068109e-02,3.100835539620502151e-02,3.089240382955748404e-02,3.209140610399544707e-02,3.093444739757149342e-02,3.101979817423172747e-02,3.127319255339763848e-02,3.029459028581581170e-02,3.048688640522916396e-02,3.033643552674231483e-02,3.094495534256411218e-02
2.784483354952879686e-02,2.776976976053650153e-02,2.781186385473757502e-02,2.766572264315395394e-02,2.702018522604897333e-02,2.816846414619211467e-02,2.729911318862923708e-02,2.821080379426756102e-02,2.790525200115470325e-02,2.755654497982997289e-02,2.839054167834146811e-02,2.736786398688146812e-02,2.801168512292830440e-02,2.789049554837464903e-02,2.750661466614622019e-02,2.780301261379313979e-02,2.788457466262081463e-02,2.794441712275266484e-02,2.775869551344605640e-02,2.801383553167641899e-02,2.739372774535507593e-02,2.790335733597597984e-02,2.729060743081869814e-02,2.736366679118147627e-02,2.774790593061188596e-02,2.879866270152279389e-02,2.733124935962126523e-02,2.731924593209188873e-02,2.784185046962650567e-02,2.750791103257145542e-02,2.817682802610007448e-02,2.761132044170766520e-02,2.797181859524541098e-02,2.733630686183194380e-02,2.836560495324981154e-02,2.801956081138064561e-02,2.786698696907322081e-02,2.798917961587383749e-02,2.760387320888706836e-02,2.779117436368839719e-02,2.781123999505635130e-02,2.812419386301584501e-02,2.714544520755049137e-02,2.789044322156890993e-02,2.799426897482601428e-02,2.793315174621929450e-02,2.745866690072691976e-02,2.787689038016296500e-02,2.778442469438585985e-02,2.771129738003862489e-02
2.459011875109793840e-02,2.426060302598586141e-02,2.471295418315501424e-02,2.439345954143942730e-02,2.472518606236899855e-02,2.470421403728872284e-02,2.458820788748155781e-02,2.472878662874203673e-02,2.487410635924358626e-02,2.478960121928364124e-02,2.429907276920751855e-02,2.508493934668018857e-02,2.451346190443920783e-02,2.447017237153052346e-02,2.463250072382234743e-02,2.471212665318193308e-02,2.438905197008036166e-02,2.429185386868682947e-02,2.446520091187045706e-02,2.463604096247513572e-02,2.475116234331854390e-02,2.425912127760663367e-02,2.451537424041445173e-02,2.486778599434963030e-02,2.507352747069122728e-02,2.468008828283574374e-02,2.461194170167264189e-02,2.462149555224817099e-02,2.473336338994872041e-02,2.470157190489406449e-02,2.465326089817108587e-02,2.482291732910426110e-02,2.471121357602555635e-02,2.493982887440120491e-02,2.456653318583021731e-02,2.454839523190685546e-02,2.477799086832981057e-02,2.412568571092314068e-02,2.444185944666783100e-02,2.434522916468680187e-02,2.434363597194726461e-02,2.453331430312574377e-02,2.451541565680278104e-02,2.487883601312279244e-02,2.502786187582370370e-02,2.480292704696766826e-02,2.490460691749703248e-02,2.439299995945209618e-02,2.456409303375838016e-02,2.452906963902610343e-02
2.169778882636127018e-02,2.166443483050070271e-02,2.169496640295319814e-02,2.164938890444011860e-02,2.158731084142596207e-02,2.141317136659793424e-02,2.180899319381017498e-02,2.209073895364798562e-02,2.139263116479793794e-02,2.154245925687855653e-02,2.138979877200459373e-02,2.200093642022778878e-02,2.207081835701011838e-02,2.194153926362856638e-02,2.194590393066944006e-02,2.143183529814214616e-02,2.180324814201780453e-02,2.175813470824959628e-02,2.199465587375051823e-02,2.171410891009610891e-02,2.191641976648407361e-02,2.221295028600462490e-02,2.201474005659307190e-02,2.160246773093262018e-02,2.184979001713442323e-02,2.190880149540359520e-02,2.131587782677752882e-02,2.134783633100163780e-02,2.122195793250013229e-02,2.177434844379445150e-02,2.145619801076394800e-02,2.193219185579683289e-02,2.226942147272357661e-02,2.191370443592455253e-02,2.219827353180834836e-02,2.216828938723339887e-02,2.129744930897005395e-02,2.249307538951932431e-02,2.155913433335982302e-02,2.127903585178738885e-02,2.163998582111563429e-02,2.200006590310899304e-02,2.211849285286140304e-02,2.164248465334444801e-02,2.195881258259863369e-02,2.192547560670927639e-02,2.190010946781208862e-02,2.193977893753960504e-02,2.219495067859694748e-02,2.183796207728698827e-02
1.861786339231438075e-02,1.885620972954717145e-02,1.894257121410722333e-02,1.933215538617401308e-02,1.955917628231243835e-02,1.902972313685410283e-02,1.936055370135895265e-02,1.894658502451629714e-02,1.902551015272669135e-02,1.816293969953894361e-02,1.974008963970361880e-02,1.893047172071314274e-02,1.874782609495227390e-02,1.914301407549138037e-02,1.892397702978145663e-02,1.874596041266061650e-02,1.876566514515451770e-02,1.900952421055177727e-02,1.894170882330855482e-02,1.873476122367988619e-02,1.891952702724890648e-02,1.852014138552251707e-02,1.865712750797795388e-02,1.859992395635766058e-02,1.885143968350315447e-02,1.860858059279277277e-02,1.839512158039922213e-02,1.878384734180308518e-02,1.935364749985609562e-02,1.923785781607928111e-02,1.902578929477771047e-02,1.903252783930188541e-02,1.857805772421142546e-02,1.910238025088254604e-02,1.887596702623776240e-02,1.891083503082143999e-02,1.934884628379477528e-02,1.975922063310399379e-02,1.935680701991143379e-02,1.909659784686905393e-02,1.873604790275928272e-02,1.873344399472628638e-02,1.926810414624196416e-02,1.862934143075164334e-02,1.929391709678419942e-02,1.869416863663065156e-02,1.869179349846441379e-02,1.854892726491367758e-02,1.894775091798617944e-02,1.896458608071013852e-02
1.650806367159518562e-02,1.658707844457058683e-02,1.617939330893066602e-02,1.602384481706180946e-02,1.664722896845370614e-02,1.644510528252114342e-02,1.689171622814990628e-02,1.632019055226907947e-02,1.634583698908842128e-02,1.608531181586622671e-02,1.603699837542530218e-02,1.661670960056481003e-02,1.644226584921524778e-02,1.647444755574361749e-02,1.618917471256484109e-02,1.647847166543655456e-02,1.619791269318963597e-02,1.608905382886274826e-02,1.664815227212102997e-02,1.669345004802015239e-02,1.637762322929687056e-02,1.656820122218847016e-02,1.625115531629077459e-02,1.649371509504729896e-02,1.651065993686329919e-02,1.611356605865521541e-02,1.664387134995306064e-02,1.624768906941688809e-02,1.662774227584068454e-02,1.654494587927196614e-02,1.641509385485822453e-02,1.702581706564744099e-02,1.628768349186454287e-02,1.616986139519823590e-02,1.660862750738401755e-02,1.637571589177751891e-02,1.594167681829174177e-02,1.644212788494369207e-02,1.596395698607258606e-02,1.668005603439745577e-02,1.613398853235485306e-02,1.672492270450620308e-02,1.614232185868455169e-02,1.586234854567877828e-02,1.624507712448981442e-02,1.626534828386648479e-02,1.604430408755929544e-02,1.656937269909121435e-02,1.645451985263346809e-02,1.618155022687987193e-02
1.415749861944486619e-02,1.394236664125973399e-02,1.393439623024775482e-02,1.377318103766607404e-02,1.394209588558462110e-02,1.386528296123114117e-02,1.390302326159653309e-02,1.366971845448620992e-02,1.356477346037285141e-02,1.391153148308624590e-02,1.405590899996603943e-02,1.379638838305260844e-02,1.388414451665595170e-02,1.402827550518441317e-02,1.400461595604863413e-02,1.371728227888125567e-02,1.411510239066072168e-02,1.410279446147176194e-02,1.389146562412305400e-02,1.380675915755193855e-02,1.380690637103982807e-02,1.387423580097888950e-02,1.419933514355448644e-02,1.391195967423918857e-02,1.407704745218550310e-02,1.385557953407351786e-02,1.355250412349348101e-02,1.396674344771270393e-02,1.368762310830960033e-02,1.320880222857223618e-02,1.369788041881144294e-02,1.399348546361168198e-02,1.366092416116271475e-02,1.370367663498456463e-02,1.381354947468338250e-02,1.402214317902594071e-02,1.433407658294591491e-02,1.369667822212608521e-02,1.395165853725868765e-02,1.384623958225859874e-02,1.346069483674309196e-02,1.381603586699623257e-02,1.355907569639760134e-02,1.378903869240043038e-02,1.382249703263268951e-02,1.381154937171441728e-02,1.388722281043417751e-02,1.363320299186936320e-02,1.387364163102547572e-02,1.354767935429076336e-02
1.174541620333425032e-02,1.123519081637277574e-02,1.139448405734212397e-02,1.141123490354299143e-02,1.162454498323724217e-02,1.128704405264466769e-02,1.151833186735088700e-02,1.143248908073780240e-02,1.148470736694037764e-02,1.144629850000881618e-02,1.152033386990844975e-02,1.180551577947019579e-02,1.117504063364930036e-02,1.140241940489668954e-02,1.132666949187232340e-02,1.144945871759866195e-02,1.174411163158955995e-02,1.138425350793983992e-02,1.160603692749937951e-02,1.156441761052504069e-02,1.133478442102995622e-02,1.170066619206246682e-02,1.150970742451617665e-02,1.186517161756256954e-02,1.107660161161182211e-02,1.137172019700292969e-02,1.105535181330253268e-02,1.132537952388988460e-02,1.148762435480018933e-02,1.140558635165135615e-02,1.122283629784735955e-02,1.155212636184032790e-02,1.155722806292322838e-02,1.154910548788689456e-02,1.151166944516032221e-02,1.141419284657759804e-02,1.156391599006031425e-02,1.161592617970955491e-02,1.168781795366940698e-02,1.154574885459768753e-02,1.157125514923274326e-02,1.111391871973510526e-02,1.123502043635764801e-02,1.178936857571144699e-02,1.163725369937350200e-02,1.201514440332428039e-02,1.173454257533237607e-02,1.177516684255627485e-02,1.151864846359835874e-02,1.174262776884776524e-02
9.249708281471345078e-03,9.351673332923294418e-03,9.480404742834231194e-03,9.340500075908151137e-03,9.679699298305264113e-03,9.545314987951778601e-03,9.405859721327972101e-03,9.349167279711243991e-03,9.507942216967987109e-03,9.290824934915441549e-03,9.281969274537421599e-03,9.488166033164928403e-03,9.182218880166164582e-03,9.635015514167734677e-03,9.444322983357301624e-03,9.519135469762313867e-03,9.388759417114683065e-03,9.321334767404659480e-03,9.664430233273813356e-03,9.288290901089969395e-03,9.369724812373709383e-03,9.427953959732492464e-03,9.297831861080827626e-03,9.541298720304194902e-03,9.584549237867086638e-03,9.344062972286746108e-03,9.319670522891596726e-03,9.342281421768201116e-03,9.222494251492720230e-03,9.509457494515200296e-03,9.674570161539797555e-03,9.552703574821621788e-03,9.390751306071145124e-03,9.158616887168286383e-03,9.258818485446195651e-03,9.142034499040265980e-03,9.094806293530771288e-03,9.601958975578226557e-03,9.529962037135108685e-03,9.300188178680699608e-03,9.572925614578993089e-03,9.195108062072554142e-03,9.414755312013526473e-03,9.620302007527345781e-03,8.997079204043875386e-03,9.547650033422429294e-03,9.623234333662120110e-03,8.994150343806220707e-03,9.177323011532538197e-03,9.323322815296688007e-03
