5.435896435033877871e+00,5.455973298584289921e+00,5.458489321117946602e+00,5.463157954410918116e+00,5.428985646855942093e+00,5.466822448851533345e+00,5.442720131734155586e+00,5.417524647006130678e+00,5.422143985790704335e+00,5.470823454386332330e+00,5.438333703458532398e+00,5.467899439477029055e+00,5.461696745693007671e+00,5.429191229153345510e+00,5.383271911709783808e+00,5.424422008740161338e+00,5.477313477655340712e+00,5.428311288877124774e+00,5.445812037782743253e+00,5.438218174865305343e+00,5.420782302974069822e+00,5.444268534180071839e+00,5.416778039032656089e+00,5.437970385475585644e+00,5.454238197696173351e+00,5.449877069722015577e+00,5.441802412524697985e+00,5.450608520487286945e+00,5.444171935272922980e+00,5.465393225969458868e+00,5.441874671322582735e+00,5.443557748610782454e+00,5.454212648153768939e+00,5.453434115437205243e+00,5.473996290737365378e+00,5.444911020676562963e+00,5.454217174272965707e+00,5.444604818642216237e+00,5.431441098682230795e+00,5.468479279101223334e+00,5.400867892334622944e+00,5.459855366002392962e+00,5.398112838275364922e+00,5.420412128835222276e+00,5.440039643425691906e+00,5.405671534508169174e+00,5.451915893008633773e+00,5.424060139142715897e+00,5.427659060138048552e+00,5.456166996020539450e+00
5.451491871611992224e+00,5.449394958756456298e+00,5.452604064724512867e+00,5.446485578290260143e+00,5.450792533387555316e+00,5.442709844886000958e+00,5.453259796955630456e+00,5.438223317744840912e+00,5.421582254283396018e+00,5.446221447076165845e+00,5.440400299285760077e+00,5.440868860479872282e+00,5.437040593386754495e+00,5.406726237024455983e+00,5.446053661243680288e+00,5.426070253534445165e+00,5.430384763167777074e+00,5.425074156983960449e+00,5.459500069811661582e+00,5.417227159568590800e+00,5.447631504310225026e+00,5.436720512801314520e+00,5.445403896305474056e+00,5.444522841261653312e+00,5.414072309444078357e+00,5.411612487430026874e+00,5.425323683550835163e+00,5.448957408435330052e+00,5.435629572610836568e+00,5.431520036225448322e+00,5.458316204293168106e+00,5.469281615908180960e+00,5.446583959895217930e+00,5.422799434637120441e+00,5.445340800922873647e+00,5.438231344717211257e+00,5.433797690690381543e+00,5.439636894415388113e+00,5.406497683147520661e+00,5.433366526188925683e+00,5.462663027720208397e+00,5.431387408132634320e+00,5.467372346152802542e+00,5.447821248643036185e+00,5.430622505616701901e+00,5.463138642238386744e+00,5.435142914269056824e+00,5.452296050618430812e+00,5.447819601252986921e+00,5.434804640163325651e+00
5.435158074146273499e+00,5.419891060346842870e+00,5.445173245038626320e+00,5.437706049308258294e+00,5.435386099448732189e+00,5.416190613383187191e+00,5.400791415170963283e+00,5.474551926480728525e+00,5.421079269366900988e+00,5.414009603357048839e+00,5.466498892979230639e+00,5.412493807448257144e+00,5.415487699245603359e+00,5.416915853515708257e+00,5.441880736359400395e+00,5.459011123027119439e+00,5.393382249302434595e+00,5.419916662707607635e+00,5.434645556191866511e+00,5.414027303375656075e+00,5.401465621271902329e+00,5.447780190609348594e+00,5.441438286963991899e+00,5.438518736115190322e+00,5.430995124884309355e+00,5.430292398966763301e+00,5.432945404720472382e+00,5.408011682032811684e+00,5.422284824859681329e+00,5.439891973606306053e+00,5.428113417519885964e+00,5.423460676222889632e+00,5.446648420222082621e+00,5.437458495898780164e+00,5.432280937727584025e+00,5.410940159648201409e+00,5.459503121437280448e+00,5.395700041176727524e+00,5.428968662746633811e+00,5.447589834146123522e+00,5.447354802253079775e+00,5.407035992869947627e+00,5.407948837837408540e+00,5.444462750194214884e+00,5.438760429331116697e+00,5.428151637153994180e+00,5.412732109597746089e+00,5.436831103602623116e+00,5.439789877629736203e+00,5.422225898731603877e+00
5.417217388789974386e+00,5.395005081131432512e+00,5.429012134490623254e+00,5.391443012309605542e+00,5.413819960908444529e+00,5.429533424632492000e+00,5.425659953451562600e+00,5.406686114629773776e+00,5.416539454797368869e+00,5.430087886910635042e+00,5.398710214787040940e+00,5.417445173538607328e+00,5.403997503124601032e+00,5.428412922598686130e+00,5.431152423150651387e+00,5.391776169337883395e+00,5.446862357656280906e+00,5.398236379026187137e+00,5.433504039244849260e+00,5.410735234403333926e+00,5.457049145243576760e+00,5.441666513863560262e+00,5.457861534465103581e+00,5.440437641822974513e+00,5.420143019561128206e+00,5.437796201945138463e+00,5.409245301381775839e+00,5.430258035446206222e+00,5.411458412059149126e+00,5.446198971098916708e+00,5.406649332079301651e+00,5.400363397541009469e+00,5.420417599726420121e+00,5.367487503787802261e+00,5.417862965553530863e+00,5.414562642272692905e+00,5.401478697590750500e+00,5.427563173772512961e+00,5.391277590893658100e+00,5.412967181530256688e+00,5.444249338415758643e+00,5.438328562387669152e+00,5.439973075224767918e+00,5.417039476112670116e+00,5.415065117343580425e+00,5.450314149953198850e+00,5.397969862194575086e+00,5.418484710651000569e+00,5.402601075492452942e+00,5.410137564279438926e+00
5.418217912055658836e+00,5.396710962948344736e+00,5.395199759396192896e+00,5.396076321768220829e+00,5.398426341246297611e+00,5.414180918511586782e+00,5.385039860133867151e+00,5.441975088948479033e+00,5.446100855517067352e+00,5.420142367624062985e+00,5.409545799610558703e+00,5.429521132159217167e+00,5.397921294113415591e+00,5.379958138831264058e+00,5.405004422035514011e+00,5.363710426250359653e+00,5.417761743080927950e+00,5.347851467247674684e+00,5.396027309727092103e+00,5.404374122620507315e+00,5.394955874565359188e+00,5.404338794072484298e+00,5.396906909303042177e+00,5.411158515859011864e+00,5.383475631578559017e+00,5.411789814865507253e+00,5.388894252071167124e+00,5.408057698470500441e+00,5.410290538957534423e+00,5.445400706562712578e+00,5.392699982375442680e+00,5.380127469931571760e+00,5.385687547681727416e+00,5.408673931699218507e+00,5.405083984473200154e+00,5.425107666406691287e+00,5.436843538795383957e+00,5.399120059430680740e+00,5.408471102368866745e+00,5.432461525728487395e+00,5.398246574606678116e+00,5.395682812428837849e+00,5.430499144044222071e+00,5.396411418265126159e+00,5.401663893380791670e+00,5.397441743946289172e+00,5.391531206722233627e+00,5.388748267568619355e+00,5.419477728324001653e+00,5.394602764977284082e+00
5.418643138581885843e+00,5.403438267853712951e+00,5.385486747728601920e+00,5.380516303345505236e+00,5.387243179080013711e+00,5.376664833622599282e+00,5.376257915421138733e+00,5.367308110314210623e+00,5.388410045786416802e+00,5.390436529500349572e+00,5.382347913246441351e+00,5.405531755953263406e+00,5.416247899520570286e+00,5.372737430388475843e+00,5.383909852087112924e+00,5.397453258546580201e+00,5.422526223447419191e+00,5.399969567634086864e+00,5.354829523984300899e+00,5.387152880732960725e+00,5.388773011970029003e+00,5.382357609021613420e+00,5.387604517429852358e+00,5.402784435138131336e+00,5.393546079280496564e+00,5.377885517129201709e+00,5.339691343854398475e+00,5.389565939961440399e+00,5.387537825653720525e+00,5.352986897251446941e+00,5.356856761843465264e+00,5.375857568890841875e+00,5.369238574194998392e+00,5.428746611640798747e+00,5.371255472010988186e+00,5.358162150691453185e+00,5.402276327618021234e+00,5.440584844318607338e+00,5.407350839169103196e+00,5.381616733844762024e+00,5.367886480691369755e+00,5.379304065868044660e+00,5.362234692064366648e+00,5.408465231204289125e+00,5.375498491290102265e+00,5.407202584394960709e+00,5.382461129445776038e+00,5.398929270866573482e+00,5.382516609432355992e+00,5.390195008413057209e+00
5.349821349064756149e+00,5.362340885702790771e+00,5.378161673541667298e+00,5.392615970050732344e+00,5.330011811638481589e+00,5.380317830742925800e+00,5.374054716478052995e+00,5.382535957389769976e+00,5.376756095305849747e+00,5.362742026062131906e+00,5.362139383409219917e+00,5.370622512455442532e+00,5.373408927355212583e+00,5.352731664781723353e+00,5.328343434040779591e+00,5.346079842670664384e+00,5.362303687172653710e+00,5.374741232552775472e+00,5.375706990028287890e+00,5.349276420639758278e+00,5.398295449742238183e+00,5.341533926308780877e+00,5.320125004637822563e+00,5.338713212079611914e+00,5.335749147805024961e+00,5.384876776498194850e+00,5.326081371825532429e+00,5.367435981780911192e+00,5.357226484373574849e+00,5.374205869309418127e+00,5.381079644817879704e+00,5.372688458540946677e+00,5.371252750277455412e+00,5.345611633076796210e+00,5.365248972171894337e+00,5.366627622512968543e+00,5.330176407728189680e+00,5.349434185580404844e+00,5.362124103683521881e+00,5.368673656887545498e+00,5.370838286908859338e+00,5.372209575411210913e+00,5.350703989026609264e+00,5.369130368697121902e+00,5.325579650313231106e+00,5.380159599202145593e+00,5.365982937599947711e+00,5.346606814419640585e+00,5.366082915566721567e+00,5.345885630099226127e+00
5.318594469349212872e+00,5.336125403252158783e+00,5.308507256572410071e+00,5.346635831210005740e+00,5.313547288864300278e+00,5.371209385570294259e+00,5.388837602279646255e+00,5.348746044719107751e+00,5.347310432834601279e+00,5.314193893766187671e+00,5.315434197636900393e+00,5.315134190937369496e+00,5.303130720485792260e+00,5.324971149112338153e+00,5.319432910600145448e+00,5.324213950431870401e+00,5.302695972299492411e+00,5.346351676416854382e+00,5.337692053045563156e+00,5.362533665189434195e+00,5.336606920817091648e+00,5.332741077075035641e+00,5.340377296379863914e+00,5.344970259728432538e+00,5.346571772019951041e+00,5.330458435587699384e+00,5.329237010438027333e+00,5.356141324490482525e+00,5.315389149057254237e+00,5.319013862770955114e+00,5.353605619260117798e+00,5.327933713527307269e+00,5.349803972228563964e+00,5.330693808608570450e+00,5.327322773051629490e+00,5.328228173282141711e+00,5.351547988451983429e+00,5.333346378918315978e+00,5.344160432014783524e+00,5.338240297316668936e+00,5.342109323813657440e+00,5.325299136223535790e+00,5.348610509163055582e+00,5.337807215818553885e+00,5.339516958112512590e+00,5.343914550493455096e+00,5.341489321957756609e+00,5.383285761161992866e+00,5.314818462653882136e+00,5.324405431090164065e+00
5.297541036484381571e+00,5.277907875962235096e+00,5.305659032522207497e+00,5.312719720961915471e+00,5.315483896127591201e+00,5.295277575165441952e+00,5.307127989153626935e+00,5.278312401747455418e+00,5.310508265246475901e+00,5.279232552255546551e+00,5.320634874326344743e+00,5.284576458975654312e+00,5.263367078731943316e+00,5.297012689908092931e+00,5.325310093047812998e+00,5.293057188985755168e+00,5.282010462045404253e+00,5.318030839337185789e+00,5.302610210062547402e+00,5.278514636597896548e+00,5.312826987843253690e+00,5.299019251901785132e+00,5.288289315715504202e+00,5.290567358886112181e+00,5.275878844934164924e+00,5.278369262164857467e+00,5.279957976876215930e+00,5.315815371447663473e+00,5.304088336517517988e+00,5.315515845645789383e+00,5.307813601813726301e+00,5.291951557186854060e+00,5.304462024009604981e+00,5.307250802857718774e+00,5.320649529464613003e+00,5.324004887378833928e+00,5.296635587467157791e+00,5.307214410446113639e+00,5.278079496014551175e+00,5.278589940233944233e+00,5.301595483918431384e+00,5.315405800766006550e+00,5.289810217754844501e+00,5.318937621100261026e+00,5.307100266714348535e+00,5.278859376201231690e+00,5.336169022466624057e+00,5.295886544970048959e+00,5.293523893660040613e+00,5.319040590408510738e+00
5.263054041751189516e+00,5.246802281548855085e+00,5.246062426147940272e+00,5.258451980069995813e+00,5.251720199719922100e+00,5.257419632347930971e+00,5.227754561047771809e+00,5.289060274133676742e+00,5.265522211084678439e+00,5.270679154822478729e+00,5.274413135268458674e+00,5.264539849585404774e+00,5.258451438890584306e+00,5.275549736135515033e+00,5.290566588117924240e+00,5.235414935626927502e+00,5.281900169868943173e+00,5.261391977316813851e+00,5.279158219506158822e+00,5.255301838828201788e+00,5.244816881298983269e+00,5.238934803177219379e+00,5.267826676385149121e+00,5.306229131806926347e+00,5.271090679806913926e+00,5.279500687069772269e+00,5.237061639693653348e+00,5.291903783280535123e+00,5.301567794907989573e+00,5.287395448798586806e+00,5.284234421062418363e+00,5.247818045054635228e+00,5.257332603159050599e+00,5.266468497559222861e+00,5.258264974337987674e+00,5.253597048201049446e+00,5.281118019869525781e+00,5.263450653242063737e+00,5.301934345862861164e+00,5.237961044632122309e+00,5.286532999916320641e+00,5.242819292489149241e+00,5.306197736292261879e+00,5.295234398668672071e+00,5.280303306902764504e+00,5.305058073527002982e+00,5.289777043072569462e+00,5.281918779721647361e+00,5.248004999303240936e+00,5.269464941883441611e+00
5.256969834039002087e+00,5.262699445882375038e+00,5.232842890216634402e+00,5.206509228505598941e+00,5.237606151885223937e+00,5.223950436961265709e+00,5.226391575308675819e+00,5.236748591097513561e+00,5.275612160552235252e+00,5.261753672545742333e+00,5.217451249831321469e+00,5.229056624996633040e+00,5.221180012333763720e+00,5.213197493300723018e+00,5.250922086284147028e+00,5.209820439501809730e+00,5.243113716519673062e+00,5.248417150437164835e+00,5.243846646352364971e+00,5.194751819987337704e+00,5.210621803242107219e+00,5.261477250882411028e+00,5.276565560337163951e+00,5.214639058281960615e+00,5.249200601161637003e+00,5.233585448743673929e+00,5.243493548550048011e+00,5.246345971784907469e+00,5.258203627824263648e+00,5.232254971425770229e+00,5.252849230094449595e+00,5.248818838605458836e+00,5.201732853888171526e+00,5.240031939368084757e+00,5.230676389044353058e+00,5.200745698669728689e+00,5.266477440279845545e+00,5.246585948095021656e+00,5.266238865963004834e+00,5.211440116941925993e+00,5.234127440388553154e+00,5.257514368907806990e+00,5.216725205930090148e+00,5.206821013476476523e+00,5.255764564913704362e+00,5.232995516825631022e+00,5.234729340572338963e+00,5.242356381446952263e+00,5.217651299097485484e+00,5.256262262304951527e+00
5.206267882064044450e+00,5.202218660909453618e+00,5.210188053644452033e+00,5.186609979162721373e+00,5.235554262567942985e+00,5.201379973984150418e+00,5.172391375971384875e+00,5.241735165739557445e+00,5.176172762527635918e+00,5.206880484144603471e+00,5.170603416806085484e+00,5.188530291548870466e+00,5.219612632562892429e+00,5.176127052499604808e+00,5.224692728726767044e+00,5.180675554107997627e+00,5.176768205907863241e+00,5.203303779333127821e+00,5.197268173017024040e+00,5.179615487216983283e+00,5.176490113019003303e+00,5.183512390240961665e+00,5.175318522054760173e+00,5.178836868373183577e+00,5.203844664420680388e+00,5.168160240712762032e+00,5.197026006648479246e+00,5.165588927815171871e+00,5.189003418023306224e+00,5.176843153109446760e+00,5.200085975675489358e+00,5.171609255810869499e+00,5.169834724432492479e+00,5.194502717323079999e+00,5.199046013709593517e+00,5.190293106788612221e+00,5.183945100803289741e+00,5.183716563223198293e+00,5.197562290808364516e+00,5.187083675842616870e+00,5.192041915777179106e+00,5.195731109508378687e+00,5.184662277883237635e+00,5.265115365980260087e+00,5.174708953351627727e+00,5.204522253915651042e+00,5.163072791073785694e+00,5.195049534278594727e+00,5.195539426774756109e+00,5.212346150425702263e+00
5.136805999909439535e+00,5.139584663457170244e+00,5.167106373483722592e+00,5.134553034680948258e+00,5.136403788401651127e+00,5.166907405488966099e+00,5.160072613431906596e+00,5.196220519979249275e+00,5.184384266907295924e+00,5.136811885821731316e+00,5.140441146980392340e+00,5.149561634364303586e+00,5.142259863378697560e+00,5.144752279469089196e+00,5.151324261179486719e+00,5.158138680321177283e+00,5.116318105170222452e+00,5.164857501356153513e+00,5.153378728870288583e+00,5.132682967346723579e+00,5.158375031326384530e+00,5.140214604414292232e+00,5.161695421828147445e+00,5.147059318097403136e+00,5.147541008407658936e+00,5.172220599183396494e+00,5.136117123904086590e+00,5.153449890401943456e+00,5.158354506569384768e+00,5.125894736894029968e+00,5.131998741512900253e+00,5.158760255560704167e+00,5.145186785163814669e+00,5.185702410723136424e+00,5.174130017279735760e+00,5.134273758818230782e+00,5.148730501793543191e+00,5.151677192629392721e+00,5.132553740125226582e+00,5.127572497883323699e+00,5.152306532666655059e+00,5.118071657701341870e+00,5.145558639168829274e+00,5.155998122010408302e+00,5.146109179087008378e+00,5.156721960538531491e+00,5.143746167382210466e+00,5.140427747466326913e+00,5.154532138957598875e+00,5.145586319462568170e+00
5.084719356316830030e+00,5.107075516194985454e+00,5.077413455490554561e+00,5.131717535805156771e+00,5.089984467413573022e+00,5.074511151621749150e+00,5.079397275633749764e+00,5.124229675073554091e+00,5.053658668015470923e+00,5.088455645706233099e+00,5.103917438175846755e+00,5.097848520338381206e+00,5.103428421894693479e+00,5.107525985911707700e+00,5.091747560150149177e+00,5.130432875065308984e+00,5.135666881025209740e+00,5.084995272215863338e+00,5.140495135158589690e+00,5.110864351331488642e+00,5.082674065993181500e+00,5.095143874634400660e+00,5.102024963924772116e+00,5.097892111247533720e+00,5.087354529982038187e+00,5.126346761447504896e+00,5.082117030142810243e+00,5.083243711900891526e+00,5.105591094509424721e+00,5.104106500385388046e+00,5.101331553246987838e+00,5.072874182633407614e+00,5.093784246906133184e+00,5.114419204969649968e+00,5.073555921159536908e+00,5.085566147294696471e+00,5.074794228970514354e+00,5.121295391548259524e+00,5.099586956019829920e+00,5.103735003547384075e+00,5.062300378356299646e+00,5.111798970483225624e+00,5.099444616453967960e+00,5.098447650668117781e+00,5.093690575027811640e+00,5.079956136608071660e+00,5.086686115667161445e+00,5.069272000760032704e+00,5.096273987369006164e+00,5.051751316015127280e+00
5.028739758805778948e+00,5.052751879921051348e+00,5.016049170845914951e+00,5.037827776597191942e+00,5.049946499440480352e+00,5.053098846753728779e+00,5.048015845012901792e+00,5.036916659173205524e+00,5.063232402512564789e+00,5.008261420127807284e+00,5.023638018029081387e+00,5.078022058863041366e+00,5.051825839134157725e+00,5.023424651150443232e+00,5.056141992454024070e+00,5.066487174357733991e+00,5.054616526223423278e+00,5.034719977053060624e+00,5.062402863068244052e+00,5.052436584485836768e+00,5.047490327367762042e+00,5.025540758962335985e+00,5.064172022448406807e+00,5.053312947172959646e+00,5.053562267083477444e+00,5.043181741318118583e+00,5.044535111165800778e+00,5.047906638345166286e+00,5.074995871216525067e+00,5.057000596894727806e+00,5.043879697557974495e+00,5.052360450838872197e+00,5.036325514351598365e+00,5.054083496954910437e+00,5.034724278425355415e+00,5.052387127481753559e+00,5.058373010492122290e+00,5.032570204474137832e+00,5.081470720787325313e+00,5.012716894880417939e+00,5.048853872549684318e+00,5.038994794507217989e+00,5.072048963151011058e+00,5.057276745124181794e+00,5.040143408916609502e+00,5.036615985947288543e+00,5.060611358750735533e+00,5.054098004468243310e+00,5.050219737840893508e+00,5.022740897986643027e+00
4.973034789964791536e+00,4.973885277219667778e+00,4.998181690333000304e+00,5.005301648121567304e+00,4.989514658072185860e+00,4.993032663852789099e+00,5.006703934790205146e+00,4.972861713510433823e+00,4.985507400019051794e+00,5.006951774963467550e+00,5.011485236452007719e+00,4.961254303606070337e+00,4.965934817873142393e+00,5.011836067366926883e+00,5.031484179461145345e+00,4.992421044987882084e+00,4.939575395458835949e+00,5.020083344639349576e+00,5.000814475185682006e+00,4.991839561054000285e+00,4.995271336166456244e+00,4.984504482622512889e+00,4.997008843035673387e+00,5.002312554019205493e+00,4.963659321493082643e+00,4.993919724453191655e+00,5.004350163372949467e+00,4.996174632269114291e+00,4.984733095500422984e+00,5.046390749051687052e+00,4.993491391774195876e+00,4.983140249215973760e+00,4.979699987744229617e+00,4.979837034754859282e+00,5.039588370805563322e+00,4.975921059449962769e+00,4.997838172981023064e+00,4.996438352186811649e+00,4.986722681842250537e+00,4.977374772072693965e+00,4.981444688335694870e+00,4.986067393941720383e+00,4.986354540483288744e+00,4.969995622042896244e+00,4.986220986270018862e+00,4.980048075462002899e+00,4.970324365846283676e+00,5.000160515740601497e+00,4.971226762331122373e+00,4.995162042897309362e+00
4.946888299616608364e+00,4.964256923489855033e+00,4.930640470913340678e+00,4.933687169368380587e+00,4.973932793068228442e+00,4.938583614356999441e+00,4.962643790226135110e+00,4.929337119194580730e+00,4.947067439570850489e+00,4.913003700879507107e+00,4.900331838857072242e+00,4.923305526284463163e+00,4.957528404902278751e+00,4.945362059183787906e+00,4.927790291567975878e+00,4.923971436955298486e+00,4.937469135784551710e+00,4.941414742593808640e+00,4.941426528468672252e+00,4.947346357039712927e+00,4.921119343633828969e+00,4.903521489201579264e+00,4.922916484982752472e+00,4.942381614427387326e+00,4.937841627952114898e+00,4.944304299125104052e+00,4.965928228426112589e+00,4.910548376763208545e+00,4.924073691021193966e+00,4.947400662778425051e+00,4.923400844919339825e+00,4.917712696829076080e+00,4.934142054186382076e+00,4.967724703748192638e+00,4.967135170015072099e+00,4.928878230788201087e+00,4.952662449916815923e+00,4.935841390011486141e+00,4.938513817791899463e+00,4.896547259057700607e+00,4.935101076570740375e+00,4.929003423610323509e+00,4.923275157601319840e+00,4.946175677851406327e+00,4.952439904794974979e+00,4.945008795190876327e+00,4.940078298452292849e+00,4.937266722282422471e+00,4.962418245640870751e+00,4.946505837297439534e+00
4.857813885864310954e+00,4.862141533487574385e+00,4.863683629717044710e+00,4.847074989009525048e+00,4.866466402069540287e+00,4.888386409475317329e+00,4.843388946969598763e+00,4.877375395751932352e+00,4.864372281377248974e+00,4.865714863276878965e+00,4.862903101083851709e+00,4.872635313516844313e+00,4.894567191007860529e+00,4.861380284477500702e+00,4.901044812584520294e+00,4.866963384740047083e+00,4.917692497504063454e+00,4.867188111492928293e+00,4.886730640423351701e+00,4.876758730978675516e+00,4.858781917712714282e+00,4.847253665984313287e+00,4.848148235865241240e+00,4.905363226462013060e+00,4.890344794736671830e+00,4.899056969740030354e+00,4.875359169778387347e+00,4.854441803982581405e+00,4.865738576270149274e+00,4.858938828546301103e+00,4.866548673639062628e+00,4.870975521619951287e+00,4.849486752610011386e+00,4.881539649303046069e+00,4.891276493326252250e+00,4.867514886759758852e+00,4.889780075754087463e+00,4.844647331560578252e+00,4.845482719231451796e+00,4.875407161548851676e+00,4.894018666334057244e+00,4.903742687941326395e+00,4.857185113639848950e+00,4.892332474033747047e+00,4.872320354933873610e+00,4.862360088147728909e+00,4.862343571934846231e+00,4.874698244403654179e+00,4.836244666896416966e+00,4.860339898481553789e+00
4.851291876649792556e+00,4.809340610045612863e+00,4.784110758161504329e+00,4.815787287954722551e+00,4.793472236900441885e+00,4.840141114491141039e+00,4.820406609140796661e+00,4.787637104208568140e+00,4.779071724374926333e+00,4.826560337504772313e+00,4.850984402598881751e+00,4.814283530332748917e+00,4.795192795180670764e+00,4.824591823148303149e+00,4.816069942667641435e+00,4.817099788919054326e+00,4.795498227727302165e+00,4.808147242695548051e+00,4.807056740775394132e+00,4.801331930003122750e+00,4.804363014770432372e+00,4.788789296094912551e+00,4.759017002490351089e+00,4.806833939484545404e+00,4.806235216044930425e+00,4.800682509513387153e+00,4.801557667910468119e+00,4.825639393041956993e+00,4.821489246648209992e+00,4.815497225284219418e+00,4.813510614235815943e+00,4.834819554667477703e+00,4.797083923974375885e+00,4.789712677749013103e+00,4.813432114381485327e+00,4.774419070040101687e+00,4.772289775654224186e+00,4.831906859496198692e+00,4.793434117451863763e+00,4.824799082249812798e+00,4.833361323115231478e+00,4.814637116291803132e+00,4.812204310969778298e+00,4.781403936758972684e+00,4.793622462240079152e+00,4.822897440376713973e+00,4.801644370473980850e+00,4.763677037956009386e+00,4.813304487977704049e+00,4.823076851609080506e+00
4.758346678990787559e+00,4.743649488630535593e+00,4.741731872174497653e+00,4.738867489344403161e+00,4.734130098996774727e+00,4.721623258374696874e+00,4.745287871713795624e+00,4.725719341078069569e+00,4.741843507167515348e+00,4.711351601912709519e+00,4.756559683520040771e+00,4.745389700186252391e+00,4.715774057661575647e+00,4.721763190761247841e+00,4.711467331460072572e+00,4.744127215535841380e+00,4.722581099340741773e+00,4.736736715175331902e+00,4.743283823201364768e+00,4.773784990495535396e+00,4.731318868109054776e+00,4.723280355715310463e+00,4.757268693201684329e+00,4.736448734183597686e+00,4.737232742997270485e+00,4.722824398959853731e+00,4.763322276499316388e+00,4.735041690371236456e+00,4.768274477664562028e+00,4.756575299414333990e+00,4.708678891677182676e+00,4.745727426002309457e+00,4.741784843364398760e+00,4.745570989495114134e+00,4.755157446703066171e+00,4.745732347480190683e+00,4.727670580576434745e+00,4.750600857975963542e+00,4.736623122963513843e+00,4.722627729258379148e+00,4.737623830330422336e+00,4.745985708539983250e+00,4.738330159668460162e+00,4.733515251793635414e+00,4.708007802110402373e+00,4.723610376896503205e+00,4.765135808012225027e+00,4.743496235773227987e+00,4.713940849983944581e+00,4.726882053406619377e+00
4.651017097448401749e+00,4.667605310124422147e+00,4.653617232478627130e+00,4.680703470940590805e+00,4.675033240653386102e+00,4.631518095965947879e+00,4.647877555416209283e+00,4.648370932520864862e+00,4.672045710345972935e+00,4.662446784257260113e+00,4.683861059446919661e+00,4.700556455233606101e+00,4.657931962959852790e+00,4.659421375344323657e+00,4.650136753635439213e+00,4.686617562377865198e+00,4.660389778324135257e+00,4.685971815539916818e+00,4.686405002468811531e+00,4.660369890143001292e+00,4.695930522690248132e+00,4.676530516622239730e+00,4.672648031078114883e+00,4.661338884947056727e+00,4.688909258077182507e+00,4.652038946175575340e+00,4.684489188008040372e+00,4.654993688732363744e+00,4.680367904547813040e+00,4.668072345145207080e+00,4.670772690216306700e+00,4.642651604148097633e+00,4.676277801277193724e+00,4.645318473083783317e+00,4.668607547419171055e+00,4.659781956989943019e+00,4.654287745805437915e+00,4.658057423647082196e+00,4.644223788314780776e+00,4.681434237801063603e+00,4.689572156001746706e+00,4.679961501419598768e+00,4.664629995517245220e+00,4.660079067524725005e+00,4.675781923305099674e+00,4.642040925829802767e+00,4.697598266432014391e+00,4.677672642973853989e+00,4.667155206810838841e+00,4.677455681450556568e+00
4.595245052375064532e+00,4.591640371288491451e+00,4.617658376190534320e+00,4.600884259457311387e+00,4.582000727068781920e+00,4.616478683846398923e+00,4.597281882753048166e+00,4.573193767619583738e+00,4.596260829082780219e+00,4.617200098325867863e+00,4.640436883715387317e+00,4.618487546881610228e+00,4.598810406096625059e+00,4.615220468781573437e+00,4.583835689556654991e+00,4.610248556100360773e+00,4.606150379143667983e+00,4.625235988701128065e+00,4.580900575231154015e+00,4.612738727643375114e+00,4.565253643615396761e+00,4.578949884207585086e+00,4.550583766852099643e+00,4.603813624133512583e+00,4.616260920542042179e+00,4.578593198241343032e+00,4.598608187040168715e+00,4.609711600560285838e+00,4.581998534793341626e+00,4.607032836011757837e+00,4.586965917925168945e+00,4.603703389370500609e+00,4.584985732426064331e+00,4.564249386348734561e+00,4.578129800071812028e+00,4.622747382530685734e+00,4.606033683438510273e+00,4.597011548589837737e+00,4.577912465922177709e+00,4.576576987464093804e+00,4.591927021920224838e+00,4.590630933929246815e+00,4.564435050657153603e+00,4.576905865566883058e+00,4.579957070760860560e+00,4.600431310229987858e+00,4.568815283425088580e+00,4.599211607063161011e+00,4.609585367508742593e+00,4.596408587938564771e+00
4.505151174197571606e+00,4.524113883931606850e+00,4.503275840061745861e+00,4.524911557909863546e+00,4.528600424337756891e+00,4.481089922973827910e+00,4.510061817121949979e+00,4.514142948337694250e+00,4.534140255689536936e+00,4.521818009690540485e+00,4.511931225290214620e+00,4.533057875170193540e+00,4.540129776678512918e+00,4.496230702195721740e+00,4.521929989933806127e+00,4.488924939277221249e+00,4.530801851230596533e+00,4.538421923393562984e+00,4.527739710736060630e+00,4.520456133811339150e+00,4.478350286771323852e+00,4.460746101807448127e+00,4.543337416676333618e+00,4.529709557698430977e+00,4.536389452406585754e+00,4.523795239740390883e+00,4.494284948149179115e+00,4.509915755671980442e+00,4.530350556435829290e+00,4.553825865704191678e+00,4.518468422945224994e+00,4.542599846250408469e+00,4.528848941726558941e+00,4.538044302333565483e+00,4.506377119275127185e+00,4.512920113631714081e+00,4.503345749519231944e+00,4.524311360832924400e+00,4.486996196044882090e+00,4.511392605276095757e+00,4.501466887693897689e+00,4.518564514583379044e+00,4.530692944801552713e+00,4.537123980327068651e+00,4.493875226001533107e+00,4.527515875001537182e+00,4.518482202252226188e+00,4.505815074869872205e+00,4.518357675430482168e+00,4.523519236796282428e+00
4.434628980994916425e+00,4.432409882424287240e+00,4.435607756683720204e+00,4.408715078151321798e+00,4.463622035716951153e+00,4.400561582986754594e+00,4.433514620347920321e+00,4.432284513294402650e+00,4.443855016609151498e+00,4.424163763293210039e+00,4.456879763160568331e+00,4.439146089979614018e+00,4.420314854609484811e+00,4.422482926811547088e+00,4.438740222768850607e+00,4.458522940952136082e+00,4.462056144310669659e+00,4.438907192030923987e+00,4.459660313660455344e+00,4.419391541468693063e+00,4.435281213814223022e+00,4.422216594122767575e+00,4.421009807062366015e+00,4.440119505263636412e+00,4.433533136803593955e+00,4.454167655723672681e+00,4.427931935653046658e+00,4.398518668100545703e+00,4.445979834695195088e+00,4.413295049374912793e+00,4.415859407491340427e+00,4.447658396008386639e+00,4.427920745009777725e+00,4.458663691371241633e+00,4.444274841317519709e+00,4.417081236878825479e+00,4.450853799120296550e+00,4.430057739962724561e+00,4.443344996227174271e+00,4.410988328423776750e+00,4.419766153855285040e+00,4.445844359581808902e+00,4.457060783056022935e+00,4.421101477270044100e+00,4.439370890962166527e+00,4.429994369283307698e+00,4.434804497071478835e+00,4.468264652986390750e+00,4.445509442891220964e+00,4.455358523700460260e+00
4.333377549072079837e+00,4.380188991492701689e+00,4.375454921239777306e+00,4.347326683654160639e+00,4.331318059854449842e+00,4.340848772049606730e+00,4.360224813347383765e+00,4.339925060884100461e+00,4.349116430925892729e+00,4.360721951522801731e+00,4.350446160739251944e+00,4.323614913190823472e+00,4.368120593936436258e+00,4.378836016531678865e+00,4.334625037115672264e+00,4.364420197556685643e+00,4.339438851716048262e+00,4.381987356384679622e+00,4.345835087472066149e+00,4.368901718383795263e+00,4.369541872427629592e+00,4.314803028183646916e+00,4.359644650409916444e+00,4.375503743791248290e+00,4.362591176140928617e+00,4.357476397652902733e+00,4.349882521485521458e+00,4.349851995322911336e+00,4.308772566244456037e+00,4.360970354619864153e+00,4.369295019589706897e+00,4.369654525989308702e+00,4.367636107451558836e+00,4.398909486129305435e+00,4.352594839492939016e+00,4.359281077095785051e+00,4.344888591237286768e+00,4.333887552856046099e+00,4.357035792368417759e+00,4.371111784336820349e+00,4.360861705382022890e+00,4.340103750575116770e+00,4.358539007379417463e+00,4.342987618282550422e+00,4.350331304291521484e+00,4.368191983709035497e+00,4.353039255725610346e+00,4.337711877237979685e+00,4.349719307937920831e+00,4.331384403762618795e+00
4.232067971140168083e+00,4.254485114782998956e+00,4.242004168547770959e+00,4.293823098225437285e+00,4.267002903760255705e+00,4.243392359195207852e+00,4.265898215808954674e+00,4.266996216248071683e+00,4.278170788506584721e+00,4.268745144865206953e+00,4.272127444394016926e+00,4.269748958688689200e+00,4.260564437879730271e+00,4.295410753020563632e+00,4.276110692563346305e+00,4.247738972991093043e+00,4.259019321458025864e+00,4.293729582552437307e+00,4.239721742105904134e+00,4.280620504535291637e+00,4.242418597169074879e+00,4.277092296320539333e+00,4.280122443225008233e+00,4.254860470142251216e+00,4.278400281384770132e+00,4.269934374618522988e+00,4.287876407127662048e+00,4.273838101228796482e+00,4.286449913570924863e+00,4.260600206834339154e+00,4.255049971160398847e+00,4.291134821402399879e+00,4.297118501479330277e+00,4.261556850400391561e+00,4.252724674509157587e+00,4.267873430970755777e+00,4.260714900495750967e+00,4.285430169665978006e+00,4.276131268413223552e+00,4.285003776553542032e+00,4.259786012425705870e+00,4.272931900182824094e+00,4.283519002652574237e+00,4.270160305649836729e+00,4.279732020565000461e+00,4.299128205240135614e+00,4.273919010256257422e+00,4.273390715289468567e+00,4.243128026754824589e+00,4.286119788800625052e+00
4.168696613174356358e+00,4.195067225464168104e+00,4.155348108347597602e+00,4.199398575714255344e+00,4.182360678542038634e+00,4.177366585663933485e+00,4.187388822353312001e+00,4.186908240967100348e+00,4.211758271593751601e+00,4.169063360722875089e+00,4.190220283138112123e+00,4.169340012622590130e+00,4.186277437976065663e+00,4.169484310823209583e+00,4.211115129326392648e+00,4.160326471392609804e+00,4.169026166174699455e+00,4.169417548626943137e+00,4.189007982001132113e+00,4.212196363004398592e+00,4.199349168554704193e+00,4.175289321343186089e+00,4.177295760197734964e+00,4.179806548889553497e+00,4.196647717445139314e+00,4.184139101064265454e+00,4.207521078396381675e+00,4.185171078996876126e+00,4.185573956739351509e+00,4.169526268017047954e+00,4.193212464337084278e+00,4.179177958706240759e+00,4.220148256830626998e+00,4.173599267049052486e+00,4.189907764377358568e+00,4.162725655739018649e+00,4.157666209486323261e+00,4.163768883180895664e+00,4.165763882970309417e+00,4.207896979199979626e+00,4.212085337825590692e+00,4.190007751852175666e+00,4.187992811604654086e+00,4.193285608990574787e+00,4.197392829701411365e+00,4.183882148155828595e+00,4.199552997819980149e+00,4.174065053975501982e+00,4.178589205495800485e+00,4.164419061369976305e+00
4.085652206440932410e+00,4.110481431272432040e+00,4.078882137305726907e+00,4.080502871988386460e+00,4.064712507352245652e+00,4.095453955819099434e+00,4.071979446286884574e+00,4.098016131182432353e+00,4.074418736312034106e+00,4.092610659312638788e+00,4.109153962225739143e+00,4.094472685701044057e+00,4.069938003337550292e+00,4.081587025504698651e+00,4.105836065594553830e+00,4.094564600865205684e+00,4.091173927988000614e+00,4.103236743624572469e+00,4.088836401515884234e+00,4.080795465242210263e+00,4.085782356579240826e+00,4.108284941335933915e+00,4.119588170981266728e+00,4.113885369699877614e+00,4.097462509378973827e+00,4.088827492486917237e+00,4.085357423088426643e+00,4.105651839080611154e+00,4.105561499061665565e+00,4.088551214436956904e+00,4.113072069255897745e+00,4.099789575257948293e+00,4.080743673363246948e+00,4.093410735608395967e+00,4.107269760851607998e+00,4.081411727963855540e+00,4.120319468072649371e+00,4.075825083864542897e+00,4.070910235720410775e+00,4.117123941198252091e+00,4.062241288362848479e+00,4.108277118937679440e+00,4.087096239299210509e+00,4.065216709936597006e+00,4.090554272503582389e+00,4.092723024707018986e+00,4.098754813908104033e+00,4.091232309063212114e+00,4.068619323297091306e+00,4.091747331393336573e+00
3.996397816073120168e+00,4.026228601308839750e+00,3.992518961223237906e+00,4.016295759272012766e+00,3.998272878322357560e+00,3.976615999333535711e+00,3.968621164213934183e+00,4.007322503221704579e+00,3.994276341489352955e+00,3.995690490930381422e+00,3.959391324290215231e+00,4.009046060840885772e+00,3.982949066494694712e+00,3.997336994016962741e+00,3.990910110852589732e+00,3.974441098050959464e+00,3.994358114537132742e+00,3.987310637329830598e+00,4.004769884317038731e+00,3.984928826821117820e+00,4.003254152210428352e+00,4.012805232415250778e+00,3.986978814319455999e+00,4.010218540318783553e+00,4.015851756047490895e+00,4.006830273890773952e+00,4.015941705166520492e+00,3.986460301499118675e+00,3.996977324913896457e+00,4.032767633816949804e+00,3.983156244000390700e+00,3.985109304363058769e+00,3.980766512005954993e+00,3.979706260633301795e+00,3.977495983673815516e+00,3.989368567551012212e+00,3.988048945294937475e+00,3.983962096659276142e+00,3.981872015103482543e+00,4.023253875188134820e+00,3.999524562004287631e+00,3.992850166748622254e+00,4.000034244408618100e+00,3.976061981011471680e+00,3.980613150357089403e+00,4.001298435648556584e+00,3.985850606808765573e+00,4.002897637666447572e+00,3.982935499681082181e+00,3.994808552443453120e+00
3.883299934744989912e+00,3.955097866968217968e+00,3.929360209045844154e+00,3.907911728992334854e+00,3.912931176822617374e+00,3.883622657546444312e+00,3.875364570263197361e+00,3.897669771325365851e+00,3.899343227138336587e+00,3.899946890626929008e+00,3.907773710315806781e+00,3.890565036370776220e+00,3.917878069917855921e+00,3.917647635183997501e+00,3.912143846423708826e+00,3.915272735247400604e+00,3.930333508822092980e+00,3.934515869470148974e+00,3.914545074677266978e+00,3.898066884294072221e+00,3.887270929650549434e+00,3.891591349447125481e+00,3.914389812308525674e+00,3.945040252420207949e+00,3.913767957325012592e+00,3.932660713530212959e+00,3.886272494489578122e+00,3.922278512498098113e+00,3.926207989639568297e+00,3.904684927790068816e+00,3.919123379243906857e+00,3.862917914060553848e+00,3.916874276981429759e+00,3.891653904073081094e+00,3.930941189169667282e+00,3.879994697083969601e+00,3.902728295085197363e+00,3.886096300930530933e+00,3.887323822893074432e+00,3.878572497873403524e+00,3.905437728155684685e+00,3.896552622052834813e+00,3.889439016600412025e+00,3.906217647627088230e+00,3.898949896538201454e+00,3.876905708292611941e+00,3.914156749991455353e+00,3.900538254291843199e+00,3.922995782933541342e+00,3.936347028132549664e+00
3.820547500481125791e+00,3.757777744250197394e+00,3.815274524013835045e+00,3.800155034724897796e+00,3.824597325768981371e+00,3.785166106419916243e+00,3.797257353640465904e+00,3.810764579953684894e+00,3.799383681423869064e+00,3.825424009706209105e+00,3.834785796179633888e+00,3.831237024854359685e+00,3.802643506684552310e+00,3.830216314378724007e+00,3.805788507384191721e+00,3.835649388772187418e+00,3.802406262929449721e+00,3.807883601863650380e+00,3.809591590078927226e+00,3.836686392994906658e+00,3.768138790391177828e+00,3.806179814327720123e+00,3.810773923664759533e+00,3.794045451495634325e+00,3.792053271958676586e+00,3.814463425358484372e+00,3.801543638058304087e+00,3.807336368875791965e+00,3.781385207453223707e+00,3.827520844727916760e+00,3.782279969361635796e+00,3.825743393544790205e+00,3.818789870786947205e+00,3.797798798999300285e+00,3.804878571470745374e+00,3.816478152648658639e+00,3.807461675923794253e+00,3.812911241806329787e+00,3.798890677369437974e+00,3.835648134442562363e+00,3.804848285220873372e+00,3.805051260693371518e+00,3.819941898061595342e+00,3.829351504965211372e+00,3.835982810430961010e+00,3.777753822468408629e+00,3.810675844853561589e+00,3.814917974571844894e+00,3.846218309359229259e+00,3.798866343492385500e+00
3.720902535594320160e+00,3.725372366127245538e+00,3.695502376823153856e+00,3.683178110754592893e+00,3.713262987355240963e+00,3.684477334470237953e+00,3.695711924788616098e+00,3.704407561640811419e+00,3.744230202364849269e+00,3.723889984765234917e+00,3.724624654681862435e+00,3.702333113307042733e+00,3.740779083876703215e+00,3.682862505594224789e+00,3.702036041264037625e+00,3.709763213032193363e+00,3.680731104615620808e+00,3.731635280252222575e+00,3.697551135669313371e+00,3.702369583463394065e+00,3.725689353161018236e+00,3.691254967865904124e+00,3.702696740138722742e+00,3.685245325299244090e+00,3.722920559559771192e+00,3.707271068484764065e+00,3.709511635060919410e+00,3.731063817702175101e+00,3.700940231256927948e+00,3.684842249449220564e+00,3.691165079792756210e+00,3.726510605319566682e+00,3.706589268193348996e+00,3.707712235563886960e+00,3.709283362872436651e+00,3.671031200009700513e+00,3.725185327878863806e+00,3.705950615289831163e+00,3.700771637893103261e+00,3.708686012808377175e+00,3.708118230138398363e+00,3.694968770046241247e+00,3.718928549200704037e+00,3.717277651812520567e+00,3.698183374019840208e+00,3.717648355330438026e+00,3.727068354396163574e+00,3.710651423674599325e+00,3.718967451381352429e+00,3.723011632161425055e+00
3.609849853474567105e+00,3.601851211478628301e+00,3.622459311679037786e+00,3.585424552845014823e+00,3.604286559212191765e+00,3.585557995136579468e+00,3.611278124080862018e+00,3.612053442261592195e+00,3.591506297061752839e+00,3.582383008875958730e+00,3.620692027171641847e+00,3.585839101870683443e+00,3.590231773086262290e+00,3.614093590584100291e+00,3.611392254318201545e+00,3.583566866786311422e+00,3.602324095633795409e+00,3.601217968476575937e+00,3.580719503815158689e+00,3.637052710032848690e+00,3.597239280526681071e+00,3.604237612643930611e+00,3.610840493870701717e+00,3.631169297783335193e+00,3.600989566059019875e+00,3.603704033982879196e+00,3.579447669454580261e+00,3.607268000583212952e+00,3.576126022028195184e+00,3.606017177587196976e+00,3.622735864347466084e+00,3.575611602459647820e+00,3.592016901632918646e+00,3.616830520971253904e+00,3.628156455042948370e+00,3.593187875225580363e+00,3.608451709765347459e+00,3.614593448459407554e+00,3.587646054580758026e+00,3.608307721429957482e+00,3.614895077277858526e+00,3.608886160701785251e+00,3.628629807085327119e+00,3.618903287194787488e+00,3.631353030240419777e+00,3.628373416804488105e+00,3.626329243392200308e+00,3.599398099793542638e+00,3.638568101796379128e+00,3.644613753110767629e+00
3.503384360931131702e+00,3.495382303466074259e+00,3.506931067493792575e+00,3.518235046105707475e+00,3.503944551420667963e+00,3.459012614445345690e+00,3.518186085542010400e+00,3.515513599132998657e+00,3.483861203730878930e+00,3.494702883588618469e+00,3.515143175091251848e+00,3.485194252385651836e+00,3.508131371480213367e+00,3.525462307008854435e+00,3.500043706109228658e+00,3.510985456400246729e+00,3.478044768124901598e+00,3.505159396156351637e+00,3.492433462610621042e+00,3.498473488663554232e+00,3.512495626671344962e+00,3.500300878304817065e+00,3.512374273318394913e+00,3.522460458293398045e+00,3.519419291408254935e+00,3.506227274725795873e+00,3.488364962558197835e+00,3.513032949287849593e+00,3.483017740931406259e+00,3.551701963944649876e+00,3.520833160177379906e+00,3.517047933282247740e+00,3.514573667411271085e+00,3.510723795422743265e+00,3.492191662105294192e+00,3.496380774527499291e+00,3.511692119850072125e+00,3.499190016328884045e+00,3.514912004604598295e+00,3.510414113657219115e+00,3.493431316996102431e+00,3.511070384021528934e+00,3.547875330100937141e+00,3.481281550306833505e+00,3.474990468741911975e+00,3.506726293027781161e+00,3.530022963142435355e+00,3.503710594958401536e+00,3.491633547421522099e+00,3.501406217714210900e+00
3.389506138611094510e+00,3.391509557083076221e+00,3.409310673562576444e+00,3.397612862756760777e+00,3.412531871632827674e+00,3.363595453465827223e+00,3.427475683285423180e+00,3.409398267131383609e+00,3.392045811960826107e+00,3.397033287639641408e+00,3.400284987425738148e+00,3.398710582808770475e+00,3.398506840713965804e+00,3.396055987709321045e+00,3.413654744178889811e+00,3.394537393760075350e+00,3.417800599727384814e+00,3.387489832549485325e+00,3.396776759618267860e+00,3.400851884879389608e+00,3.396328995091684178e+00,3.386514043955583642e+00,3.402308791524850218e+00,3.374349199875542382e+00,3.429129520291847477e+00,3.398412511753580834e+00,3.388444747679408398e+00,3.417871166922004988e+00,3.400716407027333688e+00,3.388836761132641318e+00,3.407991465576265533e+00,3.385323065665394093e+00,3.391581584660485316e+00,3.422265584918390946e+00,3.402785892118932232e+00,3.437170232927317493e+00,3.383961810464901632e+00,3.416258420799784812e+00,3.410775463156413334e+00,3.383573433531046781e+00,3.409469092256414147e+00,3.390093176694155552e+00,3.397863011084553353e+00,3.394036719551377423e+00,3.383724055344939252e+00,3.380513535907358591e+00,3.406227182320614943e+00,3.414749400652904665e+00,3.416417205888974795e+00,3.418699960542689098e+00
3.309793246978616654e+00,3.288708752275449232e+00,3.293988526079358437e+00,3.288340146884201953e+00,3.302207919923961565e+00,3.306875246473842900e+00,3.311760769242171776e+00,3.298721618405465517e+00,3.286461096793745540e+00,3.329420444330030815e+00,3.272956456124453073e+00,3.308075666725203590e+00,3.308357112059693961e+00,3.279359592890254582e+00,3.295762271119335285e+00,3.289737906738916529e+00,3.282257901141564904e+00,3.282508342604781415e+00,3.273884541676330251e+00,3.284397831670204493e+00,3.302702084319836917e+00,3.272712734246905342e+00,3.265810991426831844e+00,3.275828718459752320e+00,3.310555210819853933e+00,3.271950782270607760e+00,3.291034916859664872e+00,3.286859972297464072e+00,3.290318904273759060e+00,3.307312998245864222e+00,3.306581401949439503e+00,3.325510070487776915e+00,3.280112631307794402e+00,3.286357727244370253e+00,3.285419070115991325e+00,3.270261618494174627e+00,3.307544086901525127e+00,3.303139924842266595e+00,3.282093580839586799e+00,3.294499003873330167e+00,3.299272623532924165e+00,3.292667765823316550e+00,3.303838087429702863e+00,3.266507838914495476e+00,3.291743333933197846e+00,3.311428730123951336e+00,3.276396098151678427e+00,3.278094113110666452e+00,3.291030530259379194e+00,3.303416951470361074e+00
3.199239437676885789e+00,3.199093697538034409e+00,3.198102003445285835e+00,3.170189233520873895e+00,3.184270561747806649e+00,3.182571192815958128e+00,3.160662755937902357e+00,3.183862579697165351e+00,3.188482112800693713e+00,3.174959969244195879e+00,3.163461106931533262e+00,3.181370785616135066e+00,3.169153310708576754e+00,3.207953231474854228e+00,3.170352269743691664e+00,3.169483994073703848e+00,3.187529216960758749e+00,3.186774064416020735e+00,3.170554352025419576e+00,3.181528932626242145e+00,3.175958412677408749e+00,3.179698716416886395e+00,3.221918596984223893e+00,3.200248799868505856e+00,3.165675607157945048e+00,3.168069977235417056e+00,3.180461821067977368e+00,3.175397707005825687e+00,3.209121625933258670e+00,3.182724560956532667e+00,3.185607692168416882e+00,3.209177851238893098e+00,3.173959685635198369e+00,3.184188809939352716e+00,3.190466295920050932e+00,3.186015255696573067e+00,3.183829892817314988e+00,3.178239209483925798e+00,3.200962954997329302e+00,3.174410945639037251e+00,3.191616494135891102e+00,3.177157092891678136e+00,3.195564984468216352e+00,3.186408873969180711e+00,3.207917011662349882e+00,3.201648482406224794e+00,3.210835301889729987e+00,3.164782135871297530e+00,3.162701961673555218e+00,3.184547991132675282e+00
3.057434161983611620e+00,3.063849039922484252e+00,3.117571064842010298e+00,3.088259635954895721e+00,3.049208837215806156e+00,3.082048461313200427e+00,3.086674855589095934e+00,3.055448842737199744e+00,3.080878197906108173e+00,3.070765098919906233e+00,3.072005189137229753e+00,3.081982044119344177e+00,3.089508077680533482e+00,3.057563794767993670e+00,3.085150965121279398e+00,3.060334890491294146e+00,3.075286112195926069e+00,3.090673190810426796e+00,3.052649343544162619e+00,3.080332020412801963e+00,3.081645309316056736e+00,3.060160366495482176e+00,3.074838154603622975e+00,3.067526037635451619e+00,3.094620888513485379e+00,3.079379994335576409e+00,3.077194445338887530e+00,3.055291307608146933e+00,3.087347184297344782e+00,3.094079923821692724e+00,3.061849651484620960e+00,3.080514761859804995e+00,3.078598251090987947e+00,3.084416270349988665e+00,3.095890508406671238e+00,3.070057766926718390e+00,3.073781281143107780e+00,3.079847925248775820e+00,3.056028362373279350e+00,3.093330710297023778e+00,3.090015648070804755e+00,3.096102602977974350e+00,3.092478558688714685e+00,3.085885506052509886e+00,3.097465730347767732e+00,3.073836866839425142e+00,3.081405243859367538e+00,3.084448601632258757e+00,3.091646230979473664e+00,3.081952729975939942e+00
2.980760295578052776e+00,2.968232870345388630e+00,2.959194153724898246e+00,2.974074083791824030e+00,2.990050948004919551e+00,2.986334062546845303e+00,2.966331434084543694e+00,2.983831008026489151e+00,2.949091453588013056e+00,2.981815448979528771e+00,2.986877867924536023e+00,2.966448323351124738e+00,2.974736797120404397e+00,2.954813133363995092e+00,2.947025868466369936e+00,2.988814107628832151e+00,2.973516576195469163e+00,2.951642007273557411e+00,2.969846916932591618e+00,2.961353928762293197e+00,2.976987962582665848e+00,2.955665029435095015e+00,2.973971567792249360e+00,2.959059403294794777e+00,2.948111545356495888e+00,2.980140053544547918e+00,2.955019868184092680e+00,2.978084230415064759e+00,2.943503020007076199e+00,2.950970429754015800e+00,2.973780007214682719e+00,2.990206702352188106e+00,2.986853189527818309e+00,2.962089676854707587e+00,2.981809063620333600e+00,2.980502617072575688e+00,2.979028629250948690e+00,2.975328472589809703e+00,2.986316835499636113e+00,2.951597616103613930e+00,2.954754433385355039e+00,2.930354374639698722e+00,2.963677869367301820e+00,2.958799915698321570e+00,2.983786075899888868e+00,2.949330246529677790e+00,2.962051734456711216e+00,2.949116616128526491e+00,2.956404451695636926e+00,2.943810334821200581e+00
2.868321415947225006e+00,2.873523987314372974e+00,2.867097807737309711e+00,2.863183098496797641e+00,2.824561689411134502e+00,2.841945094239490821e+00,2.864471284939131834e+00,2.844782284358115643e+00,2.845044167660164547e+00,2.877597637139598596e+00,2.877582141282403416e+00,2.853841265771960511e+00,2.841042896397602657e+00,2.839105052556913922e+00,2.869348129354103882e+00,2.850681908308823065e+00,2.853923934605284707e+00,2.871968450441033660e+00,2.852233866535497153e+00,2.828749119498382480e+00,2.847260128167848237e+00,2.872413151115028818e+00,2.872001816266724017e+00,2.856108857493883768e+00,2.865972952906317595e+00,2.836892658547596646e+00,2.849405748227420432e+00,2.850738707246915915e+00,2.850336474741566040e+00,2.851714043050018521e+00,2.845226901219201299e+00,2.867597878089457097e+00,2.850647848922877259e+00,2.857770746829406683e+00,2.835970703538455595e+00,2.853336752242769947e+00,2.861385243047806171e+00,2.848957338227456670e+00,2.865203861967177357e+00,2.855998189422335631e+00,2.845822085342935015e+00,2.843849466751632082e+00,2.848090276390010889e+00,2.864381596412074682e+00,2.879646873654835293e+00,2.852104896012610524e+00,2.835799104098524204e+00,2.862239081730035828e+00,2.844003963657591783e+00,2.832169063793767982e+00
2.758352563634708599e+00,2.764620725593975425e+00,2.724179698725479604e+00,2.757827153518314311e+00,2.764529969751633232e+00,2.736303754777056341e+00,2.742622245767514677e+00,2.739577292813651699e+00,2.751805973794985594e+00,2.773872451347203949e+00,2.742635430179403144e+00,2.765759952015078404e+00,2.737563369283930292e+00,2.762156474618328250e+00,2.754256480658916484e+00,2.743839841905459043e+00,2.749274545892141042e+00,2.734040296656064406e+00,2.757145460771321055e+00,2.759202058457212559e+00,2.714487971130523647e+00,2.734299877616860552e+00,2.735988993427550309e+00,2.743368070704287121e+00,2.749468099819876610e+00,2.741812882552768116e+00,2.752673975293054465e+00,2.748991104155861009e+00,2.734585696978065972e+00,2.735639991402036841e+00,2.741680024021971196e+00,2.728377327477034875e+00,2.737578682392808105e+00,2.784833592753759746e+00,2.729222165969042102e+00,2.777899594739571487e+00,2.717787617176938841e+00,2.755670985742737944e+00,2.731835301324955001e+00,2.760064841666683755e+00,2.740980271476659791e+00,2.733364690296571808e+00,2.751866897602420092e+00,2.750020826210580527e+00,2.751184200104933364e+00,2.755686341450179988e+00,2.758134277818261371e+00,2.755887897099631445e+00,2.724500736378288934e+00,2.743857812581013800e+00
2.641144037893349061e+00,2.657012205817418149e+00,2.639851596848873605e+00,2.648976572600165280e+00,2.623456509347753318e+00,2.628054940779512627e+00,2.625783578638453797e+00,2.624158353804432853e+00,2.641712517004745742e+00,2.631186613285664500e+00,2.647744169311731621e+00,2.628988676772395117e+00,2.631053829980405823e+00,2.637293517582888214e+00,2.628284636352966608e+00,2.619456237936212961e+00,2.659306071411867922e+00,2.631262775003235355e+00,2.615476285412972501e+00,2.655946862278237841e+00,2.658156430341665821e+00,2.642799057552641440e+00,2.647061061791288417e+00,2.624427684499187841e+00,2.627955319130677925e+00,2.625006179298145170e+00,2.636993398511258135e+00,2.655302057783740732e+00,2.612659503318536469e+00,2.625971212071537497e+00,2.644678580790918332e+00,2.653388142632919333e+00,2.677707606521039452e+00,2.636444521307894195e+00,2.651352859470924361e+00,2.636882296961891026e+00,2.626821465410585699e+00,2.645105789565372678e+00,2.631027812196345739e+00,2.642401415676167709e+00,2.628391105761957558e+00,2.631569060694727735e+00,2.640568857377085799e+00,2.621261665640419736e+00,2.648273377166403986e+00,2.634810181237916549e+00,2.624236491463272092e+00,2.639699243106408577e+00,2.617625737435129718e+00,2.680478507129873122e+00
2.516692463381996703e+00,2.532790093563765943e+00,2.543990537518050932e+00,2.511059034577499904e+00,2.499393951174995188e+00,2.548646791067243011e+00,2.520523616467674533e+00,2.548444388710432662e+00,2.505917368243246290e+00,2.508709077822836253e+00,2.513105182434677509e+00,2.513054427094686183e+00,2.549661813852494241e+00,2.502677718902083459e+00,2.527983512606350125e+00,2.526325042108330088e+00,2.529413124246754130e+00,2.523293754011719514e+00,2.513623108361495717e+00,2.525349120437173855e+00,2.521477300626985940e+00,2.517831572066024037e+00,2.515944657373463844e+00,2.516108713917388329e+00,2.491556876312626123e+00,2.514937743636562750e+00,2.539210740126348842e+00,2.509744550043738087e+00,2.519153438229588815e+00,2.526717238009525968e+00,2.516557366858423794e+00,2.504463883416438552e+00,2.502820478822033845e+00,2.531633318417366052e+00,2.520457752105651483e+00,2.530850651989883904e+00,2.507001313425974320e+00,2.514287883132311663e+00,2.546060132083957317e+00,2.517713752472858335e+00,2.523087918855845935e+00,2.531549426602995201e+00,2.537156445568697016e+00,2.512248654398900438e+00,2.522435514389292699e+00,2.510919296131773670e+00,2.498718339253094722e+00,2.533890055241795114e+00,2.530994535363103815e+00,2.501472412494463171e+00
2.385897297442274301e+00,2.410365641650670021e+00,2.450371216944560615e+00,2.386527686898173073e+00,2.401028850810814852e+00,2.421715621966490595e+00,2.429478022782470159e+00,2.415571728462860168e+00,2.426658167805111788e+00,2.421968831841686320e+00,2.418145445042798158e+00,2.407681533588478917e+00,2.401041384402263557e+00,2.398099888838345350e+00,2.419551222159131321e+00,2.395948583737436799e+00,2.386221548702168516e+00,2.393573771853303445e+00,2.407185560598484209e+00,2.393801072811211572e+00,2.399000701569972360e+00,2.427569669060078095e+00,2.396296148678404236e+00,2.422205899413564456e+00,2.392313108986518166e+00,2.361693522920539134e+00,2.399446362320270421e+00,2.421023316665133152e+00,2.390087454670290157e+00,2.407259442897882185e+00,2.399748650875564326e+00,2.421762277469582170e+00,2.427236671637728715e+00,2.430595315235420717e+00,2.416921830810494498e+00,2.406911169797624872e+00,2.411447560910385590e+00,2.406604271706015208e+00,2.385785041168372533e+00,2.419180860703395997e+00,2.383981110349035148e+00,2.404071909828693787e+00,2.420610626073921523e+00,2.402075437956085580e+00,2.425592413826014315e+00,2.424396419333863406e+00,2.397687138784895922e+00,2.422548921743957973e+00,2.393182240599838195e+00,2.399502837976682734e+00
2.288981988640002907e+00,2.302223912202775669e+00,2.294642627288320469e+00,2.302141602996010228e+00,2.299662004469158916e+00,2.344286329526478418e+00,2.293983893649354400e+00,2.286286282107712786e+00,2.302974723292802839e+00,2.309168391776767582e+00,2.286387461377487273e+00,2.282042627321667627e+00,2.302376202367311553e+00,2.289776453859625249e+00,2.261904653180636604e+00,2.295116824626516117e+00,2.296022026894811052e+00,2.325207672910277967e+00,2.319062748853486955e+00,2.304964346918592977e+00,2.320952404771923216e+00,2.270105742899444223e+00,2.309161247526807070e+00,2.270960849980100615e+00,2.283393449512995499e+00,2.322786792931085920e+00,2.301995951095838322e+00,2.303315438207373500e+00,2.312708535660637832e+00,2.260002964332581854e+00,2.295092343084720543e+00,2.308552046046837614e+00,2.298127624126704127e+00,2.294154836631458139e+00,2.306187660785170124e+00,2.282687984860511055e+00,2.306126359181247309e+00,2.306215616776869926e+00,2.288499642223492447e+00,2.276641332696001996e+00,2.292758260447829599e+00,2.304000838119568684e+00,2.311830666301848858e+00,2.303865495621340909e+00,2.282579771931317669e+00,2.278421293059066155e+00,2.289193612017321744e+00,2.300016943772993816e+00,2.279875640992797603e+00,2.286233673789161980e+00
2.195071287699873697e+00,2.191558709661834303e+00,2.185277617035252362e+00,2.180123915414264868e+00,2.182109460193860428e+00,2.169850850501445994e+00,2.194362444296121151e+00,2.195320916396551247e+00,2.187330854605507913e+00,2.170221936835130094e+00,2.190858854834114577e+00,2.169998938121831866e+00,2.192079714161343951e+00,2.176786736802243549e+00,2.167487096801921087e+00,2.199736286392544038e+00,2.163846410345924287e+00,2.181337755132787937e+00,2.185780532909249896e+00,2.161255880524727058e+00,2.189246429819551309e+00,2.192627967826557001e+00,2.188558670609967560e+00,2.188890627163608826e+00,2.166389494356708578e+00,2.173472763104130401e+00,2.211526795474395790e+00,2.167190485578667225e+00,2.183436559993819692e+00,2.179552609205728686e+00,2.191695592672608939e+00,2.203901891120574330e+00,2.194793477484827449e+00,2.184351020997886028e+00,2.191171354797218473e+00,2.200689686947137069e+00,2.164238206525589625e+00,2.175538106657759485e+00,2.191474979129754086e+00,2.175250268628707850e+00,2.182517943453533782e+00,2.194331983735323011e+00,2.177429025316416134e+00,2.193776387576300557e+00,2.164207023584912459e+00,2.155974887372286375e+00,2.189726912036463080e+00,2.190316287018266639e+00,2.159605361103098531e+00,2.184356164884011964e+00
2.063686278041066302e+00,2.078592897181006371e+00,2.091243353476245126e+00,2.046321273250395034e+00,2.071616864525581914e+00,2.078039866887860576e+00,2.069972153306875118e+00,2.061298663817141108e+00,2.048883800274506672e+00,2.098502329520957055e+00,2.090025265777548658e+00,2.084447238153666948e+00,2.086685663504912913e+00,2.070537797943412528e+00,2.090594970034073796e+00,2.074640392333330752e+00,2.084232978250728063e+00,2.083903040686098773e+00,2.072823139691296390e+00,2.066996919109423736e+00,2.065682819778567492e+00,2.077607841159814672e+00,2.100511854765395370e+00,2.062849221546699585e+00,2.063494280236366940e+00,2.067568058763630479e+00,2.061233314213029022e+00,2.061910129535173386e+00,2.074660002647362944e+00,2.083647220961617919e+00,2.082996239146955642e+00,2.080382612139998422e+00,2.071173836591514217e+00,2.062944850636886596e+00,2.073513032792184685e+00,2.083114166697517700e+00,2.064330527269807813e+00,2.074490705701236060e+00,2.057812334307917101e+00,2.059572773441054938e+00,2.070576776586091405e+00,2.076359686985692843e+00,2.070891819421568858e+00,2.062243021751863914e+00,2.070791110266441137e+00,2.063201673884532017e+00,2.084031978134282426e+00,2.079388443613658488e+00,2.073419842450702433e+00,2.065951544550800101e+00
1.980783811660881133e+00,1.946939008671331628e+00,1.964992418280995023e+00,1.976086572830482391e+00,1.990967922535959111e+00,1.979321575495845753e+00,1.959759404956948892e+00,1.981292899258279006e+00,1.935090327807350130e+00,1.943626166389423870e+00,1.942447567076340587e+00,1.967258204361507223e+00,1.956417379576552262e+00,1.964834585419652058e+00,1.961843833054109476e+00,1.942649998898418717e+00,1.936062329762037182e+00,1.953738070734143850e+00,1.953480442828417818e+00,1.966474745120252887e+00,1.952751863625000306e+00,1.950902127394970931e+00,1.957135422785902135e+00,1.978890407678285612e+00,1.963110409739794893e+00,1.984190295210831012e+00,1.963439203293274593e+00,1.958328545310233260e+00,1.952594657455031246e+00,1.981924090812618555e+00,1.948303297763345432e+00,1.954904427544587486e+00,1.944481243385519420e+00,1.964679819264015803e+00,1.952050979267374142e+00,1.958156355513592350e+00,1.961716175331109646e+00,1.988410817907708239e+00,1.972745096365171369e+00,1.954240854530392646e+00,1.971156423172827354e+00,1.925176699886546494e+00,1.957164822156828077e+00,1.955043054777802602e+00,1.964968807467203815e+00,1.953912962727095914e+00,1.949902230941011672e+00,1.956587351378748618e+00,1.962467132513108448e+00,1.950889700548481098e+00
1.854632708246688466e+00,1.855904491086915131e+00,1.842733559016331624e+00,1.843785288003566114e+00,1.837628722940130466e+00,1.834046312365658737e+00,1.858233890081756323e+00,1.848613054075406881e+00,1.848716303513235681e+00,1.842582512108964066e+00,1.846704071737894637e+00,1.854725147499433513e+00,1.870173052773792532e+00,1.843386434618386804e+00,1.849781487018383075e+00,1.849661371527398179e+00,1.856793337808121613e+00,1.856154875033268148e+00,1.859507987144338514e+00,1.850124982809586038e+00,1.847724820240761012e+00,1.865813944205740871e+00,1.846759037336337839e+00,1.850936570419421612e+00,1.835050103989628312e+00,1.877266921695923685e+00,1.849192426401941924e+00,1.844631776245947652e+00,1.867844353344141783e+00,1.851169257560394410e+00,1.835064442832388787e+00,1.852063161940113112e+00,1.853090028202470929e+00,1.870513782225776245e+00,1.833311481536978205e+00,1.831808938636823259e+00,1.856329292857921809e+00,1.839111303614936688e+00,1.812571671147348296e+00,1.835748959521927626e+00,1.834962402358275790e+00,1.849883155419622671e+00,1.861923718986613130e+00,1.843780832846305673e+00,1.849218216864552122e+00,1.851297813650686352e+00,1.851371959478609108e+00,1.837958517035540140e+00,1.864466860876057064e+00,1.839320469749098574e+00
1.751555295906145115e+00,1.754266901749971908e+00,1.711464817320073051e+00,1.730053541572700526e+00,1.752519440141619533e+00,1.717244729332609632e+00,1.735077170553529946e+00,1.744528079822624811e+00,1.742069851935984737e+00,1.728319480441872003e+00,1.740281473778400700e+00,1.728758259382739970e+00,1.753243518147022728e+00,1.740605310266378769e+00,1.757686401571483259e+00,1.724302462015237403e+00,1.737555911472632220e+00,1.746198112469311781e+00,1.759377731580034965e+00,1.730749093815842299e+00,1.743424540920236909e+00,1.737631508861953611e+00,1.760589870485187891e+00,1.714967731190756739e+00,1.759164404911189417e+00,1.748169452872852858e+00,1.746704115716639638e+00,1.732614035744487913e+00,1.710102344503747096e+00,1.714318536146700600e+00,1.758925632490920599e+00,1.748898536761760436e+00,1.749957288992371573e+00,1.742655991585394082e+00,1.743464390202178471e+00,1.729955942065670715e+00,1.725467875170910048e+00,1.733198316967611063e+00,1.748171876551069426e+00,1.736642437378171921e+00,1.732576573600655090e+00,1.737141307659862965e+00,1.738295590123483780e+00,1.733617049750894923e+00,1.743487757091800594e+00,1.740484194448767896e+00,1.723012176581727672e+00,1.727029694084197819e+00,1.736866978162624031e+00,1.749897659520508242e+00
1.645441833362996098e+00,1.642999234744759951e+00,1.631147986953526141e+00,1.622424784265274589e+00,1.629935250229487265e+00,1.638336009153996908e+00,1.636282375118743193e+00,1.642630713035200474e+00,1.624788876916594793e+00,1.615654092727655922e+00,1.642942148595158525e+00,1.625392562642342886e+00,1.631489853501679299e+00,1.647046631006108486e+00,1.629304111811874289e+00,1.634411292520760339e+00,1.642933425670073389e+00,1.641868650913066663e+00,1.641618241558836733e+00,1.611169192355833335e+00,1.615924556801901835e+00,1.627189325535187914e+00,1.649425081318361963e+00,1.619262646392050087e+00,1.619037514136179468e+00,1.633438592932523470e+00,1.616240723907333310e+00,1.636627872168843867e+00,1.644270608840374903e+00,1.639819067249702389e+00,1.628332114133581365e+00,1.648598699758060615e+00,1.601135940606593033e+00,1.625842702629390901e+00,1.629681963765504449e+00,1.637187626670468132e+00,1.621166748866003982e+00,1.620334673486209631e+00,1.624293530019061071e+00,1.602948901341332943e+00,1.645923039087179518e+00,1.604275466371376746e+00,1.636372086070396081e+00,1.645134563648682935e+00,1.637051458650724545e+00,1.631171763738260116e+00,1.621283204783374732e+00,1.645887610909320342e+00,1.645175139637272022e+00,1.626299374349062576e+00
1.533915546897464344e+00,1.523073224571064088e+00,1.519884893820487859e+00,1.530201758225574027e+00,1.523234959026471769e+00,1.527019987138292789e+00,1.504189145834825991e+00,1.531863089513581855e+00,1.528036243655523485e+00,1.516507351814512017e+00,1.535752734966873589e+00,1.537874717860305163e+00,1.516179589171446240e+00,1.525222205377533946e+00,1.549222808539033158e+00,1.511937896109796231e+00,1.520612298293549047e+00,1.512166639293259340e+00,1.536874605910438785e+00,1.530013270941643411e+00,1.522847173224982642e+00,1.533142594270050729e+00,1.528161772325650647e+00,1.522742914471938436e+00,1.517987313844575192e+00,1.520286743042370103e+00,1.505810984916043260e+00,1.498129011405809452e+00,1.506045400745270380e+00,1.514918228788434185e+00,1.511483979331073257e+00,1.535485302566685695e+00,1.515925069879221931e+00,1.523335935978960221e+00,1.503593086706374926e+00,1.527842687228195162e+00,1.540490340955424919e+00,1.521131367155149849e+00,1.529884989840305298e+00,1.514206207116934211e+00,1.533355025645688263e+00,1.524354582285976756e+00,1.524524224572105568e+00,1.502511059398142779e+00,1.520711781741258983e+00,1.520957996430595482e+00,1.505242785421797569e+00,1.518843708820008853e+00,1.519177690511783974e+00,1.537492216433307357e+00
1.418450672835937398e+00,1.437356274799338030e+00,1.415752877765526607e+00,1.413150110037949769e+00,1.424586920492391329e+00,1.416780055644373482e+00,1.415256102199068611e+00,1.417713406393344977e+00,1.417840679516709779e+00,1.415160887364229847e+00,1.426257172677911633e+00,1.406681960629535766e+00,1.404711853739803118e+00,1.403432046812987943e+00,1.420691566112750159e+00,1.407955767213414422e+00,1.410889079120470679e+00,1.431871657931630848e+00,1.427395972412149883e+00,1.410034516957260564e+00,1.427021065850111903e+00,1.407997924997198558e+00,1.426949107336201283e+00,1.397344414024125570e+00,1.405857744573466572e+00,1.419756213440482195e+00,1.429277935347611939e+00,1.435965735369083118e+00,1.398607046257778208e+00,1.423590662592190581e+00,1.426973640177788827e+00,1.423895619395494361e+00,1.403771975362635871e+00,1.418515570106423374e+00,1.397202480940163305e+00,1.419164891238200887e+00,1.409172709714035188e+00,1.404258080533322239e+00,1.421764131909487139e+00,1.416736871797579900e+00,1.417233635617854759e+00,1.408142907493184381e+00,1.415238436263473787e+00,1.421407429799566913e+00,1.413828835773325965e+00,1.423589501422090065e+00,1.390964388859013301e+00,1.408422255769321785e+00,1.406906051019063852e+00,1.423479864725852195e+00
1.315137544479671794e+00,1.315719798196509194e+00,1.317166924506482761e+00,1.300246499692897961e+00,1.300747924132601430e+00,1.319311422753505214e+00,1.307571779434443027e+00,1.319384565120888420e+00,1.328068430299345515e+00,1.303748069864796522e+00,1.300664562045281913e+00,1.308581360977745467e+00,1.320664828934891899e+00,1.313433413545967099e+00,1.321169610873337064e+00,1.286082179514976387e+00,1.301242870844063759e+00,1.320596638023896041e+00,1.296751072828182139e+00,1.287445101549726356e+00,1.305228463923973514e+00,1.323324226766520839e+00,1.296840841009413881e+00,1.330233447486850462e+00,1.322776979555703392e+00,1.306902326168906114e+00,1.289600517556213077e+00,1.302855647873479183e+00,1.318846726458588137e+00,1.308101404170305848e+00,1.308850643665685487e+00,1.309170781691298302e+00,1.295386031977255437e+00,1.307604301875264996e+00,1.307733990695991944e+00,1.291348087746148288e+00,1.312805304105007620e+00,1.322062920782185014e+00,1.309680617415049486e+00,1.312209445864806590e+00,1.318970952601731694e+00,1.300154429076210150e+00,1.295448900347965449e+00,1.318100881345559250e+00,1.303120159025710656e+00,1.295249626357134698e+00,1.307577993725701493e+00,1.307929923038242404e+00,1.317883066908570600e+00,1.313925122569285842e+00
1.189443005395272257e+00,1.204586827869988719e+00,1.184777655916777972e+00,1.202647749581048808e+00,1.206199961043991076e+00,1.201303540907764367e+00,1.210984305392228899e+00,1.207345262071237935e+00,1.217474077030249902e+00,1.197437698260510164e+00,1.204453947029845429e+00,1.224958429262597015e+00,1.213211205682755311e+00,1.212247813192144363e+00,1.207416444214201023e+00,1.212490825103521574e+00,1.204676378037774054e+00,1.204074153380755963e+00,1.198997964140297245e+00,1.208662041483776095e+00,1.195616418607977405e+00,1.229742154960317579e+00,1.194188225895704836e+00,1.230153776704905999e+00,1.217500216164653093e+00,1.212127378194721272e+00,1.203438390685268367e+00,1.204027425202052193e+00,1.202288849490679823e+00,1.203979410389347526e+00,1.201183023081821233e+00,1.206781098119158679e+00,1.199999561335022058e+00,1.197827416438924653e+00,1.216004253566161930e+00,1.210343491639723101e+00,1.193566815864369968e+00,1.206146437623097034e+00,1.207926938416073126e+00,1.211316263942672666e+00,1.208633058561206841e+00,1.202592452721201521e+00,1.210510992625821958e+00,1.206232004186524431e+00,1.207940330252327721e+00,1.186884745026815624e+00,1.196236213527940961e+00,1.196686579181925003e+00,1.209611661724644849e+00,1.216918942585866859e+00
1.118535335163272304e+00,1.102014601702448804e+00,1.107222350298223024e+00,1.108353263805540223e+00,1.099823575080536742e+00,1.105904620601301014e+00,1.106095168736328960e+00,1.119359711708401317e+00,1.119583914921254753e+00,1.112925544585462667e+00,1.103449667259135403e+00,1.089639036572940034e+00,1.100360977959150777e+00,1.087548535923811510e+00,1.108982978897455451e+00,1.109258419120472627e+00,1.105811430789546579e+00,1.100492456487568660e+00,1.089796165852954246e+00,1.117435335747064773e+00,1.104538924983827330e+00,1.109200759999023012e+00,1.105842201355650811e+00,1.093835156520376772e+00,1.100536942581099797e+00,1.077649043369806270e+00,1.113448124175900000e+00,1.096887224270378658e+00,1.105122895647097980e+00,1.105004918018030136e+00,1.110846452290455533e+00,1.104707673769275367e+00,1.116470166870062508e+00,1.128924023961451972e+00,1.103958687956905882e+00,1.101772584718708536e+00,1.109474332718419776e+00,1.108053912454298295e+00,1.076471931475844190e+00,1.106883308080432338e+00,1.099878461570176880e+00,1.087939774996784292e+00,1.107725568814618811e+00,1.102569447176626749e+00,1.092348236797269667e+00,1.090901685567446044e+00,1.101182538485790952e+00,1.125612405784996550e+00,1.104833212346504556e+00,1.116300582153593846e+00
1.012488391889315720e+00,9.956113966411713756e-01,9.957277630720691164e-01,9.921343351445854886e-01,1.024364584289343627e+00,1.000907156544951881e+00,1.012182096023217515e+00,1.004586618739629733e+00,1.001248591598624227e+00,1.014057769304767209e+00,1.010409908297570158e+00,1.006559546717814557e+00,9.961007984937089166e-01,9.927247488577414236e-01,1.007596564806924500e+00,9.967460983324933910e-01,1.009771880054900928e+00,9.877620777338083080e-01,1.009426668752781975e+00,9.969181742506089128e-01,1.009161514760378298e+00,1.009510962177754712e+00,1.009497760460418281e+00,1.014488051206849928e+00,1.006254592430355199e+00,1.003115603095787289e+00,9.862553512280591850e-01,1.020268288572147464e+00,9.974933072819787139e-01,1.001450091392907638e+00,1.021690740622341664e+00,1.015752718929019416e+00,9.965113279482344932e-01,9.948164448505919522e-01,9.918246283788586526e-01,9.992963043939946388e-01,1.000689018195472846e+00,1.006735531239959069e+00,1.008946258051691469e+00,1.006593741372538098e+00,1.001428545693747285e+00,1.010173629785265925e+00,9.988800841844213130e-01,1.007169820540456007e+00,1.011253300275663847e+00,1.012899906289860041e+00,1.005283541732991726e+00,1.013760323573387190e+00,1.006028444674421429e+00,1.008090883273357719e+00
9.098504487318216372e-01,9.232901852089582251e-01,9.155766362767715494e-01,9.229571105346484616e-01,9.036353894041289081e-01,9.069756294714576006e-01,9.051577293670793889e-01,9.064577445804286038e-01,8.934841471663542700e-01,9.237632051807380673e-01,9.248820375124606752e-01,9.072364202143827772e-01,9.080812687826504970e-01,9.326893720804326771e-01,9.131400374680209708e-01,9.010700880014739234e-01,9.169715298801695003e-01,9.041436759351997310e-01,9.120503581570258422e-01,9.183144380490986247e-01,8.927211976955126138e-01,9.117561758291498064e-01,8.985290905763821945e-01,9.040131071966731602e-01,9.133520702810078440e-01,9.207666323313346002e-01,9.038082321254163887e-01,9.095827296547563945e-01,9.023812168278275703e-01,9.223091234623227441e-01,9.083197817332265833e-01,9.098358642714509115e-01,9.110886036034772095e-01,9.154446072612978380e-01,9.268032407413435703e-01,9.033069219830954788e-01,9.221464221148762963e-01,9.198116736014851913e-01,9.061381095599321256e-01,9.010990151115945146e-01,9.093035657314778586e-01,9.121382982614665291e-01,9.121823524933490024e-01,9.102975231106306131e-01,9.132761351924354454e-01,9.149328320904606127e-01,9.197723352875751823e-01,9.119398252424960605e-01,9.129106306218496281e-01,9.072442747989233336e-01
8.050322845774657843e-01,8.230244278911432732e-01,8.304236405202558569e-01,8.270120775311499139e-01,8.250970364614828023e-01,8.290898485247218952e-01,8.192763695425934189e-01,8.164230052420727857e-01,8.195003730205983050e-01,8.230017126011388573e-01,8.153613538176869291e-01,8.163132832276087658e-01,7.977915956646624007e-01,8.274433429773235815e-01,8.071137289782515101e-01,8.138642702376226445e-01,8.222871487465849283e-01,8.199092552332680750e-01,8.313438692224309756e-01,8.147904490877284633e-01,8.090407799591448068e-01,8.134805689450983479e-01,8.139897224448914281e-01,7.987025835233646509e-01,8.017409198844819285e-01,8.039038255290514856e-01,8.080755421096036395e-01,8.167944327238206847e-01,8.202173885202027614e-01,8.302720193805226412e-01,8.119999647138439469e-01,8.017524236485825684e-01,8.332589216076489169e-01,8.144699329578094504e-01,8.208980003636601186e-01,8.124496752845491443e-01,8.357926258264756214e-01,8.128572802452931345e-01,8.226428017695202044e-01,8.152803576085022597e-01,8.143749214419576665e-01,8.213009779579703018e-01,8.272870298525609734e-01,8.133596093092424484e-01,8.160906926460540500e-01,8.193032131686858177e-01,8.253754114864224611e-01,8.137089675376432130e-01,8.082548334216447250e-01,8.177809353630827172e-01
7.382531409830335178e-01,7.313703455611553217e-01,7.193709450012587547e-01,7.197851170859878023e-01,7.098687315211691384e-01,7.281018399955379028e-01,7.422248891465115239e-01,7.284612478526855117e-01,7.178809827276068090e-01,7.259343349492859421e-01,7.248672032326584080e-01,7.262432927158694040e-01,7.215744895573777962e-01,7.251536091282592134e-01,7.257739521537249772e-01,7.300399693409854729e-01,7.265885202203438142e-01,7.271769008208970320e-01,7.309775184965244810e-01,7.169362252105253575e-01,7.205939860785862683e-01,7.262840728904500498e-01,7.316578402891428246e-01,7.280951857049348108e-01,7.357406313506582585e-01,7.192269517298492953e-01,7.346037780909470127e-01,7.189657257560638781e-01,7.294346179596217228e-01,7.247569305865034783e-01,7.379652784747258165e-01,7.257055760348667395e-01,7.309173285226646666e-01,7.398496191372905262e-01,7.240452985742339420e-01,7.256759482519419269e-01,7.114484002363922199e-01,7.329823021479076051e-01,7.255567620643538218e-01,7.158216916286062048e-01,7.221372766374277719e-01,7.280173289591408414e-01,7.471905478634691677e-01,7.543370828816751139e-01,7.238335468648661175e-01,7.135048049532983772e-01,7.429113385704201322e-01,7.198903855584821709e-01,7.129207132894090915e-01,7.382056353955283035e-01
