1.072842156518062495e+01,1.091443653325346297e+01,1.081291132373756980e+01,1.081410711425852789e+01,1.084154294883169811e+01,1.083795111036384284e+01,1.081144031655658289e+01,1.086468977764928390e+01,1.083814568781619947e+01,1.077602932185275719e+01,1.085723438751248793e+01,1.088333791905167480e+01,1.078079363952392988e+01,1.081933422485273510e+01,1.084321248828469031e+01,1.085104305110348299e+01,1.088968057168386316e+01,1.092151788109600474e+01,1.082345497772131715e+01,1.077366878544518158e+01,1.078927422638624378e+01,1.076007322502169394e+01,1.080130995861270726e+01,1.090391043990804931e+01,1.086838006751623986e+01,1.076793996062145986e+01,1.081954330113126339e+01,1.082943298094763485e+01,1.096851528966791811e+01,1.085824627524378450e+01,1.088735639863250704e+01,1.076663015993434769e+01,1.093970906672755206e+01,1.081967557195527618e+01,1.087504275864635694e+01,1.084788562332919248e+01,1.078176646677759010e+01,1.063670536623829932e+01,1.082532370474621253e+01,1.079013879672161735e+01,1.081619488624943060e+01,1.067283221900242651e+01,1.075980536358633799e+01,1.070243542466721998e+01,1.086780131719601705e+01,1.080467180252547443e+01,1.094195065735237726e+01,1.078545537546266964e+01,1.080106711053870683e+01,1.088518611142904291e+01
1.078402933630598426e+01,1.078959411704484950e+01,1.072102573828367866e+01,1.079508833421283320e+01,1.086945596443797690e+01,1.092800940528400133e+01,1.084342602349935980e+01,1.070866203574062325e+01,1.085098687736946488e+01,1.084801290285859565e+01,1.083359103267189916e+01,1.079683834324158909e+01,1.074639695145554974e+01,1.078701764244118877e+01,1.086595432327769828e+01,1.072962108744814103e+01,1.075307770858884560e+01,1.086676800974408508e+01,1.079580581433489073e+01,1.088326622649976727e+01,1.081736594129242235e+01,1.081109442414858357e+01,1.074353806364889863e+01,1.092396702769095285e+01,1.089984117746772441e+01,1.080688151494576488e+01,1.074754599134374189e+01,1.085512621825394497e+01,1.088138316838166908e+01,1.077850743739175954e+01,1.083909966442463890e+01,1.067930640990900848e+01,1.074224597826364302e+01,1.082517681700652012e+01,1.082816033073730999e+01,1.077706420386105179e+01,1.079897227538271309e+01,1.082625470510982701e+01,1.079210050572650204e+01,1.076308447007052216e+01,1.080946019569543459e+01,1.092797281408745214e+01,1.078475873085964309e+01,1.082837230126090944e+01,1.084544623931106777e+01,1.078333085506892886e+01,1.073858772872183742e+01,1.080598513737505151e+01,1.091040304131935557e+01,1.080800419899173193e+01
1.078271012573214804e+01,1.085484670186516176e+01,1.064043634671201133e+01,1.078616613811155212e+01,1.067542425611055634e+01,1.080765218832760333e+01,1.081176281302447251e+01,1.075633210042351529e+01,1.085613569401440515e+01,1.078899318863368784e+01,1.078015108915434439e+01,1.071066247913904235e+01,1.080693437716076666e+01,1.084497028708391220e+01,1.070580662729982535e+01,1.071449896235747801e+01,1.084540941176064521e+01,1.085623238904314114e+01,1.078769572127735366e+01,1.077464483670579831e+01,1.071809532809715471e+01,1.078891744476136516e+01,1.081220869174336308e+01,1.090575088707740825e+01,1.077872697969203841e+01,1.073578142323053974e+01,1.078358533911568173e+01,1.086729186842600647e+01,1.075403428026104002e+01,1.074791137516993089e+01,1.085284912347302111e+01,1.091484986134112312e+01,1.077727143041959224e+01,1.077072390553284187e+01,1.078724677571393009e+01,1.092172892590891742e+01,1.080839958137127432e+01,1.082739268137943789e+01,1.084383167403960790e+01,1.080966179145965000e+01,1.070598566486772896e+01,1.083737716874792589e+01,1.091104310276086764e+01,1.091486531475246835e+01,1.079718716721873051e+01,1.077395354294574581e+01,1.081008578385204011e+01,1.078892774406181942e+01,1.080723236749241423e+01,1.086917495784262044e+01
1.068794639019523807e+01,1.085663000319327409e+01,1.067145332913095679e+01,1.081272116139802364e+01,1.078120437266501952e+01,1.078930733766374317e+01,1.067858659526509868e+01,1.078030996740624481e+01,1.076730284191928888e+01,1.088607861267317922e+01,1.068298325468265375e+01,1.076838205398460602e+01,1.084327418760899420e+01,1.074256906220435859e+01,1.084325176105192945e+01,1.074817154642063421e+01,1.082637918668455868e+01,1.085766866849126266e+01,1.077875490773600120e+01,1.077033564946582622e+01,1.068925162951938113e+01,1.075338039907663656e+01,1.076108837583236344e+01,1.066778259934899609e+01,1.085499603905225463e+01,1.076361335093059779e+01,1.086847474191075946e+01,1.082698576548907354e+01,1.077671156513554784e+01,1.075340764795161341e+01,1.078043753151139050e+01,1.078518864794870957e+01,1.076883592297683911e+01,1.086832831135282262e+01,1.090292410634240383e+01,1.079519311798665449e+01,1.080928417478252079e+01,1.079554238981115688e+01,1.076132040612726648e+01,1.071009421955880825e+01,1.078279686066526999e+01,1.084225318776346292e+01,1.081828275287367980e+01,1.080075580292323956e+01,1.080490288899703266e+01,1.078151866469458930e+01,1.085820766540650162e+01,1.085129720086654359e+01,1.082137600977887182e+01,1.078929443326885362e+01
1.071276066313786579e+01,1.085011385785858806e+01,1.069037819675459211e+01,1.068826894828218954e+01,1.070859418935736151e+01,1.089904763740177707e+01,1.068909995373898170e+01,1.070996184616475944e+01,1.077546305621710587e+01,1.083174284858563219e+01,1.074397046290691726e+01,1.072604426711966319e+01,1.071077799901982353e+01,1.075196618498782009e+01,1.075593617484060971e+01,1.078951928925131298e+01,1.073659206192110815e+01,1.067723976192606727e+01,1.073372225237771538e+01,1.069397138179274798e+01,1.072750244366666017e+01,1.080094248758260989e+01,1.071062777012419254e+01,1.085064614086120827e+01,1.074321171893799232e+01,1.069941072923205283e+01,1.075374920374731857e+01,1.072510119550235430e+01,1.074187623958485105e+01,1.082362977950393201e+01,1.071938443542325459e+01,1.078923777881043478e+01,1.070029167164211614e+01,1.069670939864752945e+01,1.062259756425801527e+01,1.064029868426350944e+01,1.076039935669529690e+01,1.083318461599608007e+01,1.067233015563340182e+01,1.084583956161622531e+01,1.078437291873524195e+01,1.067647153634132806e+01,1.077644304243496443e+01,1.068218533384312074e+01,1.072307364729767265e+01,1.086017988726533368e+01,1.077416067265972366e+01,1.076446908816569348e+01,1.071454017470955655e+01,1.075726662690355084e+01
1.067608391689782010e+01,1.076398588307527326e+01,1.074719890123762056e+01,1.073134606708738659e+01,1.066630552109167773e+01,1.068977293009671570e+01,1.067475280929302883e+01,1.065671750831586628e+01,1.067296116494570235e+01,1.060205225498003578e+01,1.062514725545609195e+01,1.068209192916749473e+01,1.072834657245420154e+01,1.071369333309205274e+01,1.071521708430081610e+01,1.067527075361297051e+01,1.065744934388196619e+01,1.069804162795706226e+01,1.071771405541741373e+01,1.064409792851839320e+01,1.062124182204525624e+01,1.075966492877248193e+01,1.067379731859719705e+01,1.079073387296156561e+01,1.070457837128116907e+01,1.068363403698299230e+01,1.075438361401670839e+01,1.064256715950563859e+01,1.078378725524581583e+01,1.074860567420066104e+01,1.071274313462686045e+01,1.061986923310912623e+01,1.088304941336193288e+01,1.069163820936211096e+01,1.076345537202609570e+01,1.071872089002868123e+01,1.069104283910358255e+01,1.076154594499320716e+01,1.077531642571276116e+01,1.068886246322662359e+01,1.075135329600676393e+01,1.085225742790251324e+01,1.067776943546901158e+01,1.058728572840263915e+01,1.066646468968888151e+01,1.077703738997984395e+01,1.069130015584454441e+01,1.065974514484599744e+01,1.073634385753130438e+01,1.070506641154704042e+01
1.067972158351284229e+01,1.065027503021646105e+01,1.071426842929790624e+01,1.053120316654979582e+01,1.066931388298948136e+01,1.068557310616929357e+01,1.064951068262936751e+01,1.056758931043686722e+01,1.064303070460120182e+01,1.057898998889462838e+01,1.061704361659405471e+01,1.062329768363083460e+01,1.060775761738344158e+01,1.055022197189563116e+01,1.062766442474699780e+01,1.053812765824227959e+01,1.064911994881555657e+01,1.057815461552690195e+01,1.063727180590912802e+01,1.065399568484608217e+01,1.071633524336916921e+01,1.068857813115445055e+01,1.063257336047923651e+01,1.066945233283687955e+01,1.060573011230773055e+01,1.068338860997908668e+01,1.058311031622040765e+01,1.054107635919374353e+01,1.069231921266161756e+01,1.065614392791058940e+01,1.059474101489506381e+01,1.065785019752185647e+01,1.067901595989297725e+01,1.058324457883942848e+01,1.064130361871994523e+01,1.060656895395050192e+01,1.074207738169124404e+01,1.063896164100721009e+01,1.065888382360520481e+01,1.056798986802463958e+01,1.067399573431766591e+01,1.070158371998599556e+01,1.062014182845820720e+01,1.062143923784686272e+01,1.061302510830487478e+01,1.056378210218622904e+01,1.063735044696827892e+01,1.058636815980118406e+01,1.074860231904304264e+01,1.050452892999580357e+01
1.055368028413132997e+01,1.055467490190962643e+01,1.045517344241046054e+01,1.052245745034408664e+01,1.055668137404985352e+01,1.062272533895317572e+01,1.060032154807441707e+01,1.062322568130622180e+01,1.051336088525889600e+01,1.049761444319513615e+01,1.056471001982508717e+01,1.062580606450474718e+01,1.054772826770893879e+01,1.059577685347486842e+01,1.060605344494551083e+01,1.044054784499726196e+01,1.068135410322881818e+01,1.057830213563211252e+01,1.058642535567704712e+01,1.065421597628044559e+01,1.054266048171580294e+01,1.057579182559850040e+01,1.060728218635467890e+01,1.061486990598880453e+01,1.063327505638290482e+01,1.058194487850738952e+01,1.042888144161843478e+01,1.059093654575845456e+01,1.062167885989080318e+01,1.059968365523838330e+01,1.060659233111645605e+01,1.052889248398554045e+01,1.055773251106858446e+01,1.060485568431291270e+01,1.058763371215851556e+01,1.046840284372597552e+01,1.058562521001721279e+01,1.050962737011973935e+01,1.051000486694527325e+01,1.049610128772795292e+01,1.056091219137822357e+01,1.062401278272033878e+01,1.054642643680631409e+01,1.054970522241902131e+01,1.063134401376073868e+01,1.056150752414546368e+01,1.057221984387176050e+01,1.059274413341642429e+01,1.056919226619240071e+01,1.067978712003317376e+01
1.044445852872889979e+01,1.035962402491174394e+01,1.051824153439897636e+01,1.051963260949487911e+01,1.044451099473996969e+01,1.046469827631094240e+01,1.058779061886039763e+01,1.052291291361888881e+01,1.054388913169940167e+01,1.048241439862873570e+01,1.049499015438678740e+01,1.060152406414327153e+01,1.051942084183584747e+01,1.048742342657069315e+01,1.053032000760896736e+01,1.050072036394252706e+01,1.037440508729683586e+01,1.039688271913039941e+01,1.043822095070259515e+01,1.052454686036462839e+01,1.049658083087358662e+01,1.049394411293539342e+01,1.052606318132155216e+01,1.050038486346909927e+01,1.050699927129027245e+01,1.058576296985140708e+01,1.051618596151387841e+01,1.045442100812778108e+01,1.047778983342635151e+01,1.051392815505674427e+01,1.058698916870161355e+01,1.044187451414854628e+01,1.050880977456004395e+01,1.051865258556742866e+01,1.055385977715804025e+01,1.049521992513236412e+01,1.053986905460268098e+01,1.050619082582943697e+01,1.055501148893166175e+01,1.047788622582425511e+01,1.044927139803082738e+01,1.040642641960107007e+01,1.046973313589448651e+01,1.046474386050618754e+01,1.041179850188823686e+01,1.044750171635883618e+01,1.053941370795954136e+01,1.050901417163309226e+01,1.053513855633767449e+01,1.037631934172783232e+01
1.043739136616490981e+01,1.045176943870324138e+01,1.040488760829783033e+01,1.043514126555837151e+01,1.044825430576070957e+01,1.042238512711401732e+01,1.040315687348018159e+01,1.039866080164960316e+01,1.042833081904283432e+01,1.033997235098678047e+01,1.046668529608140474e+01,1.039153034377205564e+01,1.038340594019893182e+01,1.047816800143665716e+01,1.042765556201829646e+01,1.046564458265181408e+01,1.038707170960184811e+01,1.026546483227527062e+01,1.048521879872961016e+01,1.033853311193834301e+01,1.037844172049375224e+01,1.046038995477249856e+01,1.038507722634202857e+01,1.045795016808080469e+01,1.039226541211854915e+01,1.043242385744042444e+01,1.044009532703524457e+01,1.042165730763419518e+01,1.052152024269394737e+01,1.052568999917763115e+01,1.043832245373745415e+01,1.044520293006501355e+01,1.039955893462562031e+01,1.045459666241486829e+01,1.047532550404427276e+01,1.039387181679003369e+01,1.044125484275287086e+01,1.032039866600426237e+01,1.042523292508867527e+01,1.039058485901477802e+01,1.044309934627144365e+01,1.043591511853845333e+01,1.051475769989330900e+01,1.050692432311420532e+01,1.045606472857843983e+01,1.041558039756360543e+01,1.034160001889815916e+01,1.039038205033298468e+01,1.036793341065346397e+01,1.041916071043113590e+01
1.018733835784095021e+01,1.022100574587100219e+01,1.028792405836905388e+01,1.031271768391914989e+01,1.034933660225661356e+01,1.033123595010490448e+01,1.037701663562967980e+01,1.035003265841976372e+01,1.034712008270932948e+01,1.030274458521928516e+01,1.031215896962755174e+01,1.026089521035770780e+01,1.040058165658336442e+01,1.029575805962304358e+01,1.029673324529721334e+01,1.035014723464169606e+01,1.023409211393217433e+01,1.031673986850382896e+01,1.027777223224483372e+01,1.035280480591011099e+01,1.029305157933426784e+01,1.025514556598541382e+01,1.037121800946990113e+01,1.038624324798111154e+01,1.033783751248395610e+01,1.028849141947439705e+01,1.039449600009620411e+01,1.035247072836242133e+01,1.026394887893380492e+01,1.028861904477427203e+01,1.028666743369453407e+01,1.024946993876816670e+01,1.028653751804411876e+01,1.029687663743179549e+01,1.030091520158780583e+01,1.034587877846978365e+01,1.038369895172775692e+01,1.040730059880939429e+01,1.032509283923895183e+01,1.036150945233142551e+01,1.035779362815000582e+01,1.018470168247424290e+01,1.038673001579150501e+01,1.038983846106056674e+01,1.025614736498494750e+01,1.031086177203689935e+01,1.027172819043238938e+01,1.025269365592397897e+01,1.038192282058652971e+01,1.029705232104847212e+01
1.017679886191676708e+01,1.020178232623463899e+01,1.025208250460340942e+01,1.023183684731963083e+01,1.027875088233945888e+01,1.016820068822095635e+01,1.020408161179604001e+01,1.016792917409691910e+01,1.019546893987450886e+01,1.019398188280789519e+01,1.020601332302475761e+01,1.017197729999462297e+01,1.020862104429075679e+01,1.028339005325375943e+01,1.012850978482078190e+01,1.014574408682848627e+01,1.028197527267597344e+01,1.025144383487393718e+01,1.026353222356549644e+01,1.022398473572894950e+01,1.010962836792461239e+01,1.020503808903982090e+01,1.024585497074943241e+01,1.020048443492961177e+01,1.028601986025744175e+01,1.025098830401737260e+01,1.019775942633576626e+01,1.016937366796745046e+01,1.022966694379267771e+01,1.010264315496571541e+01,1.023642366844982732e+01,1.017388227561700198e+01,1.015711444611277514e+01,1.033028773328582162e+01,1.013033858266316400e+01,1.019072924737346142e+01,1.007507512555621965e+01,1.023036515055811080e+01,1.024197753457428028e+01,1.019323507001634610e+01,1.024821911810917463e+01,1.012375363077403456e+01,1.019518883023929945e+01,1.013132971897786128e+01,1.017188359747251525e+01,1.013774255066907237e+01,1.027797482533347839e+01,1.014143079549129212e+01,1.016494541443681854e+01,1.018576237252939443e+01
9.978815302752895633e+00,1.004506594981353373e+01,1.015821765023402889e+01,1.006879635488611768e+01,1.007656070749622401e+01,1.010602970965011771e+01,1.010082546576678020e+01,1.019779181250033062e+01,1.000319733402957745e+01,1.009128007800057603e+01,1.005187006721648046e+01,1.008753316801431765e+01,1.006279893159919325e+01,1.011520089437507863e+01,1.016526453882806713e+01,1.007380348665038916e+01,1.017535395523698938e+01,1.007625383606503000e+01,1.005180201370838056e+01,1.002267502253037357e+01,1.009395400406067012e+01,1.018887335899684210e+01,1.006855249188753021e+01,1.014359376987978933e+01,1.009801159305491680e+01,1.013105340563599910e+01,1.019877253807749362e+01,1.007435044430483018e+01,1.016257154294021525e+01,1.013240423278500657e+01,1.003094096079206743e+01,1.013282066448124752e+01,1.000524204530122496e+01,1.001875217473933155e+01,1.009957749917429126e+01,1.004123447931685931e+01,1.016215915803967995e+01,1.012468461966722266e+01,1.015789247105880655e+01,1.009709833985726135e+01,1.005251549431292446e+01,1.006815691052292294e+01,9.961211395582100891e+00,1.015947565164462674e+01,1.007414404159420407e+01,1.008486851417161212e+01,1.005211123910376614e+01,1.004096910078254012e+01,1.012474928516613026e+01,1.008199737864680401e+01
1.000046518255648742e+01,9.985886346900121779e+00,1.000754264500907986e+01,9.988497363606787971e+00,9.980872981637364916e+00,9.983867142204598366e+00,1.000016473285719343e+01,1.001226827977674816e+01,9.965583579916215129e+00,1.001762526736783165e+01,9.920619366360220681e+00,1.003659728923552663e+01,1.006415678263434721e+01,9.973136839612696036e+00,9.975736758375656876e+00,9.936152127795166322e+00,9.832070532507897198e+00,9.984990480840508553e+00,9.877772385310020553e+00,9.958630885194267535e+00,1.003996382538847243e+01,9.953669002753535722e+00,9.989980368063385185e+00,9.944716091494926857e+00,9.988817197326318009e+00,9.874265266788741613e+00,1.005657877100863828e+01,1.002481434154238826e+01,9.964579686278090875e+00,9.938444680274658438e+00,9.988148494859055759e+00,9.976604834663632460e+00,9.920268246747189878e+00,9.937627576113964523e+00,9.957818382059823392e+00,9.911903851048178282e+00,9.966297386504260558e+00,9.958735231806608468e+00,9.934632231801836966e+00,1.002929821550236156e+01,1.004995548154190566e+01,9.938943830245737132e+00,9.976778985563848678e+00,9.928154695017981979e+00,9.972647763603260884e+00,9.939301964737442319e+00,9.904789958582139064e+00,1.001040680631071567e+01,9.976276086356486772e+00,1.003384404081840664e+01
9.930146270831293975e+00,9.880448585872830591e+00,9.779315702990636794e+00,9.832660390572250719e+00,9.883792735412693986e+00,9.831634013523814275e+00,9.838471015896864458e+00,9.846662099294423598e+00,9.851162637858049465e+00,9.884516950974527205e+00,9.839342416777684619e+00,9.959645771047787477e+00,9.773994586469026302e+00,9.828281679616079458e+00,9.911876361672865343e+00,9.806076674808354099e+00,9.757610088233663603e+00,9.848994135060520350e+00,9.861187179373512635e+00,9.883253315539059614e+00,9.954029262518135468e+00,9.825228191426230495e+00,9.817553055889982616e+00,9.863986182223444033e+00,9.820085045868523821e+00,9.834290477454231905e+00,9.930330628692155770e+00,9.915688678467116546e+00,9.887777372800131914e+00,9.825938352943961007e+00,9.812423716388099848e+00,9.844008181984349903e+00,9.800637801300521090e+00,9.895476924324647428e+00,9.787889441581885563e+00,9.799366347423591250e+00,9.774525473604041892e+00,9.819130166460116271e+00,9.900557458458825622e+00,9.830327039573353076e+00,9.937542261758711248e+00,9.745846475154381849e+00,9.809319814286787675e+00,9.747646269851047762e+00,9.882633097775803677e+00,9.909480715401846496e+00,9.771804639173605977e+00,9.829950883787359928e+00,9.778972553013913327e+00,9.857204773671870868e+00
9.649460745244272886e+00,9.595842640694170811e+00,9.729503687959191183e+00,9.680736360424299747e+00,9.752869283774696640e+00,9.762948175673615836e+00,9.654183426720258865e+00,9.656159066436540428e+00,9.686560683880804490e+00,9.704013478725521225e+00,9.805277854574340424e+00,9.680712041673766421e+00,9.645587869755653188e+00,9.607725242990509784e+00,9.647201238102654841e+00,9.669054658998776475e+00,9.704196761140346794e+00,9.718167132947952425e+00,9.768737820573162978e+00,9.736633587248968880e+00,9.711867317777555186e+00,9.604762612860318072e+00,9.650904079859486728e+00,9.777240204240053245e+00,9.713220494199344301e+00,9.658793553043311775e+00,9.706654937692153595e+00,9.730231405399653255e+00,9.651049996996027502e+00,9.748520751633448000e+00,9.631105250808399632e+00,9.664790187331293581e+00,9.737978401910666548e+00,9.737086022430522902e+00,9.727499918929149558e+00,9.777949029351031385e+00,9.633621981820169822e+00,9.611173315580037624e+00,9.829891162035535146e+00,9.687703730393083745e+00,9.647813700762080558e+00,9.676477982484152918e+00,9.657828183527422894e+00,9.699659280867694022e+00,9.661024361679499961e+00,9.618948172928847740e+00,9.668440983548281409e+00,9.678523434181609986e+00,9.810224306011416928e+00,9.752178192340547724e+00
9.523690229370297189e+00,9.409727055588950506e+00,9.566828537091788931e+00,9.596716659558106599e+00,9.501118092747178778e+00,9.535773487634740420e+00,9.466621182650445832e+00,9.501134112933428355e+00,9.555685704205702180e+00,9.468471630301705133e+00,9.548511952411161019e+00,9.552741476447641489e+00,9.574436566691797879e+00,9.596482351790644572e+00,9.388031497474550235e+00,9.516029201513143576e+00,9.551494976464805831e+00,9.435884599152769781e+00,9.503073866385456370e+00,9.463593725736044959e+00,9.547685390470444844e+00,9.520794145293072219e+00,9.452770843997095440e+00,9.524992637890772329e+00,9.591815321173470466e+00,9.606062738594062012e+00,9.529872896598382326e+00,9.610075051352003683e+00,9.499452577958120258e+00,9.584500130194657075e+00,9.486981772107764499e+00,9.526693546550461633e+00,9.585273536138291917e+00,9.486506447930588948e+00,9.581442352537768770e+00,9.536710550143981280e+00,9.507859430043158255e+00,9.524421939537329962e+00,9.571840928912072499e+00,9.603065768878831676e+00,9.510829570818263079e+00,9.660435805127169928e+00,9.534708605951289329e+00,9.524838496099697238e+00,9.524271393613021885e+00,9.604593692169832053e+00,9.600929517467129415e+00,9.584794864799778935e+00,9.624848724509107001e+00,9.545716372435780528e+00
9.372263381719152520e+00,9.378501340717926738e+00,9.384373876332206876e+00,9.364617709745568064e+00,9.320687458941117498e+00,9.398992506202407782e+00,9.349167362399484205e+00,9.417982849762738695e+00,9.410925342216721390e+00,9.380798028159711421e+00,9.341770199843836053e+00,9.398323876437448376e+00,9.385030175419984744e+00,9.375620859757386683e+00,9.345189251788253770e+00,9.340935336511824616e+00,9.443493237463348677e+00,9.359484697520306540e+00,9.407962481187190917e+00,9.439959929302325747e+00,9.387004066690915138e+00,9.302949161084407947e+00,9.339126147734818417e+00,9.409450529153636111e+00,9.458125191175973612e+00,9.397841154440669698e+00,9.437104089016754571e+00,9.452775004578462870e+00,9.399810799345528878e+00,9.472344061349593503e+00,9.583746092256104632e+00,9.319998150117864810e+00,9.433773698252545969e+00,9.407418524087439948e+00,9.474935229701898720e+00,9.396710791740437330e+00,9.468375756835243351e+00,9.418181604820802022e+00,9.329879544353662624e+00,9.346554261555320764e+00,9.429553998874565579e+00,9.362997595146890006e+00,9.254351687754754252e+00,9.353085258866810747e+00,9.426213499208845548e+00,9.412831852682119305e+00,9.318419993099087861e+00,9.431075410837612694e+00,9.362109045624539050e+00,9.344413350679957375e+00
9.403263250684252839e+00,9.233274372729709967e+00,9.269854394704545086e+00,9.224524011064982432e+00,9.090678941732790008e+00,9.286541398378693302e+00,9.290233425907610254e+00,9.276374720133556906e+00,9.183578206867819560e+00,9.151571540260382776e+00,9.201606916426005256e+00,9.073904141001296608e+00,9.145910189634856025e+00,9.283806560457149359e+00,9.233749922292609824e+00,9.252581797309895606e+00,9.157695241451884627e+00,9.174392023750604253e+00,9.187877025733529379e+00,9.231254067916509598e+00,9.234711261264862969e+00,9.217552271478620440e+00,9.145490833938563213e+00,9.196439944582499137e+00,9.148408557468476587e+00,9.190163734187370537e+00,9.263498566337972306e+00,9.305838218248648985e+00,9.243939676440499298e+00,9.229820404204504669e+00,9.335743865044667800e+00,9.308948160003181371e+00,9.233446665859547764e+00,9.226819281749845558e+00,9.213416911377745322e+00,9.130637617916073978e+00,9.254026318241741933e+00,9.295506756177957186e+00,9.220621139062989968e+00,9.277290857892181108e+00,9.169871605324004804e+00,9.179738918167727135e+00,9.236127364163287723e+00,9.148456845756832934e+00,9.243577894686128005e+00,9.202637851487819987e+00,9.179301613165190332e+00,9.131825016532001627e+00,9.272603601156344411e+00,9.307948993759248779e+00
8.853607652917247606e+00,9.043694514692697695e+00,9.002270481177008676e+00,9.131633952248385810e+00,9.049446423354847724e+00,8.960018561721808439e+00,9.005986710970363518e+00,9.070802502071730444e+00,9.017594801678969318e+00,9.168650380111813547e+00,9.096249020429151955e+00,9.024731720564620474e+00,9.075882105470844508e+00,9.107113134962883549e+00,9.024523619001071140e+00,9.123971306043333840e+00,9.017609165902126023e+00,9.071121423718714993e+00,8.989442990392031874e+00,8.955240895617665231e+00,9.078576603705126757e+00,8.966783507344784354e+00,9.105367598003820007e+00,8.979916014246169809e+00,9.117481929472146973e+00,9.037454165070895939e+00,8.974084436526226227e+00,9.056784419341244785e+00,9.046448714713283934e+00,9.050641412067394143e+00,8.960547781771520448e+00,9.054652616678492194e+00,9.072966175660164723e+00,9.032499567961780329e+00,9.154026364329974186e+00,9.021827031211826053e+00,8.997719102850535222e+00,9.086037185750482692e+00,9.067740694882417074e+00,9.184955384686819713e+00,9.092666630071297718e+00,9.046771293816652459e+00,9.006724179415769527e+00,8.961243699837231347e+00,9.025371060459381312e+00,9.088599533499042593e+00,9.081232668560351939e+00,9.046660276184482541e+00,9.002511415883077461e+00,9.023463714950700876e+00
8.927240673874077714e+00,8.800503274505206974e+00,8.914789948618384585e+00,8.851467530931799388e+00,8.857125669707349047e+00,8.857016939256672217e+00,8.788854274419939827e+00,8.773096497541404304e+00,8.821817783661739298e+00,8.833240596303086889e+00,8.950871108056100312e+00,8.900390387827721739e+00,8.986048452891942873e+00,8.894825361032211219e+00,8.867497559198545432e+00,8.878875674991240530e+00,8.957775098166242955e+00,8.839323258893038826e+00,8.779940104057704531e+00,8.811573641555902725e+00,8.925536292887906953e+00,8.840834721359902559e+00,8.899285124422542381e+00,8.891441806278225002e+00,8.824673346670692808e+00,8.846433038718537034e+00,8.890633569861639884e+00,8.816531200012580172e+00,8.798593095654036134e+00,8.976696561336689584e+00,8.884955575516503501e+00,8.870197142774383536e+00,8.887233347398082017e+00,8.834297789588289262e+00,8.825236020541483484e+00,8.708509388124753059e+00,8.838108924223819329e+00,8.945320636502364309e+00,8.858090510372941040e+00,8.853828969312603547e+00,8.781218215934339710e+00,8.856823400310688044e+00,8.856560676679116284e+00,8.893147200719996093e+00,8.784872838566515796e+00,8.969519218890399159e+00,8.838132032931945048e+00,8.915795910045652306e+00,8.787284960668786837e+00,8.889614211830382473e+00
8.761650356557597163e+00,8.608009783456292752e+00,8.744486169725419700e+00,8.610984011146468831e+00,8.637542554468730316e+00,8.680955028569879772e+00,8.611920246295420966e+00,8.682088197851108191e+00,8.618086731831413161e+00,8.727387065774763641e+00,8.617832063195786318e+00,8.688281788555610063e+00,8.599889136423000124e+00,8.655243408725809218e+00,8.617144045780726458e+00,8.739679394711519222e+00,8.676643594132654513e+00,8.681083484453939292e+00,8.616893871803215532e+00,8.665907616787341894e+00,8.724892035300374715e+00,8.688965812899024144e+00,8.701241423130195329e+00,8.635978540947784055e+00,8.764048102393060091e+00,8.662656517278337631e+00,8.669520233157971489e+00,8.695385956524003035e+00,8.743232549250732788e+00,8.762740866938719009e+00,8.693006884247068911e+00,8.704610578377877772e+00,8.775100286397384153e+00,8.632019140907354782e+00,8.671772375394047216e+00,8.622711839779904963e+00,8.716015301782340075e+00,8.584874314497485059e+00,8.692638877065094860e+00,8.607623445739401191e+00,8.605078820258507122e+00,8.718362073410453661e+00,8.694031226810986723e+00,8.665723272897087881e+00,8.630818443527378037e+00,8.648757601849666798e+00,8.737389240214728403e+00,8.739753886800922800e+00,8.679550746832223496e+00,8.728076681776276047e+00
8.463868419612323279e+00,8.520021064581099424e+00,8.497326252856964857e+00,8.568900185360904587e+00,8.581161694553284036e+00,8.540312259373772363e+00,8.446219382595433700e+00,8.432818675028507016e+00,8.429237488773544840e+00,8.410970150708021009e+00,8.474083487343024856e+00,8.516269986482349452e+00,8.447714949133850126e+00,8.512938410955772639e+00,8.428500121050245042e+00,8.477556257818006813e+00,8.417099775141542395e+00,8.446803490316487029e+00,8.467501256850569646e+00,8.435153972377305465e+00,8.377483659494409096e+00,8.464875126368291092e+00,8.524073523388357998e+00,8.516982541550147445e+00,8.510536422491727038e+00,8.510149345891042216e+00,8.474933590450138610e+00,8.418000147905932096e+00,8.458504931308945984e+00,8.418041775291181139e+00,8.479755569922224012e+00,8.563430259527894606e+00,8.500485662402573084e+00,8.496942689695902828e+00,8.428706012961061589e+00,8.496711144679412797e+00,8.459566617465283045e+00,8.446027396160543432e+00,8.401824233100196437e+00,8.484102590135824684e+00,8.554632293311176028e+00,8.465554356058152763e+00,8.428065979103172012e+00,8.543780167936967374e+00,8.492179923682590115e+00,8.380422187177162030e+00,8.567056503768554876e+00,8.438860801147178847e+00,8.477361065739536627e+00,8.406543663212461936e+00
8.259576183193052756e+00,8.271220193835228329e+00,8.187888651276956864e+00,8.187881274130315745e+00,8.295399736969990556e+00,8.148137887445614069e+00,8.356690137410614838e+00,8.326519879512712663e+00,8.290141374857080692e+00,8.264436433798467263e+00,8.279770835424985265e+00,8.320519441095902025e+00,8.335635946919957462e+00,8.259298289067604770e+00,8.239926966765436234e+00,8.240864399155032771e+00,8.170047214361932930e+00,8.296374404190988372e+00,8.257306716862403917e+00,8.270608932654614165e+00,8.209210771027041886e+00,8.309787081315164414e+00,8.137384210532374595e+00,8.331202569111448852e+00,8.198425732683196188e+00,8.260628546643451031e+00,8.357404228961335946e+00,8.275701664034951222e+00,8.267958612829946929e+00,8.224520774380655652e+00,8.265481793757491147e+00,8.316459316503847177e+00,8.366443834659587964e+00,8.406767667728516358e+00,8.262924561542384083e+00,8.252142084063960326e+00,8.251648724313474403e+00,8.212972648794570674e+00,8.234530906385923998e+00,8.212703678340687929e+00,8.298391665257078387e+00,8.306035594067701311e+00,8.254402389234178017e+00,8.287858041935662001e+00,8.241358991809097034e+00,8.273468549169333386e+00,8.197431215092954915e+00,8.255581336770450918e+00,8.269038524221995701e+00,8.328464806523960817e+00
8.128613678024230182e+00,8.091543344866334309e+00,8.026167571465844475e+00,8.033053172223823424e+00,8.130200405946959918e+00,8.113387368481726369e+00,8.041451052973590308e+00,8.020932379298281845e+00,8.061856976424147447e+00,8.088306628027721601e+00,8.086095676114590347e+00,8.067949375899370779e+00,8.001844985093937268e+00,8.135842279006398670e+00,8.112214208242567892e+00,8.043033052032946273e+00,8.028280440181218225e+00,8.140905197584803688e+00,8.039698327618459928e+00,8.154819822718177846e+00,8.033392474245188097e+00,8.062384067609956517e+00,8.122227824044605526e+00,7.979641419565104421e+00,8.017073392793092168e+00,8.069532282835421455e+00,8.044519410417173333e+00,8.114276541105468255e+00,8.001572637355376827e+00,8.062303831131336196e+00,8.115711694241710461e+00,8.033068135119972197e+00,8.050871228570299465e+00,8.044090337934061807e+00,8.057895858844618786e+00,8.117932588561901142e+00,7.971948473858112116e+00,7.994562816472200240e+00,8.150588796449204310e+00,8.094773332687516643e+00,8.118771275255628694e+00,8.072077703482216648e+00,8.041540704193037570e+00,8.061051666984335284e+00,8.129832050619075545e+00,8.057891887500195693e+00,8.095894610510647738e+00,8.060288750933102264e+00,8.013263833345298792e+00,8.117367991735163102e+00
7.884807677149478167e+00,7.891382045122049327e+00,7.861690832056820177e+00,7.842551638210927045e+00,7.900619692219101431e+00,7.916229564790086215e+00,7.797939145779973380e+00,7.904374740103641273e+00,7.893792084927564900e+00,7.794502500715726256e+00,7.782468710455034966e+00,7.877568306937543952e+00,7.846499009320929474e+00,7.864576207588507728e+00,7.859941230452226257e+00,7.809290445292005778e+00,7.813044238630549643e+00,7.764454136020560782e+00,7.939179615779397459e+00,7.928047190120294019e+00,7.811413376003057962e+00,7.811628716160911701e+00,7.875538293735870887e+00,7.838433843338087570e+00,7.946671293269780278e+00,7.868261416402160258e+00,7.877690196003755752e+00,7.791938114530696069e+00,7.874894512749829545e+00,7.886619072141300535e+00,7.804822953280289077e+00,7.780143522428513592e+00,7.804451398292983733e+00,7.814258813723698793e+00,7.809182107330737921e+00,7.882660663883636509e+00,7.906321993705076601e+00,7.839485808454663029e+00,7.794806117587101291e+00,7.836077355985214155e+00,7.840925673221190273e+00,7.816129651186397354e+00,7.756364828339957995e+00,7.871902520322215935e+00,7.865360644850781568e+00,7.815830726531508788e+00,7.826500620986670320e+00,7.811534618851204037e+00,7.766956183905222133e+00,7.866245328711305440e+00
7.552105896891712078e+00,7.620346587057817089e+00,7.620501157155028515e+00,7.560632657790593569e+00,7.546830894698138614e+00,7.637843503122420330e+00,7.725510013677876486e+00,7.581575778898784534e+00,7.565838080185748105e+00,7.642325211897104786e+00,7.606179276274251500e+00,7.639078985283375367e+00,7.548769217155735234e+00,7.614084132362938462e+00,7.636202240364207583e+00,7.651275960227980732e+00,7.569799236141106391e+00,7.629859890407851175e+00,7.608185225628463222e+00,7.647544960103812350e+00,7.573097213057398136e+00,7.666237714586886298e+00,7.613733829581522450e+00,7.585528991246735409e+00,7.692213356756047560e+00,7.659854065099568565e+00,7.584960463414905263e+00,7.552722728205384151e+00,7.584622420951191657e+00,7.640160083232224508e+00,7.654574192929191945e+00,7.635017107016193627e+00,7.599554858973181837e+00,7.605075361550966306e+00,7.668361405619132043e+00,7.627515405738479082e+00,7.601420223220970662e+00,7.693064539064359941e+00,7.660627899601194279e+00,7.581653185024323172e+00,7.608031590703912883e+00,7.552574086225115835e+00,7.634090099657917960e+00,7.606549162905690942e+00,7.557074979728108488e+00,7.610429911104676037e+00,7.643929567601127850e+00,7.707638011269150269e+00,7.582984054135179619e+00,7.566428681961634872e+00
7.392173996841182593e+00,7.361177776574887588e+00,7.389393884436922022e+00,7.475637881118140093e+00,7.367603950444300942e+00,7.371549393484905011e+00,7.468588109487736659e+00,7.384026127372798065e+00,7.337041824336722584e+00,7.425368230655061907e+00,7.284698399574377703e+00,7.379798405666502248e+00,7.459559914533152813e+00,7.436272376930942229e+00,7.516214120266520915e+00,7.402470825504371632e+00,7.305498942931808237e+00,7.413176004910483563e+00,7.446653049512502065e+00,7.498951546549855074e+00,7.386067279439912703e+00,7.388305708383401615e+00,7.413249412192270071e+00,7.443436170202390123e+00,7.456227094600754945e+00,7.478747233045048404e+00,7.452870166920819273e+00,7.462423210066114088e+00,7.321653014350811617e+00,7.355498679398401407e+00,7.326381653123050341e+00,7.388767458283052925e+00,7.401309165987869143e+00,7.295295056918483567e+00,7.425470122823692343e+00,7.394385157374125050e+00,7.352505232380305955e+00,7.458988628762927675e+00,7.400536572046968686e+00,7.446257553386534944e+00,7.513108561023211784e+00,7.425864722364894810e+00,7.437522661797743240e+00,7.386657283772500193e+00,7.419338833749537621e+00,7.455156000744990408e+00,7.445895989311447138e+00,7.487148310907624449e+00,7.499463139035275283e+00,7.351871875595174188e+00
7.277734831404767846e+00,7.192371838226459424e+00,7.211828546412787588e+00,7.200188104522703192e+00,7.085892818458153108e+00,7.116728902725884431e+00,7.184131134566038135e+00,7.167903719980941446e+00,7.235095858340484298e+00,7.238519128484097287e+00,7.105707040135730956e+00,7.094710394994472757e+00,7.110503516051426054e+00,7.207709528950405620e+00,7.208395647903951264e+00,7.195520605355630650e+00,7.174949308075952992e+00,7.154824063581257221e+00,7.182069155512928127e+00,7.150406276785183479e+00,7.119681278799685487e+00,7.163804194211514265e+00,7.217459506833829863e+00,7.198466107919780477e+00,7.136040053533589500e+00,7.124302271916604923e+00,7.101416557976247823e+00,7.192564125968761601e+00,7.102751212623038768e+00,7.155036886717391909e+00,7.057953682324972888e+00,7.117075537312724798e+00,7.063157568176903212e+00,7.218784071852263118e+00,7.176661626124319682e+00,7.190701441928732507e+00,7.184003350554793776e+00,7.136329845775406078e+00,7.180734601747385426e+00,7.129050393769984950e+00,7.183821120178529362e+00,7.128359479558513456e+00,7.165451046482352204e+00,7.252860072125439039e+00,7.152100514567883316e+00,7.261985913930794290e+00,7.162843972899519684e+00,7.167785152609786437e+00,7.243975545956673479e+00,7.186965398943950589e+00
6.935011745324641375e+00,6.936153606819060791e+00,6.934689373831364634e+00,6.895391690671890395e+00,6.957568731724205868e+00,7.001266047155372263e+00,7.009630672721239186e+00,7.043956644971724579e+00,6.894381970201913568e+00,6.956948766024541264e+00,6.976043281975284671e+00,6.923769710328687488e+00,6.836300687492339989e+00,6.897656139558994148e+00,6.978782163321416654e+00,6.989707031670504556e+00,6.959951585631353410e+00,6.917548243611298275e+00,6.952241233757766814e+00,6.944672657930063053e+00,6.954157156639346304e+00,6.878278017176089776e+00,6.934344150671551965e+00,6.984450632281792970e+00,6.862735647363414238e+00,6.941426303226998940e+00,6.931023471092467858e+00,6.911371316862584102e+00,6.910687336769361089e+00,6.910910313348711753e+00,6.956418445522335681e+00,7.007551866534693197e+00,6.850389519673501404e+00,6.978355440590836345e+00,6.941042807469303355e+00,6.991847672616542830e+00,6.951866154037947609e+00,6.940041352305700961e+00,6.912390038128200409e+00,6.960885725385077549e+00,6.952966922871728350e+00,6.941783250603755562e+00,6.942385683402161334e+00,6.922597054076046419e+00,6.883035468500146692e+00,6.881614492051116194e+00,6.900012773904978580e+00,6.919910588308663790e+00,6.953839863804539334e+00,6.924007737434353160e+00
6.661166488918342843e+00,6.632509088189812552e+00,6.683299554656867869e+00,6.722242301618099880e+00,6.769010720759180977e+00,6.647684554371894095e+00,6.736376556140521998e+00,6.699230852207651132e+00,6.683196090159000846e+00,6.724981913407533263e+00,6.618908873814877580e+00,6.682870998421354791e+00,6.698397556206543868e+00,6.672633324818040279e+00,6.777716591614213471e+00,6.709121371116745891e+00,6.663451565229013163e+00,6.634883090427920571e+00,6.778966217183852727e+00,6.644172349829142732e+00,6.667972849506830002e+00,6.710131994105472231e+00,6.711366709377629469e+00,6.737564466912978389e+00,6.758572065961238273e+00,6.745030216039608284e+00,6.687885328629262993e+00,6.702344551945595086e+00,6.709303366909805888e+00,6.603756059047562132e+00,6.605113406813677202e+00,6.675890642760895943e+00,6.664083249462671610e+00,6.607673603148168873e+00,6.717355585483472780e+00,6.723288621292944356e+00,6.689025883644756476e+00,6.651677164841022005e+00,6.707273869832309998e+00,6.655138896696541018e+00,6.691893855509729150e+00,6.727293269497923944e+00,6.691519813017123397e+00,6.764480277896724125e+00,6.656534059405777803e+00,6.679304876081187281e+00,6.707176123019405800e+00,6.669102116152067161e+00,6.662671072223601776e+00,6.610442023751121887e+00
6.580296189794871964e+00,6.505519043127774736e+00,6.434145400562841566e+00,6.551672248380739028e+00,6.462818987143885252e+00,6.446065440786752809e+00,6.416208955920005508e+00,6.479118501887657366e+00,6.463142995135194191e+00,6.459138253145540354e+00,6.516786105740479229e+00,6.463339650991245300e+00,6.496462129183393053e+00,6.516309770811555602e+00,6.400824476445103883e+00,6.603465168492356874e+00,6.476869051437389224e+00,6.460607493767819065e+00,6.474577707014294248e+00,6.540302914601292983e+00,6.359556094528527659e+00,6.446928153713734844e+00,6.495109958558896501e+00,6.560485573541221527e+00,6.431520246903962068e+00,6.415402515239552628e+00,6.444066610169358889e+00,6.405517319329218751e+00,6.430874236729260396e+00,6.436861372095169287e+00,6.477157337317457575e+00,6.373017025241761502e+00,6.419527806552016713e+00,6.439883105117964135e+00,6.507422593376104736e+00,6.517153248366606810e+00,6.437436294000181469e+00,6.465816333174932318e+00,6.442144948729781717e+00,6.488342391829408307e+00,6.437427914723071964e+00,6.415268460390416649e+00,6.426114663186141662e+00,6.521661128696975673e+00,6.456422329983343644e+00,6.347582670471121347e+00,6.473407356465918028e+00,6.494236340052221834e+00,6.450115517184792147e+00,6.441900990060786647e+00
6.163740027936060351e+00,6.219863808007445982e+00,6.260796659482361193e+00,6.226939991661195606e+00,6.236618627988524288e+00,6.213834726522943441e+00,6.183526351117031972e+00,6.166020400064475382e+00,6.217702247653011050e+00,6.245346343243848075e+00,6.233171849004164322e+00,6.187910212854117020e+00,6.192500978032144054e+00,6.246884162741031865e+00,6.278111181031598598e+00,6.208142240878785856e+00,6.177203600864965338e+00,6.158728489459257993e+00,6.205413369082743102e+00,6.155105790751385975e+00,6.208663439950697693e+00,6.169260171800712733e+00,6.161209131093836611e+00,6.136630131012988265e+00,6.304411995230448262e+00,6.237183055952442601e+00,6.203145692567048286e+00,6.240996977264480883e+00,6.180454347666072046e+00,6.240968401001927290e+00,6.171268043521250135e+00,6.230778964033679479e+00,6.175665811826052121e+00,6.195657797916936715e+00,6.238032641380676147e+00,6.175096909205247009e+00,6.202140216604272283e+00,6.220584954059580340e+00,6.124459521342722645e+00,6.268960489131378822e+00,6.320435989005977362e+00,6.168002828326233811e+00,6.178435869255893387e+00,6.298621320454381056e+00,6.212561677786714753e+00,6.185999392179812872e+00,6.159160870654531550e+00,6.239769322892040115e+00,6.271182569783639416e+00,6.179233116412264692e+00
5.907305119926004267e+00,5.937498936146427653e+00,6.074542778665366960e+00,5.989512808355781814e+00,5.947534480158085834e+00,6.001328481743235521e+00,5.946244805077347984e+00,5.925444633999890520e+00,5.956211379942369710e+00,5.931260581414479205e+00,5.989899126450894506e+00,5.902678647876685503e+00,5.931163555585158065e+00,6.045252550276142500e+00,5.974272349206350974e+00,6.009846421605011813e+00,6.017308040654119061e+00,5.945756952286910924e+00,5.923475369702941862e+00,5.961378689199192671e+00,5.971708636985588292e+00,5.920357436859841727e+00,5.934508601450909637e+00,5.986381376021284062e+00,5.902528839609087363e+00,5.961013361473726846e+00,5.962047994249582317e+00,5.887169122362443829e+00,5.967607674811021390e+00,5.884757278895045296e+00,6.006126980611008470e+00,5.963426788209305052e+00,5.975647489642876842e+00,5.945045026564542034e+00,5.897120196843965267e+00,5.944955053021207192e+00,5.973455887723498670e+00,6.026104688845737911e+00,5.993256035568007789e+00,5.938312519756993701e+00,5.921339509812136193e+00,5.906423371548476631e+00,5.975056303956239212e+00,5.902318795944857754e+00,6.010938286057476709e+00,5.886667275948338940e+00,5.903632670826488571e+00,5.973424171807161898e+00,5.896457078799259399e+00,5.948161509594388718e+00
5.683395485683278459e+00,5.740166001539167340e+00,5.752738958826034477e+00,5.649355145109247189e+00,5.728559164998072717e+00,5.674947078891563024e+00,5.740790788146425072e+00,5.711387940626718951e+00,5.688748558969054514e+00,5.748943303894964885e+00,5.678917745218848623e+00,5.697160480013513606e+00,5.716637123156385947e+00,5.762562967948182013e+00,5.712737146815496381e+00,5.679410274915279722e+00,5.688152329403461493e+00,5.697039633484688004e+00,5.688148674995188614e+00,5.675394024186032560e+00,5.628529505898480778e+00,5.610773232041755598e+00,5.635898309848306198e+00,5.717129409800790540e+00,5.696587648427752448e+00,5.680191026410182253e+00,5.713587450819537672e+00,5.694404789058510552e+00,5.733605734959295930e+00,5.646505454606687735e+00,5.658637832070397167e+00,5.662462443945335266e+00,5.778555789052973957e+00,5.678091089904254041e+00,5.737217019911358129e+00,5.670818324799382637e+00,5.670554127227238617e+00,5.709084559878074394e+00,5.709610296184681744e+00,5.657476889005941700e+00,5.693848605032711951e+00,5.642805482142425610e+00,5.700349906030527158e+00,5.747299579794614033e+00,5.712372782163981810e+00,5.688545124648569207e+00,5.752973298337193953e+00,5.690677336833768862e+00,5.759453085348547496e+00,5.685224747690436509e+00
5.454851338809789674e+00,5.468137079232965547e+00,5.395009527851623687e+00,5.408239812110648082e+00,5.380752643245585887e+00,5.438918004082584190e+00,5.499816706072136796e+00,5.432474651877562621e+00,5.504625581656355848e+00,5.467361036333152846e+00,5.489240375556008189e+00,5.377104536306167581e+00,5.429805566488387747e+00,5.463204336523807214e+00,5.466443520528565081e+00,5.499760551617295157e+00,5.410774535386736694e+00,5.510419648988662544e+00,5.404945475432595181e+00,5.508770800592288630e+00,5.477564443110270354e+00,5.371562783410359643e+00,5.427554747219064168e+00,5.459794356027248163e+00,5.480976483373267705e+00,5.493596691567081969e+00,5.382462063148540032e+00,5.424217250901911314e+00,5.415694928800292018e+00,5.408367211357889559e+00,5.471130950972292517e+00,5.479290834032186197e+00,5.445935889836106547e+00,5.519922490568287543e+00,5.529883390315124103e+00,5.437810145739257806e+00,5.463126650914021276e+00,5.446078867457209149e+00,5.399667883286323189e+00,5.446138795423594026e+00,5.468669085141250719e+00,5.397638170634479593e+00,5.362599268180869849e+00,5.421967784325019579e+00,5.386882491564136899e+00,5.358036287555826505e+00,5.418381786963680113e+00,5.446472029235657430e+00,5.366290850289827219e+00,5.445662314778791036e+00
5.187328479278185078e+00,5.196876824189539334e+00,5.162815115760622575e+00,5.183439384965449648e+00,5.181530040257564806e+00,5.141448505749554698e+00,5.270741035337302094e+00,5.144164779079552829e+00,5.228150074323260732e+00,5.256247459288932333e+00,5.150934772908582815e+00,5.254169860607881049e+00,5.226139922457723408e+00,5.175267510690313877e+00,5.194032649627267517e+00,5.187928615928647957e+00,5.176288979191335571e+00,5.174052653687294168e+00,5.136005860013452384e+00,5.241284090384834116e+00,5.257170206260119549e+00,5.183686072136865164e+00,5.163196699045691673e+00,5.215714193912101670e+00,5.188497443183972102e+00,5.196713996708989924e+00,5.126710272242231525e+00,5.257481228682019392e+00,5.189786762624829741e+00,5.209068459265294493e+00,5.184858421487746227e+00,5.189660834335440676e+00,5.226057115821860499e+00,5.237292135996572284e+00,5.105445500797503477e+00,5.204834910541162429e+00,5.187741671398395482e+00,5.215136768820022084e+00,5.212692921226757647e+00,5.179896250887317422e+00,5.215141258022200077e+00,5.107630801265582221e+00,5.167495774826342370e+00,5.196954452309052286e+00,5.184617566619714069e+00,5.159733508410521807e+00,5.172998272542017162e+00,5.215822387036799235e+00,5.206420183442027394e+00,5.176385787221057910e+00
4.893478145529644330e+00,4.904303055481243234e+00,4.929460770160851268e+00,4.889318550982300948e+00,4.971810680265360105e+00,4.901564779931494087e+00,4.997743462212547172e+00,4.883502637158081860e+00,4.891338620807100135e+00,4.947474701662099683e+00,4.897307892319872735e+00,4.926171522522891699e+00,4.924099313882631002e+00,4.949294760710975183e+00,4.941514561113498516e+00,4.875460606405863651e+00,4.989597060138769358e+00,4.928084108931346741e+00,4.982257232287958360e+00,4.912375107733218726e+00,4.912560893839496678e+00,4.956492057484961578e+00,4.852287210278603879e+00,4.935387228333907750e+00,4.900042937001481747e+00,4.874061290645731681e+00,4.923195729442746860e+00,4.875947471608262695e+00,4.958652288813791387e+00,4.986198079365744995e+00,4.970005629951574910e+00,4.968335988598220787e+00,5.009072187809176846e+00,4.928104166072471592e+00,4.958158006305263044e+00,4.989341069809094975e+00,4.924753587668641686e+00,5.086910319562511162e+00,4.918133927921046755e+00,4.961553108043203153e+00,4.955733488036615064e+00,4.928668042390427217e+00,4.981640115490601595e+00,4.913171317244646730e+00,4.910980654294064607e+00,4.930536498043241345e+00,5.013911530995467380e+00,4.903094925746502852e+00,4.880071523451131377e+00,4.961898040467367821e+00
4.692664521797785149e+00,4.625847398485988471e+00,4.683671771862831790e+00,4.705069294437195460e+00,4.691124434061744175e+00,4.733812445902002786e+00,4.694114737605541876e+00,4.646117911732865480e+00,4.705533202867231424e+00,4.708800135239847862e+00,4.716337756896815669e+00,4.587179960292608882e+00,4.661737164397656841e+00,4.685311829438927766e+00,4.680144470887962704e+00,4.684778937435996937e+00,4.685065185323867176e+00,4.753359334159706684e+00,4.744589187533906127e+00,4.656489872244070405e+00,4.695076816053425084e+00,4.685888104419479561e+00,4.683866074708388005e+00,4.697421467615377821e+00,4.710073086452131186e+00,4.689204745271890573e+00,4.694029828876298716e+00,4.635096538929655452e+00,4.686736481311456259e+00,4.667956527639047337e+00,4.630651523850004558e+00,4.711201648245222806e+00,4.698887486229416766e+00,4.660401049957171971e+00,4.704759253861288570e+00,4.757784780352272591e+00,4.677598586989680562e+00,4.683482667517933073e+00,4.695060014104304180e+00,4.624764071539018140e+00,4.634375789604190388e+00,4.614803754069654929e+00,4.673962419748537656e+00,4.677809476643542297e+00,4.681086521332948891e+00,4.691282819887127253e+00,4.674846404335172956e+00,4.730612512938051850e+00,4.551561933116441416e+00,4.659074842228299040e+00
4.444872807642822110e+00,4.476103308040617179e+00,4.479546784903930323e+00,4.416460957478473226e+00,4.467715554571536352e+00,4.470130393855332507e+00,4.462643073967441865e+00,4.475596452030420558e+00,4.466029538197434867e+00,4.356686584286606490e+00,4.444649049364326920e+00,4.452830379485936518e+00,4.415646435626998212e+00,4.442028599862338112e+00,4.512842922790426314e+00,4.404288034160130039e+00,4.400457241847738565e+00,4.472588253226412291e+00,4.417959633075542847e+00,4.490705404785999555e+00,4.445333744642976370e+00,4.422797462890614817e+00,4.411784882256549523e+00,4.438731466826545180e+00,4.509365790433218280e+00,4.392340101321700274e+00,4.401213792031052563e+00,4.524467621367786130e+00,4.397389866471092645e+00,4.429311200823619288e+00,4.476395807473729782e+00,4.411454385708831971e+00,4.406767696134076040e+00,4.369679693519552544e+00,4.362280588316371777e+00,4.400725624297850302e+00,4.499454279889391728e+00,4.407248853107212483e+00,4.382094700004067533e+00,4.432640581849248029e+00,4.378499971417878278e+00,4.456990587830208739e+00,4.519010160121535336e+00,4.457515471537021767e+00,4.432436901724161160e+00,4.378316067881680596e+00,4.391070872685832960e+00,4.416837576281797517e+00,4.494473960527104239e+00,4.432969671196274497e+00
4.177297836128738950e+00,4.205300547491128249e+00,4.186531487247450833e+00,4.184075892774459682e+00,4.175928610467846802e+00,4.172611853364405654e+00,4.112728672485591375e+00,4.205488559325050169e+00,4.164685373756973341e+00,4.245621210952501556e+00,4.215686329518486986e+00,4.186808867894669106e+00,4.177825822673331579e+00,4.150813095292311239e+00,4.079359798858539499e+00,4.169439938210527608e+00,4.182063828416076490e+00,4.205559435513874789e+00,4.170720163559055393e+00,4.131166295929540766e+00,4.149613361470640527e+00,4.160985956689831511e+00,4.154436599000956853e+00,4.168829237152732681e+00,4.226454404589952141e+00,4.166766863279345756e+00,4.250772996751220667e+00,4.173509776611514788e+00,4.182463786642691694e+00,4.140842114468755497e+00,4.188899202656428677e+00,4.056496224064102485e+00,4.168134878738902316e+00,4.198323868338955656e+00,4.126061262971144394e+00,4.135872183798875668e+00,4.229795668291693289e+00,4.167850289911967820e+00,4.154550274542669008e+00,4.158989735950770594e+00,4.146720624565126023e+00,4.179969869964468288e+00,4.153172578091117728e+00,4.147460075134218549e+00,4.187196507029754322e+00,4.128952401835535468e+00,4.157147176632581598e+00,4.154960334691871537e+00,4.165293005896346656e+00,4.153486560864021904e+00
3.889857305155582701e+00,3.894344164481993609e+00,3.935600534852616406e+00,3.872683601530039876e+00,3.948199653527415975e+00,3.947437326341042496e+00,3.958545766633468688e+00,3.929588893965267005e+00,3.898658138846606835e+00,3.920395590808684716e+00,3.949802104719265738e+00,3.882897629061369038e+00,3.842605934000994150e+00,3.969445973585308263e+00,3.892502523090331401e+00,3.924466982110000224e+00,3.976794312609024384e+00,3.883990123538101802e+00,3.949862454265213429e+00,3.950714537162089535e+00,3.910215265022119802e+00,3.896982830730495451e+00,3.915049955588889130e+00,3.926441658533306178e+00,3.964915844901101050e+00,3.976561988060863140e+00,3.924310864594050763e+00,3.903904437634492908e+00,3.986405565894004521e+00,3.855128145386397254e+00,3.997682653223542104e+00,3.896802732060469232e+00,3.835295026857151512e+00,3.872590525057395094e+00,3.920695798069453453e+00,3.938739734901261169e+00,3.888741930302573202e+00,3.900666909939531024e+00,3.810659244172663662e+00,3.869187206718999850e+00,3.907489743157620321e+00,3.924332770055439568e+00,3.944172548162722336e+00,3.860530365188717283e+00,3.911619675883684533e+00,3.889270827181501300e+00,3.931110344799643830e+00,3.857242373366646326e+00,3.907391359937487429e+00,3.916489102343234219e+00
3.635048426449202452e+00,3.647179340362190381e+00,3.738506185954133088e+00,3.720678096942111601e+00,3.642290601022029062e+00,3.695473285397075980e+00,3.627708269690654852e+00,3.734171505872528662e+00,3.664289268643988517e+00,3.672435379298043756e+00,3.661080851853469653e+00,3.678270996740093945e+00,3.637654307675843857e+00,3.710928619237218840e+00,3.673934411871655925e+00,3.709769496627943308e+00,3.658550923467118299e+00,3.663149096098200719e+00,3.641906529093533962e+00,3.674421273033168678e+00,3.683680717680012595e+00,3.673092531811160466e+00,3.644745932932783816e+00,3.594176129113713980e+00,3.646003472952336288e+00,3.628511059830490826e+00,3.724355323105186244e+00,3.730219436785453979e+00,3.630355076800384051e+00,3.647611482816677686e+00,3.674774493695656119e+00,3.674241931710917619e+00,3.696836739943663908e+00,3.661630739272523360e+00,3.717219508576413478e+00,3.642973541845070162e+00,3.639199463716610961e+00,3.695831876056697052e+00,3.703882731701552355e+00,3.682984932896196550e+00,3.645785224516786105e+00,3.660414263334514473e+00,3.692094486639051265e+00,3.695165859168597411e+00,3.668341507298952919e+00,3.633629931304524163e+00,3.680535812714655020e+00,3.610272768265056165e+00,3.677204590684367336e+00,3.691523842424211832e+00
3.447520394529933974e+00,3.422389518713252254e+00,3.417251158858337856e+00,3.421135963771262833e+00,3.444100416074775239e+00,3.325704196238524979e+00,3.444058220772916457e+00,3.428399249972421181e+00,3.403742384401119203e+00,3.393469599917484647e+00,3.480111308224327349e+00,3.484903220017131265e+00,3.483113352926119344e+00,3.431443818924258871e+00,3.399564375645972358e+00,3.472362413086282462e+00,3.397958300580993463e+00,3.375035714727873781e+00,3.491703240117709051e+00,3.424454213616015874e+00,3.389469235247663637e+00,3.437722919301163138e+00,3.381141287933625339e+00,3.432206961228320363e+00,3.387434205511512086e+00,3.407375239451200688e+00,3.429494956731932387e+00,3.408622539411518826e+00,3.377438578828462656e+00,3.428107592155960948e+00,3.433313934669856682e+00,3.440883244960445175e+00,3.387274603636366344e+00,3.386723345994287371e+00,3.425952247662059413e+00,3.381586868155033621e+00,3.386937428808082018e+00,3.415481203307418667e+00,3.482801764486720408e+00,3.385008762697512719e+00,3.380380737140964431e+00,3.417629167016222880e+00,3.426030480052602023e+00,3.371960766355257988e+00,3.440795170325598562e+00,3.420904861598939917e+00,3.387986333877854861e+00,3.429128796323503092e+00,3.414608991557877449e+00,3.384939596102066073e+00
3.210249496916591117e+00,3.173270872694738731e+00,3.177464170274304500e+00,3.203276242660823225e+00,3.148177083591408021e+00,3.120597226135400248e+00,3.119102512214386724e+00,3.198759189225338861e+00,3.198293044872480007e+00,3.184273578233014046e+00,3.169933248629507982e+00,3.132147325169650554e+00,3.157924343654584298e+00,3.195095116173976013e+00,3.176921926099052662e+00,3.055050642499650415e+00,3.220999842298421179e+00,3.107654932104251699e+00,3.225715450401898998e+00,3.218142313746851446e+00,3.145186443780947361e+00,3.131723815869332128e+00,3.135463321056481067e+00,3.210988374741462703e+00,3.147170207164181832e+00,3.176696193059157736e+00,3.211720082620403538e+00,3.149047917111356565e+00,3.170606412199298951e+00,3.172115928110994520e+00,3.165649927548832565e+00,3.110874105226185460e+00,3.166710645795685952e+00,3.202725789692378200e+00,3.182954116385370735e+00,3.167522226079422243e+00,3.184468376711200310e+00,3.171702916063139810e+00,3.171873278866879531e+00,3.145379869910376769e+00,3.151323096433429338e+00,3.206866451016928909e+00,3.232908636060333407e+00,3.209255394845619058e+00,3.203762965777230409e+00,3.198294051442985619e+00,3.161112719115814151e+00,3.190515802211094876e+00,3.175193978496881009e+00,3.122079921674659531e+00
2.933144489080964146e+00,2.926734769577369111e+00,2.956951707620707470e+00,2.878811310220923847e+00,2.941269841044737543e+00,2.957941838647613952e+00,2.942127235810621411e+00,2.943646690508153974e+00,2.955857928703744086e+00,2.910393127652088907e+00,2.897976979614247384e+00,2.973456368136632388e+00,2.950176696417076361e+00,2.881085130802634175e+00,2.908095285474467051e+00,2.884914745566768079e+00,2.929217961977120144e+00,2.878993459562586121e+00,2.926637546834410575e+00,2.941028380088333893e+00,2.916346531479021120e+00,2.919423755728461245e+00,2.954687520475356877e+00,2.953691123061886969e+00,2.910744925755132773e+00,2.984076494878006081e+00,2.946421289340912963e+00,2.946380394319579654e+00,2.941392904313228751e+00,2.951186417947228691e+00,2.901965631632176912e+00,2.956406662933467988e+00,2.937317595637098933e+00,2.877586522533075009e+00,2.933436217406696134e+00,2.995298964707722611e+00,2.913288264551449291e+00,2.927488161702156866e+00,2.983771767079154813e+00,2.964776854277615392e+00,2.933882700083007666e+00,2.925483090054630697e+00,2.952961505068006698e+00,2.857897418558171587e+00,2.923723838818879539e+00,2.888822598116660867e+00,2.939992866274707684e+00,2.919439003577911418e+00,2.953306079379203197e+00,2.882716775892770311e+00
2.684564147849971327e+00,2.690180391181990149e+00,2.696707169623926870e+00,2.684642981279682594e+00,2.692658462339900804e+00,2.693650760473831340e+00,2.705206318921450581e+00,2.747451509956635451e+00,2.665047904369807874e+00,2.705787057058916201e+00,2.694404019258804794e+00,2.701887226444226187e+00,2.652959012053207388e+00,2.717883669324614448e+00,2.697731417554875666e+00,2.661612677541615568e+00,2.743076176997673699e+00,2.752384722933023831e+00,2.704871848904439879e+00,2.710757480295344912e+00,2.730141305535219498e+00,2.714152111998089811e+00,2.686632454387438695e+00,2.698632546510272068e+00,2.667964607443133573e+00,2.698911121648572387e+00,2.707740267670602385e+00,2.699519964821951223e+00,2.717527286682915655e+00,2.718282629217284363e+00,2.698410786015355001e+00,2.659774430945788026e+00,2.687475184841435105e+00,2.733500565344041178e+00,2.700961127609815104e+00,2.635775842556797421e+00,2.681783000616512425e+00,2.690634371361635413e+00,2.672666487343313246e+00,2.685225482912508621e+00,2.715870920479710016e+00,2.705368760271948503e+00,2.699572437732337793e+00,2.696455712867220633e+00,2.723174164821131615e+00,2.776563701885537583e+00,2.686779536982464744e+00,2.728093445777604487e+00,2.683464920503479068e+00,2.681573709441218867e+00
2.462279157102450267e+00,2.503840812725230958e+00,2.498064918337700835e+00,2.486426614117228873e+00,2.481614086637221828e+00,2.462510915177161142e+00,2.483696240511094278e+00,2.475699706490146923e+00,2.452618896887176714e+00,2.452744536655737218e+00,2.426768963796664735e+00,2.530786519316420957e+00,2.448321352441126031e+00,2.454039699144338282e+00,2.451550149336980677e+00,2.474348188936963844e+00,2.495408638706812177e+00,2.447072800752168042e+00,2.390651458604588608e+00,2.472604352347956613e+00,2.457286716048337372e+00,2.429958048595468600e+00,2.450284745250899565e+00,2.463112367664049174e+00,2.435922978901261082e+00,2.482184548138195002e+00,2.496493698644381976e+00,2.441347601114119303e+00,2.464322391211806185e+00,2.470924588769102925e+00,2.448066666844600725e+00,2.446808019939673340e+00,2.450469894771398316e+00,2.479444003100480298e+00,2.432289863137615971e+00,2.478516032173350592e+00,2.484371865291707504e+00,2.402083484337143471e+00,2.460420960040751392e+00,2.417680024874810041e+00,2.487787169523908215e+00,2.453211632569189504e+00,2.484223766451520543e+00,2.503693289113754439e+00,2.451188728558820973e+00,2.441249272910416490e+00,2.479083442619962163e+00,2.458879032041511703e+00,2.432726467308222951e+00,2.524896608298925482e+00
2.228847337532576578e+00,2.215799448760717993e+00,2.225457603987337496e+00,2.228680686966072244e+00,2.211349824830044497e+00,2.208188026972887297e+00,2.257209861985817856e+00,2.220033200468322310e+00,2.223579225269923576e+00,2.226685170248201118e+00,2.224522281115476563e+00,2.190030437042013389e+00,2.208536845020562467e+00,2.225900587903360428e+00,2.226382656650456759e+00,2.232733151821835182e+00,2.216407899472217391e+00,2.222208224620544570e+00,2.225796535221876038e+00,2.246741295442147734e+00,2.195692729085740424e+00,2.228118550523630947e+00,2.240995695964887346e+00,2.248064991629426856e+00,2.219627934312098372e+00,2.200388458723977259e+00,2.198543112132293142e+00,2.231725128513879497e+00,2.205521151018541737e+00,2.241303992208322438e+00,2.189697430933791988e+00,2.223751853378430621e+00,2.242493399960226341e+00,2.260842565671028925e+00,2.232676942168564604e+00,2.180369460062232090e+00,2.180636079665178251e+00,2.206260297122940361e+00,2.249750068746021459e+00,2.218599243581989455e+00,2.241114456589194948e+00,2.217414070968482420e+00,2.255332529605211356e+00,2.258277941010261802e+00,2.323572657491158822e+00,2.228581658586123115e+00,2.193908126309860762e+00,2.249862196067517583e+00,2.209094129359148173e+00,2.282495051894917193e+00
2.006201919614194473e+00,1.962123337482648555e+00,1.969303259608178536e+00,1.999838896299918067e+00,2.035605649580602527e+00,2.025811897199619516e+00,2.002633267110815574e+00,1.998244469262760559e+00,2.006748556137626593e+00,2.009273084238386797e+00,2.036396894541120606e+00,1.983062796363664670e+00,2.018507186837493972e+00,2.019501657356867597e+00,1.999824612715199512e+00,1.989564648477551989e+00,2.027265482416638065e+00,2.034603233257232358e+00,2.013955487312146797e+00,2.014453074096770102e+00,2.036521377950870626e+00,2.013797460443639054e+00,2.019441369063516678e+00,2.001964486122750575e+00,2.037970396414656271e+00,2.011733048706025428e+00,1.992451522897122906e+00,2.038392400735172139e+00,2.002538555556173883e+00,2.037476216441053811e+00,2.059327702882935096e+00,1.967587937891962069e+00,2.007460617585627549e+00,2.003479532221564163e+00,2.040464177414730962e+00,2.014450293502562328e+00,2.061914836272840112e+00,2.018562795336819704e+00,2.031812471062020009e+00,2.013960379828291902e+00,1.986931971550842668e+00,1.966465724947295213e+00,1.992368476925643783e+00,2.027542180447018172e+00,2.003383175178075515e+00,1.971916995984531962e+00,2.004337998443802338e+00,2.020372926675582104e+00,2.022221078658283933e+00,1.984794537834906114e+00
1.822598545613151932e+00,1.778987048373075863e+00,1.807500294133063568e+00,1.838216002917792080e+00,1.822581549335625217e+00,1.847825432140835389e+00,1.770594668249723558e+00,1.781755615180254493e+00,1.811229693335565827e+00,1.789245218859849995e+00,1.781910681469974556e+00,1.766872138453191576e+00,1.782935793115609124e+00,1.766744003927321005e+00,1.773162245980197893e+00,1.789098570765281115e+00,1.798331213024058739e+00,1.800294343227262006e+00,1.821740110311369509e+00,1.825557825623235431e+00,1.797594034487449033e+00,1.812075306217163950e+00,1.833548455048052084e+00,1.817106207525318595e+00,1.781321640517210758e+00,1.811580722468256965e+00,1.839427468423211032e+00,1.838767256475925427e+00,1.782159827904237881e+00,1.779377677755968223e+00,1.800125288258875633e+00,1.818908048572869252e+00,1.790253134951772740e+00,1.828732439059528314e+00,1.780616796964549220e+00,1.776376667574102841e+00,1.874180361198312106e+00,1.797200600153018746e+00,1.798821272069776045e+00,1.834919520265911208e+00,1.818292335392633019e+00,1.823479245435592588e+00,1.758160972671446887e+00,1.798590075333554417e+00,1.781196062257853763e+00,1.828544324952677602e+00,1.797156767596930660e+00,1.822064688755377526e+00,1.830895524710726585e+00,1.789078436502479441e+00
1.572492885743955515e+00,1.627063267648877654e+00,1.608200853012520248e+00,1.543325392861400580e+00,1.578801965413909381e+00,1.584401989505250352e+00,1.614144209199302127e+00,1.577756470940637090e+00,1.581018865325996892e+00,1.600795042766151255e+00,1.609823230541212125e+00,1.592715649874382189e+00,1.590251814747050130e+00,1.606452779165269407e+00,1.619576719734288295e+00,1.607101274714499484e+00,1.584541583459257774e+00,1.585911782977291740e+00,1.596647794342311855e+00,1.603287619912243445e+00,1.582568960525215784e+00,1.570074324973598001e+00,1.620287191069608390e+00,1.616084514956193097e+00,1.599193121747498614e+00,1.589098705734531158e+00,1.583565596753905291e+00,1.595731534830153953e+00,1.585344202777699163e+00,1.567161860299120413e+00,1.595094406758445604e+00,1.595098642725064630e+00,1.620628226479179812e+00,1.621541302131194406e+00,1.607811072181250855e+00,1.567103375809524524e+00,1.547559617761527617e+00,1.590409209509888067e+00,1.561737624856061712e+00,1.589077177622098880e+00,1.616985337923029453e+00,1.571424098534804470e+00,1.601032183472424153e+00,1.625002038451215380e+00,1.606720769563907192e+00,1.578845160812099246e+00,1.596196562267959029e+00,1.570522484419921039e+00,1.597003049798596974e+00,1.526234607039538282e+00
1.396098205606832288e+00,1.383056724225141032e+00,1.429317158363987206e+00,1.398040457876001064e+00,1.355471820699561736e+00,1.401014111861686562e+00,1.391600223882948795e+00,1.402702103874124306e+00,1.405124551612960460e+00,1.381259553029682952e+00,1.394803629724351124e+00,1.398118327877837075e+00,1.361990065872268119e+00,1.407180706749307175e+00,1.368669065574637411e+00,1.383206557610360710e+00,1.433272094045783929e+00,1.419071170926344161e+00,1.414947142779902745e+00,1.354011232272361642e+00,1.388916191700638292e+00,1.401643525286345282e+00,1.378141789382911098e+00,1.410835549241486575e+00,1.407970302768451809e+00,1.365779298030350919e+00,1.377309374317056134e+00,1.376075407919633564e+00,1.389712847694031250e+00,1.395729347477906890e+00,1.389934357149366306e+00,1.378309899212061262e+00,1.402992402697986751e+00,1.364816960540842894e+00,1.420112613419231229e+00,1.390410235967054708e+00,1.402861720458241424e+00,1.378413870533978125e+00,1.377353731256254710e+00,1.376720844062617743e+00,1.414332941290285195e+00,1.363982819947539227e+00,1.403203682292505805e+00,1.396546313528677752e+00,1.417062209236551240e+00,1.386478753968893862e+00,1.420614682385616945e+00,1.429006831203858852e+00,1.382124441710571361e+00,1.405690537943319551e+00
1.219279457716637038e+00,1.209028730861897438e+00,1.223321529916076233e+00,1.206582484251500942e+00,1.193347552157954627e+00,1.217588515380684022e+00,1.197173082498481644e+00,1.176791159662044395e+00,1.233152125473895300e+00,1.234652557126029615e+00,1.178573981942463877e+00,1.261861019862782429e+00,1.187912493016324733e+00,1.198106171314519131e+00,1.195476877541182148e+00,1.224454042103993778e+00,1.180616947685390272e+00,1.185296432217803897e+00,1.191088461863277992e+00,1.186664646924647348e+00,1.190235945958651120e+00,1.183586215900622296e+00,1.189679219763816409e+00,1.211281419283844585e+00,1.157459209070440753e+00,1.191607989378423049e+00,1.212325109162996295e+00,1.196920946719764567e+00,1.204179798539158464e+00,1.222660284384698981e+00,1.193543954317374478e+00,1.198563097927957788e+00,1.192098339347070324e+00,1.211941448861924453e+00,1.179861868561805416e+00,1.198476593663049927e+00,1.201567078433566360e+00,1.200880884711490015e+00,1.236661741023668215e+00,1.203951101979301885e+00,1.205503562885363422e+00,1.196979171584665380e+00,1.193304171115140866e+00,1.211394741333311931e+00,1.211504210295383688e+00,1.213666127264054762e+00,1.164943494468693164e+00,1.202103270862282747e+00,1.213909199500759817e+00,1.205358161930751404e+00
1.002180158398809251e+00,1.015322688178683208e+00,1.046124695174249997e+00,1.033273269426086438e+00,1.028696707055765103e+00,1.018586111104688330e+00,1.025039536764766890e+00,1.030142175597566601e+00,1.021454595015117484e+00,1.008844394872712824e+00,1.022219457571171386e+00,1.014563989718965775e+00,1.033968857230328275e+00,1.014536311790823708e+00,1.031711532125442421e+00,1.033660434309980891e+00,9.885591318320775533e-01,9.975238295143444844e-01,1.026487685776384273e+00,1.017699189459709386e+00,1.021742336489572578e+00,1.036114704512400619e+00,1.008415596190408214e+00,1.034367356814261063e+00,1.013043249161636794e+00,1.020217089597106774e+00,1.029975759269415647e+00,9.950542222855588426e-01,1.011849625678556519e+00,1.016009175073934179e+00,1.020941045255631785e+00,9.985124666223483825e-01,1.008167205341050643e+00,1.027235606662288969e+00,1.013693796839469030e+00,1.036942507830660665e+00,1.002664920456446840e+00,1.017821025073120778e+00,1.029067755305325349e+00,1.017867770963092333e+00,1.033734223333942159e+00,1.042110240178375502e+00,1.003223826224981075e+00,1.034557782421521965e+00,1.004402211736158401e+00,1.035105982540432956e+00,1.030239986733406221e+00,1.002128988743511862e+00,1.019908039116777188e+00,1.017543611696998251e+00
8.567631384587625076e-01,8.605295941053605624e-01,8.486221409896366197e-01,8.556199169952027894e-01,8.587164075507145444e-01,8.312633918769798402e-01,8.692146660930990532e-01,8.541672137413768295e-01,8.628218338113328167e-01,8.626559104694128122e-01,8.711699901428088255e-01,8.327795881352531016e-01,8.527952271681669139e-01,8.664574246846055150e-01,8.562616059748663355e-01,8.565766614111915978e-01,8.506234802666439165e-01,8.595481732249220519e-01,8.450437989650970705e-01,8.803905910479932206e-01,8.618298173115697125e-01,8.417401251754884628e-01,8.573411637695107501e-01,8.446469282661214217e-01,8.851133275509891485e-01,8.849794076011509025e-01,8.797526627225621398e-01,8.596058098802188407e-01,8.506906876589471755e-01,8.573733225436966920e-01,8.619900392248504017e-01,8.781104877726660929e-01,8.916495940086398564e-01,8.613194582598129312e-01,8.329184507044661290e-01,8.535298885575981487e-01,8.547725537835605403e-01,8.543851028826749960e-01,8.364714478550007160e-01,8.282229118946985436e-01,8.578741801705498382e-01,8.769734139558835739e-01,8.692417904128565409e-01,8.733381451456814215e-01,8.726879718751168191e-01,8.609930828430897298e-01,8.326677922594253323e-01,8.517173273077979223e-01,8.341826297819326941e-01,8.375165706401780374e-01
7.086128130563584815e-01,6.941996365586078355e-01,7.164485914423008861e-01,6.831702488517598093e-01,6.668379847025557305e-01,6.899004781571257405e-01,7.056829329056564237e-01,6.889875461906482812e-01,7.014362434476494323e-01,7.148011375047640392e-01,7.118148158684652893e-01,6.996589047113376258e-01,6.935191844685574258e-01,6.749813023691961789e-01,6.900312237603820620e-01,6.875050038081444992e-01,7.063330571622374876e-01,7.062019776839107976e-01,6.747063891122081492e-01,7.204002373892804956e-01,7.169766558603606343e-01,7.000973639695901030e-01,6.916480631276020752e-01,6.893079891443204543e-01,7.129957181530276467e-01,6.907874041814356936e-01,6.983827447091126572e-01,7.097749515739355530e-01,6.924562671446404805e-01,6.832558807239497156e-01,7.108680125125115268e-01,6.938492766610895313e-01,6.865140200745327714e-01,6.952428863984015939e-01,6.962609766816441059e-01,7.111237347179784063e-01,7.071148805171161289e-01,6.925435637173609216e-01,6.977058813217797972e-01,7.000117876222243796e-01,6.673407820902771403e-01,6.992099134908281721e-01,7.052603508653196851e-01,7.100952094102833678e-01,6.806578325739555124e-01,7.031038332313767070e-01,7.021903426432374307e-01,6.895276295168102365e-01,7.030491711805004762e-01,7.072119751231951135e-01
5.535493835633190640e-01,5.549788809089731823e-01,5.626236627991777484e-01,5.282241500544776480e-01,5.703789042282149113e-01,5.596266216949735695e-01,5.611612362645417296e-01,5.457392050165865705e-01,5.632182659985428552e-01,5.349778632291731784e-01,5.477389545803573734e-01,5.665425243427970603e-01,5.734386744393878965e-01,5.745286037344109475e-01,5.768486331820178448e-01,5.640093477066870920e-01,5.282621112807931452e-01,5.484642773356805945e-01,5.567677572530704833e-01,5.434728403235189464e-01,5.475224536086549243e-01,5.505366156148554513e-01,5.416416845541187630e-01,5.468654677661445307e-01,5.564539502866154841e-01,5.628097736042609878e-01,5.530878578579133675e-01,5.515696661263727041e-01,5.324542195823355195e-01,5.746353489888051946e-01,5.503675529008809075e-01,5.500215289727762302e-01,5.645516454947947516e-01,5.534566829147387068e-01,5.629957367645093136e-01,5.421433364987412462e-01,5.625180343413460626e-01,5.582314704859003829e-01,5.620261389044456379e-01,5.443896650189260500e-01,5.693749744746805508e-01,5.476847760421377220e-01,5.386339779191282595e-01,5.536427183264246432e-01,5.597088031484328541e-01,5.572575295339193824e-01,5.604659281488444389e-01,5.557819975249458366e-01,5.470172231080273617e-01,5.429128304962755891e-01
4.040337549174314868e-01,4.309667055040803385e-01,4.185090996176820677e-01,4.262267580084926899e-01,4.181987168817518086e-01,4.108988591301172555e-01,4.294972713114127982e-01,4.166077360792789230e-01,4.234289779844973567e-01,4.257278272601379698e-01,4.122379010400091248e-01,4.392183031027993012e-01,4.222627974846180354e-01,4.264350230836942424e-01,4.419152701633123348e-01,4.220797844373570529e-01,4.200427323115528133e-01,4.381971148247162384e-01,4.351278326317746803e-01,4.096445128723950613e-01,4.218826309487620496e-01,4.176320710859510177e-01,4.339476859355625438e-01,4.300143587002007717e-01,4.367735092712309863e-01,4.232441917695418665e-01,4.370055076476949130e-01,4.297949489099605058e-01,4.195146391306368572e-01,4.188805681374381251e-01,4.173226874649129670e-01,4.292559252798523461e-01,4.312591483176083651e-01,3.984947322507197409e-01,4.117717791837577357e-01,4.173054176113650260e-01,4.346404682181396750e-01,4.215236294733907818e-01,4.318030175868173837e-01,4.246186604077770155e-01,4.184517393705681765e-01,4.323169572274322414e-01,4.235412968011414425e-01,4.092082328390213020e-01,4.131770394375839928e-01,4.236411368874308248e-01,4.193151350417618772e-01,4.252891818720729855e-01,4.313970845456970848e-01,4.267530543061045512e-01
3.080095905993747163e-01,3.102910296010616964e-01,3.125366215320470320e-01,3.070038871910466538e-01,3.058706112274744426e-01,3.075227852751380997e-01,3.177551150315368611e-01,3.034351784063926138e-01,3.164099026991452623e-01,3.029435024725486425e-01,3.098056402406001442e-01,3.063135730702513104e-01,3.121968472481367329e-01,3.142703302477690697e-01,3.137140196723230967e-01,3.071725763173218104e-01,3.172512688752893162e-01,3.050419373198950956e-01,3.042072584177465955e-01,3.064207753304165616e-01,3.048493994037723698e-01,3.114670200619297780e-01,3.133728384018248936e-01,3.086942613273736535e-01,3.090282453875640711e-01,3.151903348868620447e-01,3.187739453057539252e-01,3.117448508445418986e-01,3.014265983498229939e-01,3.151015188811571166e-01,3.113244382035371127e-01,3.056732491386618955e-01,3.018165810190303611e-01,3.035052759456497440e-01,3.095569796531711937e-01,3.050603359287352156e-01,3.077982268269360833e-01,3.021848658582789171e-01,3.112521092550258883e-01,3.105690455042978138e-01,3.074719172215025775e-01,3.025643025086445781e-01,2.989827216171144775e-01,2.967816531665418145e-01,3.195787994796965292e-01,3.141602515085981651e-01,3.156062347444536509e-01,3.052816080232763629e-01,3.017290034101898777e-01,3.118675208541770716e-01
