6.244070054877925990e+00,6.247004897935632961e+00,6.251144900056702980e+00,6.235036067421914296e+00,6.335050223501784039e+00,6.263269127278310755e+00,6.287563963514370080e+00,6.331894798815531189e+00,6.254461489083599446e+00,6.277201026374840787e+00,6.300308169326021002e+00,6.266605629247614218e+00,6.282624343759591667e+00,6.271907133954832680e+00,6.254425609702639832e+00,6.321022678963521102e+00,6.253674717179024789e+00,6.300015318749576210e+00,6.257859923023474380e+00,6.262180422387440437e+00,6.256081412485940518e+00,6.295836739774363089e+00,6.229259327506314392e+00,6.248468533387668167e+00,6.295907107851586026e+00,6.298874292621196247e+00,6.292310836857465617e+00,6.271819385152675785e+00,6.279561391891212097e+00,6.258283445967954606e+00,6.232189790689243836e+00,6.273402860549844640e+00,6.309746945521101047e+00,6.245772864618150066e+00,6.315804290856201320e+00,6.225049246001078451e+00,6.305489834664599336e+00,6.321819572876332671e+00,6.267879636274912514e+00,6.393441810378589274e+00,6.278178961373446221e+00,6.244513621232358425e+00,6.260493732638717113e+00,6.270461306713205119e+00,6.293571379913244890e+00,6.325628791301840081e+00,6.322694071982228436e+00,6.281346431559363452e+00,6.309733744309980352e+00,6.260606355027613645e+00
6.249933719887483363e+00,6.247166290109753994e+00,6.216993618077948369e+00,6.274929827259560611e+00,6.245843996187762315e+00,6.274834646071925093e+00,6.283297844611192673e+00,6.248646980753163049e+00,6.280610021687740741e+00,6.225358079572075987e+00,6.319789726636113159e+00,6.238530257244017996e+00,6.219907997746013883e+00,6.275621335176147397e+00,6.316393930423473080e+00,6.281255593243487034e+00,6.258881302062043517e+00,6.299783895869452088e+00,6.291424955172476352e+00,6.327351634289566817e+00,6.313539925923161711e+00,6.300184789807542707e+00,6.316293015917883835e+00,6.253740921617795046e+00,6.225398120549228587e+00,6.300404620993054650e+00,6.232461036846443925e+00,6.286567754282194720e+00,6.260154498520803301e+00,6.230959543939331269e+00,6.292318814024771889e+00,6.219909604333065722e+00,6.236868518274357065e+00,6.348669117267301765e+00,6.264193097119242992e+00,6.234786409712254951e+00,6.251347461302689368e+00,6.280044107264302511e+00,6.362831004396040768e+00,6.339329841981400371e+00,6.436807816339944921e+00,6.232891031754367539e+00,6.267006943246916428e+00,6.226308598651856485e+00,6.243346332136079369e+00,6.273152967926305834e+00,6.268734254248545135e+00,6.308100670346978411e+00,6.363768250041627716e+00,6.273640819750842645e+00
6.295875208172284410e+00,6.298491432915017896e+00,6.254022047076286839e+00,6.253566946890892098e+00,6.275691192369392546e+00,6.273254115153243049e+00,6.304732316166455242e+00,6.218928031067581408e+00,6.236149349312953838e+00,6.293540609302549882e+00,6.232725168501675128e+00,6.275492555922911997e+00,6.315270767930584839e+00,6.269671521036244144e+00,6.283405626904633223e+00,6.266135975259674140e+00,6.290564264149599794e+00,6.265137661289151616e+00,6.280314734363294349e+00,6.336819460026072548e+00,6.319181919796784896e+00,6.266432749033221228e+00,6.277711859251856374e+00,6.280164467018107821e+00,6.320152941528877300e+00,6.325528808247725898e+00,6.239227915268127589e+00,6.269556623052718436e+00,6.284934370016131311e+00,6.268733252485769292e+00,6.289711539085925729e+00,6.285934324099587300e+00,6.262691847755375463e+00,6.298104790820995724e+00,6.270750797684976341e+00,6.276277142773648343e+00,6.297183483197184906e+00,6.313296781638658928e+00,6.321009581024290114e+00,6.235525455311016430e+00,6.264646051323808251e+00,6.292398995497984870e+00,6.226501387540633203e+00,6.301565227477207820e+00,6.283004773059848169e+00,6.321976207123845448e+00,6.291603625868359195e+00,6.244758876547299664e+00,6.297463790334052014e+00,6.238628203697798469e+00
6.256514884235759411e+00,6.340768152458077900e+00,6.216200660990121030e+00,6.281505129592278358e+00,6.264630194454318790e+00,6.277728309475687496e+00,6.267498988776199376e+00,6.243126970228932926e+00,6.250995186267784831e+00,6.304412169636256280e+00,6.325378309010894817e+00,6.404875754850640313e+00,6.225799251350118801e+00,6.197051731131014485e+00,6.307928308646143734e+00,6.321878032471052400e+00,6.251696763256625822e+00,6.286810530758814686e+00,6.270560639250482460e+00,6.241601354890799591e+00,6.326563956027091429e+00,6.279266025702496812e+00,6.286077634613099541e+00,6.291043324130228598e+00,6.331854428842613736e+00,6.279753475047504807e+00,6.285386428698031658e+00,6.267495202334345983e+00,6.256564073255971081e+00,6.313704684366191699e+00,6.225242354448076831e+00,6.272366411643893969e+00,6.303567694084414974e+00,6.188689764878898103e+00,6.265340939618064375e+00,6.264751850483904150e+00,6.235329372659812464e+00,6.283296694622872103e+00,6.250106245523625148e+00,6.186208216767719925e+00,6.248995999522067635e+00,6.316044042755606824e+00,6.251643289837550910e+00,6.220307354254747345e+00,6.266013666553885031e+00,6.332079811120061130e+00,6.289526300556707916e+00,6.302384140250262945e+00,6.215629847275111253e+00,6.266108531000968540e+00
6.265792515658414885e+00,6.230104104528395581e+00,6.280986918498418170e+00,6.252905768595343972e+00,6.273161507203745657e+00,6.324480265280349123e+00,6.262298577649502818e+00,6.217508753798287380e+00,6.309009782966320756e+00,6.246297662011198071e+00,6.206738084959891211e+00,6.287268873551181692e+00,6.265998547813057762e+00,6.246648062193110640e+00,6.272126995171036334e+00,6.285654592416560327e+00,6.224924902292828577e+00,6.191224740452172526e+00,6.258525182950005927e+00,6.305656882433970267e+00,6.231170611752925304e+00,6.188235639042900083e+00,6.278490107006618359e+00,6.340633713458418974e+00,6.266224156945231272e+00,6.231345585619409988e+00,6.264611192277786955e+00,6.267489765772652710e+00,6.225430803438936067e+00,6.218924610781320084e+00,6.259609610726128537e+00,6.251265240014604707e+00,6.248349492371246150e+00,6.226708986630448805e+00,6.263872443782679156e+00,6.237185895138170011e+00,6.301048998974607684e+00,6.239949715926195850e+00,6.225554761174556084e+00,6.234713236494890509e+00,6.237144464756640083e+00,6.213203901362273740e+00,6.231180619181579949e+00,6.293398222433892464e+00,6.290475266302181012e+00,6.281711545876048852e+00,6.237533534832326865e+00,6.212609107816922105e+00,6.270633981762326670e+00,6.226286658885244130e+00
6.231955150717321423e+00,6.241409587198104347e+00,6.285585725945954216e+00,6.259212157092584938e+00,6.258549754969997991e+00,6.281375080835073454e+00,6.285082581996420004e+00,6.255837057475006624e+00,6.269259025487964543e+00,6.249412819482712322e+00,6.214902655294638478e+00,6.216817336974434838e+00,6.289112050218468752e+00,6.243685275284893699e+00,6.224542252887207638e+00,6.211926360364545374e+00,6.396105156387058344e+00,6.188122565970336275e+00,6.215898608428163996e+00,6.309470492133568698e+00,6.250329100022087303e+00,6.280133737362506352e+00,6.239793059686157051e+00,6.239980023804320375e+00,6.205879069761123468e+00,6.228591243529031374e+00,6.216928728738148280e+00,6.268017718886907730e+00,6.270475303540254508e+00,6.235675695234980331e+00,6.234971046058666033e+00,6.227171631911569527e+00,6.224975708058620327e+00,6.263341782538971891e+00,6.212473408585913681e+00,6.201426590326645005e+00,6.201151499013133339e+00,6.269504540385390179e+00,6.266778353279080171e+00,6.264445733152387064e+00,6.248016806477378893e+00,6.190547853337465156e+00,6.283724365810765988e+00,6.251583496854500765e+00,6.295695495560887700e+00,6.290233402797204221e+00,6.164380435792052637e+00,6.236440016890596461e+00,6.188795568566080263e+00,6.260106125387940423e+00
6.184881505636055543e+00,6.156336820853338665e+00,6.244536403285501081e+00,6.190882454182307981e+00,6.257011402462415717e+00,6.263554184491458621e+00,6.215137692532138658e+00,6.223657983731953891e+00,6.273813274162518105e+00,6.277607867277311904e+00,6.208560750436880049e+00,6.182470554522536688e+00,6.206142562848346422e+00,6.214309643652755177e+00,6.178366632499294298e+00,6.235412728628300094e+00,6.203496074773214630e+00,6.197792795329193360e+00,6.258422940725332673e+00,6.173590483171905063e+00,6.226460080224508253e+00,6.205637424203699126e+00,6.178083743063472077e+00,6.208384283329485775e+00,6.213194883188128514e+00,6.194639643032767040e+00,6.261360622331255676e+00,6.196693873537712172e+00,6.198035246715808633e+00,6.251644452331548862e+00,6.227129103166563873e+00,6.290784085101605250e+00,6.163363620061012682e+00,6.269879363171425801e+00,6.168231054524908608e+00,6.210026698119039956e+00,6.207465431857528415e+00,6.186939925517879857e+00,6.271238728407778851e+00,6.252550253612016995e+00,6.224623448097640122e+00,6.222601866141925342e+00,6.175284731351923462e+00,6.248593314139019306e+00,6.152439625374047871e+00,6.449107166262585622e+00,6.251736314208470979e+00,6.153567136568658391e+00,6.265176138049738164e+00,6.204658765787514518e+00
6.254846526866406187e+00,6.121449204773711017e+00,6.197578387812140654e+00,6.153090489464329238e+00,6.169475691873015144e+00,6.183396169318785773e+00,6.189439116203370617e+00,6.186191217322758895e+00,6.165864421625495417e+00,6.235732297041514549e+00,6.159106517688944571e+00,6.207383663959681108e+00,6.248041715001460439e+00,6.188230759532948433e+00,6.194622914970600469e+00,6.184695545011139828e+00,6.234605126022532140e+00,6.140839765054431965e+00,6.165381058324952868e+00,6.169606073505980781e+00,6.199908465546826619e+00,6.218574354041165542e+00,6.174549162638295563e+00,6.175965712873146884e+00,6.197063904080736485e+00,6.224824796493696688e+00,6.185036223246361153e+00,6.175685478822641628e+00,6.188569162721845096e+00,6.215026200414031976e+00,6.149208574174608977e+00,6.227894816070043582e+00,6.233852082028600528e+00,6.243610253572064117e+00,6.141845092061904765e+00,6.163918946802684040e+00,6.218365981462145697e+00,6.184729137016896416e+00,6.223938354590613287e+00,6.186621598473824868e+00,6.170007154645634095e+00,6.191783416736087453e+00,6.168758574539288553e+00,6.157180930915246542e+00,6.182480327636219464e+00,6.160555566086245882e+00,6.152021172144515049e+00,6.110336791164500347e+00,6.230885136751303399e+00,6.259042778521333616e+00
6.225016423501598339e+00,6.171678506723708324e+00,6.130239949065047433e+00,6.129768040608587043e+00,6.110903612583475031e+00,6.265968200509099084e+00,6.230040452608609947e+00,6.224053404358730113e+00,6.116236741006963129e+00,6.135411806308973759e+00,6.131313194186120086e+00,6.125096018278282983e+00,6.210194460503943858e+00,6.144677362058809322e+00,6.137501846000843031e+00,6.131471405329889102e+00,6.181538312932143064e+00,6.212502288312819587e+00,6.161700395114058537e+00,6.131880096793195456e+00,6.176266577314291517e+00,6.164353614493980338e+00,6.177481968789202860e+00,6.206024222563081949e+00,6.167553020044993950e+00,6.163292124931737170e+00,6.160916323266553363e+00,6.143327855002349125e+00,6.136992446480000751e+00,6.147250490740433726e+00,6.161587139319908424e+00,6.175367982260469901e+00,6.127840178271308780e+00,6.178693622575926803e+00,6.197718642969318736e+00,6.105685450936475078e+00,6.119040844793831369e+00,6.156637344998890704e+00,6.172609827746931899e+00,6.133418287676462910e+00,6.188291047785270393e+00,6.190684091430938452e+00,6.135762376026872467e+00,6.171633862467682974e+00,6.139122224783206683e+00,6.162703653148393634e+00,6.188097104915074809e+00,6.274252036177703218e+00,6.257512091442088753e+00,6.084240592160286454e+00
6.101774203423756759e+00,6.114824746315643544e+00,6.171875418761300303e+00,6.133031722374130190e+00,6.101821901032473683e+00,6.153891084605340289e+00,6.112821682637638254e+00,6.188810719092164625e+00,6.175917116240195348e+00,6.042370174634816848e+00,6.134948998038013634e+00,6.158656786605770428e+00,6.139159450774639204e+00,6.095635615044177058e+00,6.198766221023960910e+00,6.107305966348129722e+00,6.108768295391140413e+00,6.140141912645849409e+00,6.115440670438363036e+00,6.153879441711317178e+00,6.155363598838499151e+00,6.167435990583064687e+00,6.090962161878438863e+00,6.069768299773222076e+00,6.073210461957136097e+00,6.100711068685364502e+00,6.154247965724526814e+00,6.040051745514063875e+00,6.146406823221933990e+00,6.124092549934935015e+00,6.146800082373784946e+00,6.162700524846769667e+00,6.130926009586946002e+00,6.091099904393069586e+00,6.155257538910699822e+00,6.090946867755440586e+00,6.154876164050033793e+00,6.116993071939861970e+00,6.104197471834016397e+00,6.091633527680812676e+00,6.113687261641311821e+00,6.122252335107085663e+00,6.113056812691337605e+00,6.068010925841231362e+00,6.089900863985453938e+00,6.194265860693429104e+00,6.126776939095761598e+00,6.129082641668775366e+00,6.102317867494180703e+00,6.123384648280806530e+00
6.148410514537438587e+00,6.077301853186944491e+00,6.126533224156729851e+00,6.062008178102243683e+00,6.096918675277153810e+00,6.124762238262918324e+00,6.112060178652697573e+00,6.136822434708618879e+00,6.087336767706704954e+00,6.076970444122580695e+00,6.079341187513740863e+00,6.099475574651815890e+00,6.110835892193136054e+00,6.132970333334593072e+00,6.071234059235607994e+00,6.068276952552794867e+00,6.094121786004321528e+00,6.104513642063567502e+00,6.137781435349024761e+00,6.103682939372238714e+00,6.126445743523151855e+00,6.171961398912864993e+00,6.068655636190540825e+00,6.102134136490156457e+00,6.083021112741502812e+00,6.101142627481044300e+00,6.136828924728994217e+00,6.128237485652416439e+00,6.051169561501596128e+00,6.046368947747920330e+00,6.134012428674894046e+00,6.064333854494571519e+00,6.088059514777553360e+00,6.083498378489022862e+00,6.076196445551861558e+00,6.123468089916412893e+00,6.077269717991351072e+00,6.062681276481198367e+00,6.081479777943071596e+00,6.148924994198774918e+00,6.071045488256889833e+00,6.142110392950010045e+00,6.087806421423072933e+00,6.117326754421931412e+00,6.098690292391607315e+00,6.086286169702749937e+00,6.100629237206326216e+00,6.044056505366040000e+00,6.100854129006807902e+00,6.120486073259750803e+00
6.061726761416228015e+00,6.086002855572117731e+00,6.011957299808705635e+00,6.038961888842957038e+00,6.057923721031174047e+00,6.177907835152258720e+00,6.041845226302839045e+00,6.066969443733474243e+00,6.078717526891073142e+00,6.044901442382957235e+00,6.043168259200855097e+00,6.093422469451557966e+00,6.075031124910291069e+00,6.032506220087707760e+00,6.069432644238831109e+00,6.034874911197442238e+00,6.049112308580097519e+00,6.055742751919636291e+00,6.051412480895799639e+00,6.063003081163828689e+00,6.050863850155941748e+00,6.030867017294764487e+00,6.081864307762776534e+00,6.063515895651376830e+00,6.077684245977945210e+00,6.136302269910601126e+00,6.041757257176626261e+00,6.049914922107717530e+00,6.058836606233859889e+00,6.039620844400416466e+00,6.072373841882447110e+00,6.029639235554776988e+00,6.106650163089542005e+00,6.076216674787819017e+00,6.086771338237481288e+00,6.090015571305180231e+00,6.024293041511546321e+00,6.117825274328635210e+00,6.018088041227151130e+00,6.061125447649641451e+00,6.005016347671378263e+00,6.076764111665645451e+00,6.085799266967438115e+00,6.055044594169185501e+00,6.039113964358890030e+00,6.064193331669698317e+00,6.087636301979872044e+00,6.065649256377899867e+00,6.006891150126505430e+00,6.063403768136920391e+00
5.971445078729108680e+00,5.992763622690776337e+00,5.981441391844783517e+00,5.999896151007424905e+00,5.981735226330641808e+00,6.069227303114726801e+00,6.051886708415983307e+00,6.012580080284334549e+00,5.983356018367034679e+00,6.025544572523969578e+00,6.016944115427830475e+00,5.979866923017261193e+00,6.014768925520431075e+00,5.990055744218165223e+00,6.060346411284301738e+00,6.001824670449724231e+00,6.047056911062690610e+00,6.047848022594824791e+00,6.089023411362947336e+00,6.037067008870780072e+00,6.136679467321213721e+00,6.047245713254257637e+00,6.040211939775742778e+00,6.019146908989133848e+00,5.999467085176050318e+00,6.029848852177527085e+00,6.068860849935635571e+00,6.007239519806622852e+00,5.960727303263854360e+00,6.036853544196224775e+00,6.025831783217839188e+00,6.019562057158005075e+00,5.999375377094967376e+00,6.030415109165381260e+00,6.017231329625879255e+00,6.018777787466978779e+00,6.076039405413006911e+00,6.013618777766890133e+00,5.996359553453468827e+00,5.992869306386725547e+00,6.095488825282723511e+00,5.995542089942667907e+00,6.060719133558708727e+00,6.025959692380890687e+00,6.005089288907700329e+00,6.013735365753714035e+00,6.026696522756076035e+00,6.035385745862476448e+00,5.983955192202052409e+00,6.030441789606419078e+00
5.969172548356191044e+00,5.995013842523758463e+00,5.966241745066287017e+00,5.995046730550143366e+00,5.993041486582230348e+00,5.953480727264508054e+00,6.083189712135099292e+00,5.939198454971671204e+00,5.982975578616235524e+00,5.910091645211377198e+00,5.983665829748704645e+00,5.944104340827560229e+00,5.947767587690736768e+00,5.996403963245644952e+00,5.999151732742092236e+00,5.971006300316886950e+00,5.951976842791400379e+00,5.991767826398038288e+00,5.944672773623765671e+00,6.009322115227337946e+00,6.004204467518682087e+00,5.971516815497597719e+00,6.018508282714682522e+00,5.996239323806512367e+00,5.990307214457772034e+00,5.982873382773613358e+00,5.952363141747123443e+00,5.974147290237098673e+00,6.006272552760989925e+00,5.965957840512740695e+00,5.952024585573341575e+00,5.958915676386154381e+00,6.003432027887747324e+00,5.945708068266340796e+00,5.934648191524744654e+00,5.971383832081381904e+00,5.981955694979587790e+00,5.946269701578021483e+00,5.947317410089345557e+00,6.030840117184548710e+00,5.971531048048851709e+00,5.935365966594019049e+00,5.949147836700824143e+00,6.003258355796182499e+00,5.992052253434476228e+00,5.922930359641245701e+00,5.991127030823236943e+00,6.023742249970253759e+00,6.052948052361310616e+00,6.161379031848677634e+00
5.914519503037511505e+00,5.865575834310186920e+00,5.947673618365858950e+00,5.904324091563533550e+00,5.953430220655778093e+00,5.898098026065005328e+00,5.901510910242157237e+00,5.884027266697290592e+00,5.907956037293730311e+00,5.892535312454930896e+00,5.917423052109386461e+00,5.930754029180031139e+00,5.950975887971399203e+00,6.016172339580484696e+00,5.951080331202878604e+00,5.954996519152735424e+00,5.954069165236717254e+00,5.881988411405546735e+00,5.930260647526962359e+00,5.887234256008229139e+00,5.942036930458546529e+00,5.902505635456597233e+00,5.928122177565970929e+00,5.934171279807108235e+00,5.936085367107808430e+00,5.924710747967001367e+00,5.899904867145188803e+00,5.907595549120237877e+00,5.877875921250933722e+00,5.896433746358247241e+00,5.920083136506693045e+00,5.925121170461494557e+00,5.901366739533066230e+00,5.925927612928126642e+00,5.934667068347177832e+00,5.891374882889443221e+00,5.940971428071928351e+00,5.946813085119995179e+00,5.946713315467247796e+00,5.905572484433895042e+00,5.919792737752817224e+00,5.901869763333921881e+00,5.932896024814978908e+00,5.950048586688898133e+00,5.893543167978446462e+00,5.918690533822489108e+00,5.881523720485037465e+00,6.004134488851562423e+00,5.926374270708440584e+00,5.926380122651019100e+00
5.928187166740254810e+00,5.852842671964612720e+00,5.817181328675173901e+00,5.857947923072121199e+00,5.918216892428153741e+00,5.887370223567171656e+00,5.862374109845871928e+00,5.888507039814253829e+00,5.877897261136173945e+00,5.849066537505882124e+00,5.879912281523514750e+00,5.948718266834446489e+00,5.883125815491698773e+00,5.870855058650802150e+00,5.927914600792049349e+00,5.845952823796546127e+00,5.908668713110220239e+00,5.931553480443134241e+00,5.843335043424103148e+00,5.882379214698779002e+00,5.812548814577334078e+00,5.882960129333847377e+00,5.946593237631306650e+00,5.844638744430190158e+00,5.851282240653333133e+00,5.868931674831536327e+00,5.889361552496578334e+00,5.920275346289926688e+00,5.939487948401450446e+00,5.864182973092965767e+00,5.845666435303233044e+00,5.867614993003279267e+00,5.806629555083896221e+00,5.856944159445757414e+00,5.840021580185370098e+00,5.921953158785606242e+00,5.833969503597882245e+00,5.830950631467055167e+00,5.831350086385514331e+00,5.845050689240505193e+00,5.915399361849189575e+00,5.899839385706255435e+00,5.837117469992229246e+00,5.872052247085829180e+00,5.876630879466208768e+00,5.896355803223930714e+00,5.825783705240848320e+00,5.849115455950467890e+00,5.868864275828056698e+00,5.836332390469847198e+00
5.767245634916424279e+00,5.822905575418043433e+00,5.807011015830485512e+00,5.892672100936829693e+00,5.821045355826349521e+00,5.797865816993313715e+00,5.805600776872522850e+00,5.824466788965152908e+00,5.791424903523590295e+00,5.764504361501937346e+00,5.812671810601145239e+00,5.822774457734982256e+00,5.801744301285961747e+00,5.822679141032074845e+00,5.776433546513176864e+00,5.789660356278861109e+00,5.840944301331854049e+00,5.790208972763233319e+00,5.773125814570333247e+00,5.848379998615390818e+00,5.828613318405556853e+00,5.802849579977616301e+00,5.843162525086729175e+00,5.863596373593854771e+00,5.824843025453477985e+00,5.829845058253801504e+00,5.829504208757396277e+00,5.780687436979992988e+00,5.787968118640435478e+00,5.834768896515416081e+00,5.855843719525138269e+00,5.842338114915256675e+00,5.799576688921406209e+00,5.785597460644526180e+00,5.802745451162190982e+00,5.895330703189944010e+00,5.784227568647017037e+00,5.824740326706218774e+00,5.837578039531694074e+00,5.822156755670886419e+00,5.790245953048492211e+00,5.877925472536053242e+00,5.827498392819154382e+00,5.871609415637693452e+00,5.880157149304071851e+00,5.806307669736780142e+00,5.775129938260036511e+00,5.870193971730208737e+00,5.787442323765219498e+00,5.760688319309980265e+00
5.784378970824093358e+00,5.772521619720029307e+00,5.783665382927639875e+00,5.748445311904053057e+00,5.745704637652068847e+00,5.740776807437799611e+00,5.747901538780832098e+00,5.793551312011947729e+00,5.755830895772371392e+00,5.744084461215020809e+00,5.769804334420827630e+00,5.763184588838679012e+00,5.779638663735255477e+00,5.725931263071005972e+00,5.738013948855986257e+00,5.718414223661503648e+00,5.703344512622471996e+00,5.759125046018893634e+00,5.752216855868169887e+00,5.753019824150784167e+00,5.797804491042509056e+00,5.718684201480539464e+00,5.761015275101334154e+00,5.754525450330417513e+00,5.715379239148158597e+00,5.739896335285054718e+00,5.790137139105779873e+00,6.002191147914582636e+00,5.797647999726779133e+00,5.716169398144052671e+00,5.720632757407278390e+00,5.786172040366075464e+00,5.738605010850420740e+00,5.758418497394897528e+00,5.775230654707771194e+00,5.806437908321227859e+00,5.763241258749980389e+00,5.723070149050889732e+00,5.783653075956430634e+00,5.764025086993622260e+00,5.729557079508194484e+00,5.765696337902381785e+00,5.695209224956771621e+00,5.742025005345483990e+00,5.740313928791708875e+00,5.732782301794844493e+00,5.777457344509230985e+00,5.734399500732599186e+00,5.744573952154416574e+00,5.752033680231540380e+00
5.680823819950694187e+00,5.709425601611274104e+00,5.721993999364941352e+00,5.713411240135602753e+00,5.653411280468490396e+00,5.666327572268277102e+00,5.694236964666240297e+00,5.676935214864394119e+00,5.681618705587053952e+00,5.717829402468094457e+00,5.711074873904887106e+00,5.663583118877754785e+00,5.774866610371778286e+00,5.670857178512910934e+00,5.686098839131152438e+00,5.658175311220348114e+00,5.669772139365264252e+00,5.724280037308590252e+00,5.685990713660700635e+00,5.666651881664532375e+00,5.706185881016269335e+00,5.729878459193169071e+00,5.692670816791773447e+00,5.730226652192474290e+00,5.709844712621275242e+00,5.687829342393212251e+00,5.723251234895676554e+00,5.722209473985715888e+00,5.700947372083928322e+00,5.635320672997768732e+00,5.764976139259258225e+00,5.834264831551483788e+00,5.715260565169876905e+00,5.708119152224114146e+00,5.713276291486136138e+00,5.687360064479452859e+00,5.641645481899526082e+00,5.710052643435228781e+00,5.707097684565088258e+00,5.674862638361481082e+00,5.728178662320026149e+00,5.730544671843757598e+00,5.649508250828287892e+00,5.674828827342133231e+00,5.631886200258497510e+00,5.658733780822767123e+00,5.896458673271287587e+00,5.684186731148175298e+00,5.843555384700033883e+00,5.628238255037049775e+00
5.656543444608557181e+00,5.631218319012075035e+00,5.594175010871115461e+00,5.657929167645738389e+00,5.620332130155182959e+00,5.613562160064841322e+00,5.623518904923260564e+00,5.656602205303800979e+00,5.610162514894765806e+00,5.609402048655366180e+00,5.631722945839801930e+00,5.700408971729889807e+00,5.661829798315777040e+00,5.617373377027963244e+00,5.650344422945379641e+00,5.670318116798811481e+00,5.622542197912334672e+00,5.658261928046609768e+00,5.611257296861262844e+00,5.608820384822592153e+00,5.659500394464878958e+00,5.664814951874460824e+00,5.613557576717259856e+00,5.631224489232131702e+00,5.657111396447092488e+00,5.640637398797807123e+00,5.664724138462668535e+00,5.764987184505612205e+00,5.598204909151729858e+00,5.645758730180651774e+00,5.646340115471680576e+00,5.601069329735467228e+00,5.642151250188238265e+00,5.613039546265120805e+00,5.649241169434501053e+00,5.673530645065159028e+00,5.632137474202724370e+00,5.649143201936806413e+00,5.641101763298673077e+00,5.603965588160366273e+00,5.679337146226156818e+00,5.646425965642639433e+00,5.626883743847188590e+00,5.624940978346617548e+00,5.573939683552299407e+00,5.611751305965445802e+00,5.557446172917209104e+00,5.651137209935405359e+00,5.644172184320487062e+00,5.579252925654472506e+00
5.523266784335092439e+00,5.563181666786164214e+00,5.731909701695997228e+00,5.576517854647034866e+00,5.527899606194760729e+00,5.585718754923601814e+00,5.573776524097916685e+00,5.554201665670038146e+00,5.564383384764228779e+00,5.535625225976367858e+00,5.556943189375754599e+00,5.541113838766249522e+00,5.636405556893064883e+00,5.554251655081717587e+00,5.624774336364622762e+00,5.558538576282454180e+00,5.567851780520549632e+00,5.566777277422743531e+00,5.625236609940795773e+00,5.570325613430405554e+00,5.612462061516185763e+00,5.570375210875454286e+00,5.532387928627100493e+00,5.572174348938826682e+00,5.540459592528184984e+00,5.489100068298172985e+00,5.567988648425546749e+00,5.624950028619974063e+00,5.584293228777845286e+00,5.561312240688352837e+00,5.580390145583391970e+00,5.525516637929055008e+00,5.526842884427987990e+00,5.576136771166759765e+00,5.556670767767256436e+00,5.568011017449292943e+00,5.552208821848987341e+00,5.587685326523645024e+00,5.619555372455431019e+00,5.555132421423509825e+00,5.550855578207512409e+00,5.569688325103631321e+00,5.545293058741910919e+00,5.544053763278967928e+00,5.550768107007374219e+00,5.541988733730367933e+00,5.515168520793533702e+00,5.493817175798876740e+00,5.523886205749335865e+00,5.572976449961997147e+00
5.483914090603614788e+00,5.429549906934134640e+00,5.587361352945582560e+00,5.539317457488801111e+00,5.466943640087047029e+00,5.461637713254255289e+00,5.413824363655073135e+00,5.517344885411738176e+00,5.429756269864794760e+00,5.513406028947350990e+00,5.432486528201058817e+00,5.500839599151771786e+00,5.456653616081951874e+00,5.467479515584067862e+00,5.476015203723007652e+00,5.475863442490048527e+00,5.473318121668104830e+00,5.444127669915569179e+00,5.503067174047465038e+00,5.481624481343702726e+00,5.472934127794149894e+00,5.503074664853261133e+00,5.534464542814233390e+00,5.442328284020858220e+00,5.428529848890036646e+00,5.466644626230043436e+00,5.473106134352236474e+00,5.423140566390650896e+00,5.470659027821115572e+00,5.489655326879909758e+00,5.490693738949413927e+00,5.505946249772781798e+00,5.454845351355714911e+00,5.457580584229560827e+00,5.489847501283667164e+00,5.539300697246402727e+00,5.537266720797892283e+00,5.615662918996678243e+00,5.507924156714191000e+00,5.458974615091193527e+00,5.594303864793867653e+00,5.544320839152397262e+00,5.431794216685768006e+00,5.522241127395025373e+00,5.524641925075788329e+00,5.471707178301308261e+00,5.456795224762998053e+00,5.438401786610268296e+00,5.516178337339347593e+00,5.463323163428491114e+00
5.739694497735209566e+00,5.442682960230721179e+00,5.444326342426309751e+00,5.403418090994057010e+00,5.412897317500401151e+00,5.412908984830072434e+00,5.457382906532830091e+00,5.403994811669305065e+00,5.427590147571938139e+00,5.403045480582485460e+00,5.382849100102881756e+00,5.371070478346579691e+00,5.442502965044147878e+00,5.399177339190272207e+00,5.488819735945859257e+00,5.359073329440660061e+00,5.407235327151609816e+00,5.391769090302219070e+00,5.360187306802470353e+00,5.479105116032382483e+00,5.442228362873859915e+00,5.422058251397399609e+00,5.333970937819469960e+00,5.429253173593660442e+00,5.338301981138852348e+00,5.397766800565487522e+00,5.372712581711739155e+00,5.440883346213460925e+00,5.467058520203011085e+00,5.426728952655629712e+00,5.371267734387526360e+00,5.439614269850068240e+00,5.374691372355552055e+00,5.439830592404524268e+00,5.369004013435080047e+00,5.419857396181486209e+00,5.432107424917662186e+00,5.388132166681309343e+00,5.390289640781821490e+00,5.442739722724961204e+00,5.454229758766854452e+00,5.406403095646328261e+00,5.340969321675038017e+00,5.398772308820184662e+00,5.385085985906195027e+00,5.405511550552422051e+00,5.397760252837313644e+00,5.364116826635146218e+00,5.329030017290859789e+00,5.454028017452836608e+00
5.367658892090420686e+00,5.325357536739546482e+00,5.319904784872791836e+00,5.313754815270246290e+00,5.336454138644440626e+00,5.269501158580488287e+00,5.322333027619378321e+00,5.270002627049716892e+00,5.355198201660951618e+00,5.339964967803555673e+00,5.284967528183471153e+00,5.304790830751579200e+00,5.281262728487178926e+00,5.292967116241752201e+00,5.303220894953398101e+00,5.339073566346371535e+00,5.290072957357462080e+00,5.326355736749155412e+00,5.297255062567934658e+00,5.282506867521071570e+00,5.256508411184919183e+00,5.289252417365728043e+00,5.373205469441083793e+00,5.332611780939727986e+00,5.423383761821811255e+00,5.358406198697153400e+00,5.338190122212462363e+00,5.336003856874130591e+00,5.323166174147682561e+00,5.292849145033326153e+00,5.282647699379569239e+00,5.407486435140617331e+00,5.352368286880363257e+00,5.369704703556842595e+00,5.292628880856815599e+00,5.241724025907424256e+00,5.304718426398910225e+00,5.345036947788743831e+00,5.326215221332716965e+00,5.380527852933306043e+00,5.375896089827795876e+00,5.346791204070009407e+00,5.305567875038572190e+00,5.403422505329917414e+00,5.364614132312404138e+00,5.331313045642631643e+00,5.341744300400992351e+00,5.309332256638020553e+00,5.352212889228143311e+00,5.304872271715226795e+00
5.287124349412688495e+00,5.218215926305143526e+00,5.257690314570511170e+00,5.246152856754012994e+00,5.176275664941634602e+00,5.222206617489169922e+00,5.215013943159508614e+00,5.327354354409422399e+00,5.228220600598374901e+00,5.345662181838015670e+00,5.294125921976704952e+00,5.231457597948188543e+00,5.198351455495356710e+00,5.252123361063556040e+00,5.239258803296664269e+00,5.368282647448874734e+00,5.238632067888394417e+00,5.291909148052770462e+00,5.221730419141454860e+00,5.232687330493994260e+00,5.247963883189345147e+00,5.206461602630481522e+00,5.201887550804815241e+00,5.240922379015143129e+00,5.293533728223370538e+00,5.222969933362390904e+00,5.237376440394497124e+00,5.220190081155272388e+00,5.261296899277865258e+00,5.238876387931835410e+00,5.242324679952340638e+00,5.253113657309214091e+00,5.203746686376632624e+00,5.238182885026444247e+00,5.299690527570740883e+00,5.286637116480323861e+00,5.293417794663453968e+00,5.252919674212539469e+00,5.246799672450610963e+00,5.211653527914424266e+00,5.290080638853958739e+00,5.208361591305556537e+00,5.257317677183422688e+00,5.250202843995501745e+00,5.203513921694316480e+00,5.224500078941860082e+00,5.271925620939243551e+00,5.172396289958436810e+00,5.245784081854981906e+00,5.210890559199763850e+00
5.118305691330657936e+00,5.127249657209714151e+00,5.129061889502938953e+00,5.139372304246401235e+00,5.186296503013255510e+00,5.181843879962082511e+00,5.087631971920020035e+00,5.131585150942015616e+00,5.244230936925009523e+00,5.167251591847284331e+00,5.135392980163152821e+00,5.139605417820851230e+00,5.223358931442162678e+00,5.184914406101502671e+00,5.150450833137538709e+00,5.139088816346238708e+00,5.152869547531899741e+00,5.159729254708867785e+00,5.127165844251992510e+00,5.202433633702390203e+00,5.099471005477778540e+00,5.226598531517189450e+00,5.145309813928395037e+00,5.118590093697417132e+00,5.128835723076765163e+00,5.120903819360247411e+00,5.176531161460818709e+00,5.133266298327204602e+00,5.131086636360816300e+00,5.137263479946431843e+00,5.201829690790883198e+00,5.179121263291183830e+00,5.172287174748983141e+00,5.160629476768463952e+00,5.131824856036640625e+00,5.128686948861465034e+00,5.177924215341521474e+00,5.144246387627140926e+00,5.119546669935577832e+00,5.151416814327276938e+00,5.124464402266695195e+00,5.172283463381249113e+00,5.164482733970626072e+00,5.172396543224766496e+00,5.142829336639639592e+00,5.151224044880633457e+00,5.196213712150017372e+00,5.119208511748505330e+00,5.172666956485405088e+00,5.149244291054446698e+00
5.047047506461638022e+00,5.085758149909682224e+00,5.046517968287470346e+00,5.086334145484374680e+00,5.080611532736340585e+00,5.063983112628346994e+00,5.064523918836762562e+00,5.067679310769942269e+00,4.991253849516433583e+00,5.076432833749080942e+00,5.088765130206384768e+00,5.026969297338603759e+00,5.065696576272170404e+00,5.101109458845990652e+00,5.051566088556745271e+00,5.043535346041675638e+00,5.068459174622113039e+00,5.074898208395953070e+00,5.038679978161600737e+00,5.073727593111407863e+00,5.053638882549593703e+00,5.000382607734312757e+00,5.077267323387737896e+00,5.027197978285968816e+00,5.084760553007146910e+00,5.080326207782874803e+00,5.048776124662516018e+00,5.086275443506312222e+00,5.040535975361783549e+00,5.066190867270558229e+00,5.144190367013212750e+00,5.026221011338008360e+00,5.102866477093482622e+00,5.044574422512729583e+00,5.085016322044509707e+00,5.034454438545025390e+00,5.100590608072621102e+00,5.028896201198957527e+00,4.999407266662171168e+00,5.078357125826053142e+00,5.051763924405460848e+00,5.055073125394994094e+00,5.020228519248407295e+00,5.091048392908034792e+00,5.096749785766465202e+00,5.062749164263813384e+00,5.052019878946158116e+00,5.006161032620011220e+00,5.147644432884979082e+00,5.047514928493394670e+00
4.950407899331478845e+00,4.933366514602982811e+00,4.965505882445330421e+00,4.956481568679144800e+00,4.934267591746335668e+00,4.964724237110565319e+00,4.963805218629708804e+00,4.963203894954263617e+00,4.985806008081169693e+00,4.970259434745517346e+00,5.004074645683092903e+00,4.946956444656077423e+00,4.939736199722169374e+00,4.980980039527778125e+00,4.995931915264524292e+00,5.025709747425143981e+00,4.952209552331547471e+00,4.976210599891386366e+00,4.928838789884451899e+00,5.022398684625660970e+00,5.509681716733710211e+00,4.907053031879837768e+00,4.990687299002255273e+00,4.985638231129403408e+00,5.116659026248581377e+00,4.967102004717261821e+00,5.026776001411326078e+00,4.924823519170235642e+00,4.979251146814735129e+00,4.965708231967377095e+00,4.965652565449350853e+00,4.993968656171270837e+00,4.998970830087755779e+00,4.959240672693328023e+00,4.951032631902331893e+00,4.993025684429555966e+00,4.944761839864967534e+00,4.959616626996901978e+00,4.916716495599763981e+00,4.985322631450194386e+00,4.916498171551888952e+00,4.913771665060936655e+00,4.976454975811571479e+00,4.973975350780499127e+00,4.975636326736025516e+00,4.950995470654749653e+00,4.958944707441906630e+00,4.940790701414086605e+00,4.964321320883648525e+00,5.005335931758096990e+00
4.871290001709030371e+00,4.823956596712332789e+00,4.886757079807861892e+00,4.898581989172944517e+00,4.878380466977747965e+00,4.870162824893719211e+00,4.847526535291959426e+00,4.880178671235474219e+00,4.852134397027660917e+00,4.847461120474699570e+00,4.864262900655007549e+00,4.925174531871713945e+00,4.819988147284975710e+00,4.871195598847149810e+00,4.869157205723910309e+00,5.037712285876237317e+00,4.871799625404510614e+00,4.832760288437991214e+00,4.908339113761172712e+00,4.848766263018283951e+00,4.892349389018953332e+00,4.771380181969024470e+00,4.868830984546947072e+00,4.856854354437094123e+00,4.919845650765745759e+00,4.865081285204443162e+00,4.847313996084530174e+00,4.847299977231097401e+00,4.840866264243422812e+00,4.913626570395280169e+00,4.908124144287643986e+00,4.890254648230406787e+00,4.941877691570638831e+00,4.795771029866732427e+00,4.911781394039733684e+00,4.898123983547984395e+00,4.886593528550568166e+00,4.934946440801102341e+00,4.865097826963985739e+00,4.940892273712887750e+00,4.863450413798901195e+00,4.818923568718046724e+00,4.838541479912224830e+00,4.884096942567526689e+00,4.884916041773939455e+00,4.838919555918389293e+00,4.865114559273927775e+00,4.909518654018708794e+00,4.854423290349912712e+00,4.869617982962834546e+00
4.702101925885094680e+00,4.775833000277609486e+00,4.787331377697868540e+00,4.781288088872782005e+00,4.766745514885426083e+00,4.796629644489794231e+00,4.752382117761941416e+00,4.793508926578349261e+00,4.743844097481443534e+00,4.825008080798477650e+00,4.744251598961858107e+00,4.727242028864616863e+00,4.788574960743803288e+00,4.715430774625120058e+00,4.729928550740482684e+00,4.738625536229801760e+00,4.780561966564000898e+00,4.774528931029994538e+00,4.774951256415006284e+00,4.738378583813224409e+00,4.720611470544568533e+00,4.726632238697829891e+00,4.779481415592617743e+00,4.725783730457727927e+00,4.755498010463714564e+00,4.834981099873663979e+00,4.759870711234186480e+00,4.782621195721000973e+00,4.726580632405005922e+00,4.762643720612948606e+00,4.772233390381082963e+00,4.785128475606037490e+00,4.798959933089295582e+00,4.729104774115802101e+00,4.752819999639242177e+00,4.908190675880527820e+00,4.815016994295096886e+00,4.824000975455533080e+00,4.755658284425553717e+00,4.759253824020116319e+00,4.806324795767234370e+00,4.722322118646578026e+00,4.752964000563596692e+00,4.829802135072534419e+00,4.792447147135300511e+00,4.717760126286314026e+00,4.766302585540296732e+00,4.720126047764893862e+00,4.726069419535519067e+00,4.742932644960969668e+00
4.655436072272665093e+00,4.640942918857617450e+00,4.671809493778074973e+00,4.621520048022893512e+00,4.647500104493838435e+00,4.651675684417621248e+00,4.704962251844173160e+00,4.729836288796241739e+00,4.645971096231068742e+00,4.695409772134476079e+00,4.625018977920605678e+00,4.648683210563651080e+00,4.637845882689948240e+00,4.696909115647063260e+00,4.616933298057611879e+00,4.702145006749122835e+00,4.670083580154663849e+00,4.691289911784028988e+00,4.678897644371152964e+00,4.631145357002300678e+00,4.630721369537449839e+00,4.689224940451655499e+00,4.678308599223965025e+00,4.730124036127021370e+00,4.665873251482576478e+00,4.635703427201534943e+00,4.659606281773643666e+00,4.680475539640474913e+00,4.618297176484436939e+00,4.731666867573041557e+00,4.734197998000444052e+00,4.655860675340599997e+00,4.683025689376431266e+00,4.690720864462672779e+00,4.635860607396467437e+00,4.695348696702797753e+00,4.687033037865279361e+00,4.589667518100703170e+00,4.664763927548713163e+00,4.598522142842409011e+00,4.634884849984743482e+00,4.722596445412212240e+00,4.637412525736062108e+00,4.721793047988555259e+00,4.686167988496857006e+00,4.648280707741655249e+00,4.674324325792133195e+00,4.687937380377381835e+00,4.756041720214347457e+00,4.629074571457896248e+00
4.539801253427620864e+00,4.543655085344592948e+00,4.571796550174259011e+00,4.509312921846265532e+00,4.508931512785859574e+00,4.529552024346395811e+00,4.547362760431343354e+00,4.500099172690038785e+00,4.553328719416687598e+00,4.528639240292511303e+00,4.499490222442068088e+00,4.495155625443766567e+00,4.592254336538865722e+00,4.527961836256539030e+00,4.478786373105275054e+00,4.590475245784305436e+00,4.563277674917043392e+00,4.577946379679874944e+00,4.571498469676114063e+00,4.565413046167281941e+00,4.495374124666402516e+00,4.579379696914073428e+00,4.578128405254020983e+00,4.551295726753827431e+00,4.533576226639063123e+00,4.522036697361381030e+00,4.619227438358581850e+00,4.530442460225533985e+00,4.491491333374095341e+00,4.576884914110538105e+00,4.577508517372243624e+00,4.543688455945097182e+00,4.530719554032903496e+00,4.550611794570412982e+00,4.551020760972458667e+00,4.545600838577202651e+00,4.557466027547557808e+00,4.558377047735937992e+00,4.515404299459700788e+00,4.529631519330520106e+00,4.517608691872999849e+00,4.515295966502966607e+00,4.546787617801840931e+00,4.540572688043288174e+00,4.546113719766309735e+00,4.527398090998770108e+00,4.590860449172198265e+00,4.612681664478685661e+00,4.543460509563490568e+00,4.569292749855295988e+00
4.444792131818687153e+00,4.470290667034882759e+00,4.393193064497642020e+00,4.458239488671934758e+00,4.445879587920988030e+00,4.474438727619388878e+00,4.432215593940775911e+00,4.402618461158688490e+00,4.466269042439382275e+00,4.480114622262492574e+00,4.457634605807341721e+00,4.414939627875969386e+00,4.401762832328403263e+00,4.441243879537700501e+00,4.452626133486003113e+00,4.468441667848297882e+00,4.420488469263510467e+00,4.467372396108166832e+00,4.438572077276234928e+00,4.442385852792470224e+00,4.433186290016905673e+00,4.464135289561576236e+00,4.483366579409740815e+00,4.438690876881839387e+00,4.404222485394189590e+00,4.433042843117627640e+00,4.450828205145990424e+00,4.388325093784010811e+00,4.390627370524336825e+00,4.467114899803872774e+00,4.395188235546465094e+00,4.454855638929352324e+00,4.395649079203250764e+00,4.453608053418828483e+00,4.415038954850090569e+00,4.421347641291109909e+00,4.393618679452131026e+00,4.374025330703212866e+00,4.405706553279255644e+00,4.422655648082166380e+00,4.446224658825424392e+00,4.497355040327571274e+00,4.518105387399710793e+00,4.379337274989433482e+00,4.405059168585302665e+00,4.449926758532657622e+00,4.435588205307610110e+00,4.435973977521444844e+00,4.405458935901695128e+00,4.512468541458686921e+00
4.319073728513786570e+00,4.360470856286842611e+00,4.315044646828255281e+00,4.324303602571918148e+00,4.367436543515872849e+00,4.307796232834476768e+00,4.322204649664717735e+00,4.248638952247815403e+00,4.313457508596503232e+00,4.336476310880557072e+00,4.324540123269757785e+00,4.325267615506908747e+00,4.325899651663220880e+00,4.339049851333875552e+00,4.327592727071289502e+00,4.371129963873215729e+00,4.283924157421945544e+00,4.270806434288675568e+00,4.336929652248673328e+00,4.297526589166778876e+00,4.334788232095113436e+00,4.316385302180886008e+00,4.330610969539331556e+00,4.295845764525735078e+00,4.293079417016237187e+00,4.354049070138643174e+00,4.282254075835316698e+00,4.350902199018841010e+00,4.308485149816357662e+00,4.283393924728725821e+00,4.264419998695311520e+00,4.338626182069702075e+00,4.287856891019674599e+00,4.257609230206074180e+00,4.312127600691222362e+00,4.315503568613156204e+00,4.246314508838826995e+00,4.266375659644707774e+00,4.325440177667156938e+00,4.329157687940122123e+00,4.383018613466885149e+00,4.287644360594282666e+00,4.299098752365654974e+00,4.246238810664907604e+00,4.338320519487052884e+00,4.304033278848224953e+00,4.281392116918838475e+00,4.357298528105634894e+00,4.267514300240311087e+00,5.065851083702265889e+00
4.170265893935140689e+00,4.165271532987430803e+00,4.323596638286731242e+00,4.220705271473414122e+00,4.198083524988301285e+00,4.260419188361368903e+00,4.173510710679277480e+00,4.199422340843247170e+00,4.231699744552326337e+00,4.167493462037076490e+00,4.148921816345489511e+00,4.144372810723782052e+00,4.196366594022539864e+00,4.183702926828256174e+00,4.184936670791101321e+00,4.115350006004883987e+00,4.177814647010774429e+00,4.216856217175735111e+00,4.149326215648186711e+00,4.232450979241165534e+00,4.221820188606278279e+00,4.251169452055186149e+00,4.290654696308666693e+00,4.206290000545799046e+00,4.184578414220767151e+00,4.169057586012769434e+00,4.119167657487070144e+00,4.195736685703392865e+00,4.267369434513175186e+00,4.188413873486516614e+00,4.176019106170890005e+00,4.159048511899914757e+00,4.252489019364349865e+00,4.192488292460012644e+00,4.135044603708489142e+00,4.150463318527399359e+00,4.202829724359012253e+00,4.188651860771837043e+00,4.153545717060706188e+00,4.183708293233149966e+00,4.186896880367697804e+00,4.201379240492519429e+00,4.196938648694419349e+00,4.224789940326616922e+00,4.312336975948985796e+00,4.236986447208978213e+00,4.176788477558285528e+00,4.168690678870074606e+00,4.210765769232678757e+00,4.194307347320596513e+00
4.204942109981196552e+00,4.056164066941806645e+00,4.073412666359617518e+00,4.119233821361632408e+00,4.029872350031222794e+00,4.050041919287506786e+00,4.061463936537711206e+00,4.072773256143446652e+00,4.078871546592137243e+00,4.049311427399845620e+00,4.054952663322561435e+00,4.078532423353052216e+00,4.048920552724489141e+00,4.128663786668927749e+00,4.106242168035228346e+00,4.048825911252785126e+00,4.036995603006121591e+00,4.034825395395343683e+00,4.095672578658541951e+00,4.082584006480180605e+00,4.128758298796699755e+00,4.051210865546668316e+00,4.122576290931267984e+00,4.094419088392248440e+00,4.063570425684405407e+00,4.035459121441055785e+00,3.996974287758812583e+00,4.101262528097514348e+00,4.089908269201730562e+00,4.024295262775467563e+00,4.066415585028898327e+00,4.055328669273529307e+00,4.126859774956520788e+00,4.079722149566655354e+00,4.016325960906789838e+00,4.113912841279005583e+00,4.046984811244056068e+00,4.098023602351438477e+00,4.074284177608110014e+00,4.050070713000759604e+00,4.032742127105514385e+00,4.120998094556761693e+00,4.064493831880452213e+00,4.012550917678336937e+00,4.055877227732358925e+00,4.063793167710278098e+00,4.063804614606964627e+00,4.091185641203885837e+00,4.101325187765707980e+00,4.070600800308584510e+00
3.998819292692686211e+00,3.894166407587291268e+00,3.876355610155882481e+00,4.053766232112832490e+00,3.932504927480978463e+00,3.932457393728770789e+00,3.957873272252448338e+00,3.924795565388543128e+00,3.957772064962533420e+00,3.946694069002791849e+00,3.883554128945319039e+00,3.930210359692491551e+00,3.967550157648452203e+00,3.972321901877133854e+00,3.989061321333985610e+00,3.986940063182367489e+00,3.966290646119820185e+00,3.964271061293781262e+00,3.929384599221275476e+00,3.924537331573238585e+00,3.981915686837794510e+00,4.017516568928034104e+00,4.036163555696703931e+00,3.962936093222640288e+00,3.944058280207534573e+00,3.904728195716877792e+00,3.898004303516576563e+00,3.926785230164206997e+00,3.948926477289121273e+00,3.963406007866858705e+00,3.955472058959249804e+00,3.954617963943478642e+00,4.113287935321177535e+00,3.944478689166981855e+00,3.942609576320668552e+00,3.874615388295962415e+00,3.937963372667729001e+00,3.895387805264570069e+00,3.980726757931903226e+00,3.923106495808884819e+00,3.882327638544476933e+00,3.941686410166948651e+00,3.891765211937581181e+00,3.924588716121876431e+00,3.976160457205340393e+00,3.976366609202078628e+00,3.938022604000955607e+00,3.927653546860974121e+00,3.963876948275256495e+00,3.908580257944376690e+00
3.849123280997742924e+00,3.809625425834280321e+00,3.775775427143369445e+00,3.856926114811547013e+00,3.834156710840082027e+00,3.845459646495936745e+00,3.775740055373240089e+00,3.796782470578369928e+00,3.813302153874538636e+00,3.892773456419122535e+00,3.746834118242777567e+00,3.800935448930371496e+00,3.853215460628049094e+00,3.787305594215732985e+00,3.770383047972754920e+00,3.832949079280085325e+00,3.871713904274284079e+00,3.824736119980286730e+00,3.773623578677671730e+00,3.841269280582784162e+00,3.778916778215139605e+00,3.826018592714208300e+00,3.795713331572788896e+00,3.825199201764708068e+00,3.844788414770269114e+00,3.807020349338579912e+00,3.787530189137565007e+00,3.924389338283162498e+00,3.821398460907224237e+00,3.822174134083800912e+00,3.817454265203918062e+00,3.836640717487784347e+00,3.757964139046249930e+00,3.781623929731873446e+00,3.741567414589232587e+00,3.741475114094236165e+00,3.805514179686891651e+00,3.803041443441037561e+00,3.794512187377472756e+00,3.813180515881643640e+00,3.756105102569536669e+00,3.763587608071432111e+00,3.796230325246203741e+00,3.738833129706133018e+00,3.767524105556478986e+00,3.783145225090684960e+00,3.798242296138279350e+00,3.788942477319984903e+00,3.848468499621457095e+00,3.780669797812250987e+00
3.672567264618932015e+00,3.702748549056418703e+00,3.680170337877399778e+00,3.706723881206127391e+00,3.648334668933538527e+00,3.647568164117461986e+00,3.675920182948672288e+00,3.660747814126685817e+00,3.699587884925354953e+00,3.656338000010316058e+00,3.675315318572486056e+00,3.683258287516458562e+00,3.716892560528125777e+00,3.641126460306379542e+00,3.762761817342197723e+00,3.669317206434434375e+00,3.676889216722444065e+00,3.618050727267272393e+00,3.669874079517980281e+00,3.672403469795095798e+00,3.656606657399171567e+00,3.672110757598333830e+00,3.683445526014844873e+00,3.698946088012879052e+00,3.699689652728137990e+00,3.627755520513030518e+00,3.693380391283690667e+00,3.670878752281035773e+00,3.633293055293555174e+00,3.713543792000758348e+00,3.757703560537549947e+00,3.682317566693739774e+00,3.676963879967531490e+00,3.650781631371076141e+00,3.703065419225113786e+00,3.659725608071442871e+00,3.641969701702242102e+00,3.659507902302348903e+00,3.675350384317407126e+00,3.625569313074537003e+00,3.690373570635113065e+00,3.759919740429439550e+00,3.685603319791588284e+00,3.646184316010673498e+00,3.639953664767410668e+00,3.653442218796149721e+00,3.642975227594646537e+00,3.682590956327795872e+00,3.702040239596457560e+00,3.720141195853932992e+00
3.540469919237013929e+00,3.521862728796349096e+00,3.520655343729580444e+00,3.490938132725193821e+00,3.559122378758212690e+00,3.557260127158160756e+00,3.518166647969532157e+00,3.574191662711319939e+00,3.554627289174890237e+00,3.486528087180561730e+00,3.543640511851498864e+00,3.547275891648097534e+00,3.542726431014464605e+00,3.560761064508896290e+00,3.530953690389443622e+00,3.474131013115781652e+00,3.545986518815268163e+00,3.552442990851236715e+00,3.516990119178752039e+00,3.564997440284092711e+00,3.489051952165256321e+00,3.489499807291816857e+00,3.524876362454785639e+00,3.547194802144205461e+00,3.583018173572630971e+00,3.610948628538081184e+00,3.593930014892277924e+00,3.506089832848599652e+00,3.506025737131953424e+00,3.499095877029278601e+00,3.544086607151480273e+00,3.555781854167908929e+00,3.517010437216031349e+00,3.472403086126658600e+00,3.573967730883894856e+00,3.607280127093230426e+00,3.492212156926201683e+00,3.530543924701847747e+00,3.505868460353416705e+00,3.563032959427225865e+00,3.552966298802725298e+00,3.542078363969332067e+00,3.512682503175450055e+00,3.608534775100701086e+00,3.549213173509904617e+00,3.537959424611305081e+00,3.484576648431555679e+00,3.566790622448984038e+00,3.521285058355271058e+00,3.511146004211939786e+00
3.397854607540904404e+00,3.359370339883104961e+00,3.407538894903168192e+00,3.405668608321076096e+00,3.382945208993045849e+00,3.378883565229455321e+00,3.364557212381228624e+00,3.389865000273414974e+00,3.382104796762114951e+00,3.420822383667748490e+00,3.337495119252004372e+00,3.360506587718079974e+00,3.390542637640780566e+00,3.367990673569345450e+00,3.361410988290340018e+00,3.369382132944865216e+00,3.371826615221334311e+00,3.397793561493708037e+00,3.436541874381521922e+00,3.378066819636490248e+00,3.345714505138184247e+00,3.404534017186303441e+00,3.393249699618890336e+00,3.410975754459993237e+00,3.386338092841315373e+00,3.424680593872771794e+00,3.379364155618053367e+00,3.455601938647892446e+00,3.424379147142807778e+00,3.344009037855578015e+00,3.394955618770154615e+00,3.398170672122015290e+00,3.365252891996997064e+00,3.382597508215973381e+00,3.427906527179302998e+00,3.395237779063321248e+00,3.344331133312091975e+00,3.371868133675486323e+00,3.307123831826112248e+00,3.400827240182150657e+00,3.355209388432294659e+00,3.377480547060959903e+00,3.371724181579067281e+00,3.367911569405800165e+00,3.391831454057365747e+00,3.373004905840021550e+00,3.345711040990668739e+00,3.356847332808810425e+00,3.367470176117205671e+00,3.419807752615330987e+00
3.295913909421525290e+00,3.212708945952877038e+00,3.278092171420734058e+00,3.263012093518778300e+00,3.311956708950984485e+00,3.204195598133882328e+00,3.124042175798783294e+00,3.216879084857088511e+00,3.221917197437885072e+00,3.245307830416420902e+00,3.233632428555954341e+00,3.218637989934869381e+00,3.269525253630936490e+00,3.180375068395397964e+00,3.240715380859549466e+00,3.213835114182605146e+00,3.262660542805992936e+00,3.233524275291828065e+00,3.267855179890412742e+00,3.209812374839557503e+00,3.201153206569661069e+00,3.219425769075602073e+00,3.229169431948641922e+00,3.215834688858871804e+00,3.322056454610722742e+00,3.284328672508124214e+00,3.231595404936717930e+00,3.300793282247298954e+00,3.252144123179690816e+00,3.277359355257745577e+00,3.232646034731304407e+00,3.217107613580622694e+00,3.217047790517910677e+00,3.213938383069389282e+00,3.237712707301499737e+00,3.210490595074747766e+00,3.290983632287671323e+00,3.228800680987685467e+00,3.222499311060158522e+00,3.255413487851294363e+00,3.231167084624439134e+00,3.280792676109021588e+00,3.272174600117223164e+00,3.274545955010918163e+00,3.298800961033736545e+00,3.251631492200965035e+00,3.276814566563918785e+00,3.302957800077119810e+00,3.262293121097875392e+00,3.221678490000628781e+00
3.206718459221100659e+00,3.110997354900967959e+00,3.063893791873167682e+00,3.110307007326767792e+00,3.076637136404192674e+00,3.068146836407706690e+00,3.085708597854797119e+00,3.114239632816959702e+00,3.062673106449919302e+00,3.081856219883094994e+00,3.056430812482383796e+00,3.082092857171727207e+00,3.122835596513522827e+00,3.075212001259869155e+00,3.132007813402849727e+00,3.108186181996874797e+00,3.149099567332076077e+00,3.070774184492298886e+00,3.085025838616167082e+00,3.113501427572054059e+00,3.091572886818680477e+00,3.111655580158615209e+00,3.134276827850805525e+00,3.120462641389424086e+00,3.136151048231208271e+00,3.119914845177963247e+00,3.124062709885345956e+00,3.079313369298494418e+00,3.145108680366729192e+00,3.107543480277599635e+00,3.108087237198263519e+00,3.109483369160263244e+00,3.039907841493851404e+00,3.118915868301932015e+00,3.075507185293769652e+00,3.088343512014481096e+00,3.122976974198352185e+00,3.049146341321842701e+00,3.064246924308809295e+00,3.108858327057684168e+00,3.141484149941121906e+00,3.147291904206725999e+00,3.091589442393089193e+00,3.103038968468513126e+00,3.085513058469901093e+00,3.143399303520665544e+00,3.045169633159076295e+00,3.105869835550178593e+00,3.063897094711084179e+00,3.104941817973144502e+00
2.964171042457039995e+00,2.924979931050555759e+00,2.971205599842384082e+00,2.885058325895785369e+00,2.944524382900242543e+00,2.947329493338102235e+00,2.973629816341375243e+00,2.961244133893369046e+00,2.936649571761084765e+00,2.943689953076481292e+00,2.916921761332432972e+00,2.885586071120953999e+00,2.953109364499934664e+00,2.977211433517040540e+00,2.937576476259725844e+00,2.951462381129427825e+00,2.944202171710543325e+00,2.935953717273161345e+00,2.971306287534371204e+00,2.951237634352255501e+00,2.946450758952461335e+00,2.912487810794404997e+00,3.092905668746562142e+00,2.950227627833395427e+00,2.972817466720571566e+00,2.972814616269323640e+00,2.895323315187681157e+00,2.942866576777403598e+00,3.023423595093478689e+00,2.898785674952098823e+00,2.939384307767958227e+00,2.929404951133698365e+00,2.910066786154368756e+00,2.971372151909879022e+00,2.938604269499415000e+00,2.913888617378030066e+00,2.976892957526607209e+00,2.927290220045732472e+00,2.968451330198181637e+00,2.970332515323325318e+00,2.988138981849167930e+00,2.931743154396422302e+00,2.944791885423724054e+00,2.896793027344715554e+00,2.888999987091246169e+00,2.913330970668199793e+00,2.905087717777913969e+00,2.878549145330205672e+00,2.933877706478407621e+00,2.941966628603108536e+00
2.797684547489182272e+00,2.748058216630516526e+00,2.833650081016751088e+00,2.869655997633178579e+00,2.736809278493202768e+00,2.710413205416737803e+00,2.816026511987040237e+00,2.753684878669719005e+00,2.756540234373085596e+00,2.797172815517047439e+00,2.798514645199097206e+00,2.771454625702048702e+00,2.791144864940126258e+00,2.748591773285779194e+00,2.758588210246688099e+00,2.794106132067380788e+00,2.817859882001933158e+00,2.778900580673616449e+00,2.852735323653495136e+00,2.769392182118064483e+00,2.783019535921177567e+00,2.849157374416642963e+00,2.777274904548399981e+00,2.864434726747423721e+00,2.844319544136969746e+00,2.853348980370220556e+00,2.767702429617110216e+00,2.805430916282380949e+00,2.836072110985281558e+00,2.751476453576434889e+00,2.755994682979005628e+00,2.761324295434913978e+00,2.785052195414929876e+00,2.768647255856730549e+00,2.793972246694790496e+00,2.752541759658940546e+00,2.769395748326375362e+00,2.804448234283936081e+00,2.799707446885399076e+00,2.788401129003230672e+00,2.763305284467548084e+00,2.749857294419828957e+00,2.751750874014981640e+00,2.789193566796524415e+00,2.798070082326538977e+00,2.828937061167574374e+00,2.693005047133996577e+00,2.795562309710918125e+00,2.752773136651622377e+00,2.789797251259453326e+00
2.651273207150025346e+00,2.607998204437713685e+00,2.585165702829700152e+00,2.600395805294693385e+00,2.590846033098847201e+00,2.635201708788746711e+00,2.651278167203903635e+00,2.637948346712689851e+00,2.620426897814392753e+00,2.658867781043658507e+00,2.622324663148172696e+00,2.610571621766978989e+00,2.646657129700555444e+00,2.689577409931256824e+00,2.601666398158911431e+00,2.641044157926152991e+00,2.631111903675631858e+00,2.602109434686999290e+00,2.592063076321569959e+00,2.608816463583768286e+00,2.625840784115335502e+00,2.602086778435422243e+00,2.612365665014678040e+00,2.569441893039289049e+00,2.602301172874868396e+00,2.630642478311644883e+00,2.579893353079043106e+00,2.636283344594047229e+00,2.569189882446676787e+00,2.643467307469813843e+00,2.608461553298490276e+00,2.598097712392802627e+00,2.639790374684118035e+00,2.622295679342725894e+00,2.574237892635624192e+00,2.678312305285301065e+00,2.596391439815941560e+00,2.636871658418291631e+00,2.595219212164886713e+00,2.612490156508783468e+00,2.626820192243055629e+00,2.638792973766051375e+00,2.638547255796757085e+00,2.632710953202139770e+00,2.654558731861154541e+00,2.615737559380748589e+00,2.637510557523156773e+00,2.666540837001392106e+00,2.596951054722715480e+00,2.647719210999900152e+00
2.414926229324025897e+00,2.509584217849940568e+00,2.436437466599983726e+00,2.515441684148114643e+00,2.465059424556515388e+00,2.381054913525071370e+00,2.430831942212309027e+00,2.468442300471638706e+00,2.511756466767242735e+00,2.418176473158988760e+00,2.453419257580048196e+00,2.454534775405007974e+00,2.430160130269138463e+00,2.441421719492236075e+00,2.451787491597919200e+00,2.506306337428918063e+00,2.469849267591156305e+00,2.500413809990105207e+00,2.480812110933923176e+00,2.483035693012807243e+00,2.441608876673798889e+00,2.424247089899834950e+00,2.443109683767198170e+00,2.478106006196242106e+00,2.416173035123813317e+00,2.427949349950285995e+00,2.482736527894225720e+00,2.460596365865457713e+00,2.439102500952660790e+00,2.431129304660547330e+00,2.470254813463557131e+00,2.487550729629084856e+00,2.453447348015220353e+00,2.485828326240264730e+00,2.481252539804294166e+00,2.470349578736214191e+00,2.498936588591574637e+00,2.422164469894188432e+00,2.448043152653751164e+00,2.488843943693277438e+00,2.451104338726977083e+00,2.478657663680536860e+00,2.468168873810878683e+00,2.432237993320992775e+00,2.454112246301368039e+00,2.483546491562100389e+00,2.449867862486094339e+00,2.468937413578821793e+00,2.526331527890441908e+00,2.452184702307999231e+00
2.288481258392426998e+00,2.278753571601647820e+00,2.314792587275073643e+00,2.282934300582732501e+00,2.324027409642711373e+00,2.319731308793975266e+00,2.265912005402025642e+00,2.299515193094798349e+00,2.265928609771246549e+00,2.343363351372048875e+00,2.294763495846380508e+00,2.274059933420984780e+00,2.269749427920938700e+00,2.307342372901859839e+00,2.263088667263893239e+00,2.293431867660021162e+00,2.324094883375385390e+00,2.264180670063336898e+00,2.269924223955532394e+00,2.277947224159141637e+00,2.266240963574211786e+00,2.256213490953956402e+00,2.235388257971797632e+00,2.321382131943092730e+00,2.283933542629374092e+00,2.300213060478831117e+00,2.321492285306159253e+00,2.280061105841042490e+00,2.528462864406499033e+00,2.297654904441939649e+00,2.264150301515057695e+00,2.298285455246217523e+00,2.311200792162182438e+00,2.260337924932362519e+00,2.301143390625064455e+00,2.248580226235556090e+00,2.322546938244086423e+00,2.277477760664667450e+00,2.334154874119798162e+00,2.292226708673167135e+00,2.322569634957847740e+00,2.307632120570069834e+00,2.308123057290244695e+00,2.279942419029231004e+00,2.301155532245620527e+00,2.310812109549019500e+00,2.313508100711305637e+00,2.297660302840827562e+00,2.296695677262442281e+00,2.364270894336739204e+00
2.109524866172663771e+00,2.068904890688468168e+00,2.171047736891080326e+00,2.158881132654482560e+00,2.095841225507151684e+00,2.053509282718382067e+00,2.110801240424057923e+00,2.119016293519200733e+00,2.103026365426146072e+00,2.176653227392759682e+00,2.163464439117807725e+00,2.176411009449353173e+00,2.099438035937930103e+00,2.129322751264097313e+00,2.104383669316968852e+00,2.172042024723026987e+00,2.116446128435283569e+00,2.098054809934108977e+00,2.067351305841822029e+00,2.180042776073057631e+00,2.118411794527345293e+00,2.095443245099329221e+00,2.111776362641981208e+00,2.100271015638902838e+00,2.050508505203985976e+00,2.107846286659922797e+00,2.107028951497932123e+00,2.122575646969544483e+00,2.213578291053894365e+00,2.153483383842397902e+00,2.103211480178980963e+00,2.115060754703766310e+00,2.077790485944606580e+00,2.125714021172388168e+00,2.091594505461777054e+00,2.077944519663918133e+00,2.147310715360234212e+00,2.059220164897102912e+00,2.095415108592784570e+00,2.099636356605949938e+00,2.109621354708938412e+00,2.076748684653197063e+00,2.102399986130458753e+00,2.121638008145923404e+00,2.123283283446203651e+00,2.107146344383146630e+00,2.095512027299070379e+00,2.134888610362359884e+00,2.226007654918937817e+00,2.158752519788318835e+00
1.920389343418799744e+00,1.922217656429116017e+00,1.892044586765044833e+00,2.000314442570561457e+00,1.943819583713944033e+00,1.922490559341836880e+00,1.995535752471048196e+00,1.992955298548317655e+00,1.982992041357566571e+00,2.079367222619059596e+00,1.926169580950190197e+00,1.944593975605097613e+00,1.926116588408668617e+00,1.930476840510618963e+00,1.991800541354063592e+00,1.946153192118976749e+00,1.962621442627625390e+00,2.016243702967483564e+00,1.934433442499094324e+00,1.923973302882095338e+00,1.973502291170400547e+00,1.876606252449790624e+00,1.931021238728108713e+00,1.954995396924885886e+00,1.955949753291028825e+00,1.936321420335062049e+00,1.900983584350557143e+00,1.963924662310676750e+00,1.959778666405101122e+00,1.942780886724012390e+00,1.915322435786158461e+00,1.910022689841644139e+00,1.968286768114461127e+00,1.927842459801047958e+00,1.947976949652600265e+00,1.900562473833545152e+00,1.944225837756268671e+00,1.957333775717112756e+00,1.941610916176562229e+00,1.927881252130204004e+00,1.933285279733636619e+00,1.949017134250245142e+00,1.975860317139924938e+00,1.911452598454517871e+00,1.942737069923224702e+00,1.944859242691165724e+00,1.917950129318276797e+00,1.962171265285153288e+00,1.926604014913066099e+00,1.947657056068228698e+00
1.815319402175525676e+00,1.803107337813823818e+00,1.767617865699459889e+00,1.757862670491682655e+00,1.868886166078182365e+00,1.715413644833142071e+00,1.746389337894826532e+00,1.736809984541111351e+00,1.759339929756287502e+00,1.791861461233230646e+00,1.742995986327994240e+00,1.803493061021697930e+00,1.787609005720422806e+00,1.772923266444853763e+00,1.783145922329455235e+00,1.761768070709016198e+00,1.771567190866801145e+00,1.747299619555883865e+00,1.818267860940876002e+00,1.739179884335555704e+00,1.699793178405288874e+00,1.749586618887711165e+00,1.710119842397527234e+00,1.707051445595120009e+00,1.794975689038939670e+00,1.742989874922423965e+00,1.839992584361489714e+00,1.784196316295547424e+00,1.804385840835275312e+00,1.792682121492038760e+00,1.848988972051045954e+00,1.789394204835742741e+00,1.769041409371059137e+00,1.726153707250731806e+00,1.773194479572653082e+00,1.820545419923190522e+00,1.878387316146121311e+00,1.840274295421916673e+00,1.750625182408692027e+00,1.735476991962565219e+00,1.826772949678981517e+00,1.753232785645973069e+00,1.833606145906997886e+00,1.761224306906533199e+00,1.742318601670793665e+00,1.784521798801250947e+00,1.768873537450503575e+00,1.758256846271458507e+00,1.771327304101282252e+00,1.780359374893065727e+00
1.579085272724241484e+00,1.613108965275249274e+00,1.547275101922832796e+00,1.594474019646010543e+00,1.617282682919693793e+00,1.556470965780616833e+00,1.549804634426169336e+00,1.624866632230145491e+00,1.587527801616873457e+00,1.582071814313185110e+00,1.583539865480126929e+00,1.587753790305484136e+00,1.602057223046406964e+00,1.573159782728403622e+00,1.627621680118936043e+00,1.595882601960504132e+00,1.597706297509456919e+00,1.592077705170393598e+00,1.605459541402613155e+00,1.572485620433814679e+00,1.680431981693135457e+00,1.581054273124445020e+00,1.584185092138790996e+00,1.601275967883345919e+00,1.587737741442233341e+00,1.579358870944332915e+00,1.608383637843347591e+00,1.646339405402579503e+00,1.516894247820018693e+00,1.604511841842250819e+00,1.645612157595041980e+00,1.579724021146266200e+00,1.594096027776346514e+00,1.566686266029533758e+00,1.601013340332427370e+00,1.646020763608105009e+00,1.550119685574442574e+00,1.584535731441347073e+00,1.603318732236723276e+00,1.571781350916753306e+00,1.631511816921080049e+00,1.564822795178239190e+00,1.561878839137574193e+00,1.613143259631353965e+00,1.632379990088657085e+00,1.549377077200404740e+00,1.541867234208013970e+00,1.593404556197002941e+00,1.625165934908921805e+00,1.642983007251431760e+00
1.379989698321300473e+00,1.409774490424725135e+00,1.379711932387921669e+00,1.372166431148446053e+00,1.396753795726567215e+00,1.380411499684866872e+00,1.445437857438089724e+00,1.371518218377453469e+00,1.357330424608295782e+00,1.364599626828425061e+00,1.432761983215714352e+00,1.378883289691987368e+00,1.378182689942557992e+00,1.386101896108633103e+00,1.533522857160243946e+00,1.413580540802925611e+00,1.379325075480991813e+00,1.395159554463067053e+00,1.440090572431491855e+00,1.402286838080898157e+00,1.366452383991288100e+00,1.355178687677041749e+00,1.385978357077822576e+00,1.392591876269827944e+00,1.471080546725678229e+00,1.408981794682048871e+00,1.378307033568269890e+00,1.433100313254004998e+00,1.407793507790521259e+00,1.369023235824979201e+00,1.455887579820511091e+00,1.398297651192272895e+00,1.395647033257991332e+00,1.386043501439631953e+00,1.432453239972064862e+00,1.379785463154956204e+00,1.368005023221784411e+00,1.362563608178121166e+00,1.357413256904885346e+00,1.360690832117394500e+00,1.383689830729013082e+00,1.406016338499595619e+00,1.353221374489063988e+00,1.440566195120975168e+00,1.401704780479720469e+00,1.364727554009458110e+00,1.447286310419122701e+00,1.356341635673577795e+00,1.403809930334525280e+00,1.344506819543012988e+00
1.150944531860456532e+00,1.204889388913531478e+00,1.142496542696759931e+00,1.263738877628558521e+00,1.227764492115430484e+00,1.222399182818471486e+00,1.250846100843183706e+00,1.210152011919011672e+00,1.287790411997679740e+00,1.214192949348075201e+00,1.234304661353313293e+00,1.216076640052248692e+00,1.261088831374716390e+00,1.215198166114951794e+00,1.204540225066573544e+00,1.256345451397859803e+00,1.212239317437912245e+00,1.203253276319211862e+00,1.146017657773103826e+00,1.189006174852787590e+00,1.224914138081649062e+00,1.206204375815870700e+00,1.184840945888290253e+00,1.208176046707411411e+00,1.216552058718423091e+00,1.204304940432513460e+00,1.175202906772396361e+00,1.207352117753859755e+00,1.265964093978714455e+00,1.215280312079377145e+00,1.209805647603844347e+00,1.146134190244637807e+00,1.249554040881489803e+00,1.218751162938146004e+00,1.207434764697486562e+00,1.221387585266670461e+00,1.218955024033281598e+00,1.146918639558363484e+00,1.226037337456847842e+00,1.219229891185523273e+00,1.146825873049447608e+00,1.199533575072897484e+00,1.212009757929021658e+00,1.173348779542281450e+00,1.196422623643902616e+00,1.181572867585801934e+00,1.190907631852696769e+00,1.213751970728488061e+00,1.188356060415884485e+00,1.187957247653049997e+00
9.942299354592947225e-01,9.935238206195315946e-01,1.014855255847569859e+00,1.017281972469306295e+00,1.072531984499823787e+00,9.923844120830045412e-01,1.006029204066030802e+00,1.002093977477238607e+00,1.003772061039972074e+00,1.024065469718528965e+00,1.050278145077371272e+00,1.037661762750775374e+00,1.003385479115872503e+00,1.008246257699084492e+00,9.958600852978083395e-01,9.759661089503500753e-01,1.019041481968777640e+00,1.039860164933258613e+00,1.006246062015422771e+00,9.843278398390409301e-01,1.039267299250191012e+00,1.009208467943738974e+00,9.753304725122359242e-01,1.055282516710336127e+00,1.002770658124084946e+00,1.044989419918892048e+00,9.853051635289424848e-01,1.010270034527097849e+00,1.009388872717263741e+00,1.005568895752411152e+00,1.003130610272728429e+00,9.866575527907437415e-01,9.945011425694680884e-01,9.491249923833237068e-01,1.008724460965999326e+00,1.029181285683652636e+00,1.037887867205018910e+00,1.011348667061995998e+00,9.677960080936580667e-01,1.043765964755473563e+00,1.006167323990617479e+00,1.027888636555022828e+00,1.059610073127001284e+00,1.017766049526500405e+00,1.013379052146340831e+00,1.110480799080410863e+00,9.924554984917196565e-01,9.544406461869018310e-01,1.069938365244985645e+00,9.967881956505729724e-01
8.355296104639882149e-01,8.527997002228345780e-01,8.229200214141290104e-01,8.042407962185784687e-01,8.473390936118545547e-01,7.974389623425849338e-01,8.358267397863823334e-01,7.958442923785963297e-01,8.162593997338872809e-01,8.019364859165819537e-01,7.980077541594937651e-01,9.194898159897654244e-01,8.237681641477028194e-01,7.554000120051125311e-01,7.732464637556928366e-01,7.611431132134468536e-01,8.139646543721539285e-01,8.212229202724490307e-01,8.146732730999336480e-01,8.227309561805064009e-01,8.322527768903392742e-01,8.044395887823834190e-01,8.503232508887209606e-01,8.475575412185617497e-01,8.674512365783969559e-01,7.971372837619645768e-01,7.846740481467613382e-01,7.725390369768918575e-01,8.133396025287378261e-01,7.924607537023274917e-01,7.890221410440274585e-01,7.904485188511568561e-01,8.651129508869281892e-01,7.933013871151933794e-01,8.043098029670695537e-01,7.885988471769910246e-01,7.922845755259337874e-01,7.735082802124593204e-01,8.337635252533576180e-01,8.319641091508881425e-01,8.328782079285806939e-01,8.460733136779288177e-01,7.957036453508896656e-01,8.257024995513099208e-01,8.513264648657029587e-01,8.613170760657584690e-01,8.065887108280960227e-01,8.611588853141890487e-01,8.029165735924981284e-01,8.090528284615623456e-01
6.429653909988878313e-01,6.004173648224746529e-01,6.171295086948619391e-01,5.975972301093569472e-01,6.494888087021170042e-01,6.648334432387003057e-01,6.317047328690243990e-01,6.115130597682189029e-01,6.477226155548158060e-01,6.137020218361258772e-01,6.851953662943530698e-01,6.328957982677183569e-01,6.373359523627634138e-01,5.967469403216888457e-01,6.627166523280783039e-01,5.855502921979753861e-01,5.766226655119239819e-01,6.428272247083097746e-01,6.008944853354032389e-01,5.836950452954891011e-01,6.128469149052716558e-01,6.356780642051358399e-01,5.871565991666252149e-01,6.651939794101882075e-01,5.965578802350841592e-01,6.092992366974329110e-01,7.230730086726495642e-01,6.532844035413678530e-01,5.972614482831110072e-01,6.434443196876032944e-01,5.914557110177300903e-01,6.514870869343218907e-01,6.259022423176440197e-01,6.001139960988048916e-01,6.006680026270302397e-01,6.367796565759457073e-01,6.105441696918116889e-01,6.402937898168110653e-01,6.384698468647754810e-01,5.829945375284498743e-01,6.185846021158091235e-01,6.482723467941516882e-01,6.494725326273103061e-01,6.123650480923356065e-01,5.757382216396144115e-01,6.173079274197843525e-01,6.402362514274345662e-01,6.455692833986923507e-01,5.994011296691591495e-01,6.279368808046273953e-01
4.163786954198435142e-01,4.224104069610027379e-01,4.056722253657061850e-01,3.932749986422793831e-01,4.235940409809371143e-01,4.667808970593632645e-01,3.887385903281281863e-01,4.362941977510409464e-01,3.761230827758417217e-01,3.652209290558506849e-01,3.836400885512306069e-01,3.953832935669470139e-01,4.290260245457732657e-01,3.804804094312786988e-01,4.601917936545615873e-01,4.107998418335199187e-01,4.159547610418938834e-01,4.052300984816062379e-01,4.140851146040040454e-01,3.823391213389554233e-01,4.035632527119268342e-01,4.088214644042818535e-01,4.172523763323375268e-01,4.399644611289420526e-01,3.968700123819850489e-01,3.737503219143807343e-01,3.855996335588066093e-01,4.021107311320363809e-01,4.056213429963989592e-01,4.371583228619299044e-01,4.073285445670934424e-01,4.036246835824524037e-01,4.349242730603423701e-01,4.583862108085135501e-01,4.226311205603458521e-01,4.331160217405111146e-01,4.383125014259551810e-01,4.067751501299303740e-01,4.305294365911948584e-01,3.784373793439115841e-01,4.229467220443668962e-01,4.020988728785055422e-01,4.008652227049301908e-01,4.026911370120012656e-01,3.870830253518616759e-01,3.860799767836557983e-01,4.152221532641072188e-01,4.208059892422729154e-01,4.301439012136095141e-01,4.113111518709583470e-01
2.083908683374188775e-01,1.992825517395939439e-01,1.755661756179933974e-01,2.412962979888396142e-01,2.418769244239632743e-01,1.928077862336084747e-01,1.777910867058587752e-01,2.243097856158186298e-01,2.142292211462194229e-01,2.444712496927287371e-01,1.931470276620541882e-01,1.891162500777336941e-01,1.964778299664212136e-01,2.113872103260030499e-01,2.019721207785912520e-01,2.079222034230816529e-01,2.090199568741639979e-01,2.268346190909414917e-01,1.699010272118037512e-01,2.238505993659346271e-01,1.859586078168395107e-01,2.259501748598093662e-01,1.760296713872221974e-01,2.851408711431073217e-01,2.020892918652660297e-01,1.538992401028058676e-01,2.009866334731681692e-01,1.886552903366891798e-01,1.877431608487804826e-01,2.783379721099286108e-01,1.954023519057403735e-01,2.346150134225864492e-01,1.961664549906978194e-01,3.283649258164303419e-01,2.105483015152992687e-01,2.052448981850774901e-01,2.547130025556433308e-01,1.816856749283507211e-01,2.058134528086817405e-01,1.906497122415897194e-01,2.307031616666627705e-01,1.948724955963306305e-01,2.115933404601500756e-01,2.075979927677890358e-01,2.078778895979794539e-01,2.170060819315324518e-01,2.216264352457487929e-01,1.801827072028993892e-01,2.254630246181992814e-01,2.000364150071481939e-01
1.420887868718756463e-16,5.280632905985068781e-17,9.741616714938108308e-17,3.063255387061061073e-16,7.800966682646105110e-17,1.553426871643084362e-16,2.401746247728744124e-17,7.121529899234024930e-17,1.785579398870538662e-16,2.108974566005899267e-16,1.005203701126087720e-16,4.781170137070232766e-17,8.361118363426291389e-17,1.551473665284199492e-16,1.750770471260412681e-16,2.074584182615534118e-16,3.776384980163905508e-16,3.686537487655202964e-16,2.420720252357910544e-16,5.195528914633658258e-17,2.902464649302863191e-16,3.093460328253815681e-16,7.898627000590347381e-17,9.904151386945310399e-17,1.249703282836492735e-16,2.987498883284313452e-16,1.527058585798139109e-16,7.957223191356892251e-17,3.015262316528462465e-16,6.329086176486463334e-17,8.661075054255034539e-17,3.931874157805130384e-16,1.565285624536313860e-16,3.540535312328561884e-16,1.306764811463914060e-16,5.486417147367577828e-17,2.513497554404940393e-16,1.145904316335755792e-16,1.081518263862516574e-16,6.021456174962101228e-17,3.115782686641070917e-16,4.794703066842505962e-16,2.241862355780028106e-16,1.953345873624754114e-16,9.476538709089453004e-17,8.711997934325960452e-17,4.122521049906281935e-16,3.991028407531357103e-16,9.760451204827354389e-17,1.721053831657379290e-16
