2.102933180297930527e+00,2.099656881983638979e+00,2.108275196970840426e+00,2.116216241575454848e+00,2.112635226001667643e+00,2.098759067979692805e+00,2.098960704015266465e+00,2.093188787998368383e+00,2.109020958447439753e+00,2.095814481637976012e+00,2.115122552759904018e+00,2.116160377285676741e+00,2.120975173988041362e+00,2.114294347982690336e+00,2.105289323655771039e+00,2.112362870831907546e+00,2.089954942435849894e+00,2.110015800950432396e+00,2.110950275764839290e+00,2.106307537082193981e+00,2.123272451554312656e+00,2.117120889166430597e+00,2.109820601088355563e+00,2.104477260454471921e+00,2.105460184294255743e+00,2.097185548814056499e+00,2.105708601184383966e+00,2.121578345908250895e+00,2.090531350541759537e+00,2.098079337008018630e+00,2.122686018940401986e+00,2.105998063491227423e+00,2.107442231207668382e+00,2.100128493823353093e+00,2.108283768230719613e+00,2.106829291527691161e+00,2.082941147883452526e+00,2.104013067595864150e+00,2.101208196349816149e+00,2.107572297465603928e+00,2.108148967495687476e+00,2.108188112198223774e+00,2.105731862184462067e+00,2.110757380473559763e+00,2.097103444294404095e+00,2.095571426402100368e+00,2.114382858285185574e+00,2.116849162951020435e+00,2.106770347806357524e+00,2.110218071409862173e+00
2.108753198730997980e+00,2.105542444022634463e+00,2.103032499640900888e+00,2.091249250172954710e+00,2.115744817787724497e+00,2.105824542445569936e+00,2.098973809841206517e+00,2.092934474907579556e+00,2.104446535127753037e+00,2.100554803385773717e+00,2.113720676835281864e+00,2.102900511131109873e+00,2.100828912008794180e+00,2.101987180462872917e+00,2.099957085179247063e+00,2.115003426044269386e+00,2.108227582881717854e+00,2.111420515851190949e+00,2.107626075334458893e+00,2.111007116650722271e+00,2.104464304557311483e+00,2.118432099073017216e+00,2.109086424436428242e+00,2.094258304315741892e+00,2.120913566782030912e+00,2.083718573919302930e+00,2.113371692887510811e+00,2.104933406159341214e+00,2.111257988909450489e+00,2.102144102779239354e+00,2.108770228805149749e+00,2.110970145994290448e+00,2.106617435754825518e+00,2.106988502478032821e+00,2.099134440652044464e+00,2.104499764354903935e+00,2.110751025444317364e+00,2.115909555517998530e+00,2.107860980849282750e+00,2.105845951526486015e+00,2.097298508491955982e+00,2.097771646650253174e+00,2.113570688637624873e+00,2.100741750916147677e+00,2.110641627415343446e+00,2.096812529316348428e+00,2.107930231993250469e+00,2.094943589480028567e+00,2.100134221369978960e+00,2.097207606296207949e+00
2.108198966969762722e+00,2.120007399207419763e+00,2.090216870861895337e+00,2.099952264302937355e+00,2.103896655137833527e+00,2.094496598902695794e+00,2.105277316229548834e+00,2.103674074237916525e+00,2.106039141015274563e+00,2.094495059022109640e+00,2.095185667819427611e+00,2.104675829130284725e+00,2.101630159155249089e+00,2.111203873544738929e+00,2.100483066895411977e+00,2.087184717125613709e+00,2.115406286883062315e+00,2.090265329073923262e+00,2.087913700221084579e+00,2.102391696028123924e+00,2.106741631994193398e+00,2.096856341384212286e+00,2.105921348719914654e+00,2.111902427501791024e+00,2.110130271582062012e+00,2.110009223754960583e+00,2.103087084533670215e+00,2.091918184804476777e+00,2.098714592028613435e+00,2.102444682882320226e+00,2.099101759607324702e+00,2.088801469546441858e+00,2.099349554938810591e+00,2.106635585645464825e+00,2.104452244833124652e+00,2.097983006815125506e+00,2.087546710361255720e+00,2.112090495317909156e+00,2.102971853548821546e+00,2.106814180110980317e+00,2.095646454741285858e+00,2.100588978937084406e+00,2.100540142573098734e+00,2.098564887796729117e+00,2.115950783101199217e+00,2.109366090045341036e+00,2.111986583894054803e+00,2.086480498086101587e+00,2.105139351424802907e+00,2.092884597829351101e+00
2.093528223032803393e+00,2.105699534074123580e+00,2.093259860135096684e+00,2.096502701478894171e+00,2.101958132350863373e+00,2.085684846836931783e+00,2.082174958394286790e+00,2.089021118473073813e+00,2.092435941707408098e+00,2.103234465634683303e+00,2.095824224700249871e+00,2.104456510662328750e+00,2.103795764031719084e+00,2.108356740944542285e+00,2.089926207321468166e+00,2.099158308072721635e+00,2.111087289244777843e+00,2.115650007813981492e+00,2.106743854372295388e+00,2.103965089863323534e+00,2.102899645859458211e+00,2.094183364551863491e+00,2.100945169953034597e+00,2.096598478075547334e+00,2.111446040712420480e+00,2.092639132839873017e+00,2.107976132656331547e+00,2.092281793716699756e+00,2.112688885324688126e+00,2.105353443077018660e+00,2.095426282175873123e+00,2.100097415851481575e+00,2.103147986440323525e+00,2.093442852518062836e+00,2.104053193361667962e+00,2.113385796211300516e+00,2.106666240841960747e+00,2.095020490387385248e+00,2.117669713578550272e+00,2.099779639921768304e+00,2.091856726008473277e+00,2.098762029020467157e+00,2.099234559697690017e+00,2.089747269134049290e+00,2.091791659283966709e+00,2.110704028330187665e+00,2.088269818994597848e+00,2.095190049275678756e+00,2.099897680146205037e+00,2.111892648729051913e+00
2.095608755863456629e+00,2.104404088152459273e+00,2.098389760381568880e+00,2.106407890512387748e+00,2.101624063697745015e+00,2.092672391146181976e+00,2.087785183723820825e+00,2.089580992956414196e+00,2.111173904153652803e+00,2.098829757276388541e+00,2.097595372505678402e+00,2.111949834503865198e+00,2.101623211948856706e+00,2.090940990320607096e+00,2.099094607526245770e+00,2.100369016149306489e+00,2.081031422332010550e+00,2.093464501219465035e+00,2.108715309244197922e+00,2.103052148082107831e+00,2.105522999058472955e+00,2.099587308384570861e+00,2.091660539733595670e+00,2.094232344420623892e+00,2.089596390512217017e+00,2.097818347461162247e+00,2.102003145282917096e+00,2.106804087263588254e+00,2.093369421151154874e+00,2.100725782809197195e+00,2.090197658460929198e+00,2.105661554235875421e+00,2.095405729156635033e+00,2.103425972084912221e+00,2.095076917002696604e+00,2.095064515272369476e+00,2.090039962121435391e+00,2.092339785006410935e+00,2.101770985948887116e+00,2.099864529491158205e+00,2.099832369490780781e+00,2.092635287563890945e+00,2.086332833515549989e+00,2.088701017171903374e+00,2.101391714596612115e+00,2.096969580181501591e+00,2.096307727648506702e+00,2.083752389715693987e+00,2.082236556063651545e+00,2.089701374115994437e+00
2.095321441174324395e+00,2.093238112894072245e+00,2.082736415247178119e+00,2.087692807507934845e+00,2.087459892104264636e+00,2.090580517288135987e+00,2.099679487674823264e+00,2.089702194872834262e+00,2.087392625525446910e+00,2.098784124338316293e+00,2.086106879329030495e+00,2.084345759661142772e+00,2.098605763942575919e+00,2.085641128512564890e+00,2.090384743322324379e+00,2.092343905802412252e+00,2.093644319346607663e+00,2.091798730540257445e+00,2.094556216503653090e+00,2.084840216615375663e+00,2.086302149078566259e+00,2.083094215032556207e+00,2.107388879350136524e+00,2.094412762775533121e+00,2.090358514708791304e+00,2.090610131224254431e+00,2.095301217561772233e+00,2.090621716708143563e+00,2.090816455291404363e+00,2.081312520253244092e+00,2.101647610223275731e+00,2.100785219079867261e+00,2.093066991383186526e+00,2.096689538198068803e+00,2.103367513050874216e+00,2.081646791926899720e+00,2.068844447370764339e+00,2.090513138818915984e+00,2.093070744461542620e+00,2.082718945773577524e+00,2.085909312818454708e+00,2.087480364247002562e+00,2.094589429807348857e+00,2.107433429956274029e+00,2.085516605643118471e+00,2.083629148250549790e+00,2.085313622371739228e+00,2.087324184459735665e+00,2.096620165946524228e+00,2.097150995208754143e+00
2.092365083325165465e+00,2.083624866590584546e+00,2.082389075337285789e+00,2.072086415965902262e+00,2.089878037444352632e+00,2.076218401148170578e+00,2.091804307915040795e+00,2.080925429389110626e+00,2.081953980017486217e+00,2.073964131139614864e+00,2.079947358964826076e+00,2.071598065002706601e+00,2.080685829440946044e+00,2.101716995099307095e+00,2.090983568078408794e+00,2.078046491651585281e+00,2.093437341979781152e+00,2.078034374823780173e+00,2.087727427333495367e+00,2.084867869233301363e+00,2.087599108879005350e+00,2.074408331904473268e+00,2.090420577703869132e+00,2.084139740291312659e+00,2.069798907477063743e+00,2.080936737321380736e+00,2.086518069960076271e+00,2.075425360800735586e+00,2.082710163272593284e+00,2.082333282700719046e+00,2.085445511846210298e+00,2.078367109695881343e+00,2.081418571739445333e+00,2.087364454387516055e+00,2.079635759850504861e+00,2.062746929598710199e+00,2.089810412599450551e+00,2.090116665170544064e+00,2.085256646909279254e+00,2.080287350575243721e+00,2.078761036418001140e+00,2.087026108244460332e+00,2.077127423541928586e+00,2.093597716017942201e+00,2.068288012568417766e+00,2.088403104723565828e+00,2.080063949093407416e+00,2.087190256449616754e+00,2.079409988035846979e+00,2.094286458019373409e+00
2.091979189890839308e+00,2.077892286059618510e+00,2.074635926141409570e+00,2.067062090377724815e+00,2.083047257475658665e+00,2.063455356257045903e+00,2.064507006536648870e+00,2.092388711053113415e+00,2.069113439272188604e+00,2.080471539744056297e+00,2.084244429987088143e+00,2.075937063390528969e+00,2.083021733517340213e+00,2.068387629207377287e+00,2.060174766294625925e+00,2.081520809351955048e+00,2.083052617501104820e+00,2.092401667881031990e+00,2.057026307463193593e+00,2.073225684320982420e+00,2.079781512589912840e+00,2.080726802588870328e+00,2.069073240355399967e+00,2.072181604241091879e+00,2.076680702651021448e+00,2.063757274669899999e+00,2.086477249644863807e+00,2.070893927986534155e+00,2.076880490039922034e+00,2.065745299319282413e+00,2.076865946355912484e+00,2.068126455596130064e+00,2.078023655634134936e+00,2.075404231588404702e+00,2.076845881469372657e+00,2.065411105688409243e+00,2.084484792264449382e+00,2.058192619632996045e+00,2.063560643366107783e+00,2.074620249017413709e+00,2.076083890034551960e+00,2.069719554184049848e+00,2.074294836214372939e+00,2.075788264104680980e+00,2.062976888601102843e+00,2.083034585299813113e+00,2.066752468639776019e+00,2.073317370467718135e+00,2.092400701351603498e+00,2.074758485780238804e+00
2.064345940757394526e+00,2.065269290479350595e+00,2.057424374910813203e+00,2.078235474536135552e+00,2.062281699992306372e+00,2.064095842903400868e+00,2.067618312326036545e+00,2.059332545983241669e+00,2.079009740723465782e+00,2.048173882342065877e+00,2.067539992633727675e+00,2.079647138175868104e+00,2.061667198207563612e+00,2.076577265443767750e+00,2.067797848208252631e+00,2.067494336876945837e+00,2.059964308944828293e+00,2.045509690140691728e+00,2.057913641834993701e+00,2.071829747389576593e+00,2.068416628237563337e+00,2.053826292321137004e+00,2.063084399817102899e+00,2.052142458592841390e+00,2.073461319676338732e+00,2.073045293954001611e+00,2.055225614009100976e+00,2.065743493884370618e+00,2.061405989268966010e+00,2.067789255184580455e+00,2.053970974779559366e+00,2.057294846576562808e+00,2.057169633987974589e+00,2.056505987906886990e+00,2.052038087595507321e+00,2.053120693791248286e+00,2.057959026751771781e+00,2.076494943122280112e+00,2.072324899594684133e+00,2.057418038720907116e+00,2.056973718521274197e+00,2.056762543595672010e+00,2.065765025587908976e+00,2.060531982767754400e+00,2.056757193739704892e+00,2.062523401230790032e+00,2.068942585955488855e+00,2.065095153530332794e+00,2.058319689530338170e+00,2.056220032324542313e+00
2.050006915489834380e+00,2.052137020656493060e+00,2.063637772986467667e+00,2.047966476404824210e+00,2.047843481365914542e+00,2.058433704674479170e+00,2.061077660604347717e+00,2.045502045054778950e+00,2.057720805395169439e+00,2.050482667961329497e+00,2.041931641074261616e+00,2.048743973298553733e+00,2.035525157377966465e+00,2.052985621282541029e+00,2.058274718494043753e+00,2.050745879281572925e+00,2.049682595811438635e+00,2.042715899300444615e+00,2.048542949874111230e+00,2.044602691064366873e+00,2.058531544042737416e+00,2.047244524419709943e+00,2.048038789227456746e+00,2.053346899834302519e+00,2.040331187836685878e+00,2.059534955664009903e+00,2.057144259581082046e+00,2.044268968230878336e+00,2.049784782719620058e+00,2.048564920630326469e+00,2.060825050506922551e+00,2.054050514939040895e+00,2.066976463333707326e+00,2.041853851936012099e+00,2.051451149459472934e+00,2.071107881336152978e+00,2.057149649200717967e+00,2.050391858111518140e+00,2.046370018910014021e+00,2.059116777034974533e+00,2.059530544739014424e+00,2.048438952432309001e+00,2.043133300635854077e+00,2.062370458667116324e+00,2.056327251828597991e+00,2.049958502736415777e+00,2.052314690204865677e+00,2.046961774361836017e+00,2.041692936968019456e+00,2.053311366340560884e+00
2.047048273144106201e+00,2.037321349126335779e+00,2.046538213736004863e+00,2.045946732564816184e+00,2.038922751270961786e+00,2.030113846114403042e+00,2.035117094754560707e+00,2.051474781409971193e+00,2.049176414518468547e+00,2.044667776440043827e+00,2.047175293442723198e+00,2.035621737654129237e+00,2.033693594199730725e+00,2.037420738894905270e+00,2.037984997759255901e+00,2.032739773649076209e+00,2.048961573050876339e+00,2.036728164345737113e+00,2.037441016038797237e+00,2.050600901732833048e+00,2.024037274234841810e+00,2.041553894398147495e+00,2.036150725142293894e+00,2.056223858305856300e+00,2.041051316179979480e+00,2.036838381703653500e+00,2.040054046899260065e+00,2.046052920506139738e+00,2.023812091286900205e+00,2.034895779353673717e+00,2.031432375519776290e+00,2.043586894137468413e+00,2.033924273936554172e+00,2.037986934869719047e+00,2.031399129561115124e+00,2.045960155451237661e+00,2.027975888569291119e+00,2.036986751129874040e+00,2.040771695420295018e+00,2.041316552439409904e+00,2.030626909996430918e+00,2.023470977747871657e+00,2.044972837890174144e+00,2.036338180671839027e+00,2.031606909013167428e+00,2.040582403881789908e+00,2.038000008227896398e+00,2.034862839377248545e+00,2.034271311187374920e+00,2.041667350485716348e+00
2.030164322876123251e+00,2.025750890015154848e+00,2.027135432536379955e+00,2.020608426480485775e+00,2.019385894666143599e+00,2.012797984739871815e+00,2.019644375068539777e+00,2.020633995181172704e+00,2.028255384031317998e+00,2.026291862621074191e+00,2.032539650240824614e+00,2.023221348172004941e+00,2.020209165434911025e+00,2.024151061304748200e+00,2.010270836208239764e+00,2.033960812389318473e+00,2.028776967021689526e+00,2.027975014581294477e+00,2.026129975960972107e+00,2.023556231795306637e+00,2.022135883344234220e+00,2.028209545571275196e+00,2.019344813631603230e+00,2.023061791681228794e+00,2.035589597580470311e+00,2.015379028254261851e+00,2.033935955263912465e+00,2.013426392280603494e+00,2.021229419107841263e+00,2.019631511332852458e+00,2.026556893469831699e+00,2.026195404857995541e+00,2.046116699732248190e+00,2.016643197744275362e+00,2.012755422995987864e+00,2.006912735128613345e+00,2.025937890554682319e+00,2.019932931777510543e+00,2.035317977618102514e+00,2.008161649262820703e+00,2.035503126192450107e+00,2.027778591830434518e+00,2.018370166835198543e+00,2.018384527914745430e+00,2.030215457274871405e+00,2.026055159382061266e+00,2.035084888517417312e+00,2.025614474089612482e+00,2.024263489536898053e+00,2.029115466406568036e+00
2.010321813361849674e+00,2.013180620717540670e+00,2.006773951961126734e+00,2.012630203053382694e+00,2.022435122772259675e+00,2.017912143724446050e+00,2.012038712246710492e+00,1.994475173354218089e+00,2.015957393983590418e+00,2.003148603982076281e+00,2.002805620430654798e+00,2.007763297736247843e+00,2.012788424244150498e+00,1.995157621727817743e+00,2.001594839788263691e+00,2.016331591011872426e+00,2.012870046070760921e+00,2.015430812948693973e+00,2.013894872976908612e+00,1.996697483916698879e+00,2.009155078620378898e+00,2.015353372082961947e+00,2.002342404121319586e+00,2.020395314842172940e+00,2.012396210376423245e+00,2.005989281523770984e+00,2.012109003425865517e+00,2.010571107872200169e+00,2.001331218072403217e+00,2.006204990209595973e+00,2.006970387800063538e+00,1.995397182566079008e+00,1.995989354257247106e+00,2.018597567855942021e+00,2.012730451722468672e+00,2.021100672382937002e+00,1.993578318727190712e+00,2.019907250286436362e+00,2.002980504514359161e+00,1.999140014943281640e+00,2.015062488650619432e+00,2.007482202933718707e+00,1.996172582255912653e+00,1.998196548829574981e+00,2.015460216422183759e+00,2.016071608133326531e+00,2.022737540624160335e+00,2.013554237618752296e+00,2.016141615076086246e+00,2.002348824328713750e+00
1.996492860127729418e+00,1.996598409818722830e+00,1.994517313481852128e+00,1.991639667571687866e+00,1.993503023728609769e+00,1.981487133840563075e+00,1.996233060658326952e+00,1.988383936140068364e+00,1.987674678422601149e+00,1.995628824318618655e+00,1.996543983531372524e+00,1.990216432333715701e+00,1.989697180829104184e+00,1.982482006180021905e+00,1.976364413909458717e+00,1.990301647133108309e+00,1.990175035938490211e+00,2.002543825758455132e+00,1.993755373991004776e+00,1.992417548019932649e+00,1.995242978735221495e+00,1.992884077072372806e+00,1.990193822409336954e+00,1.995469586310199439e+00,1.989418561273876618e+00,1.988941219837863983e+00,1.973044484360542583e+00,1.993383456446328639e+00,1.995649340623611323e+00,1.995143183850892621e+00,1.990624888368962564e+00,1.985440792329598469e+00,1.986080159218860164e+00,1.982427993028913926e+00,1.985377548221417987e+00,1.992653778070763160e+00,2.002979520818650716e+00,1.994288270322116530e+00,1.993092985663640349e+00,1.991644948453247910e+00,1.985262027567331611e+00,1.986370796883307310e+00,1.982225794526307761e+00,1.986975198327560088e+00,1.983771826069948840e+00,1.997763379952413931e+00,1.978540258894410542e+00,2.004434347833852659e+00,1.984486270161464061e+00,1.986791735906135337e+00
1.981458293301584295e+00,1.976140387173264568e+00,1.981270186729948923e+00,1.978488534439040603e+00,1.988260574271993208e+00,1.970554237702618394e+00,1.965723381365141353e+00,1.969045744890679073e+00,1.972605530716025957e+00,1.974599423779094032e+00,1.968797918911456613e+00,1.971356971103686018e+00,1.975628318401507322e+00,1.968571664169112001e+00,1.970189796176325503e+00,1.975561909683680062e+00,1.986828565768040455e+00,1.972295730796817415e+00,1.970954490236906054e+00,1.975684158135101454e+00,1.980683664921246923e+00,1.978371751696860192e+00,1.966313674996623684e+00,1.973695902191114904e+00,1.965680253232130914e+00,1.962717868007103350e+00,1.979432599621648858e+00,1.972656790552047568e+00,1.959414355721284862e+00,1.967211648088988962e+00,1.963663321880013246e+00,1.980433010747723044e+00,1.956975344903344460e+00,1.976229578623301730e+00,1.981396217536944171e+00,1.975395373712653502e+00,1.981312827922257824e+00,1.963885101480727258e+00,1.956796466879876739e+00,1.970518323477281841e+00,1.972758248676801163e+00,1.966707612272589056e+00,1.974487191108715622e+00,1.973653656648416188e+00,1.988106853257693096e+00,1.986352895421519715e+00,1.972540452740178862e+00,1.972454642773022959e+00,1.993020375819001266e+00,1.973413574185767905e+00
1.963026004416694503e+00,1.959448631428089893e+00,1.963839510570119407e+00,1.968408473136263437e+00,1.955350366143683738e+00,1.943208770096569671e+00,1.956831778550261802e+00,1.964946145682408885e+00,1.953557723186418515e+00,1.953135440979971271e+00,1.955781349320834472e+00,1.961052159439067744e+00,1.942281372026308350e+00,1.955528346256982131e+00,1.948113107028798918e+00,1.965342344301568955e+00,1.955952455017620828e+00,1.960974474830326164e+00,1.968346363586415348e+00,1.956720557561179463e+00,1.951928567905294898e+00,1.959869518285158208e+00,1.942222801579774005e+00,1.953402534753902797e+00,1.968424252556058018e+00,1.939993141094228157e+00,1.954902910219392442e+00,1.958907954218264358e+00,1.951276311564159149e+00,1.951567702383361080e+00,1.970315988976196087e+00,1.957022358793421235e+00,1.954811262465820487e+00,1.950522831656043010e+00,1.948685747272575819e+00,1.957704795550104127e+00,1.954292901018617856e+00,1.961820470270215111e+00,1.957545157243402167e+00,1.959247366950958913e+00,1.959307408483054624e+00,1.956997828381344728e+00,1.958166518977974446e+00,1.948914189806169039e+00,1.955628273171504228e+00,1.959572829684677719e+00,1.950964169308537333e+00,1.961472662664123234e+00,1.945366263398720097e+00,1.958987101203125025e+00
1.927608074589466813e+00,1.928301763413876824e+00,1.947012718165032963e+00,1.929199368081859545e+00,1.943770138540249492e+00,1.939027776140252568e+00,1.928229790761955664e+00,1.931048063358383526e+00,1.937432467805416447e+00,1.944116153962926585e+00,1.929503858591895993e+00,1.927393671527330543e+00,1.942507695443781435e+00,1.935127958432173889e+00,1.934166652188556768e+00,1.932594666104882952e+00,1.925203629035468822e+00,1.934924654799800026e+00,1.931760280123646867e+00,1.922999289559040204e+00,1.937856762604676764e+00,1.932242528498247847e+00,1.937744303107558741e+00,1.946213149062204995e+00,1.938864334880129103e+00,1.942185842631171777e+00,1.928277303677063070e+00,1.939156342756805040e+00,1.913061984760790590e+00,1.923361693161748320e+00,1.942690822567941122e+00,1.933814846293637313e+00,1.949501475714185972e+00,1.927213666723404772e+00,1.928847765548278081e+00,1.934560319348863633e+00,1.940366450877567539e+00,1.923042406446582087e+00,1.937919320764503350e+00,1.925201232415526986e+00,1.926991000727528158e+00,1.927026502365799754e+00,1.937174967162048400e+00,1.939505382681280254e+00,1.934377702159004953e+00,1.926102121086467722e+00,1.925016500446864010e+00,1.941334776050458233e+00,1.934335543597559326e+00,1.923618969903716058e+00
1.913014241340281529e+00,1.926092056700362987e+00,1.921008973266277176e+00,1.913564940544786541e+00,1.915560605192249355e+00,1.922558015067235448e+00,1.920074130595647244e+00,1.909576566237553230e+00,1.897767062468649568e+00,1.918006763258015557e+00,1.913851653890600524e+00,1.911942415228963243e+00,1.893300121281912496e+00,1.929333748504527657e+00,1.911900063593174659e+00,1.897808760582234688e+00,1.912785748688413445e+00,1.899715045366603183e+00,1.915993140903872849e+00,1.935250842789444814e+00,1.919179684602695612e+00,1.905093009516664493e+00,1.888626460796210216e+00,1.903603875589126471e+00,1.920572259507088209e+00,1.918893174283481606e+00,1.900612205869096183e+00,1.910009595184067654e+00,1.916589904955543933e+00,1.922510803346759278e+00,1.901256149635368820e+00,1.904803950082964548e+00,1.917576820492151723e+00,1.916691026375346052e+00,1.925041203627104069e+00,1.928592107924654186e+00,1.908157529839568989e+00,1.912630085907708333e+00,1.912614527701571587e+00,1.913923016670025845e+00,1.916040698772417006e+00,1.911909998043703984e+00,1.907614861108944737e+00,1.919026739142651650e+00,1.911950321786333618e+00,1.932537268129623564e+00,1.899095385613857045e+00,1.915544998169843138e+00,1.901104828184722928e+00,1.915539054684498588e+00
1.887179008726123541e+00,1.894810561592031206e+00,1.894889497476446305e+00,1.894024107586220085e+00,1.886537275433836536e+00,1.887918957589726388e+00,1.891869817933895082e+00,1.888053833607826526e+00,1.888589974205918232e+00,1.872589099078902253e+00,1.884271792566837078e+00,1.895258044314403811e+00,1.904220107435357523e+00,1.890408681972967297e+00,1.883877184967446494e+00,1.890743444887538427e+00,1.895586348939413579e+00,1.886307423572713526e+00,1.897183270972998992e+00,1.890437065909380987e+00,1.907718998172469593e+00,1.903131351708872376e+00,1.891247038424211713e+00,1.893273439608043951e+00,1.899880421025108790e+00,1.886679052595252148e+00,1.897319942412470040e+00,1.884456810922978232e+00,1.897117818845571069e+00,1.887517628778929035e+00,1.901160172577637697e+00,1.891403938034553533e+00,1.881948697585217101e+00,1.887951487757058455e+00,1.891689828233015680e+00,1.888255657432615253e+00,1.893454717708419555e+00,1.884586211988936721e+00,1.876387018536333828e+00,1.891134791953923422e+00,1.904852380487103813e+00,1.894250972612252060e+00,1.897061136291068983e+00,1.890139581898898857e+00,1.887962413804578299e+00,1.889737271121016082e+00,1.878783762494264042e+00,1.891645292085658125e+00,1.888044538717255305e+00,1.888593365760266707e+00
1.848056596821821440e+00,1.868818556641492767e+00,1.859207089628296172e+00,1.864961252553501092e+00,1.859694472714764846e+00,1.863445708260584421e+00,1.872324507182289821e+00,1.862313011907866134e+00,1.856889719128401506e+00,1.877545818271719735e+00,1.867774501526841213e+00,1.848002274488848906e+00,1.864867748889559307e+00,1.868018305369290477e+00,1.866339489763523263e+00,1.862598917859167091e+00,1.863658750939761743e+00,1.866913086327907978e+00,1.864425817689188358e+00,1.862143140198138758e+00,1.877333922734256921e+00,1.870398379712335357e+00,1.871402256586078838e+00,1.872491722048120533e+00,1.864499975223179895e+00,1.873278578294211627e+00,1.857880653946174743e+00,1.881766509109887187e+00,1.856807883431813355e+00,1.858450033904606835e+00,1.863749047404337666e+00,1.875770863972947344e+00,1.858657662766833640e+00,1.851761632529959067e+00,1.864789238396143745e+00,1.881826107084490385e+00,1.865806641369416319e+00,1.865120720048953462e+00,1.868354762770917610e+00,1.867290328382846587e+00,1.863044745452884232e+00,1.855027631227623486e+00,1.867285189970324000e+00,1.865802020155080010e+00,1.865528012305039285e+00,1.868082920191292740e+00,1.869300794942485133e+00,1.855417478645222884e+00,1.855509433540172282e+00,1.859252196378311739e+00
1.844123133631870415e+00,1.832959902112663242e+00,1.832863234819585463e+00,1.844988392313857473e+00,1.832337448493799315e+00,1.827981379817195551e+00,1.840621833326526069e+00,1.828384978040857423e+00,1.845250214476765738e+00,1.829484810670270578e+00,1.846362798322853216e+00,1.835182663219010246e+00,1.844599102995212014e+00,1.846751874367670965e+00,1.833197126365448071e+00,1.830803688349207370e+00,1.848036172803039445e+00,1.848160649027655422e+00,1.830398997180437526e+00,1.841396941048401459e+00,1.851692612132049387e+00,1.833894112444125479e+00,1.848754480744927875e+00,1.845166651406930924e+00,1.826133993314524417e+00,1.825748512623802222e+00,1.838726877692039352e+00,1.833734408395671700e+00,1.834763922666528657e+00,1.834903334895936267e+00,1.835570139951545166e+00,1.841218755194087286e+00,1.833499483391581641e+00,1.846022605869640287e+00,1.849553347589643737e+00,1.843083555790272277e+00,1.842065208472208448e+00,1.840232035677153100e+00,1.842104920877886798e+00,1.838834135491241639e+00,1.849417112154150722e+00,1.840749084459396556e+00,1.833341423973525064e+00,1.846629255263706915e+00,1.846073032002452985e+00,1.851218219605279547e+00,1.845165042353466900e+00,1.840615031621182895e+00,1.839718378205137395e+00,1.846920704799311030e+00
1.810565801281375231e+00,1.804709677125150291e+00,1.808676737620503516e+00,1.815228974971367037e+00,1.802101954662099992e+00,1.815983656032390758e+00,1.808444636104010073e+00,1.807983459659474823e+00,1.823518837861347608e+00,1.820340948000316317e+00,1.812519573570511744e+00,1.801404181502052282e+00,1.816892442473230007e+00,1.810245034810655351e+00,1.811589235742617987e+00,1.815439484780755119e+00,1.826064597267713419e+00,1.824272910087932908e+00,1.823034694120465593e+00,1.818667945934593133e+00,1.814553193199005765e+00,1.808380163765150428e+00,1.800851690357991641e+00,1.803784624185860608e+00,1.823161383270811120e+00,1.809954700212370371e+00,1.804647256363391294e+00,1.807224003455220274e+00,1.815458246133141218e+00,1.817931602680320058e+00,1.824724152165147606e+00,1.820516993926201366e+00,1.812789371289957208e+00,1.824938231382142062e+00,1.814287700352128940e+00,1.820522541652936033e+00,1.803215120345944111e+00,1.816163783738721893e+00,1.820846361523349888e+00,1.818383509661114950e+00,1.828389124518025710e+00,1.821110090023556394e+00,1.824096543956978511e+00,1.814231985362340538e+00,1.820878755290554762e+00,1.798145926316575993e+00,1.813066161820226396e+00,1.817282554624169100e+00,1.820001089692593110e+00,1.810741171479329337e+00
1.780873265962013452e+00,1.783260673596912094e+00,1.787915108659209329e+00,1.791183479675870993e+00,1.782897214559701293e+00,1.775599436643250595e+00,1.787619592652180733e+00,1.775720923750526703e+00,1.799441895578361983e+00,1.787580107438592414e+00,1.781351481597509778e+00,1.777405157599191599e+00,1.794851589987598972e+00,1.775539732518754743e+00,1.794239418505950256e+00,1.785878343453070949e+00,1.785974951999088178e+00,1.801812399974224821e+00,1.788698846649225072e+00,1.788203052770538370e+00,1.777168515362011592e+00,1.791598255830717079e+00,1.781763967116457570e+00,1.782566425363429685e+00,1.790766865446993261e+00,1.762895484901798149e+00,1.791187542620581219e+00,1.782540874944913645e+00,1.788587120057734126e+00,1.781818821880997383e+00,1.778237546827819093e+00,1.793883992757841161e+00,1.785194540401995322e+00,1.790959969825743459e+00,1.795944943243762859e+00,1.788052249659313864e+00,1.779803842741572995e+00,1.800152270381818242e+00,1.784752586022382959e+00,1.784386704918773381e+00,1.782041446252557115e+00,1.803701350135794579e+00,1.779702340526104987e+00,1.792519108585232335e+00,1.796687799801118368e+00,1.793161850988822081e+00,1.787043041845401303e+00,1.788809907781746977e+00,1.786410487482364084e+00,1.792742116742396918e+00
1.767176782730301321e+00,1.762869515803342502e+00,1.761332262872328913e+00,1.765370882124825513e+00,1.763514676514172708e+00,1.744214386322544330e+00,1.764699878364784702e+00,1.754345343288225223e+00,1.761327716318927372e+00,1.743237285668380432e+00,1.760319713700294608e+00,1.759552075007160710e+00,1.769286183794782197e+00,1.758246325870573390e+00,1.751617275682865182e+00,1.752284792164240601e+00,1.747933925964172186e+00,1.762950506007531004e+00,1.759780948762795116e+00,1.757516226387622282e+00,1.760257900375709283e+00,1.748823456776550156e+00,1.752306435454349609e+00,1.744741517690947541e+00,1.764847795679884035e+00,1.759091871640237281e+00,1.746508768636560127e+00,1.750335748389516111e+00,1.758233935437414575e+00,1.751272640334243569e+00,1.772319302027072441e+00,1.767809920900319742e+00,1.760011779202157012e+00,1.746804301585052954e+00,1.754747058763906908e+00,1.762284293198547624e+00,1.767055234143640075e+00,1.753530472494275960e+00,1.762631492961311830e+00,1.764368602213226556e+00,1.758626682503935168e+00,1.764592754284131981e+00,1.762445658410869420e+00,1.764370407374094674e+00,1.764229251598240733e+00,1.763802991810849541e+00,1.765034879676368185e+00,1.760085844836428937e+00,1.763786900716950878e+00,1.755703877227602128e+00
1.733631018966358628e+00,1.729094230901058404e+00,1.720798593835190404e+00,1.736338384990745443e+00,1.727869791500312280e+00,1.735818283341244550e+00,1.731155586490281451e+00,1.733351116449561857e+00,1.731189273901373671e+00,1.733341377551679052e+00,1.723222236598764390e+00,1.722501864817622907e+00,1.741659820431943340e+00,1.738898369664997334e+00,1.728296274382154163e+00,1.729543529552890258e+00,1.747414464591490191e+00,1.725773414670769501e+00,1.732148505517388193e+00,1.730550186254131484e+00,1.743353477370096494e+00,1.728537021593832934e+00,1.724981327900752426e+00,1.742897609230315004e+00,1.733471484625997094e+00,1.716731555927066166e+00,1.733403451334847301e+00,1.740020438800788050e+00,1.735909435410093016e+00,1.738272420057243473e+00,1.732893039686171477e+00,1.731379255603953338e+00,1.740024332316827183e+00,1.737377928810347472e+00,1.720447207223895436e+00,1.733780657087111488e+00,1.727543801334533669e+00,1.728867925612391110e+00,1.742736934878540422e+00,1.727951978536244493e+00,1.716631649870487442e+00,1.721826597932686331e+00,1.728470853884361391e+00,1.723536648173150221e+00,1.734498850089084554e+00,1.728942347072755181e+00,1.726911070034820028e+00,1.726932599512441824e+00,1.732014489112204236e+00,1.739996706036282204e+00
1.709870204690310480e+00,1.697807505256303973e+00,1.689383860009317617e+00,1.707720701769912086e+00,1.688718658963693553e+00,1.706946485387830004e+00,1.700247127901946431e+00,1.701634987645110453e+00,1.701696363496167486e+00,1.703611177953899602e+00,1.701485931279833386e+00,1.703747292126390089e+00,1.711467480597432811e+00,1.683365316010748236e+00,1.693913451772284695e+00,1.701217395677320887e+00,1.702625109316444396e+00,1.706772673496311121e+00,1.707092124247044262e+00,1.699417171183995157e+00,1.695979980406402410e+00,1.708837786023374106e+00,1.697282285703335614e+00,1.708833108783564647e+00,1.708045254383723011e+00,1.699313365760915850e+00,1.698369151566070823e+00,1.683722879150590490e+00,1.692414202562285697e+00,1.699419655418005437e+00,1.693061111383619810e+00,1.702641018153970842e+00,1.700070776928634730e+00,1.708225417699982485e+00,1.706316159644990726e+00,1.709832080092148043e+00,1.702129994740577468e+00,1.693023425872145493e+00,1.685653178840106126e+00,1.701295999316041918e+00,1.694642000589529740e+00,1.712731448221251229e+00,1.698641878435983354e+00,1.712651544110266322e+00,1.701080102393751403e+00,1.701902886110921997e+00,1.701445697470265417e+00,1.701078989388310703e+00,1.688612435403960221e+00,1.700361264096264646e+00
1.663948190414240802e+00,1.665431232236023629e+00,1.674719966034521779e+00,1.674982206308757160e+00,1.678726815427310726e+00,1.666555071107159058e+00,1.676305226423355998e+00,1.681440520031698860e+00,1.661962174834856976e+00,1.667945181492860529e+00,1.676651150311110117e+00,1.670498334763907744e+00,1.672482382144361290e+00,1.669069386226835761e+00,1.670352818817927520e+00,1.664975696139397776e+00,1.664314374148752940e+00,1.687376443876051013e+00,1.676092984488614990e+00,1.659348475352827590e+00,1.655792392554919612e+00,1.667477573520321332e+00,1.661127511108759780e+00,1.666596059599465329e+00,1.668943647640901640e+00,1.673112789735087480e+00,1.672382413864115236e+00,1.669642688954672050e+00,1.674488975159321269e+00,1.664503301786135259e+00,1.674147670919140074e+00,1.661747815796891237e+00,1.660889689518168844e+00,1.676940458911827525e+00,1.663687305854367304e+00,1.676762797979225450e+00,1.663203139688528287e+00,1.670361987962515338e+00,1.668273661789175799e+00,1.675249163725015977e+00,1.670659093620941560e+00,1.666950020992766568e+00,1.671696569958476930e+00,1.662673165746537007e+00,1.686769558527574153e+00,1.667640266274929672e+00,1.664999565071304755e+00,1.665947562399633153e+00,1.670633992378512733e+00,1.669180284315147755e+00
1.647654884721123203e+00,1.637878008664260143e+00,1.642360651231275837e+00,1.639581093485592111e+00,1.630337340265112012e+00,1.634517317583575879e+00,1.631085916931725555e+00,1.641454178350579829e+00,1.638721113920095451e+00,1.638177781164727564e+00,1.636775639114784520e+00,1.628431625605031519e+00,1.629203217529270109e+00,1.643687708480253473e+00,1.635452630075758140e+00,1.642514000760315396e+00,1.642755296492761419e+00,1.635212478845680106e+00,1.648858879815119360e+00,1.630436752201519068e+00,1.637868171089119640e+00,1.646285679718892725e+00,1.650537699652545820e+00,1.642669494324684232e+00,1.645937392276940470e+00,1.646711370536808161e+00,1.646768486805990861e+00,1.632220819853002602e+00,1.641818293910040305e+00,1.629993999396623705e+00,1.629275713373340206e+00,1.629740998705148103e+00,1.635838407853213994e+00,1.628496390470738353e+00,1.640786438918286461e+00,1.636005626301611171e+00,1.650790401957181741e+00,1.637257941370267256e+00,1.636033667254277013e+00,1.639623250880457350e+00,1.627753449943148967e+00,1.638570192249197977e+00,1.634307954918044592e+00,1.646146292076634321e+00,1.636438925395905297e+00,1.640572984583183125e+00,1.636661209200693134e+00,1.642660603262844798e+00,1.632325667491597798e+00,1.650619550370296063e+00
1.596596073009261652e+00,1.616769968568504412e+00,1.607864269158829407e+00,1.601497123724962890e+00,1.611368101023004762e+00,1.601996928421180799e+00,1.611178996533623842e+00,1.604664760644444854e+00,1.602287462083952230e+00,1.602979352087498865e+00,1.606444333956196235e+00,1.593302841781313317e+00,1.613417096580028742e+00,1.605255282810412742e+00,1.602152045939885916e+00,1.601480100720025446e+00,1.604709476927824729e+00,1.601926015737086040e+00,1.606493599615038903e+00,1.611285842570532978e+00,1.608491581257466052e+00,1.604619138562652259e+00,1.615744488605110440e+00,1.612440195549438959e+00,1.608268635737547747e+00,1.599759589567360640e+00,1.608749920899834374e+00,1.601960151304953950e+00,1.595540329420373382e+00,1.614648696421210783e+00,1.600227493610834495e+00,1.601163167916757502e+00,1.606988035834525208e+00,1.607192696176054536e+00,1.613909023881713090e+00,1.598507387310851069e+00,1.601314697719183222e+00,1.612764702199376288e+00,1.613519853749579180e+00,1.608858116019270090e+00,1.607313646621769898e+00,1.605572153565702820e+00,1.609981658697364759e+00,1.609038764526588228e+00,1.607697000662620557e+00,1.594518956129274967e+00,1.604871595879531654e+00,1.611318751320117704e+00,1.604261654130402448e+00,1.600527694426230552e+00
1.566671178802432340e+00,1.567124735586604922e+00,1.573784241950462404e+00,1.574826732133890017e+00,1.567723669001495290e+00,1.576788993950252404e+00,1.572774659485811632e+00,1.563374120509952947e+00,1.559703525913868294e+00,1.584183492287831729e+00,1.556007252981855382e+00,1.566864611047459332e+00,1.574754503902670244e+00,1.580420014253927530e+00,1.570521852871048285e+00,1.576373661960005057e+00,1.583106222627256088e+00,1.573544193010055992e+00,1.579314597860766778e+00,1.568711744861361446e+00,1.556372812068494538e+00,1.559762918846785640e+00,1.562939245211560912e+00,1.568384400355757879e+00,1.588614108537994341e+00,1.564825885260006766e+00,1.574275244030711951e+00,1.575807480974741548e+00,1.575326381703393785e+00,1.562445981923549887e+00,1.577103914075949520e+00,1.577728523378858494e+00,1.577407261853407627e+00,1.571100495795875407e+00,1.587042948929281883e+00,1.579025500241053148e+00,1.579137250545274762e+00,1.569035972680941748e+00,1.567760375522323280e+00,1.566308485603319145e+00,1.580602881903181656e+00,1.581323010833858733e+00,1.561072127679801858e+00,1.563926341081435911e+00,1.558542291322074114e+00,1.571835846153003535e+00,1.570523484468276276e+00,1.567339480890296288e+00,1.574207327105360266e+00,1.567927995272051733e+00
1.531141277632874331e+00,1.534852535570972343e+00,1.547500372046735739e+00,1.548829118233188584e+00,1.538014247242522892e+00,1.535763890821467470e+00,1.550455404645508128e+00,1.539479014888943453e+00,1.542954653166597412e+00,1.530904042187787528e+00,1.545214586287412262e+00,1.521256021537709557e+00,1.530782506379077867e+00,1.541677103410052929e+00,1.536478890727147384e+00,1.539115775271241215e+00,1.532883522173196011e+00,1.540803079976231782e+00,1.540565084468986878e+00,1.543353090026706509e+00,1.535991505935388357e+00,1.557035826857410932e+00,1.533196032663845632e+00,1.539137787219774012e+00,1.542366723672700113e+00,1.533934285963106436e+00,1.532842460402791041e+00,1.529140476559324835e+00,1.537954200666954874e+00,1.541468290791142559e+00,1.529988786179369509e+00,1.538292525868136584e+00,1.527720825670153326e+00,1.522770703470923692e+00,1.536283707616045602e+00,1.529464405996827869e+00,1.538414573835069188e+00,1.544176376826396302e+00,1.540086436434220607e+00,1.536775049630084711e+00,1.538960889221450801e+00,1.535042778265554020e+00,1.547648743430882545e+00,1.542833215854723994e+00,1.534233165363627416e+00,1.533892531353126421e+00,1.538977597604977987e+00,1.538813012368017707e+00,1.538574352680099677e+00,1.534520027762100947e+00
1.498003972101346948e+00,1.501360189719667559e+00,1.502753557793858663e+00,1.499932375244203753e+00,1.496601850841732917e+00,1.509579467808359166e+00,1.492765308262574475e+00,1.505447042801686619e+00,1.492997602487859510e+00,1.501667811750431181e+00,1.503170285285708951e+00,1.499866686974284713e+00,1.515976671270884424e+00,1.491959689559620328e+00,1.507985282268640148e+00,1.493735280807429344e+00,1.489552367999926519e+00,1.500807206529052307e+00,1.509977640556262601e+00,1.508333150860727390e+00,1.500459627025620080e+00,1.491269519674069066e+00,1.497541701290018512e+00,1.502156116871323110e+00,1.506625441051962389e+00,1.506755088323799230e+00,1.489928269911098058e+00,1.494133216085902660e+00,1.504118321016077564e+00,1.496263864173832836e+00,1.499595125972833953e+00,1.513102502411288297e+00,1.493670327755612259e+00,1.511486451999650482e+00,1.498011663752904621e+00,1.507762063442636968e+00,1.509259469649643082e+00,1.492797720969624820e+00,1.498031027284915551e+00,1.516128691288942010e+00,1.513678458686836148e+00,1.505903156529751818e+00,1.504249779031736622e+00,1.502189296433860566e+00,1.498774023812574407e+00,1.505352760383938726e+00,1.504168640675731528e+00,1.489146394914783622e+00,1.502625396600980823e+00,1.499753855507804490e+00
1.482719566574932646e+00,1.472641485898230185e+00,1.462981351194319046e+00,1.468217570489118495e+00,1.469389067900042756e+00,1.463739152356798856e+00,1.455680296279904473e+00,1.470722631149918413e+00,1.471122652851439616e+00,1.479193280035482783e+00,1.471771287537457784e+00,1.475069105866300578e+00,1.464994086828436792e+00,1.463825172093584648e+00,1.465391665991530479e+00,1.470387942353666100e+00,1.465682005233024610e+00,1.462141427435064145e+00,1.473125101100715817e+00,1.472303908813349826e+00,1.473361357906865621e+00,1.467064635415036289e+00,1.465365935565499322e+00,1.471464685747775114e+00,1.466912708002134691e+00,1.469317208031446942e+00,1.458989835382436651e+00,1.465075742016985538e+00,1.468913424584691985e+00,1.460058631198165591e+00,1.475483913863272711e+00,1.468655181469932014e+00,1.462235735903849809e+00,1.473632103484552536e+00,1.458271794360482376e+00,1.468225336831553207e+00,1.468965144829845748e+00,1.468413156882846904e+00,1.469355398197047746e+00,1.470311734183256114e+00,1.464952113330867611e+00,1.473678237446545802e+00,1.464225559728031145e+00,1.463924271947573130e+00,1.465375433090454260e+00,1.469969505213395644e+00,1.449240270388194141e+00,1.479226788814424598e+00,1.462694730200047255e+00,1.472578695327694254e+00
1.418963056546231893e+00,1.444083938250059873e+00,1.437843288267250053e+00,1.435118918339961080e+00,1.427369266657559477e+00,1.411864682986599284e+00,1.415187749794088123e+00,1.422582938173016842e+00,1.444277680764573857e+00,1.431535538975599486e+00,1.419620159077719990e+00,1.437504107850508639e+00,1.433656590201934034e+00,1.438481429690043667e+00,1.434057887002051945e+00,1.445697611893800749e+00,1.426636249807883283e+00,1.424842322499512370e+00,1.432570057605063063e+00,1.430337078020754937e+00,1.429477820615898009e+00,1.432646938836860562e+00,1.431563339609757346e+00,1.429770445951089819e+00,1.429939834938299681e+00,1.425215102690650326e+00,1.437979380235590021e+00,1.443205672321586253e+00,1.437391669793142146e+00,1.426000075825099689e+00,1.441727942466594747e+00,1.423379346162676251e+00,1.426300509815946249e+00,1.425930191209086706e+00,1.438859295892578771e+00,1.423914905306918000e+00,1.436467902882978986e+00,1.431531791721411651e+00,1.439426481489517684e+00,1.423603082148808374e+00,1.430913428884738936e+00,1.431229380459158262e+00,1.429423248154946036e+00,1.423110910526384387e+00,1.441475829051168445e+00,1.422712939025472245e+00,1.440225035726766967e+00,1.439150153171269375e+00,1.433959374914991258e+00,1.430202820214817594e+00
1.399161428864911461e+00,1.406967087014686202e+00,1.395755563080943951e+00,1.398078255550633031e+00,1.402245239791658049e+00,1.389558650028550169e+00,1.391924054640962360e+00,1.390071852976013211e+00,1.397446982045638331e+00,1.393901675326854717e+00,1.392402397400285263e+00,1.384839223551604270e+00,1.392820865679294418e+00,1.389135379718558383e+00,1.394102860741064820e+00,1.391690674751472789e+00,1.392414367616704896e+00,1.395531200640731218e+00,1.408055153369370593e+00,1.378855175717438986e+00,1.405141352920752373e+00,1.388209643952942107e+00,1.400495550934410582e+00,1.394092135174722635e+00,1.397197273118503835e+00,1.393993227520760048e+00,1.391426960613373121e+00,1.394494412371919401e+00,1.403242918767871217e+00,1.389769560975801399e+00,1.400512963656355581e+00,1.401904361844585001e+00,1.386827209784907700e+00,1.395174115626607314e+00,1.402263743054931400e+00,1.399350541401126913e+00,1.399396827602089610e+00,1.403605340544218372e+00,1.381778637700500134e+00,1.400810733715905920e+00,1.403514221261382255e+00,1.394356697118755761e+00,1.400579063823854886e+00,1.396288208881406145e+00,1.391292756102848749e+00,1.388545201732412693e+00,1.402786487172348995e+00,1.397139108124257900e+00,1.395321495593433880e+00,1.393514767270871646e+00
1.357039110364845591e+00,1.344043992681220434e+00,1.350665594343785303e+00,1.365226668571931201e+00,1.354228153129987788e+00,1.354213885665896511e+00,1.359723277035002065e+00,1.361894129922406105e+00,1.367882723454234561e+00,1.357337341947133735e+00,1.362718806494484847e+00,1.361900417956568798e+00,1.365638742463820332e+00,1.354796997655046464e+00,1.371534033351445414e+00,1.366806843979327502e+00,1.344571156752311758e+00,1.355738877657203911e+00,1.354034168605207977e+00,1.359079928445951824e+00,1.355042408933890163e+00,1.360955196211326435e+00,1.345960927094203452e+00,1.365206398747148775e+00,1.357963406447002752e+00,1.360316588785612346e+00,1.343308704697077971e+00,1.345884997748177936e+00,1.345657384778882859e+00,1.357220680489893194e+00,1.355908581420658177e+00,1.365534757009539968e+00,1.357960316063631767e+00,1.349072251279277879e+00,1.357957979191877662e+00,1.359838560485460812e+00,1.344931078624107323e+00,1.364469237120093048e+00,1.356073109060166537e+00,1.361001058260596253e+00,1.347034013297731203e+00,1.348693027889765084e+00,1.363842821835893337e+00,1.359703288933544973e+00,1.363613104803736542e+00,1.357513027895206559e+00,1.353490020871207289e+00,1.353427271345506666e+00,1.343063678129231109e+00,1.356956567164157246e+00
1.326199825030922597e+00,1.310110472260290315e+00,1.323717088062175584e+00,1.319916917652686150e+00,1.322130768865798611e+00,1.320791867529550911e+00,1.329893942533131757e+00,1.317987865920647206e+00,1.330439068098434818e+00,1.316967723067188345e+00,1.330400479731576047e+00,1.318483179973276576e+00,1.321819966098908283e+00,1.326518391213687531e+00,1.310692849409057725e+00,1.321981133281351362e+00,1.326341051097838175e+00,1.312690327046547312e+00,1.319349220520817711e+00,1.326305165060402302e+00,1.320414644660286241e+00,1.327604282330512753e+00,1.319506155467678132e+00,1.311521375835909886e+00,1.325130148721008094e+00,1.315237068940188436e+00,1.326411714583869861e+00,1.317171538351772586e+00,1.322846088136868437e+00,1.328091775466254010e+00,1.332117931728218574e+00,1.329678508150797578e+00,1.315735654402455879e+00,1.317434242508758624e+00,1.334428707814325543e+00,1.322513801082929819e+00,1.318710517638075119e+00,1.325735635809004220e+00,1.325403367515563202e+00,1.318549565771536480e+00,1.318220407044867093e+00,1.320553320411092857e+00,1.319148274202572413e+00,1.317812713383977874e+00,1.312750256258096160e+00,1.318102036059319859e+00,1.312563010744504988e+00,1.328411978464631549e+00,1.317761672342471213e+00,1.316051687423182681e+00
1.285170340186706506e+00,1.280602061895923738e+00,1.282366479591605879e+00,1.280790002704059960e+00,1.283868814819151494e+00,1.290215314416764514e+00,1.271521857127089428e+00,1.277068528937764125e+00,1.279323233469410015e+00,1.274715189346913968e+00,1.281683103331006324e+00,1.279186794760063473e+00,1.287561964081062493e+00,1.272563509854427677e+00,1.274726148613532617e+00,1.288355093566146969e+00,1.283525715213893914e+00,1.289806406805164229e+00,1.285460433622534593e+00,1.287873145578426914e+00,1.289331317230917540e+00,1.271310355207884379e+00,1.269397290370738673e+00,1.286522814984566443e+00,1.288810462028348036e+00,1.274250133663086038e+00,1.278311831181536684e+00,1.277978571056028745e+00,1.272308430259877943e+00,1.289961866868114537e+00,1.276801960957381077e+00,1.292700119924141688e+00,1.280957053177265825e+00,1.272097086991061055e+00,1.274521891806827067e+00,1.283772304318393731e+00,1.280941867864735295e+00,1.281923143102418283e+00,1.278666830246115271e+00,1.281164604619547509e+00,1.277634202619480686e+00,1.272024414786224744e+00,1.276152081177625908e+00,1.278095077747365416e+00,1.294141617659864130e+00,1.281607143529460480e+00,1.279367728213876232e+00,1.265940391870042925e+00,1.282983059811514170e+00,1.269197300139575102e+00
1.246467793409736569e+00,1.236294723419494535e+00,1.239267923630508639e+00,1.233498440659675621e+00,1.237865021904336338e+00,1.235805960384523949e+00,1.245521315584347644e+00,1.240545235356377285e+00,1.239599990369827376e+00,1.247382616234065100e+00,1.233865967849786749e+00,1.244294369452276117e+00,1.247037352919952546e+00,1.239688500177281494e+00,1.238058481414437750e+00,1.229722724650909260e+00,1.234777914415111200e+00,1.253990829240768878e+00,1.235901677738631577e+00,1.244204057106745864e+00,1.237957894998463759e+00,1.239415541573726243e+00,1.248452019762286813e+00,1.247492468901345353e+00,1.248140091137510677e+00,1.253201558947582228e+00,1.248123667956960059e+00,1.237672958532112233e+00,1.248830488624785628e+00,1.236600093350350926e+00,1.238356575696813788e+00,1.234521162102265368e+00,1.261718263355984693e+00,1.235132939923566209e+00,1.249155672233389636e+00,1.245079685561663041e+00,1.238269672723801840e+00,1.250196929685954306e+00,1.236139551158724981e+00,1.243648547502867352e+00,1.241458466556767837e+00,1.243207477620675183e+00,1.246484812719623747e+00,1.241455485213319720e+00,1.241725383560130069e+00,1.241515137267418689e+00,1.260160298023047298e+00,1.237877635696298384e+00,1.236045120202626357e+00,1.236374063955445912e+00
1.206410273680983192e+00,1.203021093278337172e+00,1.212174218179773222e+00,1.201434050813287246e+00,1.201883342579840752e+00,1.200159940570213690e+00,1.218328033476858474e+00,1.205498724449653114e+00,1.195228432250819761e+00,1.204316160956624859e+00,1.207666851098011307e+00,1.202147222559609263e+00,1.201772195554501321e+00,1.206410725078345347e+00,1.204581570404588797e+00,1.204162555509603161e+00,1.199490714638308919e+00,1.208229799553712125e+00,1.209649852556372807e+00,1.211001454903065655e+00,1.207166351988127051e+00,1.200258474337456249e+00,1.210585282801346363e+00,1.201528791205731306e+00,1.200279557507981432e+00,1.202504556909163025e+00,1.199180817373466379e+00,1.215033988491173167e+00,1.209948370155160990e+00,1.204376989681089194e+00,1.196836662130341677e+00,1.201414241961561657e+00,1.208378424608411050e+00,1.207140683361497047e+00,1.197235575480719127e+00,1.214957109851651396e+00,1.199440082494219073e+00,1.198064613386895072e+00,1.200599770544101830e+00,1.197233019109742225e+00,1.198431384361693386e+00,1.203428145615692335e+00,1.188562574663920568e+00,1.197613143047362882e+00,1.199202437818211786e+00,1.211705228555754799e+00,1.204099424515103323e+00,1.205966311512206790e+00,1.203631574392818315e+00,1.206994979054087480e+00
1.159361593098253040e+00,1.161317301261600266e+00,1.166090527928592024e+00,1.157829225568627995e+00,1.155687973281775527e+00,1.172503649250474567e+00,1.165959694856851581e+00,1.172801140301269029e+00,1.160374304355929143e+00,1.160773733081998049e+00,1.164934228810521555e+00,1.167501048030193278e+00,1.164139682868570613e+00,1.166986009820276893e+00,1.166562130797315078e+00,1.168294922669983249e+00,1.163373577895106203e+00,1.161053692152893557e+00,1.160997508035917392e+00,1.158650807643819558e+00,1.165709567601293850e+00,1.163099783776771146e+00,1.163917400232901800e+00,1.171929927532843418e+00,1.172009682157591826e+00,1.167679882007380820e+00,1.168366401423216683e+00,1.165343451487875992e+00,1.165538309613108447e+00,1.158825568533674133e+00,1.172325692347335524e+00,1.161446421638971938e+00,1.162057750094757980e+00,1.160777593111730566e+00,1.166396062303062253e+00,1.163433687279109341e+00,1.176132702170903155e+00,1.170448026204082170e+00,1.165244898320480837e+00,1.172795686755113254e+00,1.172904856574396915e+00,1.161069457525708781e+00,1.170354833575717013e+00,1.160736101896208350e+00,1.172628769576094854e+00,1.153824624561059498e+00,1.168907681562828316e+00,1.159092381414809081e+00,1.165851908681847737e+00,1.164204043011668688e+00
1.123418720348295929e+00,1.125837998598258949e+00,1.122466069039845138e+00,1.125805256438162205e+00,1.135887214206384499e+00,1.123763466094668040e+00,1.127937232367081988e+00,1.123156838658461609e+00,1.127599211378081723e+00,1.122946775623989701e+00,1.119974697280970766e+00,1.123891530793455829e+00,1.127810208445630513e+00,1.120331029466624218e+00,1.132391778063812193e+00,1.122443640341654891e+00,1.127153568650928417e+00,1.123752637321576486e+00,1.120268733697878272e+00,1.131638184816223580e+00,1.119707696212164150e+00,1.126067805547154244e+00,1.129176436937875172e+00,1.124413269461619347e+00,1.116388763167171838e+00,1.133546301370090603e+00,1.114200157537651892e+00,1.127057764213575730e+00,1.130680282087834110e+00,1.138470326892038864e+00,1.125965031451209741e+00,1.129095870304312133e+00,1.121674461762047326e+00,1.131781378549442163e+00,1.128564010248900296e+00,1.122789062567610685e+00,1.125247524152316547e+00,1.127893326899485960e+00,1.127957035057776114e+00,1.118230315644792361e+00,1.129244537745313082e+00,1.130697595246964005e+00,1.127107214017712300e+00,1.130142452590986668e+00,1.119523635971818809e+00,1.120295818704589719e+00,1.131481939889379396e+00,1.126795761950525554e+00,1.126748941452310415e+00,1.121659541789382875e+00
1.082311078791622139e+00,1.093233436376534584e+00,1.090552019973683118e+00,1.087730938126805880e+00,1.093478623170594188e+00,1.084200393531105089e+00,1.100070123662613586e+00,1.086027239837784153e+00,1.092407833458810096e+00,1.096608381566488211e+00,1.085295345645495235e+00,1.096851088006417729e+00,1.086538368294243995e+00,1.080540758912250210e+00,1.091502681687048115e+00,1.090208391698199719e+00,1.079692662891107435e+00,1.084238063064603574e+00,1.081575030369134716e+00,1.078703320951905686e+00,1.094673719594736250e+00,1.078959910237986763e+00,1.074523750803309419e+00,1.088074082383168051e+00,1.085432236750837331e+00,1.081977671584021694e+00,1.081301327107928589e+00,1.079589416875761820e+00,1.075831535380668225e+00,1.090166755699760293e+00,1.090193962360256119e+00,1.085046500478062059e+00,1.100445806250316627e+00,1.073311065371216122e+00,1.080325967831220035e+00,1.078857356180807914e+00,1.076319392924745211e+00,1.097778399447872255e+00,1.083533725701294692e+00,1.089186973224794075e+00,1.087871191335253895e+00,1.082318364199917893e+00,1.085433017064179273e+00,1.082981937125603977e+00,1.077231324839243998e+00,1.081442277822871167e+00,1.077995458271072016e+00,1.091283536510661900e+00,1.083898178517419542e+00,1.096965228601624043e+00
1.035918058714128565e+00,1.043649846319122609e+00,1.040499178963991689e+00,1.042771320656254330e+00,1.038625063829755613e+00,1.046580766165766230e+00,1.042489732861989538e+00,1.040300780846411977e+00,1.048375679152114381e+00,1.033777111192824893e+00,1.055284109726946085e+00,1.039371385173993412e+00,1.043761237350107729e+00,1.049045868788081259e+00,1.049243239742007283e+00,1.043103630699503181e+00,1.046052628837477183e+00,1.049676376648671194e+00,1.034544395503017356e+00,1.036356468698876876e+00,1.041979485359527668e+00,1.052075507195038728e+00,1.035204522819480832e+00,1.041356021760436290e+00,1.050799940656335307e+00,1.044065131516977107e+00,1.043740804062454286e+00,1.041472303524647813e+00,1.044224345094292961e+00,1.042065921936437212e+00,1.049014666059033374e+00,1.031190933872383253e+00,1.052047531532888547e+00,1.046914712089256128e+00,1.045534850736464572e+00,1.041444623657909574e+00,1.063094728770041186e+00,1.049455770957343548e+00,1.036486678067048750e+00,1.041525535349638876e+00,1.059927291758470336e+00,1.043191120665439842e+00,1.035756591985234509e+00,1.041667129905069267e+00,1.043003540886952685e+00,1.050851991334625479e+00,1.047520276460833344e+00,1.052555620167903605e+00,1.049030830621941801e+00,1.055227196954903413e+00
9.961165733499001140e-01,9.965378684873595905e-01,1.009606722085351738e+00,1.002333831628337224e+00,9.972657795626796995e-01,9.990280713057156925e-01,1.009925329304490083e+00,1.001839961963088221e+00,1.005773845457849536e+00,1.000634141860951898e+00,9.995423204654280136e-01,1.000371278608723546e+00,1.007196738564036131e+00,1.001418675919286239e+00,1.002039849787126347e+00,1.014034916171340672e+00,9.952390851021016838e-01,1.007809310592165941e+00,1.012570657739583213e+00,1.005412059005389880e+00,1.001481769364690022e+00,1.006275608125646093e+00,1.000141827152112972e+00,1.007029236744097167e+00,1.004134161204183195e+00,1.000141995655247751e+00,1.000350029861732715e+00,1.011691304421526549e+00,9.973501105846043213e-01,1.003968155804531026e+00,1.012733822011042673e+00,1.006776173593309176e+00,1.011984524533225738e+00,9.986663382230225317e-01,9.961389911194281632e-01,1.001865101686847170e+00,1.002074422176114199e+00,9.979372692117337573e-01,1.013538570385110082e+00,1.005335534311545320e+00,1.010422211553994698e+00,9.941511534089829683e-01,9.987695168780968968e-01,1.008288507598666062e+00,1.003703023114475901e+00,1.003834334721333654e+00,1.006194548984021164e+00,9.950338865774456254e-01,1.001396215576929372e+00,9.967546266936737620e-01
9.786223940129832322e-01,9.648801349313161912e-01,9.544691414646940819e-01,9.674658668984006393e-01,9.673250008646512299e-01,9.675581974712009758e-01,9.628976684297765321e-01,9.791937518188744694e-01,9.578118187521061921e-01,9.607844011201979173e-01,9.681215388665215249e-01,9.748850431366287150e-01,9.736976149894962518e-01,9.585499196919485820e-01,9.656824520349736041e-01,9.746365922285233907e-01,9.680786918823539589e-01,9.598722704326813071e-01,9.720800818210619809e-01,9.581514724644538683e-01,9.653918785637737310e-01,9.788683413020710100e-01,9.707132479161598715e-01,9.707913022585311635e-01,9.623213294423098585e-01,9.695134229354694932e-01,9.609443743111955039e-01,9.686192131372599601e-01,9.610077189987096258e-01,9.646685424243118812e-01,9.693458873818709964e-01,9.607409121755816628e-01,9.723961138252652514e-01,9.715682721425020762e-01,9.727872010579844408e-01,9.617715974388540978e-01,9.682348575543929803e-01,9.606143369108403052e-01,9.592025024491916962e-01,9.628475760450336818e-01,9.669604980765803548e-01,9.604153426104591329e-01,9.692230382045440296e-01,9.589628434027430703e-01,9.581207519246869309e-01,9.636448503496456430e-01,9.577034829170989472e-01,9.573269446705084951e-01,9.700681985319724587e-01,9.703818417919454209e-01
9.198492101199634563e-01,9.279685170566177588e-01,9.326514567268459066e-01,9.249201262811753699e-01,9.225906588311606482e-01,9.377039657981163234e-01,9.208031963396614561e-01,9.269180626278156199e-01,9.231420558839940060e-01,9.251373786021612755e-01,9.284175466765912654e-01,9.336198159588758871e-01,9.238661616734508142e-01,9.261444577344102314e-01,9.287387246393500329e-01,9.229700907419531308e-01,9.239867286211702613e-01,9.259917798926312615e-01,9.226421595256679709e-01,9.282491488344798425e-01,9.209967395750863206e-01,9.211888576112915450e-01,9.254856451413084883e-01,9.265786763195614784e-01,9.269872712214350940e-01,9.330067144603773066e-01,9.214066612574590698e-01,9.143348389383493258e-01,9.222961963129262530e-01,9.292815272387456860e-01,9.329684441912404758e-01,9.289920798241932953e-01,9.153962287339314496e-01,9.211041991283633878e-01,9.255089321502516508e-01,9.183555605493561869e-01,9.204935331119049602e-01,9.269841906681884902e-01,9.250333050148402680e-01,9.259836413962113655e-01,9.164326411856137389e-01,9.248756475713325598e-01,9.276000415344229921e-01,9.242035294916198795e-01,9.299253176085270356e-01,9.216957913343361009e-01,9.219147271925036691e-01,9.181563709722613265e-01,9.287471900281085713e-01,9.179023206819804104e-01
8.771973154280149343e-01,8.821407655306732210e-01,8.808632513550980203e-01,8.937267746112925737e-01,8.871229766909605186e-01,8.868743764260574869e-01,8.897373601978157964e-01,8.860594009572215768e-01,8.770638113111796086e-01,8.826780807079939173e-01,8.858788625148192875e-01,8.911601539465219268e-01,8.924299313968750980e-01,8.774368540188779431e-01,8.857341471551041234e-01,8.873799454187270008e-01,8.877121062601975865e-01,8.962835820984752511e-01,8.890531019846533711e-01,8.875447071135090793e-01,8.856974458539681461e-01,8.861147704284652038e-01,8.793698625884704967e-01,8.850889294425969833e-01,8.801976140000077331e-01,8.843272818414757985e-01,8.867116066042534106e-01,8.900285861055760028e-01,8.789437732222222799e-01,8.749752885901310728e-01,8.839641800774171720e-01,8.816956031769394020e-01,8.874965157200480625e-01,8.849052421168192017e-01,8.797401249199415796e-01,8.843967750810188821e-01,8.827433521132178607e-01,8.756596466342365659e-01,8.822130137936772254e-01,8.864905259587401165e-01,8.864353147128312127e-01,8.782959733186341822e-01,8.820189551917306803e-01,8.896251893698240432e-01,8.872794219944889482e-01,8.882335263795296809e-01,8.811893724473025546e-01,8.812254687313268997e-01,8.849774509718093540e-01,8.805605501022606418e-01
8.496175078645679113e-01,8.449976019064777688e-01,8.519079007317631458e-01,8.455226888801883334e-01,8.404427518614425718e-01,8.466237332584874986e-01,8.464451204914732463e-01,8.489908887527470860e-01,8.526848218328463291e-01,8.496281843803751288e-01,8.450728579516116890e-01,8.545569604541033426e-01,8.504473274430053298e-01,8.370350453862602791e-01,8.410694362550870107e-01,8.410580197571508876e-01,8.474307936222224003e-01,8.466988771776390310e-01,8.522443534336739956e-01,8.492778065044449542e-01,8.526510934556537080e-01,8.471942049835899935e-01,8.358137617488907711e-01,8.456175703561120693e-01,8.467449713093744279e-01,8.482295380803425155e-01,8.464471421573578347e-01,8.407383713239179324e-01,8.509915525474137654e-01,8.419760621685761226e-01,8.490237957573555372e-01,8.463837390129386185e-01,8.352410177001418079e-01,8.450576518419673500e-01,8.453234016478604618e-01,8.432199783769493973e-01,8.487480664407948128e-01,8.459109404017535194e-01,8.425231335483426287e-01,8.574669791813442910e-01,8.408183003146760814e-01,8.429716127973325701e-01,8.457629445551468894e-01,8.476733195420810274e-01,8.509607346557754859e-01,8.424034230077415142e-01,8.452767650715327097e-01,8.451050858803164090e-01,8.503714206450131430e-01,8.463237084941143129e-01
8.158962410109704688e-01,8.029887561573809673e-01,8.010364238828128203e-01,8.107659795000262681e-01,8.095347107363529693e-01,8.020506715995958658e-01,8.101868992051995955e-01,8.057007178363706501e-01,8.005069548875564100e-01,7.994233231010736684e-01,8.116280014404134713e-01,8.043706536532498896e-01,8.089135300780133653e-01,8.004974274725368266e-01,8.046370139172326352e-01,8.068082268680699665e-01,8.108752554803881907e-01,7.957323490182335313e-01,7.979114744925061009e-01,8.005300810890445540e-01,7.982687998583525291e-01,8.049066542548048986e-01,8.020792458474080844e-01,8.075220171197754482e-01,8.099924741364274983e-01,8.073756792617573508e-01,8.036938433817703009e-01,8.082616429393736368e-01,7.991355865066930297e-01,8.125927725151216308e-01,8.019165278924842433e-01,8.127672842858606472e-01,8.078365573944872313e-01,8.056973683261650088e-01,8.094517911749203876e-01,8.094861858044472003e-01,7.942528279509002420e-01,8.102102516615502514e-01,8.051506421434023730e-01,8.068801649158746647e-01,8.033704053276466972e-01,8.037806860789497021e-01,8.060657509658722963e-01,8.124182815477135611e-01,7.998431703657642444e-01,8.108928246204616386e-01,8.062033933328499602e-01,8.182320053730358644e-01,7.967518166612551633e-01,8.097867668309232103e-01
7.726358198178580050e-01,7.621511535146274774e-01,7.732564152752215980e-01,7.666600317955989397e-01,7.635842875256518836e-01,7.736939864240149900e-01,7.635650919029118855e-01,7.635725186268638165e-01,7.650662362575273434e-01,7.637121701682983987e-01,7.588807805423423147e-01,7.658090864790370045e-01,7.678380238711488559e-01,7.659598122935903364e-01,7.741999162658944611e-01,7.656295534838282180e-01,7.715934029975635156e-01,7.731818978494611194e-01,7.680106181816283017e-01,7.591593745878150168e-01,7.618915339737166725e-01,7.597557598909735477e-01,7.661168733647296669e-01,7.722016691198529958e-01,7.621486645122703685e-01,7.738279833083636650e-01,7.719217474582762417e-01,7.563136221681698856e-01,7.645055246645737768e-01,7.642336273945679048e-01,7.768880824086050740e-01,7.735743772960206321e-01,7.648030502151795806e-01,7.707077730864760889e-01,7.524583046227341088e-01,7.662368699171727693e-01,7.697644465607397235e-01,7.738930677798290247e-01,7.666573108137851866e-01,7.698259179302295863e-01,7.619139646653575459e-01,7.600292131837155241e-01,7.622816985445591831e-01,7.678133401978621819e-01,7.635713359116972354e-01,7.632574991509689655e-01,7.624782046970152161e-01,7.723497602019649966e-01,7.704028773473222680e-01,7.642043566358934781e-01
7.242408239452265972e-01,7.223655822150308881e-01,7.299071325558084133e-01,7.386436885732551305e-01,7.261930011401471763e-01,7.296740685932957549e-01,7.266672752924192569e-01,7.232075506218083039e-01,7.304845396326173912e-01,7.270459704970880788e-01,7.232612662258757208e-01,7.241027106755713039e-01,7.315034201826434712e-01,7.226447172329734103e-01,7.263093079363402982e-01,7.268408934542865962e-01,7.209604912766671703e-01,7.264398906479130336e-01,7.265819609673651591e-01,7.279990252862642564e-01,7.300500351674166222e-01,7.358993388819671244e-01,7.264581446679646559e-01,7.347640332574464361e-01,7.163499923611259534e-01,7.361241982170544373e-01,7.271042748365942332e-01,7.240831663683799935e-01,7.263174037728303833e-01,7.337973906545480762e-01,7.343881173959797559e-01,7.309797796138518544e-01,7.314022120672936111e-01,7.296406831602598730e-01,7.215788831156578764e-01,7.244437610743695855e-01,7.277792545612776776e-01,7.293811679034379880e-01,7.286926119072070218e-01,7.254564913500061163e-01,7.278069255811515648e-01,7.302387298818606709e-01,7.209942366203129227e-01,7.251869848303191812e-01,7.243950975504283019e-01,7.252443856240458064e-01,7.275475166971615559e-01,7.234235026769926247e-01,7.238270073479291522e-01,7.303866035469636087e-01
6.864773180090871785e-01,6.860112472575000675e-01,6.856784260422693622e-01,6.946731824078851147e-01,6.880944522902029403e-01,6.834165613721644439e-01,6.896546381448449559e-01,6.814846167949204503e-01,6.953863199067918943e-01,6.928067026223971858e-01,6.901802462772688163e-01,6.927007142662989780e-01,6.801655787477609572e-01,6.783953018747668207e-01,6.835704272575956475e-01,6.968951664477914809e-01,6.899389024350833788e-01,6.831906618693595057e-01,6.877440553735186812e-01,6.904276552463638472e-01,6.882667652598103425e-01,6.946098026069814635e-01,6.952571326922178940e-01,6.813851896271145847e-01,6.936856852339072788e-01,6.858566625674947792e-01,6.876429264457372126e-01,6.881636589145740945e-01,6.869543048071472535e-01,6.941398094019680665e-01,6.870517427239120067e-01,6.944982670664042734e-01,6.870262475355709553e-01,6.941954124168745466e-01,6.938757643976717349e-01,6.811323083339400064e-01,6.820184616442466208e-01,6.895675361301453199e-01,6.912356358638774845e-01,6.889660868388057802e-01,6.899712048564343725e-01,6.834691012299404234e-01,6.830482713782424220e-01,6.864646806314815830e-01,6.860194571248471318e-01,6.908968024322754697e-01,6.928879697237655400e-01,6.919548853717591985e-01,6.868394491273931424e-01,6.842522319295925026e-01
6.501395491608251698e-01,6.499209090595917671e-01,6.564324993749268700e-01,6.521655626489201163e-01,6.469383748122742306e-01,6.454402939560662800e-01,6.500009845921279616e-01,6.516919132977689877e-01,6.558441697148060801e-01,6.441596562667588621e-01,6.472191911456747215e-01,6.561058476863232958e-01,6.488073003245217185e-01,6.525438393407109183e-01,6.471208294855316234e-01,6.512443611681421052e-01,6.431261338493267088e-01,6.603383055715191796e-01,6.495867801741470604e-01,6.497755953041240984e-01,6.425209613404908593e-01,6.430161108407496107e-01,6.582609470067626312e-01,6.548971595387386158e-01,6.426845052567552452e-01,6.514986983077859506e-01,6.524140829605767911e-01,6.519587698720382685e-01,6.472926173303127362e-01,6.505866514859053318e-01,6.509832619229449779e-01,6.525821989353917107e-01,6.508676017619777765e-01,6.475141927016379029e-01,6.544655409701795046e-01,6.527940192472679870e-01,6.509334211996284925e-01,6.509339192023048115e-01,6.537213763540660194e-01,6.491708444509569631e-01,6.467329952979568031e-01,6.451083419954727338e-01,6.572984025315338208e-01,6.528431792535293043e-01,6.494238923127534369e-01,6.487911332471297809e-01,6.536886744928120940e-01,6.473864802887040470e-01,6.537825967620936041e-01,6.521720505095206510e-01
6.074813479274281391e-01,6.108340870380961629e-01,6.156587308570172778e-01,6.177141330843201050e-01,6.112441191362962822e-01,6.166521479014381857e-01,6.162298932920630135e-01,6.134537630122771645e-01,6.155195080758343318e-01,6.151329721461629152e-01,6.105765976949530938e-01,6.216738501256191540e-01,6.169977141242090068e-01,6.211012803475071120e-01,6.177403704943428275e-01,6.074998452925741699e-01,6.159912355767788172e-01,6.225071369011856426e-01,6.117256568457396515e-01,6.062235688977052339e-01,6.169647405691579545e-01,6.151560702277031334e-01,6.121401198551446043e-01,6.201083387420539550e-01,6.221126085750927626e-01,6.150069854405982861e-01,6.136372186231819903e-01,6.194627370327701055e-01,6.114362248498900199e-01,6.255670881022432628e-01,6.094328629897342031e-01,6.175028293952048442e-01,6.208956606489264285e-01,6.128563523821760617e-01,6.106642851434395114e-01,6.171761788830005813e-01,6.135291831354559022e-01,6.217386966628759559e-01,6.163561153076264620e-01,6.131046806680349182e-01,6.209177030106500794e-01,6.162332668776213662e-01,6.130693576681199852e-01,6.172845853220624290e-01,6.246376756539611108e-01,6.123793339824856741e-01,6.064538220652030409e-01,6.127571617818592387e-01,6.113647480720636462e-01,6.142272519824961696e-01
5.811357566103126926e-01,5.824669529536692369e-01,5.785473687942512822e-01,5.783479533650970339e-01,5.814139190719344041e-01,5.767429911570189915e-01,5.785158285186629001e-01,5.801557884777808205e-01,5.787996102085771755e-01,5.692158188426116316e-01,5.765124104141789996e-01,5.781311346430592080e-01,5.713489518330701067e-01,5.753747952677604749e-01,5.865818462238805431e-01,5.744701002491764408e-01,5.752046756854827247e-01,5.769538236471823955e-01,5.765307977494724678e-01,5.781638821072545564e-01,5.753836782069585709e-01,5.758769121411844161e-01,5.682611931584740095e-01,5.794137324901109665e-01,5.760576166759027172e-01,5.738427638269397724e-01,5.761258689455922566e-01,5.760201485591806003e-01,5.829840110422378485e-01,5.740870316564710141e-01,5.739112195546499651e-01,5.800356675340528900e-01,5.744782875982848980e-01,5.735807982235963109e-01,5.765767764400967499e-01,5.778925369650765864e-01,5.779685888517578363e-01,5.774369189253772960e-01,5.738641242273224696e-01,5.759747451801940921e-01,5.756351332534920262e-01,5.782398744786498845e-01,5.758972774865933619e-01,5.798496820118052009e-01,5.755194024607065417e-01,5.726205899894930562e-01,5.731144473486091684e-01,5.772295997662820755e-01,5.837738915237753456e-01,5.746658338679055955e-01
5.403174683256544153e-01,5.358764334821646269e-01,5.413655351557489226e-01,5.468671374258033957e-01,5.368191638878972993e-01,5.483204786401957298e-01,5.392769376886146215e-01,5.445140956311216307e-01,5.343011050987190869e-01,5.350200642192943778e-01,5.461244974203552927e-01,5.439429331471489215e-01,5.439404586171476819e-01,5.403311605015571617e-01,5.395795134114617086e-01,5.425915831262468902e-01,5.491029507052325176e-01,5.479047272323280815e-01,5.435878235222251220e-01,5.390693985094350271e-01,5.331335916231724203e-01,5.489499950226579550e-01,5.460022605940945128e-01,5.344339839411692550e-01,5.379411522369499377e-01,5.369154596146435976e-01,5.371657090014176905e-01,5.404501118623686873e-01,5.401062927701791860e-01,5.403900538815306076e-01,5.460381606651670827e-01,5.493845501843471757e-01,5.517827199589001586e-01,5.421518302562196023e-01,5.357139133192042602e-01,5.368539299054562175e-01,5.417874074873155754e-01,5.393722487196614956e-01,5.396803930651635772e-01,5.414192930448282759e-01,5.448941984556435747e-01,5.379040581807350563e-01,5.405142516458213420e-01,5.468021290951220470e-01,5.416882545271286542e-01,5.387155960674790967e-01,5.402353308068006399e-01,5.390403262814066343e-01,5.423063872600931701e-01,5.377227416695314899e-01
5.005750763283906002e-01,5.018396849200228438e-01,5.114035996309401755e-01,5.008746655611880927e-01,5.057171377277419611e-01,4.985783402167056622e-01,5.048536241253344103e-01,5.049449138399210169e-01,4.986859973075524755e-01,5.036953134158899115e-01,5.013445417789064162e-01,5.035768387208626740e-01,5.078855551528256296e-01,5.023380324102443284e-01,5.046291552840930228e-01,5.077696615846081230e-01,5.057735051999705522e-01,5.048421583935127632e-01,5.076074130825529718e-01,4.985090836699851424e-01,5.056250765399660230e-01,5.044117560442452630e-01,5.028628378557283840e-01,5.110013857557144101e-01,5.086063066018564616e-01,5.009153815925233566e-01,5.027888964874002165e-01,4.981224907971550930e-01,5.031600282746041541e-01,5.008207890242574178e-01,5.050541197211015909e-01,5.066455248866554850e-01,5.058115507069810279e-01,4.997102459835078281e-01,5.087296171310116133e-01,5.015307604746201964e-01,5.077940359108794599e-01,5.037620115724797953e-01,5.059932783607555828e-01,5.038352937403319798e-01,5.051686586711854332e-01,5.075580625205136087e-01,5.049338206012213837e-01,5.065564368231718628e-01,4.975448191279239207e-01,5.036053829214621747e-01,4.996706218441163139e-01,5.005744607107107669e-01,5.106841102899666307e-01,5.083362425643710436e-01
4.723687010563878408e-01,4.641164223896092622e-01,4.661946844015900093e-01,4.661479066824008033e-01,4.682740094099685502e-01,4.728900587434899383e-01,4.678326063696539028e-01,4.722534358971746116e-01,4.761020608492516626e-01,4.708568874995046061e-01,4.696521250053210528e-01,4.678696063985448572e-01,4.688792223940608794e-01,4.660549266626695664e-01,4.645900295635473354e-01,4.669897706724407960e-01,4.666970118446376881e-01,4.726273756057445263e-01,4.736534183760470196e-01,4.771698887704596270e-01,4.685667187474960027e-01,4.740272953866985217e-01,4.692135576102213768e-01,4.730272253139435334e-01,4.710385299262135894e-01,4.690645046412784125e-01,4.678153737895431874e-01,4.795828544970314189e-01,4.693360140431345751e-01,4.698951687334330107e-01,4.678284315777308522e-01,4.631624115401959396e-01,4.756428013565199842e-01,4.649319638813483868e-01,4.670019938762577372e-01,4.722594273892821159e-01,4.689988370956236774e-01,4.713643605024910865e-01,4.677958406066937136e-01,4.688019725143210414e-01,4.795241750345188847e-01,4.724773284626520575e-01,4.691748643712502775e-01,4.708965272682203440e-01,4.655579987512628026e-01,4.663693398133631485e-01,4.798877916584953773e-01,4.728297074628039498e-01,4.701971976443069523e-01,4.794099942496364286e-01
4.391007140476024806e-01,4.309870178711228128e-01,4.362939643767519970e-01,4.389067706372017930e-01,4.366395391559176331e-01,4.346595494717851449e-01,4.391250712945891643e-01,4.395950652637979350e-01,4.397574205041155926e-01,4.334940028687478408e-01,4.408601977157343699e-01,4.337931840559850483e-01,4.316345244091231992e-01,4.368842190918455493e-01,4.415504628009035426e-01,4.374553178111951213e-01,4.296131800470200934e-01,4.434736954914047513e-01,4.403070337704531600e-01,4.388416628872838232e-01,4.346947692647112338e-01,4.379469410470950286e-01,4.409595204243800803e-01,4.352138188616448411e-01,4.359451522678913227e-01,4.345213107471963543e-01,4.337234481910721140e-01,4.336992843794081343e-01,4.441567036367435883e-01,4.362041371673724965e-01,4.423398123683027761e-01,4.369617637803636656e-01,4.381943674174147429e-01,4.416175895398156692e-01,4.363708697210757492e-01,4.337711788180428907e-01,4.351153656478085607e-01,4.444078076201403715e-01,4.363272147680689050e-01,4.352223104007726384e-01,4.354563361003471744e-01,4.338824564469561107e-01,4.388177482938424023e-01,4.419356325207906000e-01,4.378190717629231177e-01,4.351612141176808279e-01,4.367926360397262342e-01,4.371762169887911664e-01,4.444089182769292989e-01,4.330795159967001373e-01
