2.424789341407194293e-03,2.442209466112355617e-03,2.469018501565045046e-03,2.449134556446372867e-03,2.460224548728027864e-03,2.500892251474505935e-03,2.467165489133548665e-03,2.457957190624709791e-03,2.486375662004430311e-03,2.445601724188053647e-03,2.472591764477117572e-03,2.483314570110070618e-03,2.476647365682795032e-03,2.464450375586830708e-03,2.518297243478254989e-03,2.501308142401856196e-03,2.449648551093962148e-03,2.522021152462546652e-03,2.506429979782324406e-03,2.451909461419939529e-03,2.469730127775452387e-03,2.439584965626169586e-03,2.461702016731153429e-03,2.476958854674721211e-03,2.475820638679777138e-03,2.475140169089370783e-03,2.452904211189346068e-03,2.466851582775853556e-03,2.459057710324127812e-03,2.480818966287586490e-03,2.439878131886943566e-03,2.456760824980553162e-03,2.486744535072026550e-03,2.497294655637993278e-03,2.436894667425706495e-03,2.446185095731350824e-03,2.505146291205848259e-03,2.488247308938511346e-03,2.436111102888795059e-03,2.488781429321068085e-03,2.496567950198648380e-03,2.495384146892291096e-03,2.451368782479384882e-03,2.476993615478645730e-03,2.482369492370105953e-03,2.483839309121150824e-03,2.468532675021696370e-03,2.468108110684870665e-03,2.501100503422073584e-03,2.497128046687739546e-03
2.466889778460190294e-03,2.464157281111590408e-03,2.475106000516513402e-03,2.473487586131158274e-03,2.482598707757397750e-03,2.479161089014692444e-03,2.441246115269979974e-03,2.467083004024555985e-03,2.502307105967658749e-03,2.493595361551442791e-03,2.505210998394341495e-03,2.480064549194525934e-03,2.439879460906726680e-03,2.468732081852290094e-03,2.498860880619405405e-03,2.482988682489069374e-03,2.489444277692762393e-03,2.461434213316156597e-03,2.468695230606529883e-03,2.492076404505794499e-03,2.484537066465842148e-03,2.486831092370272132e-03,2.465614158690533457e-03,2.446885100555380634e-03,2.483261885260447908e-03,2.461842631528020093e-03,2.490947161022029777e-03,2.449207317662592531e-03,2.496131380036755061e-03,2.445825929287774765e-03,2.472098100420483825e-03,2.478259645002665011e-03,2.465730525915263340e-03,2.469532943150384158e-03,2.492287963278613273e-03,2.470315185773535281e-03,2.472713793429198292e-03,2.472532491618702720e-03,2.471600244703472341e-03,2.444495786153006930e-03,2.444301046732670537e-03,2.477473210604536850e-03,2.530906553488148844e-03,2.468173087171218749e-03,2.433229055991754063e-03,2.419640473469077992e-03,2.468845613042382810e-03,2.492977266167544555e-03,2.457932109733229793e-03,2.464748291620931075e-03
2.454173519380333911e-03,2.456513411105512926e-03,2.484965003246802136e-03,2.479315246077145804e-03,2.442334161355180951e-03,2.430757918354961925e-03,2.448904313393361187e-03,2.426327423868950613e-03,2.468833914266468227e-03,2.416864700830571866e-03,2.456985210408150610e-03,2.476660653147097057e-03,2.437288383612922806e-03,2.436597680269464872e-03,2.484365724060019071e-03,2.474362140443225975e-03,2.469913482574917322e-03,2.429516873027450733e-03,2.430376357475894956e-03,2.477654585752982284e-03,2.479756640838904139e-03,2.461851425164179614e-03,2.440431647819481936e-03,2.433356192839374044e-03,2.475073445206274134e-03,2.493240823365559192e-03,2.432209672482077249e-03,2.435203900314057181e-03,2.451371373302823047e-03,2.464814748051178794e-03,2.468059402426853437e-03,2.474499761531959684e-03,2.450334467033125907e-03,2.443299562405279370e-03,2.474006504018931574e-03,2.503802602701564288e-03,2.468947274784525411e-03,2.467631551062648716e-03,2.452754921073015733e-03,2.472954805170560297e-03,2.444140670448583397e-03,2.470134510749555628e-03,2.465588104184209331e-03,2.449402082923879398e-03,2.435605234571094728e-03,2.466947646306219630e-03,2.451120995652466932e-03,2.452888042301628203e-03,2.446583668997136772e-03,2.470734913650155570e-03
2.492726137705099723e-03,2.439225074990274134e-03,2.430599668507769841e-03,2.456329353907003247e-03,2.464495047209869401e-03,2.436573308578149182e-03,2.457564356659691120e-03,2.485752578449689984e-03,2.447197122108767022e-03,2.454970540635198397e-03,2.451675787584593844e-03,2.456161517258913327e-03,2.446003803896994958e-03,2.461888059938411189e-03,2.442176141193077091e-03,2.416834722626024206e-03,2.447309963778712596e-03,2.478836979077476532e-03,2.453040720012232209e-03,2.455773960277325609e-03,2.444367802641016392e-03,2.472533278328756592e-03,2.468667563363927467e-03,2.441973778788008101e-03,2.455866723092331796e-03,2.489838763522811242e-03,2.454608809625393687e-03,2.465872886915693261e-03,2.471162343305964657e-03,2.472241950554198309e-03,2.485971776974917578e-03,2.456971787576400865e-03,2.464304049267464301e-03,2.426320550291227555e-03,2.459461382028543808e-03,2.429375841900240172e-03,2.474054214549971809e-03,2.459181007197390641e-03,2.442434330137284969e-03,2.456861050219939172e-03,2.483326691357458805e-03,2.463190585005972134e-03,2.451432932235857870e-03,2.465251306044503442e-03,2.447181111950251682e-03,2.447491555199131016e-03,2.491604416231907142e-03,2.455386200526009366e-03,2.483993975758149505e-03,2.454385627284780443e-03
2.399647747972300828e-03,2.410893775745321169e-03,2.457433744683816534e-03,2.449838391911162132e-03,2.447447321972807087e-03,2.398087933476126393e-03,2.460269201427703247e-03,2.419921273515363794e-03,2.415548423822415532e-03,2.462810077999275180e-03,2.415064677764887369e-03,2.474413855924211675e-03,2.449354569679720005e-03,2.435561809844846715e-03,2.435495830975369438e-03,2.440472207001906889e-03,2.438302596770099747e-03,2.399894624615407212e-03,2.434950056645783078e-03,2.437179665472489869e-03,2.478353284813090626e-03,2.442471869629776922e-03,2.453210162332662876e-03,2.454573798057327078e-03,2.451212849541186886e-03,2.406128857153118014e-03,2.442153627644337837e-03,2.445815034896242635e-03,2.478888038035446158e-03,2.422572218801126095e-03,2.438488918647306603e-03,2.459339158367524012e-03,2.449226029316376677e-03,2.448164203699146595e-03,2.436976069596575884e-03,2.443192590053164161e-03,2.463174772894797474e-03,2.440877977096170617e-03,2.413445060731678540e-03,2.488865842142719970e-03,2.418014448179396821e-03,2.472641612622485975e-03,2.460933502703687489e-03,2.441796651152878996e-03,2.457975304344340792e-03,2.486601545331719627e-03,2.451807963029154543e-03,2.437284886376994003e-03,2.414557768625627456e-03,2.451147129595441457e-03
2.428421087840195672e-03,2.426934491862528086e-03,2.428304807398379544e-03,2.451204137819501701e-03,2.447560138795423171e-03,2.415705388242937561e-03,2.393764062413083430e-03,2.429516622680742959e-03,2.430264262027191299e-03,2.472736021923137469e-03,2.431176704004409626e-03,2.444591765460200298e-03,2.444443950687463785e-03,2.427109490305295273e-03,2.436349203297994738e-03,2.438229973819892003e-03,2.411587386560400635e-03,2.421312886661425821e-03,2.416901750993738929e-03,2.452346080537108012e-03,2.437484172241467361e-03,2.457102315157106646e-03,2.393786341801157434e-03,2.449106544311466498e-03,2.397118407621959355e-03,2.419396647624498606e-03,2.414338183662728069e-03,2.362682463267888524e-03,2.450501883969163387e-03,2.448575720687413537e-03,2.436947744023671304e-03,2.441756126841892246e-03,2.408340477434864780e-03,2.468670932525148312e-03,2.442454631486435344e-03,2.427797468219551873e-03,2.448477395419023164e-03,2.412773247420486010e-03,2.393741218351021303e-03,2.445976575788635400e-03,2.402751341249674197e-03,2.437848829891908504e-03,2.440495511931681065e-03,2.412422057474401110e-03,2.408332059947477111e-03,2.445903524254325855e-03,2.420922658947590768e-03,2.456398866735450600e-03,2.442154542451269433e-03,2.429541178140533046e-03
2.360536141651818198e-03,2.412729179193210359e-03,2.421578888607384041e-03,2.433268987819112248e-03,2.409181461187011580e-03,2.413511032366130304e-03,2.381285998564854414e-03,2.421874706287073607e-03,2.434421366638309971e-03,2.395758641075048084e-03,2.388167795063948339e-03,2.400194546349490414e-03,2.448158490259370618e-03,2.406176147494876443e-03,2.400384668158543015e-03,2.394842517100733217e-03,2.421861578813751248e-03,2.400090899032783238e-03,2.445038738318111148e-03,2.397273049106338032e-03,2.419872707326355902e-03,2.425862507947328280e-03,2.434270008587189650e-03,2.428992687272575699e-03,2.382988552971706565e-03,2.382342669192074984e-03,2.429376470880800949e-03,2.385820800521866545e-03,2.417350066338788597e-03,2.401293094776060788e-03,2.404961101769927286e-03,2.390177766431723048e-03,2.411866190286266268e-03,2.443430551306745389e-03,2.422533329122504141e-03,2.400661115228184747e-03,2.409961378000426060e-03,2.421451695839957081e-03,2.391008539338831430e-03,2.450747391636959056e-03,2.444995922381013737e-03,2.429524750390483004e-03,2.396007043920891574e-03,2.459783513945002550e-03,2.435469130087975116e-03,2.432215718366638468e-03,2.420028310704298510e-03,2.422926367342734082e-03,2.448495001482276726e-03,2.351519406829245470e-03
2.372299817754722467e-03,2.383177634995088407e-03,2.395552267410287501e-03,2.381100420389223142e-03,2.437320128810173230e-03,2.368577717878198041e-03,2.442175466909441654e-03,2.396672451303212981e-03,2.408556301396437387e-03,2.408941297950337092e-03,2.417495934129413118e-03,2.411933429388739628e-03,2.401154636177401085e-03,2.361843788454433442e-03,2.429230239455230922e-03,2.410492303337871938e-03,2.380165714019487691e-03,2.396877185495296589e-03,2.415163485889659355e-03,2.384797179563335253e-03,2.395839045459844524e-03,2.394044354522267999e-03,2.406382241671471342e-03,2.414935390669800761e-03,2.395601874359117034e-03,2.393401589883642228e-03,2.450023217803022103e-03,2.354399254372544371e-03,2.390444618572804773e-03,2.395442379095415013e-03,2.382888944068017878e-03,2.403294513197094893e-03,2.367234930847648272e-03,2.398713974180303066e-03,2.431776831446534962e-03,2.402695843555300095e-03,2.371637555994279487e-03,2.400224882230831205e-03,2.423207830403977924e-03,2.388500148589755949e-03,2.379309137831740837e-03,2.405218129596017711e-03,2.455013328781334870e-03,2.417978908791558381e-03,2.409391156124515102e-03,2.399631606130930329e-03,2.360582577631423987e-03,2.370747813286766363e-03,2.377259504108308972e-03,2.391220962609351061e-03
2.353004419128753091e-03,2.409996533324881406e-03,2.390383200893921121e-03,2.411212748036690567e-03,2.411083867875325921e-03,2.382382182527057000e-03,2.350622785064254185e-03,2.357208089711734962e-03,2.348348538487127820e-03,2.371460955473274432e-03,2.391595007357621722e-03,2.388858280538888774e-03,2.348043051844900947e-03,2.385678207167416919e-03,2.392773657376487395e-03,2.377740121569423513e-03,2.377089178283026127e-03,2.364775372740615667e-03,2.380184555820278724e-03,2.363041135538334649e-03,2.379923550551534418e-03,2.368865940153055179e-03,2.398213193902589465e-03,2.395717331740814405e-03,2.351192419805583304e-03,2.364110469836753266e-03,2.399793328534451705e-03,2.372176086764223122e-03,2.375002899804118557e-03,2.367271580774711962e-03,2.404321810212212487e-03,2.394903681319211861e-03,2.386315334240318112e-03,2.375539924384642912e-03,2.412004907410665849e-03,2.422504062143070874e-03,2.392502172550852856e-03,2.392918747280155245e-03,2.367155217495153091e-03,2.360837786388237693e-03,2.389814547745864812e-03,2.392293942698961191e-03,2.356092917531755170e-03,2.364138870146165628e-03,2.339111971417593989e-03,2.358144571643306861e-03,2.380485393185517023e-03,2.382663375865678133e-03,2.359097019131680285e-03,2.407789379529160292e-03
2.368876476901928332e-03,2.367246840274637130e-03,2.342733087425705619e-03,2.307586953715930374e-03,2.376800653323319149e-03,2.361626700570010340e-03,2.368630641512577475e-03,2.313469147316274486e-03,2.336009364704664908e-03,2.355899240132765509e-03,2.350888114107580786e-03,2.319191175346505939e-03,2.379835837225183562e-03,2.339991096145008654e-03,2.363261007459737436e-03,2.337025044199723262e-03,2.358688560431551704e-03,2.337055878703129131e-03,2.317698075050658377e-03,2.342676179655787776e-03,2.370521684190395311e-03,2.328181888069760438e-03,2.369372571287654133e-03,2.353452544518833036e-03,2.352920207194828667e-03,2.337967862398827520e-03,2.394399089242942643e-03,2.361556744549216883e-03,2.346835330506929357e-03,2.338886153492401171e-03,2.350752000611241749e-03,2.388483827936129650e-03,2.332034556857758879e-03,2.359048900088708735e-03,2.340793237582748914e-03,2.310358486955918934e-03,2.339183900352344216e-03,2.357154255481872396e-03,2.330144416302645273e-03,2.347651652130405744e-03,2.366161638625510419e-03,2.326665814251270472e-03,2.354875197342051751e-03,2.322156509642151530e-03,2.358397360651185923e-03,2.397319474621446931e-03,2.362823468332684706e-03,2.368190089584902916e-03,2.363171296233876253e-03,2.354926708341374512e-03
2.359717040500907640e-03,2.299537633250102464e-03,2.322809871539532715e-03,2.309628459669430759e-03,2.306414433695725286e-03,2.375976395285326302e-03,2.334768129133302662e-03,2.354461908954446400e-03,2.300317185310526112e-03,2.334593769510489008e-03,2.317129914116487169e-03,2.316016439722520717e-03,2.320919784674772054e-03,2.331114201460282500e-03,2.312899611673225730e-03,2.352508184475383436e-03,2.339069422115582983e-03,2.294370832163189489e-03,2.292587028111629788e-03,2.322672902850210844e-03,2.305067369308966274e-03,2.299996345734992616e-03,2.348946956076857634e-03,2.303304182068502577e-03,2.351211865674271602e-03,2.362707418775614795e-03,2.334581517829641649e-03,2.318122320465564826e-03,2.317111409392303215e-03,2.356213074257941173e-03,2.347343770316511532e-03,2.348024153536144507e-03,2.329856803201981429e-03,2.330971916020469804e-03,2.350697512455693014e-03,2.311626210876850055e-03,2.311142340712337654e-03,2.340072351089657679e-03,2.342595828282133252e-03,2.349719955154832944e-03,2.319265985760341452e-03,2.324649627680763081e-03,2.296675829309288534e-03,2.317246571682928663e-03,2.311355216418152243e-03,2.337254309536448537e-03,2.329725691507798010e-03,2.296470047040114967e-03,2.359537523729274017e-03,2.294946788903623816e-03
2.271573517901507525e-03,2.301841264787334203e-03,2.320034760925329589e-03,2.312587077174422297e-03,2.316918046303940992e-03,2.297816637612847337e-03,2.267110613831641031e-03,2.271108226042766950e-03,2.288728583489061611e-03,2.327484001090678652e-03,2.296787387498362178e-03,2.315219763246832794e-03,2.303061696930024018e-03,2.302756648200308520e-03,2.329361895209963295e-03,2.310297903506706736e-03,2.282533787327842897e-03,2.274177244337377644e-03,2.280339975520710803e-03,2.308433267929045195e-03,2.319279412083520130e-03,2.315479342656217264e-03,2.282532896999636771e-03,2.298018418053784928e-03,2.262484474067523454e-03,2.309469882072789568e-03,2.306937634692916503e-03,2.314514723213279782e-03,2.305736432980415047e-03,2.318818738683678729e-03,2.298184868411071342e-03,2.287746101522117759e-03,2.315913869561288165e-03,2.304782858588640734e-03,2.310136421798625935e-03,2.235473639146129225e-03,2.279130226336429938e-03,2.313319668060479211e-03,2.282526485452318534e-03,2.327078054063621421e-03,2.277726480651130758e-03,2.271942524449825033e-03,2.283186099770907231e-03,2.330151425582967662e-03,2.281864305650151224e-03,2.325234961609854920e-03,2.312635442634138928e-03,2.288860573015459501e-03,2.269391436724717964e-03,2.289332600849694910e-03
2.255174853814364676e-03,2.273854163255907557e-03,2.231246658038001790e-03,2.250460138302718804e-03,2.267750127502279368e-03,2.261687103441367089e-03,2.258734741641698230e-03,2.277038636990627671e-03,2.281982786411980782e-03,2.274973260227895668e-03,2.227420873265476779e-03,2.306359174524453930e-03,2.289495531424764769e-03,2.275488740959187659e-03,2.258318392197884456e-03,2.282824693725698118e-03,2.276688375166938984e-03,2.273237767961793551e-03,2.301547920075086573e-03,2.300858305094184101e-03,2.268056041880157393e-03,2.183425783566617529e-03,2.227803082348140448e-03,2.231241721854802622e-03,2.230923450019065089e-03,2.264927958920513653e-03,2.258231500445938462e-03,2.302105941377103910e-03,2.284822409020038480e-03,2.256936521076530200e-03,2.267933359734206154e-03,2.280243776145943028e-03,2.280389248665826499e-03,2.268086394283319856e-03,2.278500053039332618e-03,2.265833938504842500e-03,2.258002832748181882e-03,2.289545779334588652e-03,2.280878564674409734e-03,2.235733732664911544e-03,2.277122268452056071e-03,2.253875554703777939e-03,2.246576780834066804e-03,2.266315734983764471e-03,2.291125979273109844e-03,2.267811247922417624e-03,2.295061046569304118e-03,2.250416399211346147e-03,2.274620028845797046e-03,2.259123890951625878e-03
2.243583202417504582e-03,2.263391184891043028e-03,2.253370800790838353e-03,2.230023357236504515e-03,2.250700280363982040e-03,2.228248580159875817e-03,2.260588867978898832e-03,2.250205531307670516e-03,2.248398483405669203e-03,2.245339925113415402e-03,2.196298174382518582e-03,2.232835372801814447e-03,2.189064061255777908e-03,2.211656691845797010e-03,2.248135706792546862e-03,2.227037973307565474e-03,2.219500637808390422e-03,2.200858131696151795e-03,2.267426764524494830e-03,2.268308643672367272e-03,2.212627176953776281e-03,2.244682668995932016e-03,2.206155892858734438e-03,2.259734175191866878e-03,2.238018919062921726e-03,2.246885132793591342e-03,2.213726443714745130e-03,2.232832714680817697e-03,2.259903344838903698e-03,2.246714940369569889e-03,2.208039898894790815e-03,2.239359423482805474e-03,2.219124925660926652e-03,2.206460049339458666e-03,2.240561663932778835e-03,2.223468021648568934e-03,2.209570346348721948e-03,2.211565481030850107e-03,2.208508293421419626e-03,2.242810835491874499e-03,2.222155918800781081e-03,2.250222621235016193e-03,2.260785760713277925e-03,2.235581610273345687e-03,2.262770005079869137e-03,2.267937359805197606e-03,2.243990050442792265e-03,2.225153554499212285e-03,2.252098238983481996e-03,2.232749037668309462e-03
2.183102779664246491e-03,2.173593660503111546e-03,2.194292372969987390e-03,2.201241251274166453e-03,2.202030581280823608e-03,2.219717696404892911e-03,2.194013210009806720e-03,2.210228225670312577e-03,2.175788864406258925e-03,2.160336087512417565e-03,2.215318525269680157e-03,2.176073725666936420e-03,2.184103787729342865e-03,2.172365020726256968e-03,2.221139037825967631e-03,2.196831526997786773e-03,2.234442123988348780e-03,2.194382252874670786e-03,2.234340920710479669e-03,2.200856698290218783e-03,2.248211160811017673e-03,2.201238183590693755e-03,2.203025430008167477e-03,2.182952376763749262e-03,2.197747084433532977e-03,2.179309304115990571e-03,2.220962655583754320e-03,2.188142928174009998e-03,2.221133991012121459e-03,2.213834626990288709e-03,2.198918849416250671e-03,2.209017157021483241e-03,2.205100654019402206e-03,2.210629973379661575e-03,2.205648261637232870e-03,2.208473769883720437e-03,2.196985900962207007e-03,2.231418170484511260e-03,2.176580366994137778e-03,2.188730929248764150e-03,2.189189957901281104e-03,2.205772375134619056e-03,2.249111662467430123e-03,2.189232785643274119e-03,2.204751958984131274e-03,2.192858627443144970e-03,2.188230758176161386e-03,2.178741993214700252e-03,2.200740961942778112e-03,2.193108578742875708e-03
2.171201207279452924e-03,2.151641923873747180e-03,2.165765635946030263e-03,2.146873274062395705e-03,2.163951952462180636e-03,2.188107127920792348e-03,2.173660752550835018e-03,2.172908290879173917e-03,2.136404247378399183e-03,2.127357254933219359e-03,2.159196619284080992e-03,2.135070518775768634e-03,2.191609356463771439e-03,2.171194105075220215e-03,2.145475952741425670e-03,2.157740422511437734e-03,2.166938920315549227e-03,2.148357102000721282e-03,2.141801665813289086e-03,2.132244084367035646e-03,2.181712691867876940e-03,2.185713466722232629e-03,2.182968975171086651e-03,2.173052518136505892e-03,2.181660297460405896e-03,2.164476416355442124e-03,2.161549342664462366e-03,2.166889343028650591e-03,2.150657100864281600e-03,2.160065868332391743e-03,2.187825459972033565e-03,2.144354831017364522e-03,2.133853808874872689e-03,2.138483260788829384e-03,2.139170807145484698e-03,2.176494628867819102e-03,2.137458197565149636e-03,2.171717838157910790e-03,2.151627883024304425e-03,2.186173151487974097e-03,2.134138033179694069e-03,2.117252484209729193e-03,2.151967921633521959e-03,2.169568006442142150e-03,2.172233380532225498e-03,2.176774803469562827e-03,2.139176056724916442e-03,2.157859524892885919e-03,2.170755792555530660e-03,2.168208154898773957e-03
2.118620902942835831e-03,2.092401120689854187e-03,2.148839730290710327e-03,2.122758760975153747e-03,2.089267121101169144e-03,2.098984581754580192e-03,2.128935282970506170e-03,2.131447275413426729e-03,2.115308074922307279e-03,2.130530890716329090e-03,2.114091682170163907e-03,2.123724080678024168e-03,2.123750531026693308e-03,2.112978525449292315e-03,2.143705266069172860e-03,2.132536639044519972e-03,2.145593207392852350e-03,2.108065346343269714e-03,2.124910005489773386e-03,2.134286543468884474e-03,2.097554295341623725e-03,2.144350049740489234e-03,2.129211039279654827e-03,2.132104230521612766e-03,2.075808537329472750e-03,2.108807008829849047e-03,2.112807212595012741e-03,2.173894058684109655e-03,2.108873515027761582e-03,2.138387884334229383e-03,2.078014549272312085e-03,2.113146889672604459e-03,2.113665069898846942e-03,2.144430706222332905e-03,2.129832792460093979e-03,2.131265156111970815e-03,2.163687165981413585e-03,2.137059222223321089e-03,2.124063526995759784e-03,2.122488982458820093e-03,2.113784477163408674e-03,2.111247626483847561e-03,2.080584161121923435e-03,2.079402808847911985e-03,2.126662588178162509e-03,2.112315138273951776e-03,2.078995426963250927e-03,2.145423414988039627e-03,2.117898316936573776e-03,2.098693206597292658e-03
2.068547387858716939e-03,2.046883562484491052e-03,2.068455087219427720e-03,2.084182139859786041e-03,2.081746182900214709e-03,2.052258705559192181e-03,2.089757172458065436e-03,2.057228614102597254e-03,2.087512795840607525e-03,2.095758861745591201e-03,2.044166814601655266e-03,2.054902811468547683e-03,2.079841971614814020e-03,2.044832466483146715e-03,2.088228534117526382e-03,2.089529729416651337e-03,2.090071901383832795e-03,2.071357807589719723e-03,2.085983330902747065e-03,2.117745043423611365e-03,2.095504632953549152e-03,2.038449931975383923e-03,2.091863193157884881e-03,2.036415481848682235e-03,2.063825095680001283e-03,2.089297451943364185e-03,2.083383281324774090e-03,2.080004370154857167e-03,2.102010515496367457e-03,2.072284531338542367e-03,2.040178550052762149e-03,2.055418580143451770e-03,2.043385234119582221e-03,2.034949018048774153e-03,2.043756673790774348e-03,2.070939285538210203e-03,2.073168014115630772e-03,2.061469492410795100e-03,2.064791543985129794e-03,2.050242253910946819e-03,2.052808265453031234e-03,2.074770579393159838e-03,2.078897300851292353e-03,2.099853281748862138e-03,2.069653815820133094e-03,2.093378711168760505e-03,2.072988760489782260e-03,2.087087402057988955e-03,2.068901386110245932e-03,2.073874056066178032e-03
2.061598061871139712e-03,2.040768099427304159e-03,2.028672732922657922e-03,2.040220402019836399e-03,2.020215841181808355e-03,2.011618452914816068e-03,2.015426781832887343e-03,2.027112435995501605e-03,2.066660828571143232e-03,1.999347308792670530e-03,2.026526345134384462e-03,2.013707728012379978e-03,2.051116594707213560e-03,2.035688673168045085e-03,2.029196165891539259e-03,2.042005838437585801e-03,2.019950073018899912e-03,1.977766306963257489e-03,2.040351595801962598e-03,2.046722322582988050e-03,2.015254224035915864e-03,2.029032939098502578e-03,2.033306257812306575e-03,2.035971818789795648e-03,2.026044488437146480e-03,2.014569788866077838e-03,2.048284468192256708e-03,2.045775974118562400e-03,1.996756279053480982e-03,2.007515349400103549e-03,2.038769445711441450e-03,2.039276715645171618e-03,2.017655524059882438e-03,2.023403779071773680e-03,2.044978531973822011e-03,2.022563922274117978e-03,2.024558124728390463e-03,2.015258701114395513e-03,2.036659599192342136e-03,1.997029028117709975e-03,2.017263064800982764e-03,2.032173548777850818e-03,2.030872822776849662e-03,2.024271538421623055e-03,2.066476944290461179e-03,2.008454887637483709e-03,2.044231957149314754e-03,2.047160043823522194e-03,2.041686541335117379e-03,2.029314410884992641e-03
1.956955402710328865e-03,1.955397644955086511e-03,1.976062194398250319e-03,1.974788835324840439e-03,1.996072590378452066e-03,1.987281015614851022e-03,1.997166254510160215e-03,1.992234004461281450e-03,2.034688731606146099e-03,2.001222871736370139e-03,1.973625495017271650e-03,1.988583509597974860e-03,1.999334918662301359e-03,1.979695003376223412e-03,1.996631749597064989e-03,1.988573632140580756e-03,1.975701558310244670e-03,1.979114591241798275e-03,2.001317849550959815e-03,1.985861159736795195e-03,1.974574722341328886e-03,2.002119889865512127e-03,1.989052039147266859e-03,1.981300508632907135e-03,1.969059048509757409e-03,1.986735190043561940e-03,1.984267535419578093e-03,1.982768149209844337e-03,1.983802375154545238e-03,1.962462771090179008e-03,2.002569990928898015e-03,1.957295250401437821e-03,1.960147670755281804e-03,1.993724652384166757e-03,1.963715332110013961e-03,2.000440282976233622e-03,1.952774781082622195e-03,1.977059935060580809e-03,1.959443946465106758e-03,1.983662142556732230e-03,1.998772985080601080e-03,1.968435208773475654e-03,1.981986317090460043e-03,1.996389877040964048e-03,1.960085076907028354e-03,1.985355106930203686e-03,2.013968574597714556e-03,1.994566070020004252e-03,1.999114782585913793e-03,1.988123822850385979e-03
1.935602937468146973e-03,1.923005318693242352e-03,1.893401946213572407e-03,1.906033283076300150e-03,1.924399087333871286e-03,1.948152627965889661e-03,1.943173468439578222e-03,1.932013556700470447e-03,1.916939057441539038e-03,1.921348073538879653e-03,1.935311384511260828e-03,1.941005283587341097e-03,1.918936615947456010e-03,1.921559400047527207e-03,1.948775602898942822e-03,1.950256120879472919e-03,1.947441226958732032e-03,1.917143035860109646e-03,1.934795571569804945e-03,1.936585191557643445e-03,1.895973808176314949e-03,1.929354296531713125e-03,1.930431284671659540e-03,1.952738790768676538e-03,1.943110206149978010e-03,1.922519621867234711e-03,1.895990320363158486e-03,1.960463185279493967e-03,1.959725060482485608e-03,1.942207425363635855e-03,1.938903372748096562e-03,1.940366816254208981e-03,1.893969575787585267e-03,1.891592737711353910e-03,1.926418391485253991e-03,1.907692251709881348e-03,1.963469408362785665e-03,1.921962641089952108e-03,1.925208087360611667e-03,1.978513138053660837e-03,1.975584514059350923e-03,1.932355445665648232e-03,1.922302713663625240e-03,1.962776902192213575e-03,1.925189113496744448e-03,1.947263010730401886e-03,1.961611215649610405e-03,1.930946888625335433e-03,1.934250327891339286e-03,1.945536070815605430e-03
1.887874341161058060e-03,1.908518687781778035e-03,1.878997614131482303e-03,1.875848486975244906e-03,1.863317584695653624e-03,1.876642425148647170e-03,1.861342912516132089e-03,1.915718925508566985e-03,1.928826029774934059e-03,1.898554782391364366e-03,1.864812815135554738e-03,1.869095385442576598e-03,1.855902154553840198e-03,1.856894838159476278e-03,1.884591822301307038e-03,1.869961543795969688e-03,1.923506509951598267e-03,1.883562089219977627e-03,1.858897886780265084e-03,1.864526877131921379e-03,1.901553063873495089e-03,1.867940580605753588e-03,1.897614787782585417e-03,1.915110515156375707e-03,1.911337831504221528e-03,1.858102187221047840e-03,1.867503684280323985e-03,1.847732424692146401e-03,1.900329879088839564e-03,1.875469043246722227e-03,1.893555493076371507e-03,1.853474082079852600e-03,1.873324696511665831e-03,1.894538351063258189e-03,1.859289951486386505e-03,1.887400301268699239e-03,1.886993159315134439e-03,1.888022614327165361e-03,1.883712451677159710e-03,1.916239474663461017e-03,1.877863851856543219e-03,1.863322626705211102e-03,1.903482576599112167e-03,1.880396106871725986e-03,1.922460209350223756e-03,1.926988178546064140e-03,1.901286826780832894e-03,1.883492895095011631e-03,1.882875319488000075e-03,1.849621986047806635e-03
1.840335295513252775e-03,1.840216746889220163e-03,1.821098709157122726e-03,1.805257575523924957e-03,1.802989216520014442e-03,1.807142647085520446e-03,1.849140877476293868e-03,1.828677002175374587e-03,1.823887097510469915e-03,1.869893057410389886e-03,1.843028487415282425e-03,1.881114621790178944e-03,1.821248204807031498e-03,1.837553729355271290e-03,1.828441742533433055e-03,1.812557571201627461e-03,1.832083712370474217e-03,1.841515399973866042e-03,1.829841573204567164e-03,1.835046802343503602e-03,1.808219640551311661e-03,1.863767212788277347e-03,1.833273328515635332e-03,1.818672343932332394e-03,1.824765082704331775e-03,1.850627256762055715e-03,1.815258609890129217e-03,1.831261079834607501e-03,1.835543343405465983e-03,1.804511619480468837e-03,1.810947728560597086e-03,1.826307132422466326e-03,1.826865322061243992e-03,1.854246919797611706e-03,1.853263923168122634e-03,1.842716505911472539e-03,1.814223853808801445e-03,1.839482167323116656e-03,1.843486283540546377e-03,1.844811806491687255e-03,1.811067517246824988e-03,1.812148205691948904e-03,1.826071124739761780e-03,1.827760673827715085e-03,1.849352603710432193e-03,1.818066560899027437e-03,1.816482980714688618e-03,1.812512033003403243e-03,1.830033480269018138e-03,1.842776926656868172e-03
1.777489148680492983e-03,1.785033454974807067e-03,1.755879138723866499e-03,1.804305713878169657e-03,1.773139607282552769e-03,1.792906994314279710e-03,1.777677554569783618e-03,1.753860811997857722e-03,1.778935710759839157e-03,1.795235765183251890e-03,1.778967201789962782e-03,1.791200271919878278e-03,1.766741852867961425e-03,1.804079975396045716e-03,1.775016959634436722e-03,1.754977749790583583e-03,1.791841231383195553e-03,1.812588976021055386e-03,1.775686033804035804e-03,1.747359855212601452e-03,1.777556561081733389e-03,1.775195636257985128e-03,1.776751571407459785e-03,1.787562465647348072e-03,1.757986276159369254e-03,1.778754073702859800e-03,1.791220653884593441e-03,1.775911154971392082e-03,1.796555456949248432e-03,1.767894555214711335e-03,1.778513171319689784e-03,1.770222575219963573e-03,1.772527262093357954e-03,1.756812117597317474e-03,1.779316469874275526e-03,1.778946504147879693e-03,1.752027142857946578e-03,1.756471987153639981e-03,1.792397568218984279e-03,1.797871230639403774e-03,1.771935264491871853e-03,1.785235446113093332e-03,1.788391641780045409e-03,1.782666055261703875e-03,1.815352110784367685e-03,1.751122600091725148e-03,1.776108567139402482e-03,1.748289243085494752e-03,1.766886508604173815e-03,1.795939111257217717e-03
1.735073700602789062e-03,1.730404314748272207e-03,1.713820304261181367e-03,1.701336342448658313e-03,1.710310222104486754e-03,1.728333646248901047e-03,1.729759815658952040e-03,1.725588489315001616e-03,1.705097047455833353e-03,1.726488839638188385e-03,1.695266926885123085e-03,1.707900846612982887e-03,1.697227344884257808e-03,1.710167703711274433e-03,1.726006594957332297e-03,1.710595939404587840e-03,1.718478794301764616e-03,1.751183502827270829e-03,1.726034134655827926e-03,1.740551796634327202e-03,1.734926986025545634e-03,1.673105519016519901e-03,1.734306437280252718e-03,1.731121893126155676e-03,1.737938683832902700e-03,1.685940911446620356e-03,1.726578475521684192e-03,1.756062578447959528e-03,1.722092324456434747e-03,1.725346585018158480e-03,1.731591056518219131e-03,1.732632511767582097e-03,1.690403397071618468e-03,1.735507895332635137e-03,1.696210018163589852e-03,1.733055557830055641e-03,1.741809644407338667e-03,1.751377859050984786e-03,1.736202477596210901e-03,1.720097099313159768e-03,1.737733180311551049e-03,1.724083630095884709e-03,1.742346571706759710e-03,1.746877695216349094e-03,1.724414181281946337e-03,1.758089938676089554e-03,1.714570776980873850e-03,1.717136554447963419e-03,1.732874797364737521e-03,1.751088089345822878e-03
1.690097414186436881e-03,1.662063473378561475e-03,1.675200804163415281e-03,1.665174052240301012e-03,1.673928225006266531e-03,1.692410387110449476e-03,1.668457063890075665e-03,1.683316351753378617e-03,1.693171488116043504e-03,1.674905009645534341e-03,1.678978116683155133e-03,1.711483313380951585e-03,1.666538439763099377e-03,1.656610747715767757e-03,1.669231564846949782e-03,1.657264187510668106e-03,1.689663355288353961e-03,1.670380701936953829e-03,1.690892475770025419e-03,1.661028524806516327e-03,1.667823966953915511e-03,1.695799959537063958e-03,1.684119720065997044e-03,1.661742160413766378e-03,1.657760067720201501e-03,1.686141123664202518e-03,1.679155803851774525e-03,1.673829376075894977e-03,1.684310037881045150e-03,1.631236573446820945e-03,1.670156679619985837e-03,1.666707594699563160e-03,1.678910266300934250e-03,1.684124407131247286e-03,1.654835127225168885e-03,1.674819046587096511e-03,1.683839889127129253e-03,1.688966743340996257e-03,1.685489156995443206e-03,1.682464811500853762e-03,1.686042684972686436e-03,1.669306932556130583e-03,1.676349262031703565e-03,1.672433507389613693e-03,1.666682415878382572e-03,1.644784758389556062e-03,1.693504995820689554e-03,1.654732784596316206e-03,1.662497622443344890e-03,1.683351723669225487e-03
1.619910026600252829e-03,1.611351557612681305e-03,1.631614975592723775e-03,1.613268976051117701e-03,1.617158071364778286e-03,1.634960968327564372e-03,1.590683076646447723e-03,1.625903102417528608e-03,1.581601374196419697e-03,1.646109228704969226e-03,1.614857037246431124e-03,1.610982789662607608e-03,1.600129168895112570e-03,1.595864830388099001e-03,1.604965626446912654e-03,1.591643732312859882e-03,1.629727015218518588e-03,1.598937657944985965e-03,1.636248110184491174e-03,1.595223887549763716e-03,1.615910683294422261e-03,1.594733436003669671e-03,1.579998489838609120e-03,1.618957445456565810e-03,1.603223968593105219e-03,1.619864031655626844e-03,1.626055817969411120e-03,1.626615107158386640e-03,1.601729294954131301e-03,1.621362749185344294e-03,1.630163979555526114e-03,1.588594019054609700e-03,1.620404231108616387e-03,1.605834964538631468e-03,1.614883580981911568e-03,1.563823633231227646e-03,1.587041796383155791e-03,1.612914530483007579e-03,1.610197020882765196e-03,1.588934320197357957e-03,1.620272667873595262e-03,1.612335647873717462e-03,1.616927462413569666e-03,1.634876665492011492e-03,1.623391756256372699e-03,1.635651119204590762e-03,1.602480523901674090e-03,1.608959349468922851e-03,1.585845389850745009e-03,1.607706301082172410e-03
1.553363045737198196e-03,1.530213339275581256e-03,1.527739483679584412e-03,1.512479922631929357e-03,1.540220657630494896e-03,1.564270560157029252e-03,1.568228130542073315e-03,1.551522317249806994e-03,1.566408278536250524e-03,1.556405609129716356e-03,1.589504403664338114e-03,1.544429815349526551e-03,1.561447128774676781e-03,1.557192944372364808e-03,1.544290118617954463e-03,1.530424422885023287e-03,1.543427725335461825e-03,1.563641329471550465e-03,1.540696670537793512e-03,1.565295135103403042e-03,1.576241263131897274e-03,1.590395719330979854e-03,1.533405336843812446e-03,1.547821327018253628e-03,1.576265040879557206e-03,1.526354554870710959e-03,1.577816333905467626e-03,1.561469755581382192e-03,1.560130140197096187e-03,1.549241618062817101e-03,1.566212648591507094e-03,1.565094449692206379e-03,1.534118144354089993e-03,1.537110272141414824e-03,1.552981725614669848e-03,1.591328501270973007e-03,1.575543080800742395e-03,1.551965386574513705e-03,1.543849617467857576e-03,1.549149465654664016e-03,1.529182691498575004e-03,1.566355431050797230e-03,1.547704779113989477e-03,1.571735528411010146e-03,1.559716684180137512e-03,1.549438574312337691e-03,1.567991824713216688e-03,1.554718759215354719e-03,1.543657703746050078e-03,1.563463072791145035e-03
1.468980185280685915e-03,1.486707100812501665e-03,1.493930510515451395e-03,1.492435405783273158e-03,1.465236263146395702e-03,1.487911989588832718e-03,1.489723411347004724e-03,1.483300132067587665e-03,1.480945843607040348e-03,1.499494055566836809e-03,1.501158999333982152e-03,1.496156495544950782e-03,1.500252465995757702e-03,1.476710710327556542e-03,1.458613138573689296e-03,1.455480112251961514e-03,1.495868888966161775e-03,1.493780478435413790e-03,1.527516571631490003e-03,1.467206281207939942e-03,1.498256170103493684e-03,1.493138280462252138e-03,1.486684025998118641e-03,1.487874776754639482e-03,1.495963104750427626e-03,1.483953714808695402e-03,1.468698242441502690e-03,1.473047024489066489e-03,1.519236342593538805e-03,1.518884819346751980e-03,1.507961909972788681e-03,1.495332896464059060e-03,1.502462520862922653e-03,1.519784756954765731e-03,1.495371132076641187e-03,1.505196434297737191e-03,1.495892292427671239e-03,1.501332017792923138e-03,1.498955707614707230e-03,1.500975638024707598e-03,1.497585598388770020e-03,1.483324172181946492e-03,1.500876460561570381e-03,1.489200546051570482e-03,1.508759268947397047e-03,1.489731557825710101e-03,1.498930700195181230e-03,1.483476755108206063e-03,1.503730965009421328e-03,1.512680644499196821e-03
1.425281739070837980e-03,1.425793950180477988e-03,1.427219270660463630e-03,1.452963535542827356e-03,1.433088499708256441e-03,1.409155360243684752e-03,1.451233398305031225e-03,1.438978308401943351e-03,1.419211679279812387e-03,1.449156846149476712e-03,1.444917368170172941e-03,1.449349034052642166e-03,1.403442498978854950e-03,1.448227225311127242e-03,1.436772469777916443e-03,1.474055608588219256e-03,1.434671588268410106e-03,1.450199400029960218e-03,1.423768489510654836e-03,1.452851257055586464e-03,1.445068938912094864e-03,1.475137491034948008e-03,1.421426790441067791e-03,1.427843589972350958e-03,1.445135639434981479e-03,1.442822391252598750e-03,1.453269961476656410e-03,1.455929783171869708e-03,1.426712162821343549e-03,1.439582745946680091e-03,1.458900559997946839e-03,1.425763310278731774e-03,1.445815553143612979e-03,1.413851639091032305e-03,1.437444912739773697e-03,1.423841436200733862e-03,1.453150348904725915e-03,1.433279309033561738e-03,1.404495017991957062e-03,1.404949814599124654e-03,1.455208530870413103e-03,1.430213613220438244e-03,1.441400604223577872e-03,1.463086064392860779e-03,1.425977705299731092e-03,1.446490638712705267e-03,1.426577472278227864e-03,1.434405032029829885e-03,1.411871977459783342e-03,1.415683862800195701e-03
1.391772691054566540e-03,1.380239176267724710e-03,1.359887090585783827e-03,1.362827735018918825e-03,1.362319141940497623e-03,1.345926513141953735e-03,1.374176100927410483e-03,1.372298264870369872e-03,1.364520844388095611e-03,1.369799215700334000e-03,1.356062240309760265e-03,1.352806889673706251e-03,1.362115551830089984e-03,1.377418095699139847e-03,1.379075211753600120e-03,1.374394187737326689e-03,1.375186787241384524e-03,1.367392304109739170e-03,1.366136168054169321e-03,1.373195210407840688e-03,1.357617271093280835e-03,1.371514113731991166e-03,1.419671886352795150e-03,1.385970088808308621e-03,1.353913540210009746e-03,1.350241555762291077e-03,1.356901168940306390e-03,1.379022977351160436e-03,1.373437767652451943e-03,1.373961003285495072e-03,1.374003077058901521e-03,1.384144013494453948e-03,1.377099988192632442e-03,1.395296162623133138e-03,1.371431233063434649e-03,1.380143972238243380e-03,1.380974115517138263e-03,1.339465585024370280e-03,1.392874457484063111e-03,1.351142649769070418e-03,1.390274347389551090e-03,1.361270062107680472e-03,1.381361251897078287e-03,1.395321242501286994e-03,1.371429496029804651e-03,1.372848627863717912e-03,1.371795405146503674e-03,1.368195144527122910e-03,1.388817415685525154e-03,1.395262122206278061e-03
1.352470818699084585e-03,1.327797537855961510e-03,1.321965424469251447e-03,1.309219641952629430e-03,1.306970669761957447e-03,1.308715936840433580e-03,1.329599379033895952e-03,1.313553126587084854e-03,1.340685915471228652e-03,1.311837540373877314e-03,1.313744986517325448e-03,1.320014751270553142e-03,1.288330441637028888e-03,1.340746000638802678e-03,1.299925972798371106e-03,1.320851217790176575e-03,1.329352651755541254e-03,1.336675775834143300e-03,1.309082584669011813e-03,1.313006415510529004e-03,1.308988286688098903e-03,1.318833969934450406e-03,1.306837385706361094e-03,1.320752548867613375e-03,1.299438526386348337e-03,1.331474183605089274e-03,1.309351754802537361e-03,1.329249472590772734e-03,1.306451698885347738e-03,1.327087859884277079e-03,1.314304318780596184e-03,1.314533760740572857e-03,1.304144762394259839e-03,1.301811233356782189e-03,1.345077253279329662e-03,1.315731106543214677e-03,1.316025949243427098e-03,1.334288747209222978e-03,1.343400424044797993e-03,1.310078867369173341e-03,1.340330327493099733e-03,1.315728057818147789e-03,1.335081148072891520e-03,1.304075172231229955e-03,1.327835254802272463e-03,1.311275209220696958e-03,1.313130832466654230e-03,1.314754036229399481e-03,1.298323314239518186e-03,1.321409979024225356e-03
1.247221065092855331e-03,1.264980837346581146e-03,1.244506864914790220e-03,1.235120092878534432e-03,1.256877362456893703e-03,1.263294773572141549e-03,1.272747391619232123e-03,1.264980152026999680e-03,1.240569732636583522e-03,1.281057011712555130e-03,1.252428792221812331e-03,1.240740817934148305e-03,1.263896841409262173e-03,1.245960636399086590e-03,1.243601565758862063e-03,1.238753268046923406e-03,1.234394143183624015e-03,1.260941800491407116e-03,1.231217267366926504e-03,1.272046467712201851e-03,1.260241163598345209e-03,1.260004916347051956e-03,1.258061040201513114e-03,1.254351687419000098e-03,1.270075100030452087e-03,1.246581078152098803e-03,1.258137057349486805e-03,1.240868582008550084e-03,1.261921835581153364e-03,1.244206350580366258e-03,1.245761272564735499e-03,1.229047902083503854e-03,1.228485788795445925e-03,1.278687111431960803e-03,1.272097455517727082e-03,1.287987869947090263e-03,1.265175346316063610e-03,1.245726564443085755e-03,1.253224352089465053e-03,1.256608588181869733e-03,1.283061461577487223e-03,1.251816537886399263e-03,1.257664761347215658e-03,1.225323652575355683e-03,1.276261544288037272e-03,1.265250140795721318e-03,1.249472751997555107e-03,1.247866761546829973e-03,1.240975762960062814e-03,1.259602598099388449e-03
1.184756572220759191e-03,1.205019563491566007e-03,1.194046256561805911e-03,1.179386797643961881e-03,1.216239652012129436e-03,1.169107097925644115e-03,1.177292787753111795e-03,1.198406824324523955e-03,1.206324319196290648e-03,1.187649255633219060e-03,1.166727565765418020e-03,1.200308130881029296e-03,1.166107033683826989e-03,1.176698319030333945e-03,1.216209061511822542e-03,1.197384701252632690e-03,1.209548562570993873e-03,1.212037876371377604e-03,1.189484095072186436e-03,1.202703100073101343e-03,1.191172331162648626e-03,1.190433812798954083e-03,1.178950391665309350e-03,1.205399721530780446e-03,1.188193501957373385e-03,1.210645989106948033e-03,1.189208625874216361e-03,1.202424674616469789e-03,1.202128356327644481e-03,1.214160395845298316e-03,1.196984715398930095e-03,1.192858759945190960e-03,1.203019270770653779e-03,1.181960919507601916e-03,1.184112495644483324e-03,1.183060857012662543e-03,1.190765177155605386e-03,1.185061789517491589e-03,1.213854891292779703e-03,1.194852965308804615e-03,1.223061781889183070e-03,1.220969048483963072e-03,1.185847082042138347e-03,1.193988498689322686e-03,1.210657817310652499e-03,1.205426916808004624e-03,1.196130933460280970e-03,1.219734187702057118e-03,1.215106119562923449e-03,1.201229140025037194e-03
1.146280324073785340e-03,1.125909923416451835e-03,1.131031296080698594e-03,1.120315476193904170e-03,1.140395507754932711e-03,1.117366191961257282e-03,1.125212319157051048e-03,1.160110053743872854e-03,1.096109327594443818e-03,1.146224614845986348e-03,1.135722568533346737e-03,1.115194803088443744e-03,1.150302459427437031e-03,1.124708338436124482e-03,1.141956309461278612e-03,1.144103866101905519e-03,1.132796630528501523e-03,1.154382640997110446e-03,1.137380547110601733e-03,1.106472461805017458e-03,1.122404439775051034e-03,1.137018381077102873e-03,1.128160403855171107e-03,1.141120389817516833e-03,1.130934360529465979e-03,1.124166298764570386e-03,1.111130558657146905e-03,1.119073800018300681e-03,1.132411393667535904e-03,1.126795705409603440e-03,1.154090301460928896e-03,1.152502243139140025e-03,1.174188323682336414e-03,1.149175843740363927e-03,1.132519776070478948e-03,1.128291602678907881e-03,1.136357238159556261e-03,1.132391324382725712e-03,1.118143636793093344e-03,1.123330348891183597e-03,1.121004826281129553e-03,1.135609333145251284e-03,1.129790981277474082e-03,1.134675378987682519e-03,1.145791220696602657e-03,1.157466468995120307e-03,1.105651125589575011e-03,1.142074409295161649e-03,1.130527146160386406e-03,1.153868467555459361e-03
1.074794683519100270e-03,1.085644058256111065e-03,1.049273115437043477e-03,1.063234342724844088e-03,1.064392370371563873e-03,1.049230778597864521e-03,1.058737953467054141e-03,1.088035703086185626e-03,1.093664550413128754e-03,1.061861027042028654e-03,1.085861106687079991e-03,1.067971804387101657e-03,1.044482219512791630e-03,1.048902016570983512e-03,1.078916522730192541e-03,1.086207972544871734e-03,1.067820752810503529e-03,1.064991102717961465e-03,1.072303707428229639e-03,1.065280797763609559e-03,1.067908392251124385e-03,1.064862806061935485e-03,1.064730493352114213e-03,1.063773083080307453e-03,1.087563014533508236e-03,1.084017735084294052e-03,1.060123338456405752e-03,1.078933394509229773e-03,1.078321090141582056e-03,1.081969790525668697e-03,1.079033539728097577e-03,1.070987021965752808e-03,1.052024664256722255e-03,1.069820352330040766e-03,1.078139854228619141e-03,1.085508904274356786e-03,1.064048966804589024e-03,1.057837531896169527e-03,1.075168356896805122e-03,1.058279541286546045e-03,1.083936665094750078e-03,1.081767462576305574e-03,1.090579909446243514e-03,1.053727386410396915e-03,1.055740318702056823e-03,1.047156721938189827e-03,1.070092555916472062e-03,1.086092296754196827e-03,1.068760916062203069e-03,1.086934006096788559e-03
1.023276590236454160e-03,1.027730935490392102e-03,1.013885449294668053e-03,1.001505170904376778e-03,9.908184240292234896e-04,1.024922538606327233e-03,1.010899942713061475e-03,9.928875925079290281e-04,1.006551764692922108e-03,1.021869849584437643e-03,1.025504642433409420e-03,9.993625995131393859e-04,1.005188453144116589e-03,9.924210941179116563e-04,1.021894538654634756e-03,1.032454837792077173e-03,1.023602175050879149e-03,1.006259619446127004e-03,1.009580180325292615e-03,1.009359540749664051e-03,1.017718616356054441e-03,9.928068968499180556e-04,1.012139935624229358e-03,1.012114725593603586e-03,1.004536879072009514e-03,9.994533745504986626e-04,1.005723851720485189e-03,1.016240035474277013e-03,9.955664759250307510e-04,9.969896510684363514e-04,9.939395767172660642e-04,1.002212348738201015e-03,1.017108159923237054e-03,1.000699245453805144e-03,1.014017809586271589e-03,1.035862112538036639e-03,1.032528909710348072e-03,9.972007023090051752e-04,1.018368251776118581e-03,9.914059707416410412e-04,1.005656025942376023e-03,1.012012108639712962e-03,1.032230636144625775e-03,1.023627255050867839e-03,1.000493781459978627e-03,1.007651187661808001e-03,1.013435777307751182e-03,1.026649334620642747e-03,1.012751370623818196e-03,1.032462003000830754e-03
9.557717132001099800e-04,9.499065652209765041e-04,9.236960875808928424e-04,9.516033365389098882e-04,9.465535287609060881e-04,9.603046003432607128e-04,9.729385311802241695e-04,9.672119717882245908e-04,9.543993840740078215e-04,9.651199376891605444e-04,9.479885101852303028e-04,9.442104599254188364e-04,9.569247078389711949e-04,9.463995338779567119e-04,9.413304974359894143e-04,9.245210733953373138e-04,9.554954888262539962e-04,9.482268199234450412e-04,9.546356248305678301e-04,9.513160172371552901e-04,9.409300869668113347e-04,9.474420498982945348e-04,9.599187070089448045e-04,9.393880965202771076e-04,9.583778159305203622e-04,9.302886344679488087e-04,9.462602256569166382e-04,9.486673013736605540e-04,9.580195121517354672e-04,9.398092540212696225e-04,9.706359483747162894e-04,9.620998121710414713e-04,9.378773933870712285e-04,9.381404257939582108e-04,9.442541064517211927e-04,9.500822348805110793e-04,9.375140290102740781e-04,9.544915475899239457e-04,9.405280388609583335e-04,9.494704982317071947e-04,9.369446293221601321e-04,9.547877018944444941e-04,9.461118907329027147e-04,9.573162295655043494e-04,9.530419949212715200e-04,9.459629592071597259e-04,9.559624050898634338e-04,9.219310726442601477e-04,9.636060277886964636e-04,9.467004925413019870e-04
8.942003818339118709e-04,8.799365969542996850e-04,8.789235075796523414e-04,9.277931031475239411e-04,8.825118206765208756e-04,8.747683759923879920e-04,9.020850083618727790e-04,8.638674807822142128e-04,8.927657948348058370e-04,8.888166466484391775e-04,8.750035087433713889e-04,8.914152723737584242e-04,9.000756314804467815e-04,8.755983700232263618e-04,9.018768269421937808e-04,8.829514971431384881e-04,8.691921509777022050e-04,8.931025064903875014e-04,8.779214565117389327e-04,9.208796488436524078e-04,8.935850942398749271e-04,9.129259762487685432e-04,8.858200418954864826e-04,8.686698007995297425e-04,8.971073264907617958e-04,8.869840748055573144e-04,8.754188152378899850e-04,8.862303027900963852e-04,8.960062663669522308e-04,8.994902779511506708e-04,8.791613633561415559e-04,8.777347496727664873e-04,8.952201312619399677e-04,8.744510537337215131e-04,8.967866419835660279e-04,8.849727474739711025e-04,8.962216872923161552e-04,8.764789972493819024e-04,9.015305571031393328e-04,8.920083075390585793e-04,8.932664760524959080e-04,8.984592814625839237e-04,8.986316908836673289e-04,8.833259497701591301e-04,8.966004253978165830e-04,8.973089298842016302e-04,9.228250746964919947e-04,8.763521687327928758e-04,8.960414709594558772e-04,9.101338369342698619e-04
8.329932135984970424e-04,8.218712499841060665e-04,8.279259841685973923e-04,8.198772234924939315e-04,8.384313524695962035e-04,8.275888672008760829e-04,8.250162775700013024e-04,8.230529788668994361e-04,8.270861040752485165e-04,8.214438500531577895e-04,8.317574909948432247e-04,8.183931502967348517e-04,8.319362393966605066e-04,8.267530649977010730e-04,8.217748119387109770e-04,8.494264822120512360e-04,8.306826201335556310e-04,8.331957611236189996e-04,8.340132303537291323e-04,8.481146762857538161e-04,8.420233122312929157e-04,8.308747545860985760e-04,8.346707942130148286e-04,8.397110441106714254e-04,8.372796636859675297e-04,8.258108705953776454e-04,8.349485037601557308e-04,8.438917289285581807e-04,8.367531763866315137e-04,8.440489017291530642e-04,8.069327437399728253e-04,8.581874916296954514e-04,8.233121601006525509e-04,8.154404855161310551e-04,8.337286448111314073e-04,8.481680545670696684e-04,8.298630754664097255e-04,8.367467951660674053e-04,8.352151549931918295e-04,8.534080402960306710e-04,8.492329843120940752e-04,8.470587185952686100e-04,8.526714714895717185e-04,8.236175356336245977e-04,8.234571586114940427e-04,8.316174969285803058e-04,8.413870380750036260e-04,8.362131512843215889e-04,8.484060104611000934e-04,8.313188364784214121e-04
7.833589685104401989e-04,7.699818292945335291e-04,7.649038220940704898e-04,7.856799603774409406e-04,7.748013237279481862e-04,7.737768989412851248e-04,7.655905517970498049e-04,7.491179935621820624e-04,7.650727143556364891e-04,7.693647137347141545e-04,7.687252629586873191e-04,7.598505920067020808e-04,7.639196420101450813e-04,7.914246158765224056e-04,7.953274716857946678e-04,7.786272177564157069e-04,7.794775321043153531e-04,7.624169156213345296e-04,7.962298365044446742e-04,7.625929981256262917e-04,7.765454485445034190e-04,7.949139467971858561e-04,7.704205231057355534e-04,7.672673942437186964e-04,7.638283574155328584e-04,7.687659682410886812e-04,8.004764106897517897e-04,7.623034180441849716e-04,7.759958216538243242e-04,7.810381784946244209e-04,7.742050931247621655e-04,7.712338601231792439e-04,7.682099003998744003e-04,7.837437831550131103e-04,7.791515549440498683e-04,7.808555254166185287e-04,7.654740882805299504e-04,7.681969706682263135e-04,7.816963308630328448e-04,7.881070701400418000e-04,7.767279680562884023e-04,7.646112348549697832e-04,7.908652152130102525e-04,7.553359287424097918e-04,7.856822555644624997e-04,7.649670348243140829e-04,7.882248318535034189e-04,7.478676137814994082e-04,7.800038688501365102e-04,7.873301300176888205e-04
7.139585577976932315e-04,7.274528526883740787e-04,7.361956843682892875e-04,7.196268457164083738e-04,7.169695410692315460e-04,7.227605091080559771e-04,7.247061277443272520e-04,7.115846607065514501e-04,6.933827404940580896e-04,7.069913963601080591e-04,6.974778729779281764e-04,7.120764986212826811e-04,7.171586540149184688e-04,7.214983217433024610e-04,7.185322622156169745e-04,7.046464159055643986e-04,7.006384446505084258e-04,7.148280450771247931e-04,7.066874855331814823e-04,7.455479459285062555e-04,7.361108313668196772e-04,7.177001906828583272e-04,7.326655815805253489e-04,7.220561627142490840e-04,7.258552912580913978e-04,7.363342892522532811e-04,7.133606431474532770e-04,7.206061600089844069e-04,7.142374076266316124e-04,7.066350073007812357e-04,7.139610465485173637e-04,7.120313366450507168e-04,7.230872786234102297e-04,7.192205503019681806e-04,7.264562438117423866e-04,7.306320353668999948e-04,7.174080849173772746e-04,7.324289206092001207e-04,7.378102641684840561e-04,7.126854094842756003e-04,7.042110374124379993e-04,7.394128323987849381e-04,7.150207408056396185e-04,7.123490200911309408e-04,7.185776707248363229e-04,7.214214756775586251e-04,7.303107694613038834e-04,7.359792310771153369e-04,7.400096956135791305e-04,7.311607215045737643e-04
6.471958976884958437e-04,6.714688311758238489e-04,6.496038105874261817e-04,6.438068271356473232e-04,6.576241729225537624e-04,6.668771085785200545e-04,6.435692570135087597e-04,6.333628260861991731e-04,6.646799097996689215e-04,6.704337586888831036e-04,6.741523417335520659e-04,6.681478717932000334e-04,6.461283514312108917e-04,6.634894639988861507e-04,6.565723281451207914e-04,6.353750408954673317e-04,6.517785641500067591e-04,6.585266613094582474e-04,6.561301320784418195e-04,6.633346895346368694e-04,6.542319934884103724e-04,6.656114790023939364e-04,6.786807296351803727e-04,6.758192259375560198e-04,6.682716804879061624e-04,6.693394411006228480e-04,6.651947601227342069e-04,6.423336313930341334e-04,6.755526257774718867e-04,6.547620183130709254e-04,6.691944889813612784e-04,6.563120091081917811e-04,6.487810421707949264e-04,6.449383324469681314e-04,6.577277083669091700e-04,6.756911691357493166e-04,6.712001759188032310e-04,6.664260395751397340e-04,6.750946358564882286e-04,6.756337366272147657e-04,6.699367370034374361e-04,6.590854722055689268e-04,6.576413650578693919e-04,6.692925772223837569e-04,6.550848844093558679e-04,6.505713495656105776e-04,6.564372328609345856e-04,6.710838759999221761e-04,6.665689918358507328e-04,6.584604206840946909e-04
6.024652372908254972e-04,6.002526633527102305e-04,6.172801089894837780e-04,6.195814459166018367e-04,6.016995431670186601e-04,6.151467873561384126e-04,6.152862758884158900e-04,6.215181829205946272e-04,6.213846314687416616e-04,6.162140655743304904e-04,6.170588425872090702e-04,5.949346905792028510e-04,6.179612845864298218e-04,6.038550266497911363e-04,6.133868325225014023e-04,6.145863824555258814e-04,6.037131986527827796e-04,6.224407655040063584e-04,5.994560690486580145e-04,6.083485991923076250e-04,5.954878752836317195e-04,6.021745165655732193e-04,6.097530253353580397e-04,5.989602016786751146e-04,6.033839880820312130e-04,6.083372877384951669e-04,6.007356777343835072e-04,6.279879373492267642e-04,6.051333367627202437e-04,6.154656101060458065e-04,6.182530213627323613e-04,6.157006499930827445e-04,6.055625395927781473e-04,5.810090367023133416e-04,6.109020186648862327e-04,6.089811908666135053e-04,6.033709146100029591e-04,6.093473255430356629e-04,6.156168147678939230e-04,6.022899971610135841e-04,6.148774908274367472e-04,6.155281098260932671e-04,6.020219004987721221e-04,6.132757017064187051e-04,6.120256406327178635e-04,6.243562708322010230e-04,5.992587226115996544e-04,5.965250490181049896e-04,5.995708712633466327e-04,6.235385391833400985e-04
5.253163155621299847e-04,5.539137038363617588e-04,5.505753402531717543e-04,5.664239083898518724e-04,5.484278924496079066e-04,5.591544988511527349e-04,5.510736393461378949e-04,5.757006324956536782e-04,5.330970296777450251e-04,5.648207041442872061e-04,5.640550033602038721e-04,5.697307898798493076e-04,5.568711955245785310e-04,5.498482185638421801e-04,5.521292449907175444e-04,5.487500562636912728e-04,5.474543079329549124e-04,5.602622377767526706e-04,5.497926391997123765e-04,5.584549895588423150e-04,5.399553175545678766e-04,5.673907688169899707e-04,5.501136647683234739e-04,5.400915352738151027e-04,5.553784413824264113e-04,5.423161313467454812e-04,5.463220966802294874e-04,5.568615509204709931e-04,5.574228292520500743e-04,5.640576153790223405e-04,5.652303984423596257e-04,5.544442943937340738e-04,5.487906454348848552e-04,5.559654031350782242e-04,5.470402794233370555e-04,5.571338914509687277e-04,5.386760117828826976e-04,5.416359710034643208e-04,5.590471088543979509e-04,5.551776901988774490e-04,5.504283043764393590e-04,5.530296006337825313e-04,5.492003034490248190e-04,5.376426711793625898e-04,5.563702519388887381e-04,5.787520067239682563e-04,5.605140345080566978e-04,5.646433348514513437e-04,5.567840139986685987e-04,5.496941379720769998e-04
4.855512913488250842e-04,5.000666134329348391e-04,4.955277697425642313e-04,4.977793947936214655e-04,5.119471530056749799e-04,5.079484809698902540e-04,4.975298732755330765e-04,5.026747915455352178e-04,4.977473976530288760e-04,4.958903716768932801e-04,4.888398204314522945e-04,5.174287487600643743e-04,4.894766258720407992e-04,4.987504804254251980e-04,4.926205290752848137e-04,4.907327163018581229e-04,5.118201036807113304e-04,5.081448246458686053e-04,4.887163161674648636e-04,5.111259268375988258e-04,5.070504745552335346e-04,4.956764055528935838e-04,5.158715173386795938e-04,4.973620109457241442e-04,5.062187801196018494e-04,4.969978653430115467e-04,4.953670677221208010e-04,5.071606098804928853e-04,4.993171609710570034e-04,5.056895647276609318e-04,4.859177223530097541e-04,5.126923834680249424e-04,5.068837745521179378e-04,5.068696578091961809e-04,4.961926431123292415e-04,5.093637507122536273e-04,4.930894724387083206e-04,4.958964774161974060e-04,5.015282550698390565e-04,5.021033360514863889e-04,5.071795746757369735e-04,4.971937348742166496e-04,5.098366512272466643e-04,5.060635132561933612e-04,4.963558234180510563e-04,5.056766418514747896e-04,4.957980633200818020e-04,5.054197259514027311e-04,4.992438713671457735e-04,4.962318828555651023e-04
4.610186255850946282e-04,4.442410994640986371e-04,4.619578676855250286e-04,4.466798263301049380e-04,4.432373759760954973e-04,4.598187496074939372e-04,4.503029334861191049e-04,4.548326058724724299e-04,4.587427202936541419e-04,4.563123724099161691e-04,4.554866581466215209e-04,4.595013590462982984e-04,4.356607139275868478e-04,4.573183944051763391e-04,4.493365478213107167e-04,4.567158640289658406e-04,4.498537037704942510e-04,4.482291701206373791e-04,4.650508359774745831e-04,4.457491755762381228e-04,4.648745235269037351e-04,4.503344807053347382e-04,4.514653266669294159e-04,4.587538344524625354e-04,4.468695225224417851e-04,4.442889124508299934e-04,4.621023738138142008e-04,4.543852846933347372e-04,4.408203756152995765e-04,4.580493193512899649e-04,4.555598600441137461e-04,4.477280992853182413e-04,4.445873650681965157e-04,4.676940764203539841e-04,4.539388515578812603e-04,4.562846182157445987e-04,4.446600904162537364e-04,4.535807463509619131e-04,4.531691855369417241e-04,4.418636828205443228e-04,4.584054362937728649e-04,4.695078921190227279e-04,4.573002686111774114e-04,4.542337879763745385e-04,4.675316952832212760e-04,4.510963081248491545e-04,4.385807893643134891e-04,4.451020106190434677e-04,4.722617475239395822e-04,4.657076819649859931e-04
4.009682438829962367e-04,4.014942607493447117e-04,4.018433658144240895e-04,4.084224404784974542e-04,3.986604520261647711e-04,4.057991427498408468e-04,4.156221354901395472e-04,3.980623729778789131e-04,4.123125311647242029e-04,3.996243683750205452e-04,4.036543229500986108e-04,3.952318852578217030e-04,4.079902115092613876e-04,4.023364835420564301e-04,4.005415292121377886e-04,3.988669675330429407e-04,3.985653861195782898e-04,4.031917854757595312e-04,4.023846800639649824e-04,4.034345571975787533e-04,4.055113356402446564e-04,3.957172494654855608e-04,4.027657913126048215e-04,4.089330567164774308e-04,4.107981314050947381e-04,4.014687404717248828e-04,3.998377599758567687e-04,4.034895343078290860e-04,4.085934760669711731e-04,4.021616964083558421e-04,4.114322224078635431e-04,4.347359299944516782e-04,3.996090726416297876e-04,4.063936927529502295e-04,4.054721396891838143e-04,3.965866212021142037e-04,4.020559185393749444e-04,4.064521020078307482e-04,3.792996222395664469e-04,4.128188493725950072e-04,4.005327279567775871e-04,4.075465324852548953e-04,3.934730704937946990e-04,4.037723674339992381e-04,4.006480497453769564e-04,4.007450799612652425e-04,4.040967836104863964e-04,4.090900380830828314e-04,4.091736327210905078e-04,3.956779107034548546e-04
3.471934238621836137e-04,3.579138675634287170e-04,3.571324333123353624e-04,3.493197832563166381e-04,3.533814589478281431e-04,3.647602802474940453e-04,3.541872123307454362e-04,3.605961547811371002e-04,3.503038856233844120e-04,3.546515942147524252e-04,3.608310595616979555e-04,3.565601413625908104e-04,3.571084890091932970e-04,3.619298536789177954e-04,3.588911154482274921e-04,3.614937317464128152e-04,3.450768546118945313e-04,3.560127266546227643e-04,3.587000075901441618e-04,3.608246220500036698e-04,3.570273373270617867e-04,3.389796657736340261e-04,3.684006491168364096e-04,3.591989522196687009e-04,3.633926053106566667e-04,3.513210506879931158e-04,3.521218791199164024e-04,3.549974351885329046e-04,3.553473137344591456e-04,3.528412041819021855e-04,3.418972606984087390e-04,3.497350706520791289e-04,3.582337414869971926e-04,3.622521565881909006e-04,3.609883268259495167e-04,3.637779465416105776e-04,3.582693718631423108e-04,3.599596488815789215e-04,3.568850752423008703e-04,3.521249013043450059e-04,3.406726538517685526e-04,3.659173721564472066e-04,3.520470192407592399e-04,3.599055264799437244e-04,3.450462615811040025e-04,3.713963988564559127e-04,3.466386979042447819e-04,3.583390893490777775e-04,3.697099386067302282e-04,3.526119660361284945e-04
3.108173495691693628e-04,3.177684185773725352e-04,3.207447478174485674e-04,3.125965177975295714e-04,3.167727235906215525e-04,3.206497155116216306e-04,3.152784385081606089e-04,3.144074723657312199e-04,3.187098011351910919e-04,3.154691445869641170e-04,3.254591872064407270e-04,2.973859982910931278e-04,3.155591783137481313e-04,3.210257398393237126e-04,3.119625956162118885e-04,3.155315343228899953e-04,3.132502800382494230e-04,3.164800924875469778e-04,3.294693668614001852e-04,3.102592278834289362e-04,3.131581832207150340e-04,3.276585185730022335e-04,3.159863554495072639e-04,3.065508055041462373e-04,2.952243685082006435e-04,3.140209830456727833e-04,3.087335916770107174e-04,3.059219880831851642e-04,3.219021826018930743e-04,3.315536643029709778e-04,3.260541624597411816e-04,3.172087208902740459e-04,3.178389226724133280e-04,3.097113292824234341e-04,3.099848179298590072e-04,3.077205377099944653e-04,3.184628964468739143e-04,3.061118565643631368e-04,3.061941961638618226e-04,3.174029226184839933e-04,3.145266351071946223e-04,3.133503865451366653e-04,3.245601282327369792e-04,3.217151758480101768e-04,3.114778559821975031e-04,3.099049560287468427e-04,3.041135431728948530e-04,3.152718346517065793e-04,3.110105448439005925e-04,3.043316323068212385e-04
2.777949653581023655e-04,2.687884045446881152e-04,2.681505480472446703e-04,2.691331277712099668e-04,2.643532462065226120e-04,2.672465717261067334e-04,2.658872452704474768e-04,2.684129628522542439e-04,2.733155417310895066e-04,2.719780739921384563e-04,2.735029808069036421e-04,2.619705329933984272e-04,2.627596520658289541e-04,2.774460951908847288e-04,2.759433090409810761e-04,2.666844589496118181e-04,2.733078300860790604e-04,2.806432052272015689e-04,2.770336039811784274e-04,2.590711640089643280e-04,2.705940966898310869e-04,2.646707291126375598e-04,2.740214339663398033e-04,2.856213425123474859e-04,2.617733189070134024e-04,2.582942431091524420e-04,2.753522733874891630e-04,2.792159932904377233e-04,2.770680899757765013e-04,2.666102184339583367e-04,2.611570976990297815e-04,2.748135697152505070e-04,2.798976802482007389e-04,2.742705400757519847e-04,2.687435973611768526e-04,2.780915399662894590e-04,2.670983038969706406e-04,2.683126833820519987e-04,2.521175115916263741e-04,2.681809197577503462e-04,2.658342144912446471e-04,2.641700356540760321e-04,2.595558526528022767e-04,2.643211938223562554e-04,2.736169514448393817e-04,2.744141765855738057e-04,2.650377504865174174e-04,2.768593646598154867e-04,2.679198203456764605e-04,2.748481486115677218e-04
2.192910428011678138e-04,2.281642631942037557e-04,2.276979852786587216e-04,2.273702960329949247e-04,2.268795793042743174e-04,2.158575640616858585e-04,2.418693602810796260e-04,2.334053238713876678e-04,2.352062610442738275e-04,2.377877254672799913e-04,2.166036784461055828e-04,2.308397013620787830e-04,2.294713557112618770e-04,2.367818123836167119e-04,2.262873724505542409e-04,2.272940119886463861e-04,2.294874726335396258e-04,2.250485446468228855e-04,2.313793396614138853e-04,2.324883683491979188e-04,2.285230173990453737e-04,2.354923688167064380e-04,2.322216637158142538e-04,2.279974500367947963e-04,2.306694623650991935e-04,2.273403377238503251e-04,2.321994513732414812e-04,2.379783269083410996e-04,2.321951122125705703e-04,2.307704425240224592e-04,2.284457722560342930e-04,2.336067898323048104e-04,2.386144089233931424e-04,2.344010882388341752e-04,2.286826740467087381e-04,2.342316685469903652e-04,2.317508005562493253e-04,2.314498023574381661e-04,2.352845649886806968e-04,2.227796214011813682e-04,2.274354756005316750e-04,2.330224363539011383e-04,2.342140359493798433e-04,2.296936101823259966e-04,2.359054336951305476e-04,2.210827243859372427e-04,2.284236765697829233e-04,2.227765335413241818e-04,2.378123532101313422e-04,2.280998246977949170e-04
1.861514302234423346e-04,1.805566236320312263e-04,1.902849006574280693e-04,1.919391794896284484e-04,2.015915628717033093e-04,1.824254651968055857e-04,1.883484612986939522e-04,1.974937999649679400e-04,1.858909048072491144e-04,1.865546588483472609e-04,1.933883507884098611e-04,1.928512236518967399e-04,1.951636732559559374e-04,1.940207553341192961e-04,1.931606884279135530e-04,1.954017204975414521e-04,1.974535917472553036e-04,1.850640018787553728e-04,1.948958015171417708e-04,1.875023551047385370e-04,1.947938889274298375e-04,2.003201200402715391e-04,1.863916900148043527e-04,1.972196170571000745e-04,1.915976484555098310e-04,2.017887152128656028e-04,1.882135794813954673e-04,1.865979032162097941e-04,1.894054878450801625e-04,1.930471151766812181e-04,1.931028955553079531e-04,1.946796516413244347e-04,1.989825908712130416e-04,1.954504125259736748e-04,1.912176452001754408e-04,1.917500814598235587e-04,1.906936542482204041e-04,1.944049646035549811e-04,1.939747048292374515e-04,2.020733838330237837e-04,2.008615173233748255e-04,1.860432167289479603e-04,1.923172150612271363e-04,1.913535135649949831e-04,1.942752951853284028e-04,1.945151829763646951e-04,1.904819745185367438e-04,1.813910383970866291e-04,1.829911419384066087e-04,1.815335791434878848e-04
1.527714016375101202e-04,1.639906629235213958e-04,1.518485830245336809e-04,1.544141078423497853e-04,1.469276592200376185e-04,1.557710956103551330e-04,1.609392145505103317e-04,1.471072875537001974e-04,1.552510762032799547e-04,1.500836219883997695e-04,1.492499258281598578e-04,1.524561292910288704e-04,1.586682410542100598e-04,1.688971446804200891e-04,1.498618904613870204e-04,1.541553990060532450e-04,1.596492668411110994e-04,1.478289157337778909e-04,1.521550532218799291e-04,1.515582033542226632e-04,1.581450177316854483e-04,1.574117262374733850e-04,1.511552728090488282e-04,1.605464429859666657e-04,1.550300043217331142e-04,1.566384488910077121e-04,1.521861386401151043e-04,1.620765959023894563e-04,1.516821665606174735e-04,1.553179778777511084e-04,1.559493472002722834e-04,1.605766537512346814e-04,1.536013231877566491e-04,1.524224464294616881e-04,1.482856246459492849e-04,1.505104135789908724e-04,1.611110711851590277e-04,1.553976132672307971e-04,1.481525592331196654e-04,1.551442720645472594e-04,1.523491202158864545e-04,1.509337330565980486e-04,1.653545506042275383e-04,1.631504531764205786e-04,1.565689000699441635e-04,1.582407423829307672e-04,1.554591991952919785e-04,1.668442599304721153e-04,1.636807326914129716e-04,1.608757335271145312e-04
1.274576350608534693e-04,1.301021082310914836e-04,1.327526322164032039e-04,1.224699516207332730e-04,1.221848200009343494e-04,1.182954979958961665e-04,1.267293615333510393e-04,1.262586439172567240e-04,1.193609860569288671e-04,1.169303515719110899e-04,1.286928730129503903e-04,1.307023928199388049e-04,1.173253444402742006e-04,1.237437567126422515e-04,1.226019305268584892e-04,1.210346118827818084e-04,1.156823195371305146e-04,1.229329526113004379e-04,1.271812168389266438e-04,1.276320807722232202e-04,1.180680118388617274e-04,1.211708758999167316e-04,1.294370446559242908e-04,1.225036039807047943e-04,1.253104879404735124e-04,1.193761217655550129e-04,1.183184832190374032e-04,1.225385981700526322e-04,1.166740686334768058e-04,1.256342397268052846e-04,1.205085848381970008e-04,1.305861937414343806e-04,1.292749622847843226e-04,1.169363780665750555e-04,1.222843007980919027e-04,1.174241794271997343e-04,1.176123649051016303e-04,1.239784057572298559e-04,1.264550549240050223e-04,1.193189096212952634e-04,1.255909187407065546e-04,1.273731781451534835e-04,1.217982031189689660e-04,1.289834867475315983e-04,1.248742128287532891e-04,1.225129015880252340e-04,1.183876489151033907e-04,1.240633024549854220e-04,1.251281950127209090e-04,1.296092493363395918e-04
9.111255692046298430e-05,9.267079581560233299e-05,9.441429481490817095e-05,9.018085408575884346e-05,8.831937918803017004e-05,9.952220956077623007e-05,9.964928310111901178e-05,9.380506209103680758e-05,9.216397997443122542e-05,9.647501825360111857e-05,9.789897627338239774e-05,9.371191171629966277e-05,8.985350593435321791e-05,9.448146362754048519e-05,8.375358187045642223e-05,9.800611842912116116e-05,9.114759847735336845e-05,9.894636423606169241e-05,9.486402329481703538e-05,9.229129841880841006e-05,9.106085354599164304e-05,9.703838372068889211e-05,9.701363960724378372e-05,9.197837743438973788e-05,1.019894295900970586e-04,8.917936707892105996e-05,8.951025996306275639e-05,8.574765464575140328e-05,9.415854697749830385e-05,9.227336427133130885e-05,8.964890276494926825e-05,9.307901739535556318e-05,9.778051574975119063e-05,9.919346594628656970e-05,9.222483866602461085e-05,9.169743788802584721e-05,9.073041256680539242e-05,8.860280045209822973e-05,9.229074404203822574e-05,8.757034204407302736e-05,9.760487624968115436e-05,9.896130294615645897e-05,9.458464547932882854e-05,8.952400413632503634e-05,9.771582574730303616e-05,9.552946227257729981e-05,1.004763444193625284e-04,9.284909291087565337e-05,9.753816270128820630e-05,8.978994422025198441e-05
6.736049311598660749e-05,7.001632831925274096e-05,7.282689385055633984e-05,7.042872077003081526e-05,6.393806457891931653e-05,6.715513683958056364e-05,6.108905152727064751e-05,6.255442048052027311e-05,6.696925172745279509e-05,6.737522118035893797e-05,7.065464606607195659e-05,6.360222386350288144e-05,6.950591926568845192e-05,5.590708975495570422e-05,6.709543284699069274e-05,6.727736191932854487e-05,6.736861282472531498e-05,6.813603214806518817e-05,6.666565437601887942e-05,6.780831767293640322e-05,7.008241252950300044e-05,6.615659986388008028e-05,6.742635389315390496e-05,6.959264683099036103e-05,6.206317628709037237e-05,6.823153847256962492e-05,7.276425486015439367e-05,6.875117651232398282e-05,5.951165993772339878e-05,6.827084883959416326e-05,6.374442560848101271e-05,7.076572946280106731e-05,6.989009220298946206e-05,7.345026259626071831e-05,6.547965878031816679e-05,6.624549244164192096e-05,6.843309664490303170e-05,7.111156668429900447e-05,7.243908212247181602e-05,6.008421091732487474e-05,5.853193098342966986e-05,7.100301378972664174e-05,6.927946007296493960e-05,6.518938309508649884e-05,7.015353035773355087e-05,7.684268434852616493e-05,6.721420436186035781e-05,7.112534582009346208e-05,6.850360670967904229e-05,6.261944250854155998e-05
4.229212792266588288e-05,4.936968074585470714e-05,4.287962906651223344e-05,4.251164198615119724e-05,4.485875615080816284e-05,4.332903793496639796e-05,4.637986849537876111e-05,4.356509703140725576e-05,4.005739244950620086e-05,4.682714433361229969e-05,4.617692271899973141e-05,4.658630512450491739e-05,4.019401919799073307e-05,4.542557574642883751e-05,4.700264923033933118e-05,4.312429467136432457e-05,4.456226627818325736e-05,4.047521029376231099e-05,4.008874596277933305e-05,4.498382574774424956e-05,4.071596297863219115e-05,4.805412222267901033e-05,4.211022241531106451e-05,4.032592899164366652e-05,4.464343648897580862e-05,3.926594352850942333e-05,4.453826226942555734e-05,4.938039952706536678e-05,4.331260032634493793e-05,4.697274860846006276e-05,4.639281663767789657e-05,4.451018629090409539e-05,4.592409611303462780e-05,5.140738316993800975e-05,4.230141009093770990e-05,4.365631711391642153e-05,4.200751383221820831e-05,4.515468169719755333e-05,4.507785320839286880e-05,4.647187638219927615e-05,4.138576672570893494e-05,4.155266254993663109e-05,4.079781371573303501e-05,4.386413468064572402e-05,4.856603500509877711e-05,4.341725265181703745e-05,3.990056444406861371e-05,4.070510961496368935e-05,3.973396143543811275e-05,4.295916743585191270e-05
2.436937409294159107e-05,2.355311168059301611e-05,2.256220545268430990e-05,2.633084756460082643e-05,2.376980829254118444e-05,2.201461835066006987e-05,2.559609574033373165e-05,2.627166751810908226e-05,2.193629945357970847e-05,2.526370302305838651e-05,2.305249153196408255e-05,2.665613254857784710e-05,2.470600565590750871e-05,2.508096167002921687e-05,2.128550605967347571e-05,2.634428526184581250e-05,2.375455007176879103e-05,2.342464525707699900e-05,2.495861234570718822e-05,2.416580082369640175e-05,2.322459134969893116e-05,2.116448499504403668e-05,2.536095292204993434e-05,2.761163460458650149e-05,2.352287557797542487e-05,2.569817563214341495e-05,2.244892459486284321e-05,2.370543919526884154e-05,2.409698102823148061e-05,2.179034063638246672e-05,2.236890329088672672e-05,2.525054288646644054e-05,2.506418876252798040e-05,2.305060455444085885e-05,2.709429410977941309e-05,2.580983827800734540e-05,2.690669984259116916e-05,2.392397979637388115e-05,1.806688747756947377e-05,2.299149444125694032e-05,2.333287215678844965e-05,2.522420319189996581e-05,2.378452640211252043e-05,2.231202376740316177e-05,2.695143310976985356e-05,2.178227872742537934e-05,1.988979361495024777e-05,2.456425100849161767e-05,2.487696822534403370e-05,2.522964592614391658e-05
9.040379124049564090e-06,8.551154487849125266e-06,9.687419833227689276e-06,1.026021520922186423e-05,8.321138107524100048e-06,8.992410941030249517e-06,9.032736158324353496e-06,7.756346659139694074e-06,1.052844670904309089e-05,1.019314452677754133e-05,8.995553791519440083e-06,8.179728439978532423e-06,8.749884002002414953e-06,1.008411420282506874e-05,1.151406038866243598e-05,8.478607516787845004e-06,9.374394240655521178e-06,8.582816406986655127e-06,8.700811073153422677e-06,1.006396134351411064e-05,8.741481335297342261e-06,9.189688864715378323e-06,8.399590737530802278e-06,1.095395605392726920e-05,1.007799866140074063e-05,9.635236299917311430e-06,1.016304630554376263e-05,8.741998499178343704e-06,1.034803538336209641e-05,8.061237624334610311e-06,9.438500190083068078e-06,9.602173657606656636e-06,1.025309652152017533e-05,9.634614823788578494e-06,8.789957987925727258e-06,1.090683427086060446e-05,8.900392932550135758e-06,9.200911195646278013e-06,9.745760929292775218e-06,9.455891609745353330e-06,9.234739795113342653e-06,1.124241314781947862e-05,9.379008185280974223e-06,8.925036268822287674e-06,8.117723349665386843e-06,1.034316450346741481e-05,9.370422997478398689e-06,8.967333715912479059e-06,9.577868043790393161e-06,9.792085533659662224e-06
