2.531614845858742413e+00,2.526013177748697824e+00,2.532865254757585394e+00,2.535187373029688995e+00,2.502141023504073303e+00,2.516934880421370035e+00,2.521398899969149898e+00,2.503047173015644056e+00,2.533954549476966189e+00,2.521657854015993738e+00,2.517483534409734602e+00,2.518203625493330211e+00,2.535642783078271734e+00,2.505333348199286991e+00,2.512796022448641864e+00,2.540567395410212370e+00,2.540056294574840390e+00,2.523974815605833921e+00,2.545181173624903259e+00,2.525877877137923111e+00,2.554685897968114627e+00,2.533654331640599722e+00,2.518218551569254338e+00,2.534437283156184328e+00,2.508584714946188843e+00,2.507527300846994933e+00,2.514420326913855419e+00,2.514329181190549711e+00,2.516060151487490959e+00,2.549745822599355005e+00,2.526528511383858255e+00,2.515107002078013743e+00,2.548202901773640061e+00,2.525173381275447326e+00,2.548853772250560201e+00,2.524073713556740817e+00,2.532928354406428717e+00,2.528477648023139679e+00,2.532999323594242735e+00,2.539793130684770084e+00,2.552925874919249161e+00,2.526042817322134315e+00,2.527260890855210995e+00,2.529257234841321367e+00,2.515582151057244253e+00,2.530527279851915612e+00,2.516152389257232613e+00,2.535368449464352913e+00,2.533603566163053156e+00,2.504183562439816768e+00
2.500182402082039790e+00,2.492921959790759256e+00,2.523385944294292749e+00,2.531255164327813834e+00,2.524671164207878959e+00,2.526845829909798002e+00,2.502560550220027213e+00,2.540505661124071501e+00,2.525102281595180020e+00,2.495931514196674694e+00,2.549643562174118916e+00,2.552828487634799082e+00,2.526494001701150793e+00,2.528742151614800093e+00,2.528026871245098395e+00,2.518030619458667019e+00,2.525406117320931454e+00,2.562904673921724275e+00,2.486708881507628810e+00,2.510705330599675822e+00,2.523628345443466703e+00,2.525024593574857867e+00,2.492780851855901147e+00,2.555059699197483880e+00,2.516486634879818496e+00,2.507534919968470888e+00,2.528044690116460380e+00,2.532912362138954432e+00,2.504042128655731503e+00,2.521766276383532457e+00,2.544553987048298271e+00,2.500922859116290198e+00,2.541761995407939345e+00,2.502627309124639599e+00,2.510870650669541071e+00,2.506340001420194419e+00,2.544356806807940519e+00,2.539289263654364248e+00,2.526099340557594886e+00,2.515245199448296720e+00,2.527418403558251203e+00,2.503706725554948775e+00,2.530227992476255849e+00,2.500616657106264906e+00,2.516232439919845909e+00,2.503561160373418470e+00,2.523262604121045971e+00,2.529994869635894705e+00,2.523599678465390017e+00,2.509188492181124719e+00
2.529180102329258162e+00,2.508163307818150223e+00,2.539746019728173820e+00,2.528467952464840796e+00,2.512539234036055724e+00,2.516355988425677648e+00,2.531060284491954526e+00,2.543201328974242337e+00,2.536184000190117249e+00,2.528409948544701358e+00,2.525777386705258198e+00,2.534137949528490807e+00,2.502870380120695515e+00,2.506511331811117405e+00,2.525044486791660159e+00,2.552533869075616302e+00,2.506506904177424389e+00,2.528437463455436074e+00,2.508507929064313746e+00,2.510050214889179454e+00,2.514843046718312269e+00,2.526456229920521768e+00,2.515826011402219287e+00,2.548767765408622044e+00,2.529590369421729434e+00,2.571023287411025038e+00,2.523168602090251955e+00,2.509555051926179114e+00,2.531381706643100582e+00,2.516599937584529822e+00,2.529694794351974974e+00,2.550400443577905740e+00,2.530598306778553130e+00,2.525720900476604136e+00,2.527934977079197676e+00,2.526325691515137084e+00,2.515735453572482072e+00,2.525858318512039347e+00,2.531452523131795918e+00,2.510957037154450511e+00,2.520546854429266403e+00,2.524002370129432737e+00,2.519444036800710052e+00,2.518502863263440528e+00,2.509615661572052847e+00,2.532098786572965832e+00,2.506138660892956338e+00,2.499528117304724795e+00,2.521222777545333305e+00,2.533045335149573418e+00
2.513707847235344683e+00,2.505504423466702768e+00,2.497812654242868025e+00,2.505063479159243656e+00,2.540634761594520175e+00,2.512571660156086129e+00,2.528100600764955797e+00,2.522458160919403447e+00,2.503266224498989612e+00,2.504750070141602336e+00,2.515705397941116139e+00,2.523915079815566731e+00,2.488228869360998186e+00,2.525158201280207848e+00,2.494193696375077263e+00,2.510829423378689196e+00,2.513836265586204988e+00,2.505938172842674394e+00,2.525404400150137452e+00,2.529909609106505197e+00,2.524906069995626723e+00,2.532205260855995288e+00,2.500624035007221746e+00,2.493564928139067494e+00,2.520324847520237554e+00,2.496409898433788577e+00,2.500936705611218169e+00,2.533448839635587646e+00,2.518516783002394011e+00,2.523962809246266925e+00,2.537259352959102543e+00,2.491561336633886459e+00,2.532149575823901877e+00,2.524839653329732592e+00,2.505094337522787651e+00,2.512063517016433156e+00,2.515949238690569967e+00,2.538415060521898248e+00,2.505542281226520895e+00,2.500162541711239861e+00,2.520743027624510191e+00,2.512150248795307128e+00,2.529945454476811850e+00,2.515451726998512605e+00,2.527679558340377941e+00,2.503138628606631944e+00,2.517518380757721275e+00,2.514328341493176300e+00,2.524462984311398372e+00,2.517474385994367125e+00
2.493709703286920654e+00,2.501904178427025727e+00,2.512736903104278330e+00,2.508260926668368640e+00,2.501342689708981659e+00,2.493945157584972261e+00,2.494422531425947387e+00,2.502879160362540212e+00,2.469150534983441947e+00,2.479093382617809205e+00,2.511980150495118913e+00,2.495315901966720595e+00,2.509036821942850271e+00,2.498344938906830404e+00,2.477303704723424094e+00,2.517585131796882703e+00,2.523285183303316970e+00,2.484995191920383206e+00,2.511070093998435837e+00,2.514895184299444697e+00,2.539408478421226523e+00,2.465678734366943736e+00,2.516095080653108607e+00,2.533625293608329887e+00,2.480262163461554703e+00,2.497584373811113867e+00,2.526517886371322241e+00,2.474709485351441973e+00,2.504936311865653131e+00,2.548881717860789209e+00,2.478168401600771009e+00,2.503595205328114748e+00,2.493956761035644565e+00,2.520147567896312779e+00,2.509622989524319170e+00,2.500065754400248252e+00,2.486507394334734666e+00,2.512311508322134124e+00,2.544958314265146182e+00,2.502328228955010836e+00,2.530818609139994457e+00,2.514121603650096404e+00,2.513022298206687655e+00,2.523361610642479214e+00,2.494530307751771758e+00,2.500481044158366917e+00,2.513656289374813557e+00,2.492730464607736618e+00,2.518620603867242735e+00,2.528281512705190526e+00
2.482751906102014683e+00,2.462623094103964849e+00,2.529602792942765799e+00,2.508317419775087487e+00,2.492607349073694856e+00,2.504910096838540934e+00,2.492400301221044945e+00,2.471565488711219949e+00,2.497782025991545751e+00,2.505543019519439696e+00,2.510037392072317797e+00,2.512473816401379789e+00,2.515418563619728154e+00,2.504228099765809734e+00,2.501697773290305182e+00,2.479366231854283509e+00,2.508592854240037084e+00,2.507937732333790137e+00,2.492446586857727908e+00,2.483630251513897491e+00,2.465710298603310591e+00,2.506224805158051794e+00,2.514147226336962415e+00,2.489160354247308859e+00,2.466764643959891146e+00,2.513633942929652587e+00,2.501799611340525864e+00,2.504053212871175216e+00,2.538223654340576729e+00,2.485591259693074040e+00,2.473419431103159205e+00,2.500856617527435599e+00,2.526192588951648332e+00,2.469718751012560887e+00,2.487427977865500850e+00,2.499587988502202762e+00,2.502116154646119028e+00,2.509858255532752214e+00,2.498043390039436762e+00,2.500336640207131200e+00,2.498847063516077771e+00,2.501307109871314438e+00,2.494343382272879772e+00,2.501714679136453512e+00,2.496998005287109024e+00,2.506868070580539509e+00,2.514478222969155574e+00,2.465159557979272886e+00,2.478378527105324025e+00,2.487684519978972109e+00
2.511449248834590087e+00,2.488607567959225886e+00,2.481538557265250411e+00,2.492384648388848767e+00,2.489310286479912371e+00,2.481235501192499360e+00,2.447722658109847238e+00,2.489114952359597233e+00,2.512296546407737363e+00,2.495317171092171993e+00,2.499739887116806614e+00,2.462738099550132453e+00,2.478889370921778745e+00,2.476589334634235584e+00,2.472580937705685322e+00,2.477571288166873220e+00,2.480760694367175390e+00,2.474241811509682698e+00,2.499303292251745745e+00,2.490286748929204208e+00,2.476943300050586494e+00,2.503274126060502258e+00,2.489925659000553626e+00,2.489623396675128220e+00,2.492776554290575763e+00,2.476750430867348474e+00,2.483240295622573868e+00,2.479935607096654060e+00,2.486546180706227016e+00,2.464233098185928394e+00,2.470519548210256655e+00,2.501236928268699256e+00,2.489985145699862734e+00,2.495556977971883139e+00,2.489569432769547230e+00,2.494433017440074174e+00,2.490105311335963467e+00,2.477904652392060036e+00,2.497710043555690707e+00,2.496497776132286628e+00,2.499842069792791222e+00,2.478264485052045440e+00,2.499993735402080919e+00,2.465574478471339592e+00,2.473133103385726450e+00,2.458196215224469849e+00,2.482349194564036132e+00,2.481421373199713010e+00,2.504566326160260648e+00,2.468734889431837942e+00
2.480761799426616232e+00,2.466137822014812464e+00,2.464052773361137039e+00,2.476749747866864304e+00,2.463245387218230054e+00,2.468179594912516706e+00,2.456930953605769297e+00,2.477085772762629201e+00,2.429597915888160209e+00,2.460269883644808697e+00,2.442573096962540546e+00,2.472692982995924549e+00,2.456774938127606056e+00,2.469875697228182343e+00,2.492317547577055148e+00,2.503304812274777191e+00,2.469729209130585801e+00,2.472644740646795292e+00,2.462358192969149151e+00,2.488714373275878522e+00,2.435834026933248353e+00,2.480623999741808472e+00,2.464556382035186566e+00,2.462225111745292239e+00,2.461287743453211885e+00,2.481112102278017595e+00,2.473858532347635197e+00,2.444273472769012745e+00,2.476676942767770839e+00,2.463368294875435627e+00,2.492475004867605648e+00,2.476311917597800782e+00,2.477545429107173902e+00,2.479823995604955478e+00,2.431435652560061111e+00,2.451832341911155844e+00,2.476757997424800184e+00,2.484387585334290716e+00,2.473524319319334364e+00,2.495682772739057587e+00,2.462838797031250415e+00,2.428842162837204999e+00,2.421417860757554052e+00,2.470733107424107455e+00,2.459602040736565964e+00,2.457386141474897201e+00,2.428891579472962636e+00,2.459634958370484181e+00,2.446268349707777290e+00,2.458378625514062943e+00
2.451686504421894952e+00,2.447705251225541279e+00,2.440203137464095118e+00,2.471246246961949389e+00,2.481988574365222799e+00,2.438497903166266578e+00,2.446971107434881887e+00,2.452520667416473454e+00,2.455944250310460930e+00,2.450070662450523074e+00,2.437543109843223199e+00,2.443250466068047189e+00,2.408633646689202656e+00,2.456022219016204655e+00,2.467349299129769857e+00,2.454192038597409642e+00,2.445015903305633564e+00,2.434790376714954352e+00,2.455643620066559230e+00,2.447617249227072023e+00,2.440084849227988073e+00,2.462658120376743032e+00,2.429136109165445312e+00,2.473879470807932801e+00,2.464268676333753127e+00,2.442572993895566036e+00,2.429923071291406611e+00,2.424234075363639107e+00,2.465608584025401395e+00,2.457482728169941399e+00,2.454041227744516274e+00,2.446359165709445449e+00,2.447718268728274804e+00,2.467063105291892100e+00,2.423692995389503668e+00,2.461538811366692503e+00,2.436480759467354318e+00,2.460281452307589323e+00,2.461685076161110430e+00,2.466729034034659485e+00,2.445284965071545358e+00,2.451811672207544923e+00,2.495316078224527168e+00,2.468684811407402702e+00,2.483382865753260393e+00,2.445534938620741450e+00,2.447318257648971596e+00,2.486128974589602691e+00,2.443303520445961219e+00,2.442696439438487577e+00
2.419968801439035033e+00,2.404173604598222713e+00,2.453491793467637017e+00,2.435759229601195397e+00,2.424786907431559779e+00,2.428600237906438863e+00,2.412659284206149835e+00,2.446478488808247587e+00,2.454104083686356130e+00,2.458368318534433161e+00,2.456817265573310483e+00,2.428776508010454638e+00,2.430759699242948990e+00,2.459891030298667403e+00,2.441196262647926662e+00,2.443019791886137160e+00,2.411574593685577916e+00,2.431866357419443236e+00,2.448009594366547415e+00,2.411682440764128632e+00,2.422737697628522202e+00,2.420115736472282286e+00,2.417728040786636168e+00,2.428755266563507931e+00,2.444290959145915654e+00,2.444345720538217304e+00,2.437906067111313746e+00,2.429429296532128468e+00,2.439613659250860156e+00,2.437822166732225959e+00,2.457748432795090920e+00,2.416949193137877039e+00,2.418811505253840366e+00,2.419097415192008160e+00,2.421502440553851887e+00,2.438165312004336727e+00,2.444146548424431131e+00,2.450298006867283274e+00,2.409662958608651540e+00,2.423034080430789938e+00,2.449237142366492037e+00,2.476781961684565214e+00,2.430423299134848225e+00,2.416280856416933798e+00,2.408872229705817158e+00,2.450574643811133324e+00,2.420477066593419213e+00,2.435580496470658218e+00,2.472580910448229030e+00,2.409074150439900475e+00
2.394992672935872591e+00,2.411699452825117440e+00,2.398369549642332288e+00,2.395495554347020661e+00,2.401520383864075736e+00,2.410424196999573887e+00,2.420896179650252833e+00,2.422730663685114028e+00,2.404169141885260430e+00,2.398949024420940823e+00,2.401024679258602745e+00,2.390371491402222048e+00,2.401939484881504328e+00,2.399145226348563753e+00,2.398997241525289592e+00,2.401651532423470847e+00,2.408514224123280645e+00,2.395178546174124623e+00,2.392592275626064247e+00,2.410124819160182508e+00,2.412386008415591032e+00,2.383209438013237591e+00,2.405327002680748727e+00,2.400183657609023857e+00,2.421412171011523284e+00,2.408025756725906685e+00,2.398485478718750841e+00,2.367892173279539492e+00,2.413741011930797598e+00,2.417745552943361798e+00,2.420806166828581407e+00,2.426986199925188714e+00,2.429332713460489401e+00,2.413929573836640863e+00,2.415520906904224940e+00,2.403885780066081335e+00,2.435710185173232123e+00,2.416074203294073186e+00,2.423220570237625271e+00,2.384990015974609356e+00,2.412812176493682959e+00,2.399242131368136022e+00,2.392255076069060848e+00,2.383284048536445709e+00,2.398543049130738236e+00,2.401356198116744167e+00,2.409638754720430764e+00,2.398386398340435655e+00,2.400248125035933544e+00,2.407270118469035047e+00
2.395459543969943539e+00,2.367728982798067872e+00,2.388161148106032972e+00,2.408357380569576822e+00,2.398142999136183118e+00,2.357451962166792203e+00,2.397116654635467636e+00,2.373271118724257889e+00,2.368683376642539695e+00,2.354418009258588462e+00,2.389668456129971030e+00,2.367299376480713313e+00,2.380050922557021220e+00,2.423530121714347452e+00,2.388963307184468032e+00,2.366444850967637681e+00,2.356663564579893677e+00,2.395705960195283257e+00,2.383902335666534533e+00,2.371762252821719041e+00,2.387354049203581408e+00,2.370570869646572376e+00,2.389531851709396637e+00,2.392143212277375142e+00,2.379023232015269329e+00,2.373620693279573590e+00,2.385539560054987795e+00,2.384071022592463063e+00,2.395262947924741148e+00,2.393586165625469331e+00,2.369273142680589750e+00,2.390466867028719467e+00,2.387703382879891478e+00,2.428902513379719075e+00,2.361534160509426439e+00,2.395298127113420161e+00,2.369785795972870091e+00,2.378469395627621719e+00,2.370973747222662631e+00,2.411592361424289344e+00,2.383569969985396941e+00,2.358598221582491661e+00,2.387362230630606597e+00,2.379242034472651923e+00,2.376038732767136175e+00,2.391679205984883705e+00,2.387071292647906962e+00,2.374135377911173350e+00,2.394773182081999963e+00,2.372068660168606513e+00
2.358886065246860841e+00,2.359516481090090601e+00,2.340133647746681422e+00,2.336311854633817298e+00,2.367786567300905531e+00,2.336074489584166081e+00,2.355877915200363493e+00,2.374297296470387231e+00,2.350093898889722421e+00,2.347427329964446141e+00,2.337207801244624683e+00,2.360499456489301817e+00,2.341501966756586395e+00,2.369579230808561476e+00,2.351907735038837099e+00,2.364179325439000223e+00,2.338329878685168062e+00,2.357150569971101284e+00,2.367933256735435421e+00,2.350511831693505638e+00,2.367839650209790925e+00,2.353647865231504266e+00,2.366083789050660524e+00,2.343542842270711635e+00,2.369932000474006095e+00,2.341852752152228323e+00,2.393047279587297460e+00,2.318114699969956227e+00,2.346828061053347625e+00,2.360057705131568540e+00,2.347851635811323057e+00,2.368778081138648517e+00,2.339478079297663271e+00,2.360448205156671087e+00,2.396112118637561128e+00,2.352000215216551560e+00,2.370041775307825560e+00,2.346036474077111578e+00,2.332240837445703541e+00,2.368971744209285912e+00,2.336485547654596928e+00,2.353786978386044559e+00,2.377280408212854468e+00,2.342148986973122682e+00,2.376651136618004756e+00,2.358600370505115507e+00,2.350337506918173336e+00,2.370314052725841059e+00,2.364245541455522570e+00,2.379056188697168395e+00
2.327882649479925625e+00,2.310847609683830850e+00,2.324748572362970833e+00,2.323497154341216397e+00,2.307335953098187620e+00,2.341983550698150118e+00,2.338542132565487375e+00,2.337111890852836105e+00,2.348333618429519376e+00,2.325977451834265519e+00,2.337202598844781765e+00,2.326298359404337379e+00,2.310015982645908572e+00,2.334491403399548304e+00,2.329992611867054197e+00,2.314869622697497853e+00,2.329573221654927195e+00,2.332666881221705069e+00,2.305086724577516399e+00,2.331773847979935255e+00,2.314085816340049284e+00,2.305576477480198339e+00,2.335751620876077350e+00,2.337688248963882831e+00,2.313104742767782884e+00,2.329710018195563226e+00,2.312409690909138504e+00,2.331054111771221127e+00,2.319247579499461143e+00,2.327936963079525245e+00,2.321872789510202928e+00,2.381927493422962172e+00,2.328071163722059911e+00,2.311986458089111629e+00,2.335169088437734963e+00,2.309403546796704454e+00,2.353774194175483281e+00,2.329080481915243528e+00,2.292263471745391357e+00,2.337477907437899738e+00,2.332890735260000792e+00,2.328672642909230817e+00,2.318757865370987492e+00,2.325065756117949078e+00,2.347297739735310085e+00,2.309661366821905482e+00,2.287621221129660931e+00,2.318830911004642115e+00,2.337233048878865294e+00,2.312039454363515656e+00
2.291484554085676084e+00,2.294575588059302174e+00,2.313353752011689579e+00,2.294073290100111517e+00,2.288161141044847469e+00,2.287529050317043122e+00,2.297640078742905434e+00,2.299393790703458951e+00,2.290785657004019260e+00,2.286586286314686856e+00,2.284750145702887369e+00,2.293469338981429573e+00,2.292183964627776405e+00,2.281458706664333036e+00,2.308613335442315062e+00,2.274025231040706974e+00,2.313878418103660461e+00,2.306153305602911097e+00,2.265908379246246440e+00,2.274395020082495833e+00,2.264048425032773704e+00,2.319729936915239321e+00,2.299818934458747854e+00,2.292183231387515008e+00,2.278527302202518978e+00,2.315978727037330653e+00,2.292128435189039415e+00,2.300395194663099385e+00,2.320384992851498573e+00,2.276417148767220233e+00,2.285692797459411008e+00,2.286875288022298669e+00,2.300372032137910416e+00,2.307846194638551562e+00,2.291121288606072337e+00,2.306916731952370458e+00,2.273959727078170179e+00,2.307614164757819886e+00,2.308832053834928288e+00,2.298595749716365599e+00,2.284594006131223765e+00,2.290693856307339349e+00,2.276566347058669226e+00,2.299504732821201713e+00,2.281816486679024703e+00,2.294053905677320149e+00,2.294913678604605156e+00,2.277523746957335060e+00,2.297846891835571004e+00,2.307336453345512517e+00
2.261941627469078675e+00,2.237091201811276520e+00,2.259505993863392792e+00,2.239821645693066632e+00,2.242871354325096434e+00,2.279626596221690615e+00,2.254142200171014299e+00,2.273584175538860830e+00,2.261346550359020213e+00,2.255129408389344281e+00,2.238671649678046549e+00,2.241772701382252819e+00,2.281470939826155675e+00,2.265648009169718424e+00,2.261584347803215156e+00,2.269233282817694874e+00,2.239642780689356627e+00,2.264403446708814105e+00,2.261741518038707710e+00,2.267110078486386460e+00,2.266620651226974648e+00,2.255266455664156844e+00,2.276873468707707460e+00,2.245614087204979459e+00,2.269994415881643413e+00,2.248225832516126843e+00,2.267026227962317009e+00,2.275606177164818611e+00,2.284958909262566173e+00,2.258012641303381862e+00,2.274413113254885932e+00,2.253031344685012982e+00,2.241847169800580186e+00,2.270164010567993440e+00,2.287017749561319313e+00,2.271778341975224880e+00,2.257674407825977170e+00,2.249617280867419744e+00,2.230098574839422199e+00,2.274000755543163610e+00,2.261983092504205928e+00,2.245518291627968122e+00,2.265851162642584793e+00,2.254529109399494580e+00,2.273998390650597390e+00,2.273992438314722531e+00,2.251670148256893267e+00,2.256361843952022106e+00,2.255240948025587056e+00,2.264748282563097348e+00
2.228305487067328006e+00,2.234629601564548373e+00,2.241021810196956565e+00,2.216178196140973000e+00,2.231152528481287867e+00,2.226996354574515280e+00,2.250288528158600254e+00,2.222649894260405379e+00,2.232753398526837518e+00,2.221335601876713639e+00,2.214157234051805201e+00,2.203962249632584136e+00,2.238038061360971831e+00,2.210372332633994574e+00,2.215839069734496292e+00,2.234668641018899393e+00,2.237065495310358809e+00,2.231355311259481056e+00,2.210539152701715082e+00,2.246625974061468245e+00,2.194255812533836281e+00,2.217407935935681973e+00,2.252382871317582413e+00,2.230000973409864695e+00,2.248466853975508162e+00,2.230149478571651134e+00,2.229985411194024714e+00,2.209391770020584289e+00,2.212745438690499888e+00,2.197155907921088502e+00,2.202423153094466013e+00,2.239976049723914731e+00,2.223844703404112888e+00,2.204660094695496397e+00,2.216276122327495823e+00,2.231218802884652685e+00,2.214887153476628789e+00,2.212825284545159477e+00,2.257274483647435659e+00,2.242163007890565662e+00,2.212597091138492456e+00,2.226562761121690492e+00,2.200002543123418253e+00,2.242193178787420749e+00,2.242489422758778606e+00,2.211011137415296979e+00,2.215134192790180645e+00,2.221246161720618950e+00,2.248868424741010230e+00,2.190472107634101828e+00
2.190700513519541648e+00,2.182685106785183571e+00,2.183464363223753146e+00,2.206156115186515887e+00,2.188618926244349616e+00,2.183613537143419769e+00,2.181796852307770873e+00,2.173960215901591830e+00,2.196172457558736468e+00,2.174335382942744310e+00,2.160232461681917737e+00,2.182592826471192016e+00,2.175164547292546935e+00,2.196244498472230688e+00,2.197729666574514074e+00,2.187440385903787643e+00,2.175926305412088091e+00,2.188699182176836455e+00,2.169346247270878436e+00,2.186110159903310812e+00,2.177378396611535205e+00,2.179453177048415125e+00,2.168973584083664807e+00,2.183091964068280877e+00,2.201894725020572707e+00,2.182178439405408010e+00,2.204228137132610232e+00,2.175041022988432715e+00,2.182505536941690139e+00,2.188046555029473872e+00,2.178625226686173644e+00,2.197543553971839536e+00,2.186697771763268516e+00,2.195149290426038569e+00,2.161414220851912926e+00,2.187512105199052037e+00,2.167994074018816608e+00,2.162841193896160696e+00,2.192766132308549221e+00,2.184319519500013129e+00,2.204809365690929557e+00,2.148444927988109043e+00,2.204941954506166812e+00,2.202664306656853199e+00,2.194794506335583151e+00,2.169718606274734007e+00,2.199261448622172654e+00,2.194321380375014119e+00,2.192570710689480507e+00,2.163608017763169578e+00
2.136718287259335547e+00,2.138189132887864830e+00,2.127323364615253620e+00,2.151794511953144973e+00,2.140214829269929897e+00,2.129687944126160914e+00,2.133547661655173400e+00,2.172572251243057639e+00,2.146561840310364122e+00,2.161502958955968445e+00,2.122835210422680419e+00,2.122999813783372325e+00,2.125072787915860850e+00,2.138733664362109099e+00,2.134618847811657893e+00,2.123145425006947473e+00,2.150570451897206414e+00,2.117326036182401783e+00,2.147266632054881441e+00,2.154257846303980983e+00,2.148060169972779931e+00,2.162427024284269805e+00,2.159875938835107867e+00,2.114179754002402323e+00,2.159804036134706617e+00,2.159521686629962023e+00,2.139925399398272976e+00,2.152471121171202206e+00,2.135706556475216455e+00,2.120523700789577859e+00,2.173261455497626393e+00,2.136636976241057972e+00,2.168017127119169718e+00,2.133040788947376587e+00,2.154143747782968354e+00,2.145776464382365578e+00,2.156551218931769931e+00,2.119673028094562817e+00,2.132620477134440140e+00,2.125485065158045472e+00,2.139152154842133502e+00,2.118557799779866802e+00,2.136587238083415219e+00,2.154753752222766217e+00,2.139280145280253009e+00,2.180499031031898571e+00,2.168283670608428082e+00,2.131628397481836412e+00,2.118928979171176508e+00,2.131371757685684099e+00
2.118233758083317486e+00,2.095135143992797211e+00,2.098593535926792431e+00,2.094520532923820788e+00,2.097776009334443970e+00,2.089444779712278599e+00,2.086706599828469511e+00,2.083675312057886586e+00,2.104068765657863604e+00,2.110868969519954952e+00,2.127935110386780959e+00,2.090603380656617549e+00,2.111118240551912884e+00,2.098146729977867331e+00,2.088383326448514765e+00,2.107887155457388140e+00,2.105668818514797813e+00,2.100099542893902438e+00,2.128600246231449944e+00,2.096419607356636572e+00,2.110192858642931490e+00,2.116817084801989157e+00,2.088599290990831303e+00,2.112532028987861743e+00,2.107213186058442655e+00,2.092267358150640355e+00,2.081415791566371354e+00,2.111162207465249185e+00,2.099654634142197551e+00,2.096148421028032338e+00,2.090820960273703122e+00,2.086429144423061821e+00,2.085460226379544757e+00,2.098641491371417533e+00,2.126262777991020592e+00,2.119511289046615232e+00,2.106606356192015639e+00,2.116350475731864744e+00,2.119277823005274897e+00,2.088896656578834499e+00,2.120424033745105241e+00,2.097602296931549315e+00,2.128475892508369771e+00,2.089116313000656699e+00,2.130865706821620797e+00,2.111634900068321219e+00,2.112587033748414278e+00,2.110801609129515644e+00,2.121026865346826717e+00,2.092322012355911642e+00
2.078438037513695047e+00,2.059498137938805318e+00,2.079709544375164310e+00,2.073382632655719426e+00,2.052458913324377576e+00,2.084763709077651850e+00,2.068816466742071647e+00,2.053338000039881983e+00,2.083286701419098552e+00,2.061981681192218030e+00,2.081489704441500610e+00,2.041205132164684688e+00,2.041003183202521942e+00,2.024884959916454452e+00,2.053444782217952902e+00,2.063090683196935338e+00,2.049700027389541823e+00,2.076357749175148815e+00,2.031172648621189847e+00,2.076634483426551991e+00,2.069476666027231904e+00,2.064646810857116765e+00,2.058962048199601380e+00,2.074532419186268850e+00,2.063697073320791997e+00,2.070350528872286766e+00,2.093246263734770185e+00,2.068554655336746873e+00,2.036781481869976762e+00,2.061830827711802705e+00,2.039161982835363318e+00,2.048744024674990616e+00,2.042553712631416829e+00,2.087492706254820973e+00,2.066044141445740223e+00,2.064102681250867821e+00,2.075238760919411618e+00,2.070704297692695484e+00,2.080302617946093058e+00,2.071129874929670045e+00,2.054860890007992769e+00,2.060351807510024447e+00,2.080010137804289450e+00,2.069223011722663319e+00,2.057699858464177023e+00,2.044382252947212653e+00,2.065031997330116997e+00,2.091637547560533772e+00,2.066718122366954624e+00,2.048708901881048039e+00
2.028034169827965805e+00,2.013244255692863138e+00,2.027362907488109212e+00,2.018540781282475827e+00,2.032887952100199680e+00,2.020387149422085749e+00,1.998295617539546987e+00,2.005617021819927182e+00,1.984269200238843123e+00,2.011527815997060209e+00,2.013989248343400984e+00,1.991721158069040376e+00,2.014524687071676201e+00,2.019508031809886806e+00,1.998421532555626268e+00,2.011667026740277642e+00,2.005093129620093784e+00,2.035688111051752180e+00,2.028174822447308845e+00,2.033624110334331991e+00,2.009338720925812449e+00,2.018760795715136780e+00,2.008593988638270655e+00,1.996754600188572759e+00,2.007099107464556109e+00,1.985238632428645955e+00,2.021803309206385180e+00,2.008719945629622750e+00,1.986827188287728641e+00,2.030690918628685893e+00,2.010670847867249922e+00,2.025659331038816013e+00,2.006028975776034784e+00,2.013454519546072685e+00,2.016993163315144333e+00,2.033271821880773711e+00,1.997856802063040060e+00,2.020588364744543952e+00,2.010212580726695286e+00,2.002688640943595999e+00,1.988022604648840064e+00,2.009741505244036830e+00,2.017139992252719782e+00,2.010108540062506055e+00,2.043906593217347911e+00,2.024326228868327693e+00,2.022065082253442281e+00,2.026854761996497167e+00,2.019614135036166935e+00,2.020788831027846122e+00
1.968885798673080556e+00,1.975285756912371626e+00,1.950142653443437846e+00,1.989855747752558246e+00,1.986976794919961931e+00,1.960225752481474348e+00,1.974850257757456040e+00,1.974899523581509886e+00,1.978295699930364471e+00,1.975681693398294803e+00,1.987479729495509773e+00,1.976634257286296714e+00,1.955413147413654018e+00,1.938982000685630647e+00,1.966162002610697179e+00,1.972681734320526292e+00,1.970995026671551020e+00,1.979788677084786341e+00,1.980107432600691775e+00,1.968948268939780588e+00,1.989327610858357520e+00,1.949043078735232637e+00,1.971180037544717267e+00,1.975622273925198291e+00,1.982732033896422053e+00,1.959782873360958799e+00,1.978197501242752177e+00,1.964413306558135064e+00,1.998656737219065560e+00,1.995108642713386171e+00,1.959353231487269253e+00,1.987197557720392638e+00,1.984714445340592270e+00,1.948569198797329038e+00,1.965299188891414417e+00,1.970335324761002260e+00,2.002404614266842131e+00,1.979619637181362801e+00,1.975559300560952414e+00,1.967583653926283871e+00,1.975743846068365617e+00,1.989669112805156459e+00,1.961899807295651055e+00,1.966789399378087388e+00,1.970415654547746698e+00,1.962153577380856939e+00,1.964382827171427648e+00,1.983213504368701585e+00,1.960834530019800681e+00,1.972773789296903724e+00
1.908298169604220273e+00,1.947266375739578503e+00,1.909987769264827495e+00,1.948932896565061634e+00,1.910833512049442851e+00,1.918260830017290974e+00,1.918356284906078013e+00,1.913546918099354732e+00,1.934834811209090066e+00,1.929064383096819491e+00,1.904779450476546954e+00,1.900197882589446330e+00,1.908736133532656920e+00,1.919391636111026811e+00,1.911962984829819412e+00,1.899332071315882997e+00,1.951249012355982249e+00,1.918566759503561370e+00,1.898813720937930105e+00,1.935426764498229701e+00,1.933080680568644905e+00,1.907653736677129563e+00,1.932021416297035499e+00,1.915187128162025854e+00,1.917593922610021817e+00,1.927632340467416050e+00,1.929208483165899546e+00,1.937203177142547528e+00,1.928163113695152031e+00,1.916954534266526622e+00,1.908916400635280786e+00,1.903256456696009069e+00,1.932431620128532090e+00,1.917000512669276180e+00,1.931309391351955895e+00,1.894461047431326151e+00,1.931020498388427820e+00,1.898830671842586248e+00,1.928994107805819036e+00,1.919808587224649310e+00,1.903327082144693261e+00,1.925523209630397359e+00,1.891837748437682487e+00,1.934436115501046771e+00,1.940365197599420721e+00,1.912916007133123042e+00,1.949195643185953397e+00,1.937901262381714451e+00,1.919123096656303318e+00,1.946374682821116586e+00
1.874477718581870400e+00,1.849408208858369429e+00,1.865931736171430932e+00,1.888656856163219988e+00,1.888837492865265366e+00,1.874261471178768845e+00,1.867548296810171093e+00,1.867398364787174581e+00,1.897458794069529331e+00,1.866713453305549608e+00,1.868284157059072026e+00,1.881676106286308991e+00,1.889659528401697042e+00,1.869249774065549152e+00,1.864851808196108518e+00,1.860745280483150799e+00,1.848151203288663114e+00,1.882651429006366950e+00,1.878511458542178714e+00,1.853435362160863464e+00,1.846195375792631710e+00,1.887552659137694322e+00,1.859222295458431429e+00,1.866645346705290365e+00,1.855601603793783694e+00,1.859608868667959936e+00,1.860979539553268669e+00,1.873768701923283375e+00,1.865875739468187300e+00,1.847689650943856288e+00,1.865846404692335092e+00,1.871668584974083949e+00,1.882076150645707324e+00,1.858542193471583781e+00,1.865612324839539315e+00,1.864567571491896114e+00,1.843315638195278661e+00,1.864051234858213002e+00,1.856613876838334232e+00,1.877920934983156487e+00,1.889873238222072427e+00,1.859019535188758621e+00,1.847572026045881222e+00,1.847397834279463469e+00,1.867316149934252989e+00,1.846198629676774505e+00,1.868250334719970152e+00,1.875923693515921364e+00,1.863739725630862543e+00,1.862260298702644201e+00
1.831552825449292321e+00,1.823121283353478450e+00,1.800367516842714677e+00,1.815697501555304072e+00,1.836970059962817148e+00,1.828137413146473600e+00,1.820756385724510151e+00,1.837213739973227344e+00,1.840342280097524208e+00,1.824644988689342107e+00,1.819925337036550683e+00,1.818596274741902219e+00,1.824068537164219572e+00,1.794695165870762166e+00,1.806896067100278502e+00,1.797975278226387585e+00,1.837869491792446297e+00,1.805420969968435152e+00,1.827746739269270337e+00,1.799897113055082265e+00,1.816319839581179041e+00,1.839451618266786159e+00,1.822511757573360480e+00,1.829161595022866571e+00,1.827130931347343612e+00,1.843366526271365879e+00,1.817151810801300504e+00,1.843379603764037089e+00,1.816587467409000567e+00,1.839399052996945283e+00,1.809748205966031698e+00,1.815235970864344184e+00,1.797768385533583757e+00,1.811610797679028328e+00,1.821937302000880443e+00,1.805136529716576677e+00,1.819817889332181915e+00,1.831805522614555093e+00,1.824844722052221035e+00,1.810157699377221041e+00,1.820601933502083103e+00,1.805348773537644558e+00,1.830249650260187044e+00,1.800595371694198921e+00,1.817541023987334636e+00,1.807291562407689955e+00,1.831411909764314894e+00,1.827884603876348324e+00,1.818948433264567566e+00,1.806335495567567673e+00
1.745594364175537816e+00,1.742167214469666714e+00,1.779719248397012343e+00,1.759715084311126221e+00,1.751009137233148216e+00,1.779383340898119226e+00,1.779312955515899075e+00,1.735192567920844198e+00,1.733804939765064335e+00,1.749134089996920549e+00,1.759499025168348219e+00,1.787570170822762927e+00,1.763198780094961116e+00,1.776128122828214861e+00,1.746296144229116054e+00,1.764558877033628237e+00,1.779373368058681626e+00,1.767264123984207957e+00,1.761216978889067475e+00,1.779228701172228089e+00,1.762849819420616138e+00,1.770597738989633463e+00,1.754553306706545968e+00,1.757952506655942049e+00,1.749961210041250936e+00,1.774070088440905302e+00,1.733527995477208927e+00,1.743363867173848059e+00,1.785188321657086075e+00,1.768812398133774444e+00,1.783959691448995466e+00,1.755604938698810180e+00,1.759780617144366621e+00,1.776163673059216297e+00,1.773636704542619791e+00,1.753041979297141228e+00,1.762803925680832551e+00,1.783267424108690768e+00,1.768123079677140552e+00,1.771084611156685140e+00,1.756148912726559264e+00,1.762908052508924683e+00,1.776344778597160445e+00,1.753142690863488840e+00,1.770558386511772220e+00,1.771916856201390278e+00,1.779805710291232135e+00,1.757706738763336052e+00,1.791246796529068375e+00,1.763640052777835976e+00
1.729371679935368666e+00,1.719409180943711757e+00,1.709007095022312628e+00,1.716931202673817269e+00,1.690698800886502706e+00,1.726281253040063968e+00,1.692904862383582953e+00,1.723017861219579228e+00,1.722468930693659139e+00,1.693651408515607582e+00,1.704724396826508004e+00,1.716503783804009142e+00,1.695534468298517838e+00,1.703392180441471337e+00,1.724518508124145200e+00,1.737178155328372942e+00,1.706946736621659522e+00,1.742450043335682208e+00,1.694831770303796947e+00,1.713712001776978910e+00,1.690956838310075705e+00,1.711734265167656366e+00,1.685983443109700053e+00,1.684499404463252414e+00,1.706694875314388904e+00,1.709826034368982839e+00,1.699494035712914242e+00,1.709571673872460673e+00,1.691976311837653624e+00,1.717322005596261247e+00,1.717132198787314712e+00,1.734740955322783496e+00,1.713458919792137936e+00,1.735306883372382147e+00,1.722577778554229111e+00,1.714887801506276954e+00,1.720188633649988308e+00,1.703941890184953678e+00,1.755768482129339336e+00,1.714187350996606796e+00,1.721481121861163421e+00,1.690323911169339111e+00,1.722506460644221749e+00,1.691619607356015242e+00,1.720496855437275485e+00,1.721533376680495220e+00,1.679854358531148506e+00,1.681942361029819644e+00,1.705097024587841181e+00,1.725311328141313938e+00
1.670122121987237085e+00,1.647143995732217370e+00,1.655426888872310043e+00,1.682426533481535813e+00,1.629050770558988503e+00,1.652448798760886683e+00,1.643750746955140452e+00,1.662490317138860529e+00,1.655535112884215065e+00,1.655010993957703569e+00,1.675885596849625792e+00,1.644909346719194643e+00,1.650582850280518210e+00,1.626695368313716861e+00,1.651874876731039166e+00,1.683722535877759663e+00,1.645802245037399913e+00,1.659282551736258160e+00,1.632867712304184593e+00,1.641626673644654755e+00,1.647780395699052214e+00,1.638467007067039294e+00,1.660942409017717392e+00,1.666151236391862911e+00,1.663677123917958856e+00,1.659550000358495092e+00,1.659225425824567113e+00,1.653450494032962625e+00,1.654220621905001298e+00,1.667243328365145993e+00,1.635191514310612826e+00,1.646828586584927256e+00,1.657019079435533948e+00,1.666674522090890953e+00,1.655396321695671524e+00,1.655047817009061228e+00,1.661584451288653730e+00,1.659935598525851264e+00,1.653741983537488469e+00,1.663893750836756835e+00,1.640779521219808856e+00,1.651115370282168815e+00,1.653613845149412676e+00,1.666758140426522594e+00,1.651753039366306020e+00,1.645226983561615119e+00,1.628214007979154054e+00,1.681153108692271969e+00,1.669692310999655760e+00,1.647285309393130115e+00
1.617149700815408542e+00,1.596706920301350419e+00,1.597014846699483792e+00,1.584698343645306151e+00,1.598142768517278434e+00,1.598428329098645184e+00,1.573721938658510400e+00,1.606702676655814566e+00,1.595908879615823617e+00,1.608512975706767323e+00,1.594547469818614394e+00,1.590107281660283256e+00,1.586669558418877246e+00,1.599438251780400000e+00,1.599871160045674312e+00,1.581588450581397520e+00,1.580409454282798221e+00,1.615606086823539789e+00,1.612579441545681780e+00,1.580456862252646921e+00,1.594732964466399450e+00,1.609272847455661015e+00,1.591170144328957647e+00,1.590551844879871446e+00,1.602352761999676689e+00,1.616614128611171486e+00,1.617945141603414738e+00,1.601726640805806179e+00,1.590334383266436058e+00,1.586596979943462937e+00,1.610439815480102732e+00,1.600762510040604436e+00,1.608424803388436297e+00,1.579486084725063799e+00,1.583654820733693569e+00,1.602272677582733174e+00,1.594396571207146174e+00,1.601079541198819234e+00,1.602200895621274768e+00,1.598205634000471553e+00,1.577732919867856465e+00,1.591823608451077732e+00,1.623133782518274337e+00,1.576634550238909860e+00,1.603304496909349952e+00,1.599026246966043008e+00,1.615338512004158789e+00,1.616139887949955556e+00,1.611834251061883050e+00,1.601253259497537496e+00
1.528120628800694103e+00,1.557989420327022589e+00,1.540727986433097163e+00,1.530629623158440422e+00,1.522105472974174090e+00,1.541875488970490204e+00,1.544161891216447868e+00,1.565564635870659860e+00,1.540528500089143549e+00,1.530570917802113406e+00,1.548801153644160378e+00,1.528273887375072304e+00,1.528544109383457084e+00,1.534674150537691295e+00,1.537718819939181358e+00,1.546231686810300987e+00,1.525623607080236921e+00,1.545124757692729833e+00,1.540455156874579901e+00,1.532952248146758567e+00,1.539730159087088213e+00,1.526814487220412797e+00,1.539459236925695862e+00,1.533032312117654783e+00,1.529157550111200914e+00,1.540915419976907952e+00,1.540872814194935270e+00,1.550024795718067283e+00,1.545680398246396692e+00,1.524268667656492715e+00,1.524979573025255108e+00,1.547639136671429938e+00,1.560364623922578131e+00,1.548173843355205914e+00,1.526641265392713942e+00,1.527845197887114370e+00,1.533280918777306878e+00,1.553141586793763906e+00,1.541639224328821944e+00,1.564794977924206965e+00,1.566730010148214447e+00,1.558446748146443017e+00,1.556141909265105205e+00,1.526426885784939014e+00,1.562272615179539859e+00,1.482291589201111481e+00,1.549470735010389788e+00,1.550917754585851682e+00,1.567543804554693887e+00,1.543912061196122787e+00
1.497821567082384231e+00,1.489833399269452574e+00,1.483020523729927653e+00,1.477900560873773861e+00,1.496357178474231553e+00,1.480699340988944401e+00,1.498332603771505900e+00,1.459338501861442206e+00,1.490711324283642059e+00,1.489315900307049745e+00,1.482345587428761435e+00,1.492543119951516672e+00,1.490684361784326395e+00,1.465119539311439123e+00,1.490409224477132533e+00,1.486944611317461806e+00,1.467137522908532832e+00,1.460063596956803211e+00,1.465008485984393261e+00,1.497754776319839110e+00,1.481045218621689807e+00,1.481557104785836687e+00,1.489893446675121469e+00,1.471609599262136303e+00,1.505932000093153311e+00,1.471508518122779607e+00,1.480075533309345603e+00,1.507895148215949055e+00,1.493926650719379579e+00,1.436998009776700336e+00,1.480064972467073359e+00,1.476693556827753717e+00,1.495944136379073974e+00,1.482286329995118113e+00,1.503441546792395611e+00,1.463225114051657672e+00,1.473868088099997919e+00,1.477235945421116803e+00,1.484312713312156751e+00,1.497615169561434589e+00,1.475232235878303211e+00,1.483064195904218563e+00,1.468084108644889474e+00,1.490013538732481768e+00,1.502665550308770248e+00,1.463526376138434948e+00,1.481243892417884789e+00,1.473572182580587642e+00,1.469933419526838536e+00,1.484850999811857752e+00
1.433010994852552011e+00,1.421524803212095067e+00,1.438156394163865537e+00,1.423911300473158947e+00,1.414812704058290294e+00,1.409079136193099657e+00,1.430584225058347148e+00,1.426099672507748384e+00,1.422183101340311895e+00,1.436635348891631692e+00,1.452614359601480221e+00,1.422443928412069347e+00,1.422289421310015900e+00,1.435226010949866460e+00,1.423003207796264880e+00,1.407544346120732648e+00,1.416311025023877290e+00,1.427166481892795602e+00,1.412448142059919531e+00,1.412603632094562522e+00,1.425691913313504644e+00,1.413451844540270841e+00,1.415810229254093722e+00,1.416862443092457458e+00,1.421396457848808970e+00,1.415967339325697960e+00,1.423973368942320405e+00,1.400463757603677584e+00,1.423058033450318449e+00,1.425040010082829767e+00,1.394306702038819124e+00,1.411230146561272658e+00,1.431960121865144986e+00,1.431100266249520470e+00,1.415891389595053118e+00,1.416941077693616435e+00,1.408918333625184482e+00,1.428292956383349299e+00,1.417968844322430089e+00,1.422584981846326535e+00,1.405263205420746342e+00,1.417730976892928263e+00,1.420516258269030496e+00,1.425957573552784963e+00,1.406376224615876858e+00,1.431970529400507397e+00,1.432854429567792520e+00,1.418904792424289907e+00,1.407812003343649199e+00,1.424897023353216330e+00
1.356420538230794559e+00,1.362805333546774911e+00,1.357505571675319045e+00,1.379132138972195554e+00,1.371204765180277674e+00,1.357623447044984610e+00,1.376685931885499370e+00,1.351011381733349337e+00,1.364582345758822646e+00,1.342582351561150578e+00,1.366854182033494736e+00,1.369034512756756916e+00,1.378037035765654839e+00,1.369642360876015319e+00,1.359591293954282909e+00,1.368385356775694950e+00,1.364184255462679518e+00,1.355034525786791733e+00,1.362744644125741145e+00,1.358305645174509468e+00,1.335136960760597402e+00,1.389248792058916493e+00,1.374022925515810956e+00,1.340390241193770482e+00,1.326522320649633047e+00,1.340724034566799006e+00,1.381668031319378986e+00,1.370641463304030250e+00,1.365832969463558033e+00,1.353463572898385925e+00,1.363285264818262510e+00,1.357961329769909797e+00,1.352264572858828950e+00,1.353805409379567504e+00,1.348779330765770501e+00,1.362977515590118260e+00,1.365335597203968465e+00,1.348008236856327535e+00,1.357333726002945440e+00,1.376773136109838758e+00,1.353752174784730089e+00,1.376495357616999371e+00,1.353431800420669795e+00,1.347445112002516598e+00,1.368918393385838206e+00,1.372715027957570610e+00,1.361919307136976398e+00,1.365290953459812551e+00,1.385282380784573997e+00,1.361068725729868367e+00
1.296092939099040109e+00,1.304972222250771141e+00,1.297521008688629074e+00,1.292552890634317775e+00,1.298129009239422871e+00,1.298427337613324628e+00,1.305914663193277869e+00,1.302709303690812392e+00,1.300073763037283614e+00,1.282974268337453427e+00,1.296993102307004042e+00,1.320218278038322479e+00,1.283454165258291368e+00,1.310462253142121947e+00,1.302273223863022578e+00,1.295222567763359089e+00,1.309251142002082924e+00,1.313984084973486732e+00,1.297041430124034500e+00,1.301438708441715608e+00,1.308549854138772117e+00,1.313613783240741517e+00,1.303541925602415885e+00,1.301909468224924593e+00,1.310803471364135886e+00,1.294676062652595050e+00,1.301209163844460281e+00,1.288250024870467358e+00,1.307468997785672160e+00,1.287962106287606323e+00,1.314507886419698846e+00,1.292362507972704799e+00,1.301063355508226937e+00,1.296304454130442929e+00,1.288871708694265372e+00,1.297549748048745899e+00,1.299238373637998878e+00,1.290449572582114124e+00,1.302022358028345428e+00,1.304773319845068835e+00,1.284395377898392976e+00,1.316966603973363847e+00,1.291341339026008228e+00,1.290855975180667192e+00,1.284741856773414792e+00,1.305667908174521941e+00,1.311629803032303476e+00,1.318974966760656287e+00,1.319984541256934207e+00,1.275491408980139907e+00
1.233881437852968777e+00,1.236706510147456806e+00,1.247578195995109329e+00,1.241291450866902402e+00,1.221474776863490819e+00,1.219578259218863314e+00,1.220066299682017297e+00,1.264623045496349851e+00,1.225442877971162803e+00,1.233611865168881438e+00,1.228208426281656163e+00,1.238810388797614959e+00,1.239807218792661425e+00,1.240763746046068761e+00,1.254881188320474461e+00,1.235200229404507244e+00,1.250522477797019416e+00,1.248566321614915431e+00,1.235146552422298871e+00,1.231252663580051143e+00,1.252815388575238442e+00,1.226448478231566108e+00,1.231762473641861311e+00,1.250990020305517758e+00,1.248624309771005247e+00,1.231895693776545286e+00,1.253001193395050672e+00,1.221376102910977979e+00,1.251990557084077249e+00,1.235782937427252870e+00,1.227361217371970126e+00,1.245595702594569643e+00,1.272330445627610773e+00,1.221077671433058232e+00,1.251802715903133301e+00,1.249279244920418641e+00,1.225195352000708393e+00,1.216838652256863051e+00,1.243194783680144244e+00,1.227886392812668648e+00,1.215883816924507643e+00,1.237293268360505127e+00,1.226688257795330417e+00,1.239384032490780774e+00,1.226867447174380787e+00,1.208593123927256041e+00,1.253159609217544546e+00,1.258381665785051506e+00,1.232985831265518639e+00,1.253214526137952145e+00
1.191558970865187472e+00,1.172670487485331314e+00,1.184423324470792238e+00,1.159602790830387864e+00,1.178784207183206201e+00,1.169043310678504977e+00,1.168562738286943459e+00,1.177111304856506946e+00,1.194070892565078701e+00,1.186698059549552431e+00,1.175661331325638770e+00,1.183210207100444222e+00,1.159252515489052726e+00,1.155866922438995470e+00,1.177754859954049049e+00,1.177132055546012523e+00,1.175867668874211347e+00,1.191194440123992226e+00,1.157283127982437598e+00,1.181378051899247605e+00,1.194367802036785831e+00,1.170744845000282197e+00,1.173332292826616774e+00,1.180923322854500190e+00,1.179336505037891669e+00,1.173170348889095438e+00,1.168624825027851255e+00,1.179670320635870739e+00,1.176390008162719214e+00,1.161775100176094089e+00,1.189688518120330274e+00,1.206060069407592472e+00,1.176262731340431689e+00,1.198218971328562699e+00,1.188075998850881110e+00,1.190180403521953867e+00,1.182567025061332711e+00,1.172218347669256033e+00,1.188328468748173883e+00,1.185494896111074725e+00,1.192097841416003279e+00,1.170625694326840494e+00,1.188446153361999436e+00,1.172214214563115808e+00,1.176568902670674932e+00,1.181284684870596235e+00,1.197863449657062596e+00,1.179638341807347945e+00,1.179912078259557129e+00,1.191708038735759256e+00
1.118908346427873512e+00,1.126722287453262972e+00,1.128291634034903845e+00,1.133796361615182269e+00,1.105101381480872558e+00,1.117824085863434735e+00,1.123501547536961409e+00,1.125192209899601004e+00,1.104382769360042316e+00,1.119069475135263003e+00,1.134360514264147302e+00,1.112508397483174205e+00,1.114893323895175259e+00,1.109677980269851982e+00,1.111758197380738888e+00,1.119287019198283106e+00,1.134148918962110120e+00,1.108906202935149743e+00,1.100803120467421126e+00,1.126282705059608924e+00,1.124715381370037681e+00,1.111788889403758862e+00,1.098685217185304763e+00,1.103582837327045763e+00,1.108817860838829272e+00,1.122943385055411358e+00,1.138963454627601513e+00,1.103369392594151677e+00,1.093515768192146798e+00,1.111937528399532304e+00,1.120206232573399463e+00,1.118915618054242334e+00,1.127191995920404644e+00,1.113939275747069191e+00,1.116683869256324346e+00,1.111325576683821259e+00,1.148667468522712287e+00,1.129576370538459829e+00,1.122818553337923797e+00,1.117161784911732125e+00,1.104236113046789036e+00,1.116494637250275090e+00,1.130956449616243198e+00,1.111059240032710393e+00,1.111608722951730854e+00,1.097456023940947656e+00,1.126424755165058800e+00,1.126597301945562402e+00,1.106839729296617669e+00,1.123770100303544295e+00
1.068795791354000491e+00,1.051389911632132579e+00,1.033568310322843464e+00,1.058811159642987443e+00,1.079651175842325728e+00,1.072065596300396884e+00,1.058608026843480321e+00,1.055786100196614896e+00,1.047004857183436943e+00,1.050006043719630577e+00,1.054068195845911715e+00,1.049074671807131987e+00,1.029585190810509365e+00,1.036230289771348456e+00,1.056170719698114047e+00,1.067777072860106147e+00,1.049931077628455611e+00,1.046151802343669113e+00,1.055434995468544690e+00,1.070146206174569015e+00,1.055784065074225175e+00,1.059878312747519979e+00,1.055778753217348598e+00,1.044966373662381098e+00,1.061273122023702165e+00,1.064992597611551073e+00,1.070187817556281340e+00,1.068440239309035311e+00,1.066908688544142114e+00,1.053525581256357979e+00,1.057417802334642554e+00,1.062020707917238127e+00,1.047485879978223844e+00,1.042895903747595998e+00,1.045194178207077496e+00,1.049954166321965365e+00,1.050277604484944671e+00,1.059701064653133074e+00,1.076939095578814731e+00,1.054591868329662008e+00,1.034272946344536370e+00,1.046444332168293467e+00,1.043835138857709843e+00,1.044518994448852878e+00,1.048601898599352822e+00,1.038990297671323004e+00,1.056061973677791199e+00,1.041421764381380566e+00,1.058805878882293605e+00,1.053292489469567661e+00
9.989244890142533473e-01,9.857911622086297232e-01,9.812053364176371861e-01,9.946137950731833710e-01,9.907381034228138761e-01,9.947113036630985672e-01,1.005919174367709390e+00,9.994937596262155610e-01,9.919469624337178271e-01,9.866821413333229929e-01,1.000400891240752044e+00,9.870720422520142812e-01,9.976328736096845562e-01,1.001878503739746185e+00,9.777354847075429012e-01,9.941047996354132055e-01,9.944189616944494325e-01,9.962730999488956796e-01,9.763680441357296402e-01,9.749456365782208644e-01,9.856014511257237265e-01,9.961621580954604926e-01,9.970663396768351117e-01,1.003633974463772338e+00,9.989251826684931723e-01,1.005892764358186531e+00,9.712424927399644359e-01,1.010407354967059579e+00,9.711773343502869693e-01,9.916298708039673615e-01,1.000460702936464497e+00,1.014197662759473095e+00,9.961605868297289668e-01,9.879568001534454469e-01,1.004037239615500177e+00,9.904084066379053031e-01,1.006492418030737745e+00,1.003430181537067867e+00,9.907189830812980214e-01,9.734117749808379738e-01,1.001497671419596891e+00,1.000729248466332599e+00,9.876858654250414427e-01,9.904381809312603480e-01,1.001891089898664600e+00,9.975672407170042000e-01,9.922002390958792883e-01,9.794093905182680304e-01,9.941229318120885505e-01,1.011812073819615243e+00
9.239933438237180052e-01,9.255298611675601972e-01,9.519624387598210058e-01,9.214427253073930180e-01,9.368099962745646270e-01,9.420849964814476118e-01,9.253864687078409146e-01,9.204894032438690754e-01,9.345934622273485148e-01,9.349383257864025687e-01,9.397179603525650515e-01,9.278026479950837180e-01,9.351218041098539047e-01,9.333630369271165295e-01,9.287327177962482194e-01,9.419124193971193382e-01,9.433887841755772552e-01,9.462496218092929512e-01,9.312057802581039656e-01,9.250498914497711223e-01,9.559747392342791139e-01,9.135526522912313929e-01,9.331162448162937384e-01,9.239303064985452396e-01,9.275075651888213812e-01,9.295932808975883033e-01,9.321636388906289206e-01,9.158254965648247037e-01,9.386744069009257396e-01,9.435602728741238066e-01,9.384399545174545443e-01,9.337072998001281210e-01,9.239105543581953572e-01,9.399712750397927197e-01,9.260163162625593136e-01,9.131179946206015030e-01,9.338959428101274440e-01,9.051170579076630585e-01,9.338331337060753468e-01,9.316893776064765209e-01,9.142922846618357635e-01,9.282689733906583918e-01,9.447272642820794264e-01,9.261101776937845642e-01,9.440543347337266855e-01,9.216354650656799485e-01,9.300393304625739210e-01,9.352421043808266665e-01,9.371909133718069329e-01,9.353822446497764842e-01
8.628168666626925276e-01,8.580946717748343389e-01,8.650012050466167057e-01,8.835178751099734829e-01,8.760256379761472978e-01,8.780776978175963698e-01,8.813077146213447177e-01,8.667775814992199068e-01,8.629873896547387568e-01,8.672258311944690545e-01,8.888298117443661495e-01,8.548648509528123940e-01,8.754471330785228433e-01,8.654475575334600324e-01,8.813024861877302163e-01,8.713271727146355561e-01,8.703853058614683391e-01,8.729343308132226920e-01,8.668850112553807552e-01,8.650181984234520671e-01,8.777635025057171081e-01,8.748968660756244464e-01,8.826886238774729332e-01,8.916453851067080993e-01,8.652388515866609175e-01,8.570348542212373744e-01,8.599338437080210618e-01,8.581270669228709957e-01,8.698756169879948708e-01,8.802613878137608427e-01,8.800976003030825945e-01,8.822466227214489365e-01,8.765268662039308323e-01,8.859767057212435404e-01,8.687011993822585376e-01,8.809718981327303577e-01,8.797140062995618681e-01,8.588356183392409360e-01,8.741710719386970307e-01,8.781392938830010486e-01,8.681363221291307219e-01,8.793426404646556005e-01,8.642055813250110186e-01,8.725008805212132179e-01,8.635711373415069225e-01,8.631132988662588712e-01,8.759319124520396072e-01,8.625556556013813658e-01,8.826271227075664916e-01,8.647690458020172999e-01
8.357190814598453033e-01,8.064738985218331546e-01,8.133259513704912402e-01,8.097194892913760489e-01,8.159560614239284027e-01,8.063711659635891538e-01,8.068973135214594361e-01,8.026706593605256179e-01,7.917566565602346396e-01,8.154014878484561191e-01,8.273071431697356370e-01,8.095411153503573320e-01,8.221415924053959712e-01,8.135918643793367266e-01,8.131324243768522919e-01,8.008790840238652065e-01,8.206012480591040603e-01,8.062819427393549399e-01,8.217418299552269323e-01,8.066056288201260971e-01,8.012936419231792007e-01,8.175460327464701971e-01,8.210394573764165926e-01,8.093995278469136023e-01,7.938146581995513262e-01,8.010095149417891802e-01,8.073374468579254115e-01,8.170001579630724597e-01,8.051151648053472831e-01,8.072341428357404647e-01,8.110428328388993302e-01,7.942713678323362059e-01,8.228027897616875252e-01,8.030050550167042722e-01,7.863244667621140938e-01,8.043550289127547881e-01,8.245043118559240991e-01,8.215017606442508447e-01,8.066681616510384956e-01,8.130677051281020029e-01,8.112829397481859939e-01,8.039451220558638811e-01,8.095928322528612719e-01,8.165489200852648066e-01,8.219433488320253556e-01,8.115741570452206233e-01,8.246178783038479176e-01,8.124513482404510656e-01,7.976595451171003548e-01,8.097420694909995831e-01
7.551102175270262284e-01,7.555030008309772116e-01,7.534281054090914420e-01,7.493394825944448279e-01,7.617965516113839319e-01,7.408756185751715906e-01,7.466571029847905994e-01,7.465784771294184941e-01,7.517484874967678143e-01,7.510189135474268918e-01,7.518523971163858510e-01,7.406293674123143322e-01,7.557808546548331341e-01,7.501709589987062277e-01,7.470618392852693690e-01,7.443670414865771745e-01,7.494212520040914871e-01,7.436421568219458988e-01,7.590193279141672633e-01,7.420559234221586475e-01,7.564072598219611088e-01,7.584508512182744910e-01,7.327875395653695723e-01,7.556098283594007148e-01,7.540944760576718808e-01,7.625094280737624297e-01,7.546923919810182291e-01,7.534252919445123542e-01,7.678354929728642420e-01,7.290438695335551555e-01,7.495891116852528846e-01,7.496969903864721951e-01,7.320441738607924576e-01,7.578382119235986814e-01,7.461400638197990265e-01,7.567370525061489772e-01,7.613998847206197018e-01,7.490854688404665618e-01,7.380836124049870994e-01,7.529669523987218005e-01,7.422230602174442193e-01,7.598483930509887241e-01,7.437537941405989450e-01,7.548737433092951310e-01,7.263887517322331622e-01,7.445835154965938507e-01,7.562186311220099322e-01,7.527153527939709488e-01,7.261793761766769384e-01,7.476092169381871599e-01
6.825125926558810452e-01,6.820668403989910145e-01,6.822573391559725309e-01,6.858354439497685862e-01,6.943567189734203282e-01,7.029721327852344048e-01,6.944800162447657410e-01,6.914977625157785468e-01,7.067464348769516569e-01,6.954559040153804883e-01,6.665926708098877107e-01,6.959066491324604753e-01,6.859999688967645115e-01,7.222916924873530320e-01,6.903929837911193523e-01,6.979551362692525407e-01,6.942346688212276407e-01,6.947464155226015237e-01,6.844518436937222505e-01,6.866679179613653927e-01,6.868056098389235808e-01,6.897692534876298520e-01,6.793449425880799808e-01,6.846731674971344717e-01,6.851458319010825804e-01,6.902847303072437990e-01,6.890828865109198675e-01,6.881881650685712781e-01,7.037287703655102922e-01,6.972352893015762998e-01,6.973972269597825679e-01,6.863624329990583028e-01,6.842280430515113032e-01,6.915427312174494690e-01,6.927594903543641269e-01,6.902127228188267294e-01,6.993702400725854140e-01,6.724905578590496535e-01,6.939784799129057324e-01,6.857360900437374784e-01,6.874375844940797675e-01,6.832636375991043565e-01,6.791646432320856963e-01,6.774020929007957825e-01,6.976201886393174068e-01,6.909687432221933712e-01,6.903800478888323378e-01,6.769330157543212989e-01,6.866211911601743934e-01,6.868928817783057639e-01
6.320223266103831561e-01,6.360515694912360907e-01,6.257476028995894168e-01,6.449919842851208340e-01,6.322672516657431574e-01,6.256796289443323777e-01,6.322874572641943303e-01,6.288470554608037721e-01,6.467308216272444898e-01,6.405275778987089552e-01,6.316242441945881803e-01,6.374972157889881030e-01,6.224067683160792175e-01,6.324858398116469660e-01,6.275943044440335239e-01,6.407860472296160737e-01,6.326031381906553896e-01,6.498571670286606983e-01,6.472975041085036185e-01,6.385714305996962326e-01,6.421125320422297333e-01,6.380800156172905524e-01,6.239862675765047717e-01,6.462840707101783488e-01,6.273602306809270557e-01,6.264156752543696971e-01,6.201879996707299059e-01,6.322777991700796463e-01,6.374608215819491663e-01,6.269884002149991309e-01,6.321900563544392559e-01,6.359500088400226181e-01,6.274463307128991252e-01,6.242462553172930528e-01,6.302620467922740444e-01,6.330192265767250470e-01,6.254938640756870782e-01,6.315892011291135422e-01,6.234894245994201389e-01,6.275549320195850100e-01,6.206628629112823647e-01,6.296565635180472187e-01,6.372093412341922614e-01,6.317947745038635654e-01,6.162538713112846178e-01,6.352827507170261123e-01,6.234832363115587750e-01,6.349864335288413209e-01,6.341751318972674856e-01,6.344002355851466879e-01
5.617837307475652686e-01,5.711556348947066652e-01,5.774013420094599169e-01,5.737835930940762275e-01,5.827126494410782565e-01,5.670172398880783948e-01,5.616670668908455566e-01,5.747551527180840836e-01,5.683018372009472907e-01,5.668178144311337707e-01,5.863278260499736882e-01,5.771047171060600389e-01,5.792435519800740451e-01,5.832454163305803574e-01,5.736015908884525283e-01,5.689517426100281217e-01,5.765507496143569277e-01,5.830413375802350195e-01,5.637397176827072531e-01,5.769736297275004366e-01,5.732024867350183905e-01,5.779856999628033565e-01,5.620598502181916034e-01,5.685529649477734093e-01,5.648393460435195967e-01,5.706790455275345675e-01,5.683508380548857319e-01,5.794800048602117837e-01,5.750618204424993163e-01,5.667598454981140899e-01,5.630194947566593555e-01,5.716393288796632888e-01,5.640643936188571850e-01,5.864660197421658339e-01,5.688376615557545479e-01,5.684993545043135477e-01,5.806426922307010852e-01,5.743244679857110180e-01,5.778681867571973108e-01,5.807125549682128351e-01,5.704059540523253036e-01,5.639435544906611364e-01,5.794490246199339722e-01,5.812449234786543073e-01,5.814219202845906098e-01,5.741803395178802782e-01,5.698524584484283562e-01,5.793619083841534678e-01,5.817412808366787536e-01,5.717104705676355758e-01
5.098320979326497193e-01,5.114914814327540249e-01,5.105093874353222594e-01,5.166623170707342894e-01,5.130945940163289531e-01,5.147665539482373376e-01,5.140628526463820736e-01,5.212302724317579017e-01,5.227314357509075249e-01,5.081649605749699594e-01,5.309464933332999070e-01,5.100884992695386977e-01,5.154343871695152846e-01,5.053545485493158296e-01,5.282777421316655619e-01,5.075055799318791694e-01,5.154513622486378566e-01,5.222187080899480804e-01,5.261383410346694989e-01,5.188622959816799884e-01,5.190280293517994803e-01,5.445260743107174228e-01,5.257967690555689355e-01,5.193359066381670885e-01,5.148023167662644228e-01,5.191395478355351756e-01,5.107080451069446747e-01,5.135608158302835680e-01,5.108935204591866786e-01,5.114268246158515385e-01,5.052464445478646038e-01,5.201468939382398737e-01,5.045082531900230149e-01,5.157811475989583228e-01,5.221468927923517134e-01,5.334612954795894257e-01,5.152454851231498267e-01,5.165227592366166132e-01,5.167943172153908193e-01,5.103269740984233138e-01,5.134627647142974149e-01,5.281350832866008593e-01,5.279701856121012948e-01,5.141101407015585822e-01,5.206529619747443105e-01,5.233774796914828498e-01,5.154486438899508194e-01,5.130092404423403085e-01,5.222080618594645562e-01,5.161705871655574152e-01
4.619952609933419829e-01,4.529108126119990030e-01,4.635541187647974626e-01,4.623377945577305526e-01,4.566704514656780289e-01,4.720074776348583967e-01,4.684950457999398910e-01,4.567176982208075442e-01,4.495165162637612677e-01,4.569521891967199267e-01,4.471166823523283762e-01,4.709988259642812203e-01,4.672637229704263429e-01,4.629218305916069642e-01,4.637401214644505387e-01,4.621953224299603091e-01,4.584864426366779822e-01,4.690489807982251569e-01,4.606015663212396638e-01,4.638882725333837720e-01,4.591239058867415679e-01,4.649624731451401649e-01,4.695082464775718889e-01,4.691364418386558821e-01,4.656129691915246727e-01,4.629850789487394702e-01,4.590809247842168594e-01,4.714593245196294635e-01,4.618480144209716753e-01,4.515776799444554679e-01,4.569712523625698575e-01,4.668299770220731837e-01,4.574616217952092723e-01,4.601646993542908848e-01,4.766791091080885279e-01,4.678540777230197900e-01,4.575413475511794226e-01,4.627523881403274864e-01,4.618165446093496218e-01,4.668853226397171041e-01,4.580078105327958227e-01,4.663483288186959230e-01,4.765446060605416645e-01,4.671434844084115801e-01,4.702209779802936085e-01,4.749580249411239352e-01,4.612620165123734184e-01,4.715103965784647189e-01,4.645477221164738268e-01,4.664597215964727539e-01
4.073726179378062695e-01,4.123215394727283156e-01,4.105072081846000698e-01,4.073316075945493941e-01,3.976743027358095595e-01,4.085699449280924545e-01,4.074479577469257707e-01,4.154256493753683555e-01,4.086982877865666386e-01,4.072320501851021124e-01,4.128865233832489379e-01,3.940682276356171632e-01,4.105452255582224819e-01,4.155826193357624043e-01,4.194568380295844445e-01,4.091127863554578359e-01,4.069938231500203618e-01,4.231804908242502994e-01,4.037741958325795077e-01,4.021700062277990817e-01,4.136366185327376432e-01,4.130449124276284745e-01,4.153739847178761768e-01,4.186213666708204495e-01,4.188472332468270998e-01,4.216103662547399100e-01,4.154097042136585261e-01,4.042908365655809022e-01,4.075775211398515174e-01,3.964526479121651126e-01,4.206550569068691070e-01,4.039430625819540599e-01,4.076270252283492046e-01,4.193430433914681621e-01,4.135398360185822964e-01,4.105189871132570723e-01,4.095898233422984314e-01,4.098689876619808214e-01,4.019401489422236295e-01,4.192198503857318959e-01,4.150436883426141255e-01,4.059511997673974082e-01,4.199432761413292581e-01,4.118759045149404385e-01,4.067657196045821877e-01,4.068084925104181182e-01,4.021014650271412250e-01,4.181220014162886356e-01,4.113875101928229361e-01,4.097717318412618104e-01
3.554017988960267438e-01,3.601455138684468427e-01,3.647937260514769742e-01,3.608099593959445128e-01,3.560024636912309526e-01,3.598922832158358842e-01,3.653763812310859560e-01,3.676493160389239234e-01,3.496324955670079837e-01,3.583316447429338303e-01,3.471811517915857070e-01,3.455825533015404183e-01,3.591822408883728612e-01,3.698511748043140646e-01,3.576937176638704252e-01,3.598623459826945092e-01,3.514654856681373452e-01,3.595115226490313010e-01,3.492066776746005075e-01,3.585523608337305990e-01,3.554971032021227439e-01,3.637181305967783218e-01,3.519325691297228720e-01,3.649848269400042255e-01,3.618762122490633004e-01,3.734760917405072767e-01,3.556895902101723794e-01,3.576203994818339948e-01,3.776438321502270101e-01,3.669590089271761446e-01,3.605657205864166159e-01,3.553113998194283862e-01,3.688811818527581998e-01,3.715062715860440457e-01,3.574066105918332625e-01,3.671049158181692862e-01,3.606435122667181470e-01,3.667610809487926726e-01,3.593664902145081164e-01,3.478934333603769802e-01,3.606135560488726854e-01,3.596836813472118477e-01,3.605791016842451735e-01,3.614273254670623547e-01,3.674274647391028714e-01,3.536338865350127647e-01,3.780846714940913622e-01,3.624958779156205457e-01,3.525970162948234843e-01,3.571353530725868697e-01
2.997477936398186271e-01,3.210462951869537673e-01,3.135127041719285579e-01,3.177706037770132164e-01,3.069963397649440595e-01,3.062546204386499271e-01,3.091490026187455054e-01,3.141440965612198322e-01,3.047783704538241656e-01,3.095219008666035831e-01,3.028255825382527022e-01,3.126404939781198267e-01,3.078051236420150660e-01,3.231680755437115748e-01,3.193395901425647443e-01,3.118455680792243112e-01,3.113047845597012864e-01,3.075168109342594214e-01,3.030222348635477903e-01,3.185775041909432170e-01,3.222406202994118618e-01,3.068892666861691154e-01,3.180228390045376496e-01,3.109262422630262312e-01,3.119866555741918623e-01,3.146317941648104077e-01,3.213707647083499652e-01,3.031228606366502265e-01,3.001723239712271174e-01,3.118718447652606418e-01,3.121400426826224095e-01,3.201476171902821743e-01,3.200900570784788179e-01,3.044753698133795816e-01,2.999618228441313095e-01,3.091747441285039866e-01,3.039583399065032832e-01,3.040071482762753408e-01,3.124038841755514828e-01,3.145049149227938101e-01,3.132071490181536633e-01,3.073846695659011030e-01,3.140916333551965756e-01,3.082018239290658657e-01,3.039036071874955391e-01,3.068165650787109677e-01,3.180168813045867182e-01,3.073182332618752399e-01,3.096186070003595359e-01,3.144287729107761442e-01
2.637334398663130353e-01,2.650315887936162684e-01,2.668772322054055457e-01,2.624563290324086751e-01,2.711343049052550302e-01,2.582464283165843422e-01,2.668032800149295336e-01,2.549232822290147249e-01,2.624320601318050894e-01,2.535293761254472367e-01,2.617313438485092680e-01,2.712086557942992027e-01,2.660529125922711513e-01,2.646687670327051434e-01,2.662226022708892303e-01,2.510940884310097765e-01,2.600210284086677537e-01,2.678547609547979880e-01,2.663923432996299634e-01,2.651812151246373261e-01,2.585535449905403405e-01,2.536207992676507428e-01,2.708725476177438196e-01,2.520433985536305044e-01,2.650769113292806289e-01,2.617280099355804857e-01,2.598537834129082125e-01,2.652332953018556871e-01,2.681893777480168217e-01,2.668617567332401963e-01,2.638474590666770592e-01,2.654606946307231929e-01,2.706380399865605524e-01,2.678283958981533819e-01,2.668031706591751928e-01,2.577928230785015984e-01,2.583097457607914094e-01,2.707515906177956899e-01,2.563167740466439359e-01,2.608663294565171098e-01,2.602799045233416542e-01,2.614604850201379671e-01,2.559911933926931060e-01,2.680992363426844549e-01,2.645119474027742834e-01,2.515302931115460106e-01,2.639908643050384862e-01,2.608927583508611758e-01,2.585919026065425785e-01,2.740895668830881093e-01
2.210128873176543385e-01,2.136415941670122554e-01,2.211508400881527781e-01,2.152279671689829588e-01,2.161030857140765760e-01,2.173646493287620662e-01,2.230277159734760095e-01,2.124409567663439746e-01,2.094882630259378431e-01,2.250199779150318102e-01,2.079776491426847951e-01,2.243006226828736516e-01,2.028671287275380930e-01,2.262434431326521000e-01,2.160567481283036662e-01,2.194002982145838720e-01,2.187679546797140218e-01,2.207900935918158669e-01,2.204976944106350201e-01,2.173941739372884097e-01,2.160997200222885550e-01,2.142998752475130109e-01,2.188842745547050772e-01,2.162646502667052717e-01,2.233382791209188867e-01,2.241668160281650168e-01,2.092219651781176415e-01,2.263265528040486196e-01,2.170722870038984398e-01,2.218275835986469879e-01,2.228410671596807724e-01,2.177773158040239854e-01,2.238130555412280731e-01,2.218734073726600087e-01,2.113149709659118414e-01,2.155314855944119312e-01,2.139009444926797121e-01,2.208214544548566804e-01,2.241235768788527594e-01,2.221890369747439864e-01,2.255733884332414840e-01,2.181216616003362196e-01,2.208737780196507738e-01,2.210107637444640727e-01,2.106756558626384779e-01,2.223354776388715703e-01,2.192983364161716353e-01,2.037641948686952087e-01,2.135392300079042294e-01,2.080517013054917208e-01
1.771938944042753816e-01,1.760855487080477400e-01,1.710053973424374429e-01,1.717277733667974815e-01,1.791073587705518944e-01,1.794075037227677860e-01,1.807569271648432896e-01,1.745908437196795893e-01,1.750170843670199317e-01,1.844136204272241453e-01,1.736400243833782497e-01,1.833770632339964957e-01,1.829437693837823176e-01,1.741999251632334600e-01,1.754533231316482977e-01,1.837932839125141493e-01,1.729934199539504835e-01,1.786988791165282642e-01,1.784264866541342698e-01,1.826441197155317941e-01,1.749706915302614851e-01,1.752640098404030233e-01,1.820176781852493042e-01,1.787554146198432059e-01,1.796494813368675336e-01,1.754204060971537582e-01,1.789002615858751588e-01,1.733041206937187273e-01,1.768615957822640417e-01,1.700439626043415142e-01,1.836514859661854404e-01,1.761096459430068761e-01,1.758622753337384104e-01,1.789461635039817644e-01,1.763751523236449514e-01,1.719169818398736949e-01,1.653006781943539283e-01,1.773019114413852682e-01,1.816541341938847642e-01,1.819253025303534943e-01,1.735987993670372875e-01,1.820736628180243954e-01,1.792264591688843556e-01,1.775394973799378495e-01,1.846034822872466841e-01,1.659904691583933278e-01,1.812641806816904788e-01,1.738993935343089159e-01,1.744526663606499606e-01,1.859639885283649874e-01
1.345604864640634890e-01,1.369706119849465886e-01,1.421279225847699168e-01,1.335191208311418409e-01,1.331686935694131046e-01,1.398093508112080441e-01,1.387677387342164947e-01,1.355258141455398524e-01,1.407631127030232188e-01,1.408265743742257159e-01,1.408441077668996511e-01,1.427756125032971779e-01,1.380159496312889367e-01,1.366072737614502375e-01,1.426778748586720602e-01,1.355230257226755497e-01,1.416356533470594647e-01,1.344671553668155828e-01,1.421042273504596054e-01,1.378657892089335812e-01,1.414653188635615622e-01,1.412587803982815193e-01,1.386322641127614441e-01,1.417677682156593677e-01,1.387064975716130188e-01,1.342116437441722987e-01,1.422450900043380762e-01,1.427123998331358834e-01,1.333175199583555015e-01,1.455582607574004150e-01,1.357363901273774820e-01,1.380270096060497165e-01,1.363351403883707458e-01,1.332806353750148332e-01,1.384137579958592545e-01,1.373873029143005131e-01,1.384195258239364068e-01,1.367105128894302024e-01,1.362739297907342439e-01,1.389196026492951763e-01,1.429116637087055885e-01,1.378553398239285854e-01,1.328924893910196636e-01,1.449541636360835994e-01,1.360760530466127161e-01,1.404739271924974608e-01,1.367411797556347675e-01,1.386182276410323211e-01,1.439925022320548142e-01,1.315523620734727617e-01
1.082773057345940981e-01,1.066223843956463496e-01,1.049201679391100345e-01,1.038372978581866557e-01,1.009489233794063218e-01,1.009806388843971642e-01,1.006263807080011313e-01,1.089142946137098555e-01,9.537323970810221430e-02,9.946198708774921238e-02,1.080753989388049535e-01,1.011855022347294547e-01,1.018524282291639188e-01,1.054636041498966809e-01,1.042736723141415023e-01,1.043416258752366960e-01,9.805484776564052374e-02,1.042644599241851072e-01,1.016423524956664853e-01,1.016241667632528378e-01,1.039710591959133873e-01,1.008170743314026896e-01,9.620797942970461814e-02,1.003701002764144506e-01,1.066463771896469792e-01,1.013395897860307343e-01,1.005873932916765134e-01,1.116741260854779844e-01,1.056238449059431067e-01,1.006967857357945889e-01,9.632164654665427428e-02,1.065215069502177814e-01,1.067908630344092114e-01,1.004796542002992787e-01,1.048521313425863771e-01,1.013834035616187901e-01,1.028174082247445414e-01,1.042224709787743092e-01,1.040303469835585082e-01,9.934184339758704574e-02,1.010222982660004404e-01,1.033533235575496700e-01,1.095478888931900735e-01,1.085991183058352127e-01,1.025642951958368604e-01,9.786002766135808162e-02,1.019611961914924925e-01,9.878676199887127807e-02,1.042287894211828964e-01,1.017569710635440466e-01
7.640502098324586377e-02,7.084653275790815663e-02,6.961136660239931884e-02,7.147386115664447481e-02,7.152363264729483250e-02,6.825855425100980922e-02,7.276563512562826685e-02,7.046327661263288022e-02,7.067408839508784735e-02,7.156762323703011464e-02,7.269073283303605082e-02,6.847778382606883874e-02,7.014477926136751529e-02,6.784760826783410581e-02,7.484146754821381642e-02,6.972669040691178988e-02,6.686012967040401433e-02,7.232957214899482512e-02,7.117399833014900756e-02,7.033174136486790295e-02,7.088282589713075510e-02,6.731282343300369619e-02,6.725054953322419371e-02,7.159321258443840374e-02,7.375476423360584344e-02,7.040977237425985469e-02,7.114433321566288049e-02,7.067469946417859195e-02,6.894104392711838947e-02,7.105106566810379110e-02,6.822618816717919421e-02,7.227086338046760650e-02,7.098142381390662448e-02,7.620803399210321349e-02,7.216589026452405187e-02,7.678421064308028898e-02,6.897626319792347915e-02,7.045546917089481886e-02,7.072225486963132357e-02,6.980954798634318725e-02,7.114317606749466505e-02,6.730578297564887569e-02,7.512987870075379937e-02,7.219959105734746752e-02,7.150558690000864692e-02,7.248056004622421833e-02,6.829016520258673895e-02,7.282755454878961365e-02,7.100701469120246356e-02,7.299284017496884824e-02
4.315530564877213815e-02,4.631775256040449734e-02,4.209688076207095814e-02,4.559670039330568359e-02,4.923239960955511779e-02,4.468498391964371291e-02,4.365615220253832307e-02,4.357051604428830577e-02,4.717685114122508599e-02,4.505871900471479508e-02,4.740955514648610702e-02,4.423904420488659894e-02,4.403141910522488656e-02,3.935418397162898652e-02,4.451400170694493758e-02,4.525054812013870609e-02,4.488329769239795403e-02,4.226330926449424485e-02,4.552026098328135206e-02,4.434651094126570298e-02,4.753844815323544221e-02,4.664667701896953178e-02,4.475279894908779782e-02,4.531772708222969043e-02,4.455773999424773174e-02,4.225886367223161133e-02,4.395925318094864170e-02,4.409529191059440717e-02,4.146278067521112776e-02,4.391685061078614422e-02,4.874791714086421784e-02,4.784081154501403088e-02,4.058484689104628618e-02,4.370665450598562596e-02,4.391634166432008268e-02,4.486125914847258200e-02,4.345737352932714515e-02,4.471994712564411611e-02,4.676900745640232698e-02,4.366940355199346729e-02,4.558597487320650843e-02,4.285933819718816540e-02,4.197361048154257812e-02,4.222101890206819003e-02,4.532988086866426847e-02,4.539396778628323331e-02,4.276159714717802512e-02,4.157676956514889943e-02,4.350286562715564853e-02,4.627313093655746612e-02
2.385129014647350762e-02,1.956437886712194749e-02,2.169558621269868093e-02,2.551583636221177800e-02,2.026178788251132429e-02,1.987095325491974873e-02,2.131453212001782963e-02,2.143289855213038192e-02,2.295586369810671476e-02,2.172876690598660177e-02,2.198017168302633662e-02,2.165605395955536028e-02,2.450245844605489567e-02,2.218941318244057812e-02,2.081357491175862481e-02,2.273156440357223043e-02,2.206893475665572951e-02,2.179829527012639920e-02,2.486696047519963704e-02,2.126075520650506576e-02,2.140879478241740005e-02,2.105153885998571964e-02,2.273542726580198362e-02,2.015430425138174317e-02,2.265096659987439129e-02,2.234586379309290091e-02,2.219404765538753738e-02,2.264379255649285813e-02,2.275572615731303802e-02,2.315811852389081452e-02,2.404662297668275564e-02,2.252624738887197900e-02,2.215639662486524816e-02,2.378228838080722121e-02,2.311424721180209071e-02,2.225986247502998935e-02,2.394345058210501850e-02,2.527724825762404232e-02,2.134811682483877052e-02,2.160466402125785224e-02,2.380954337978501492e-02,2.297804216500635641e-02,2.200102180459440060e-02,2.125831108352768672e-02,2.394345384283191533e-02,2.276911302555796601e-02,2.275643641244385826e-02,2.254821786763370334e-02,2.250279652961319557e-02,2.306475237708020473e-02
