4.346334594984917921e+00,4.259760039077608695e+00,4.309689136755937788e+00,4.310518261499699300e+00,4.308545575069048006e+00,4.279476339388939898e+00,4.278750955928214417e+00,4.315445764586792521e+00,4.275954316336121330e+00,4.324859060365093377e+00,4.338174749505797401e+00,4.313774716389716879e+00,4.310918953881818005e+00,4.300775196884066176e+00,4.306219204241574339e+00,4.326736218232449360e+00,4.285049274316640400e+00,4.343967294655343814e+00,4.277334006074497985e+00,4.329899703179730608e+00,4.286428635846222690e+00,4.317661301713675570e+00,4.284543971203237156e+00,4.338295476655059879e+00,4.333109275917456316e+00,4.305496313373843087e+00,4.331008986073986655e+00,4.288610626053617203e+00,4.292741423188499716e+00,4.302134986979272213e+00,4.304472102406235123e+00,4.300805087881055755e+00,4.316514729519147942e+00,4.321583493991536074e+00,4.292348579447127221e+00,4.310352655119055854e+00,4.277204705480419200e+00,4.306322115982499810e+00,4.327573249316087001e+00,4.265798990713363992e+00,4.276311100606956295e+00,4.286392180394426710e+00,4.331025103746569904e+00,4.302443610886665937e+00,4.344402706145466198e+00,4.303291929062532439e+00,4.321699603666801615e+00,4.306279820916112833e+00,4.324840612200965495e+00,4.277139101897871498e+00
4.286047442115211048e+00,4.299377671850809435e+00,4.314814862712649912e+00,4.287716590532463456e+00,4.270544668675237965e+00,4.285048526675454106e+00,4.312648671165409731e+00,4.322651308489971811e+00,4.320357997901084879e+00,4.301153423938715470e+00,4.314033194635912949e+00,4.291680431597129086e+00,4.302049083813329844e+00,4.337751914544263343e+00,4.263021882964937781e+00,4.318357638628918416e+00,4.307549868529744863e+00,4.302009503388046774e+00,4.349998257400344848e+00,4.306637401133169618e+00,4.284825452596406237e+00,4.298456114018588181e+00,4.279503351036577641e+00,4.306272783915467528e+00,4.288805996884846650e+00,4.288038849520159346e+00,4.315617316898844535e+00,4.317859814961657605e+00,4.293239821845162396e+00,4.322728669777697874e+00,4.301613666791965329e+00,4.258065141292358469e+00,4.290703843200007306e+00,4.316496137807703803e+00,4.310114824152205593e+00,4.327215196648452000e+00,4.346529286402623704e+00,4.315992874484975594e+00,4.300868570587822681e+00,4.306835118513004268e+00,4.282386127744005400e+00,4.291514564998069936e+00,4.252091794342462983e+00,4.345234487740555984e+00,4.268640900607514332e+00,4.330621178136445870e+00,4.324311049478718694e+00,4.276640277264900369e+00,4.307718793177827799e+00,4.286595606066916808e+00
4.319054317858539882e+00,4.284447575979830170e+00,4.329549317291865762e+00,4.297057218440886395e+00,4.299906845526214383e+00,4.327771719198766576e+00,4.283192225127112174e+00,4.267884295168408393e+00,4.275309288283550835e+00,4.300269975617603713e+00,4.282182849565180582e+00,4.312921010601212579e+00,4.292459647915347176e+00,4.309194973207038259e+00,4.319160766053731670e+00,4.269444107492022411e+00,4.293000969156373969e+00,4.302541546701731612e+00,4.255559635385670170e+00,4.277408363449253237e+00,4.314937954600165604e+00,4.280607013419228224e+00,4.311560670327033939e+00,4.326993935105180711e+00,4.310210073178766699e+00,4.322865497336425555e+00,4.330482348369343981e+00,4.274503968717197289e+00,4.276467931197434069e+00,4.288718195760708340e+00,4.338630510552103026e+00,4.345171708101798203e+00,4.286047053623239123e+00,4.268097104694271060e+00,4.319494181888448914e+00,4.243185411269775997e+00,4.276921178431797088e+00,4.280857601793047529e+00,4.302800608340432653e+00,4.244889727199600671e+00,4.268732438196919610e+00,4.317180098080694250e+00,4.303646587900577636e+00,4.299921105511407049e+00,4.317072291640476678e+00,4.339603163514345496e+00,4.296102577652392895e+00,4.339991839009044838e+00,4.264116839782160717e+00,4.293706032308016063e+00
4.258504807761160471e+00,4.278681825446854603e+00,4.296404458324288633e+00,4.319106918376509618e+00,4.249676767513153486e+00,4.308658717091243595e+00,4.286471383961468540e+00,4.321355957695445227e+00,4.296073170300759081e+00,4.298570853035807993e+00,4.278398577663716118e+00,4.314207199735030862e+00,4.267503796249193293e+00,4.262132585769569992e+00,4.275353950333280473e+00,4.297272287432701177e+00,4.262434425889661149e+00,4.293159093514832492e+00,4.248614940230654113e+00,4.261762519278123662e+00,4.311713872405510628e+00,4.280631918979278083e+00,4.294351976461716625e+00,4.301054662770906312e+00,4.309697651056001000e+00,4.332685038026498070e+00,4.264938452833600735e+00,4.285960913487937063e+00,4.261783720153350608e+00,4.297981893628673333e+00,4.302293147784540750e+00,4.296574744215890362e+00,4.265825421260212913e+00,4.303143374969359947e+00,4.297040643330502618e+00,4.279094983720058032e+00,4.271756051736327997e+00,4.275812087339638801e+00,4.260399370637916405e+00,4.273539899381976426e+00,4.283569781335655691e+00,4.295931528540368305e+00,4.295251202968580984e+00,4.255544045265040154e+00,4.285790705714373594e+00,4.294814297964680172e+00,4.267803131396837202e+00,4.329983943661091850e+00,4.305296291778043738e+00,4.305495439295460969e+00
4.273398898258676581e+00,4.302931601319064825e+00,4.283630095293996298e+00,4.239040880764051167e+00,4.191128918361168409e+00,4.319302932982737708e+00,4.241150891617816221e+00,4.270349796505104933e+00,4.326413407276480605e+00,4.243790695440459615e+00,4.295259275191035009e+00,4.304473234920298985e+00,4.260290048165447985e+00,4.216902751239802072e+00,4.313865432279138545e+00,4.285394224895629378e+00,4.317742497837334881e+00,4.262443429364097369e+00,4.318323152029418743e+00,4.269542691346045693e+00,4.282107736962140976e+00,4.285055655039456290e+00,4.269562799690414856e+00,4.280093205030090608e+00,4.267963591640314469e+00,4.268796746149304155e+00,4.269962374043413611e+00,4.221568298382536000e+00,4.309818322113310174e+00,4.290595182473641245e+00,4.291351405617367831e+00,4.275798460136351231e+00,4.303034899367619737e+00,4.300639728189329603e+00,4.242546167261171952e+00,4.273963106400313627e+00,4.261797003816742979e+00,4.237666031246304144e+00,4.250205967351165626e+00,4.239772559177804823e+00,4.272530448598988784e+00,4.254276889952897100e+00,4.280706434280339145e+00,4.312070703527000504e+00,4.257909819431818121e+00,4.288832594420951771e+00,4.286849913431178827e+00,4.254569484036813343e+00,4.282395617093463613e+00,4.270908819065708961e+00
4.234487890831404755e+00,4.259175022689221102e+00,4.236822060361814302e+00,4.244962468184822590e+00,4.287253059167847269e+00,4.277129370408342623e+00,4.204912813818750372e+00,4.233034723652081333e+00,4.222996121660798963e+00,4.321415708388130383e+00,4.240541063940340472e+00,4.235732397328346721e+00,4.305349962859519763e+00,4.246442679337985915e+00,4.250318987659525760e+00,4.235791432264258916e+00,4.244754595703860822e+00,4.273571875329152725e+00,4.251401624494789644e+00,4.288044094414906304e+00,4.257287110309995626e+00,4.264350637174977976e+00,4.259165030236993665e+00,4.234175870400033403e+00,4.277834045634386406e+00,4.272683435825857856e+00,4.212644079994300128e+00,4.277392491928845963e+00,4.241099165196738241e+00,4.269005017559685200e+00,4.273934749557300350e+00,4.238352172181187427e+00,4.241613558856510480e+00,4.279422526715997321e+00,4.307682426198228498e+00,4.227623712127454247e+00,4.246552277128493813e+00,4.298144945922666160e+00,4.242681139225489062e+00,4.269660061351741476e+00,4.248685732474787535e+00,4.302849916006328712e+00,4.234349014504567243e+00,4.214493949533019368e+00,4.253282095328981605e+00,4.269271601360645541e+00,4.302070486524467441e+00,4.240161401675028863e+00,4.225452028505324087e+00,4.181310437500815880e+00
4.246124336489977225e+00,4.199647155156955414e+00,4.252906926835744450e+00,4.228039498944914598e+00,4.235166529341798380e+00,4.213557623398840768e+00,4.255459077454727179e+00,4.184946811025139546e+00,4.233545035811029145e+00,4.204535613138931538e+00,4.208417183427211938e+00,4.270045760216116371e+00,4.202969579198109429e+00,4.231867548006442270e+00,4.260137717795927870e+00,4.238183113021143811e+00,4.223676707206925229e+00,4.241892047121953446e+00,4.221757489761566617e+00,4.224509105242529650e+00,4.234502894232867298e+00,4.227832759561853671e+00,4.221564670908531269e+00,4.220287530439643220e+00,4.219839786755930966e+00,4.238476015549756504e+00,4.200559448014455022e+00,4.215647091242206379e+00,4.247448254175185234e+00,4.254956675077443684e+00,4.261221083373088803e+00,4.228533081006130345e+00,4.205403922110430237e+00,4.235406698959828908e+00,4.233197670956900360e+00,4.232959247322409801e+00,4.218534845931102950e+00,4.255793115299944418e+00,4.220347047561133991e+00,4.211516843450472614e+00,4.246247314760803526e+00,4.210291924357600024e+00,4.224144752752008181e+00,4.197947518087388197e+00,4.207099152160651556e+00,4.259122993003821911e+00,4.239991388245117676e+00,4.249457749618017033e+00,4.202441268331034152e+00,4.231218475210304142e+00
4.231717806581311692e+00,4.202344899973401660e+00,4.167069355998314073e+00,4.189845183071940760e+00,4.212729362863065319e+00,4.196104096800159944e+00,4.226387777957222980e+00,4.180169990717003792e+00,4.227867509594247508e+00,4.188675197024979369e+00,4.231416990214404095e+00,4.173927123365002601e+00,4.191501583299457323e+00,4.225853535100513092e+00,4.209859095233580817e+00,4.190187915352313830e+00,4.188397304743276095e+00,4.208590128893575866e+00,4.208142398811873797e+00,4.243788358160416330e+00,4.222703863329105189e+00,4.229869152589614600e+00,4.237968653797159924e+00,4.211385534821515897e+00,4.192006625096121653e+00,4.180581289576541515e+00,4.224101170949752238e+00,4.198509905384081975e+00,4.192031400062079527e+00,4.229719304160663107e+00,4.229150145207014155e+00,4.211835157065981328e+00,4.187130823682699621e+00,4.178502724748018871e+00,4.208105360605240541e+00,4.180949911097625815e+00,4.170419212773050610e+00,4.212429018116219837e+00,4.221307650490961016e+00,4.171388012176048044e+00,4.220447028713883775e+00,4.195079348574084044e+00,4.211272603892618704e+00,4.197481266250080445e+00,4.199756091571201999e+00,4.181343482452487770e+00,4.250661915753376263e+00,4.187694818809859498e+00,4.197704647556348867e+00,4.225020282023898233e+00
4.163500446420254519e+00,4.179241685130274497e+00,4.217093163701342462e+00,4.171470552508166563e+00,4.214719084489297884e+00,4.159630593590615710e+00,4.148406541797964309e+00,4.155721545422310648e+00,4.211828526804639594e+00,4.159354746639209566e+00,4.179565698895160608e+00,4.167451858117255270e+00,4.191415831062206721e+00,4.153151321025537968e+00,4.177387454669853284e+00,4.178968931116957108e+00,4.188687440066348522e+00,4.200086085364406863e+00,4.172981487767338571e+00,4.176047725469209659e+00,4.161450853311905895e+00,4.199096280516141810e+00,4.191964023717476451e+00,4.141566567615358352e+00,4.169646207740647093e+00,4.177652771401542786e+00,4.171547539939238547e+00,4.173493790504695156e+00,4.182220159841127050e+00,4.186810307761484218e+00,4.168788089403001607e+00,4.203176678330211580e+00,4.182852864021572969e+00,4.153897631102943855e+00,4.187794020740497558e+00,4.246976111162711121e+00,4.183074314936994220e+00,4.163215508610845994e+00,4.224237317983290829e+00,4.197693762210338519e+00,4.192185063302741099e+00,4.163297549465969638e+00,4.183921718368073250e+00,4.151707746288130885e+00,4.193395302500626975e+00,4.186652646945494993e+00,4.197752746639647370e+00,4.143115409016993489e+00,4.141961275893580208e+00,4.180870952376099403e+00
4.134132570354818625e+00,4.158224597069335005e+00,4.115450841363729850e+00,4.127430760377792218e+00,4.133462089082946989e+00,4.116839023490544314e+00,4.127944743392244042e+00,4.138972282211381248e+00,4.159291099331652752e+00,4.144781795430211524e+00,4.101731185570163696e+00,4.138173228547547211e+00,4.143447844337941000e+00,4.146270640134551044e+00,4.094192211953318505e+00,4.114306240047289620e+00,4.167067905903000025e+00,4.152254854525245342e+00,4.147993856556627890e+00,4.122438395572533665e+00,4.149258960906239579e+00,4.137666460709014338e+00,4.134786466928155768e+00,4.173755806064889384e+00,4.172978164781724786e+00,4.142994689273633568e+00,4.146200742355157232e+00,4.164157171453502393e+00,4.144312928755272907e+00,4.170255827894047584e+00,4.099724526626006060e+00,4.142233672877838835e+00,4.154481495764843935e+00,4.100800428720352997e+00,4.111440518607773598e+00,4.187593725181026905e+00,4.132760561163221880e+00,4.115993120358811375e+00,4.151381730717253582e+00,4.147317225765464244e+00,4.145845100817934004e+00,4.120367602219672243e+00,4.128939876283703292e+00,4.104412905718068494e+00,4.193718306632087334e+00,4.175814752440142996e+00,4.136150137889175404e+00,4.156827674329531597e+00,4.171164453408902517e+00,4.191632233563124643e+00
4.091257390060209609e+00,4.079436245716559384e+00,4.066587191733414208e+00,4.151027060783508027e+00,4.105065448860132804e+00,4.111567194847132178e+00,4.124203097851803612e+00,4.089169647432576049e+00,4.097904306774175609e+00,4.139342512538060959e+00,4.163529662642331708e+00,4.125352775465847444e+00,4.082816836620795975e+00,4.136565882575793829e+00,4.087763541637149167e+00,4.113883584353721368e+00,4.085697164670933468e+00,4.118470949879577958e+00,4.069430300690804359e+00,4.108750466211530394e+00,4.071782579828157722e+00,4.102648751564385243e+00,4.113064091836763581e+00,4.121022161207582357e+00,4.127036143512261113e+00,4.106188028969592452e+00,4.127816813122832329e+00,4.078048569547821245e+00,4.135286037096602030e+00,4.070807872278170869e+00,4.134524325583106119e+00,4.075357805324664184e+00,4.082895365267489751e+00,4.073370195319665044e+00,4.138226011703042495e+00,4.068776497610765652e+00,4.100137418669203448e+00,4.063595115908618993e+00,4.087504399620032203e+00,4.114553448594234553e+00,4.096495459384738247e+00,4.106486500584871635e+00,4.102610834028710407e+00,4.116597720401205862e+00,4.115572938696525185e+00,4.108416396569199769e+00,4.133033735424495703e+00,4.089959953267121584e+00,4.062741230066944098e+00,4.097515925894974487e+00
4.053990947218939489e+00,4.040770942837338175e+00,4.079098142375987557e+00,4.071597593089543388e+00,4.058138790770707161e+00,4.039177577730766799e+00,4.070813520643432604e+00,4.051238441867965001e+00,4.031644666318545234e+00,4.129033341344538144e+00,4.055493369187182395e+00,4.057081715917117748e+00,4.045287138223378598e+00,4.091325638262961029e+00,4.078282902335030435e+00,4.123830330702322300e+00,4.082299041835765863e+00,4.065237647093800533e+00,4.033990702515585447e+00,4.057330903901614327e+00,4.059028470963213842e+00,4.116012944118510042e+00,4.073020406800556437e+00,4.060733072987582126e+00,4.076795457876750461e+00,4.072006368708197321e+00,4.075180490537541722e+00,4.094645832994712187e+00,4.037001249375654410e+00,4.064980703920515914e+00,4.026271791035873626e+00,4.050406762173127895e+00,4.056330582075394986e+00,4.075812717358851422e+00,4.058412360479233705e+00,4.044185408172872975e+00,4.041015390455653389e+00,4.038099623039656194e+00,4.053137913029178918e+00,4.069461143274988757e+00,4.097458088887989902e+00,4.079589382210954795e+00,4.071315317721806437e+00,4.059186596302517991e+00,4.015675384721927976e+00,4.035397682976544331e+00,4.098483004799800433e+00,4.072432306730628504e+00,4.058436188877835527e+00,4.078981351643713005e+00
3.995368668171309423e+00,4.026374700166399201e+00,4.027793608201554854e+00,3.976530907253023717e+00,3.975125475093562510e+00,4.001741004375020339e+00,4.045672769265279634e+00,3.996009140979833507e+00,4.008115106663339589e+00,3.988030893681659084e+00,3.959761596332625366e+00,4.025607880020439566e+00,3.997655319604537016e+00,4.031932230707076847e+00,4.024462875156154418e+00,4.019735786251827925e+00,4.012226669092948228e+00,4.030967264809676820e+00,4.009575129818016670e+00,4.038828394699344848e+00,3.964488154877779280e+00,4.033028145738501991e+00,3.993425660827365054e+00,4.010047396615001425e+00,4.003701093964789237e+00,4.004646296512825110e+00,4.013902608006709727e+00,4.022562834315548841e+00,4.015666428142456112e+00,3.997882912376033104e+00,4.011492657123621797e+00,4.019700057665719584e+00,4.028910657851329624e+00,3.988764673284157514e+00,3.983177129803384897e+00,4.024030645775613202e+00,4.008564392406472443e+00,3.977274058381711441e+00,4.047524658720737634e+00,3.973875734285044370e+00,4.006064394815184393e+00,4.028448315975190930e+00,3.974306876552748502e+00,4.049623567341263275e+00,3.994975584567503013e+00,3.997783197826645374e+00,3.993632102820895646e+00,4.053654682737374948e+00,4.026079975356664065e+00,4.010353146697066329e+00
4.001009474966371826e+00,3.962674374549743916e+00,3.999224531368511748e+00,3.952258788427791991e+00,3.951007577023138317e+00,3.939971616938574339e+00,3.942456671259354284e+00,3.963544994371688279e+00,3.969995070391600489e+00,3.886964501171215947e+00,3.943683255364188955e+00,3.962515530362828553e+00,3.929482978824201833e+00,3.951416099165947493e+00,3.976244594923786124e+00,3.923860533652279603e+00,3.930957467345651768e+00,3.968683252732026823e+00,3.931152188656608093e+00,3.969538645421269329e+00,4.011609858968886222e+00,3.970423829490405510e+00,3.997590772059305131e+00,3.972740961484493738e+00,3.977332308812281170e+00,3.955563803559589697e+00,3.969751252045628398e+00,3.954718336186519689e+00,4.004112165884910368e+00,3.963200520765690626e+00,3.983207574191213407e+00,3.952567741865783635e+00,3.986957838569679780e+00,3.959491737448336046e+00,3.947052814471741389e+00,3.972572390468914527e+00,4.014127964270588045e+00,3.947862654813462768e+00,3.915379892635495906e+00,3.941653444476545420e+00,3.955216874029456875e+00,3.984125990809149531e+00,3.944693249034142646e+00,3.970776580600480443e+00,3.922731836078856116e+00,3.966845146820191292e+00,3.974507736056788421e+00,3.964106682113354818e+00,3.921938701885698819e+00,3.984113187688880675e+00
3.939318643776265727e+00,3.917978985653155721e+00,3.925463224781033045e+00,3.920792819263875462e+00,3.908575235051717112e+00,3.930556101655715118e+00,3.886878807257655222e+00,3.888923569661963509e+00,3.945197407369802178e+00,3.927314065980658686e+00,3.931691503196291126e+00,3.920889027877465072e+00,3.908287255411216687e+00,3.934487982386184246e+00,3.892337160915980476e+00,3.958156436042297610e+00,3.889620171034212870e+00,3.872851679553866777e+00,3.910673013248520569e+00,3.877255991107972921e+00,3.875992736797268634e+00,3.930050064844993418e+00,3.877158588209033141e+00,3.951985117238273837e+00,3.866287199037565792e+00,3.917143808213583878e+00,3.915844539652133083e+00,3.905199063505508494e+00,3.856490643536298890e+00,3.865863005037367461e+00,3.912288245739224735e+00,3.932262061614810733e+00,3.927165872912728339e+00,3.877660963411930339e+00,3.897625765749721971e+00,3.908174116362804540e+00,3.938581063766534829e+00,3.892530950195915551e+00,3.932552588650979786e+00,3.897967236523861345e+00,3.933445421737991055e+00,3.891227656259830248e+00,3.910646735525570072e+00,3.902064782918768238e+00,3.928381571352381307e+00,3.894109653202554089e+00,3.947313697399263965e+00,3.891410957419435324e+00,3.931747689263160428e+00,3.874795589953410335e+00
3.871968380638272755e+00,3.872851733101374094e+00,3.862427695870850552e+00,3.858135975673620877e+00,3.854288213531713136e+00,3.861015268358659380e+00,3.843948016147026969e+00,3.869650757267186325e+00,3.857372839560497368e+00,3.888563235576913080e+00,3.839871564266410520e+00,3.802974797758143399e+00,3.866576853112384971e+00,3.823871000692609545e+00,3.928417335678254130e+00,3.836518748260256295e+00,3.845602886451014779e+00,3.838219471847759134e+00,3.859777358117916002e+00,3.853198322950594612e+00,3.867047048307036938e+00,3.860402223586738124e+00,3.891071473751049670e+00,3.890466986984202791e+00,3.847393337570721439e+00,3.881512629645429868e+00,3.836717765240035494e+00,3.878213929175044150e+00,3.846883849645057918e+00,3.831626993592259112e+00,3.856704287920493801e+00,3.858821470426850642e+00,3.848609352344257051e+00,3.850838199506499748e+00,3.844004466734082914e+00,3.869745154498978490e+00,3.860216844883813891e+00,3.811488305426635748e+00,3.829735215833279582e+00,3.845214141132584196e+00,3.857343469305065664e+00,3.843787360266327724e+00,3.828617547118318587e+00,3.840749766341896798e+00,3.826105465361164359e+00,3.854085893439689769e+00,3.863524627372041387e+00,3.853653926969801358e+00,3.869534008137365255e+00,3.829201811272493039e+00
3.767132959728542119e+00,3.779357376336516250e+00,3.813099310169955736e+00,3.807809543006123842e+00,3.829727170464722441e+00,3.771933009642476353e+00,3.761402068657756281e+00,3.819952470519252241e+00,3.784290509000324931e+00,3.767095496546918554e+00,3.819530162234519022e+00,3.777995866747211551e+00,3.784625857945195015e+00,3.800941622588139168e+00,3.756537540241064121e+00,3.806172762710136936e+00,3.777871361747167978e+00,3.797750935045530074e+00,3.800766352649180835e+00,3.793227970136253902e+00,3.805035329109939024e+00,3.819572280198858305e+00,3.819271043211672545e+00,3.791319777871946517e+00,3.797819033258479138e+00,3.758877377660968744e+00,3.778837785214591793e+00,3.817773714990066125e+00,3.762052050138088966e+00,3.810912070877424007e+00,3.771674131430068133e+00,3.777641793645252211e+00,3.741256684837388047e+00,3.746543459829420719e+00,3.781493736846409881e+00,3.758328684046068346e+00,3.791045432552598626e+00,3.751025091369238229e+00,3.798881814992935535e+00,3.796508040003736539e+00,3.770639570328600865e+00,3.772008899437958807e+00,3.776797506427965523e+00,3.761690792496079627e+00,3.794730012446147605e+00,3.776758562385250872e+00,3.828483511963432395e+00,3.803687259125614339e+00,3.802208803373789081e+00,3.764772638806217486e+00
3.738500839993230684e+00,3.717725564480743206e+00,3.754807520138289334e+00,3.698676750018017323e+00,3.715039488325595496e+00,3.730101575627160937e+00,3.736572568657704707e+00,3.723046180526266014e+00,3.733506435497956133e+00,3.762736311024498459e+00,3.741349818706191765e+00,3.754517244695780409e+00,3.756563635238852061e+00,3.686207701573687601e+00,3.737493848119268769e+00,3.730611036547449189e+00,3.696523974023448122e+00,3.693861520654268649e+00,3.705033692345988783e+00,3.703128762979233102e+00,3.790269080806731861e+00,3.703123223469857894e+00,3.771583049261307163e+00,3.741506457166935640e+00,3.775809511920489303e+00,3.717726506810306031e+00,3.742809599604249637e+00,3.745693221407086604e+00,3.725541214070140050e+00,3.722351172289978916e+00,3.713018310320098436e+00,3.765043658288405481e+00,3.713858723814338347e+00,3.778131477619290912e+00,3.744243500244862854e+00,3.722731987637657003e+00,3.694693530054997677e+00,3.739450922772823205e+00,3.692929479574995622e+00,3.711608802764593040e+00,3.707624342341545365e+00,3.717213751000888688e+00,3.741064010459272282e+00,3.733791724278297419e+00,3.709533362780313315e+00,3.752272766905134116e+00,3.703610245260426481e+00,3.720399081956868415e+00,3.707965765500195410e+00,3.750950814963328828e+00
3.690572893471777416e+00,3.673607292635794330e+00,3.705328306202121613e+00,3.685690221247626575e+00,3.661391961495939817e+00,3.672178869693367709e+00,3.647055747220889987e+00,3.650430655003616298e+00,3.626899741125297894e+00,3.658332643952521224e+00,3.691602686935251842e+00,3.642774207255308649e+00,3.630751273323062023e+00,3.683922884272392118e+00,3.638500154114177931e+00,3.660149039632812684e+00,3.673906231061884409e+00,3.714151026019956170e+00,3.641797834320043226e+00,3.639427275369569781e+00,3.667863027740012605e+00,3.669039529739646088e+00,3.641828673762845803e+00,3.623159650975778412e+00,3.640725407806471470e+00,3.662727112101025195e+00,3.676982580338292728e+00,3.666969208298358929e+00,3.626755523907312373e+00,3.646685891541702418e+00,3.662116725078019108e+00,3.678710098642790083e+00,3.630473323606691061e+00,3.689816905146102499e+00,3.671247921871648501e+00,3.623167599069508693e+00,3.638891075977809475e+00,3.624414631804322440e+00,3.663103307460222169e+00,3.648229426987762203e+00,3.673916584906394611e+00,3.661909442908415802e+00,3.638434695904272598e+00,3.608875677198442489e+00,3.662431329542811476e+00,3.656103203996546203e+00,3.652825901822081445e+00,3.649928492032890937e+00,3.654888486839038997e+00,3.661802625234896524e+00
3.580879271241959927e+00,3.567953115042886481e+00,3.561423385882814152e+00,3.607671989716663585e+00,3.626919511570624532e+00,3.601180314938713156e+00,3.587191497622705949e+00,3.591651114512672383e+00,3.568275378490653349e+00,3.591508380141339440e+00,3.602271946875907016e+00,3.604885496794531630e+00,3.559853497286087354e+00,3.564585185950113200e+00,3.600316052328164762e+00,3.524937210834662604e+00,3.531742993149912468e+00,3.597634451677850009e+00,3.569965500310273043e+00,3.569679092254652186e+00,3.551715721795475567e+00,3.601301208237382312e+00,3.614136325104286840e+00,3.589532145220476700e+00,3.605862739732372813e+00,3.570748180259412763e+00,3.609826623618817898e+00,3.580853879053808697e+00,3.581308925700207979e+00,3.617219147545561508e+00,3.572163481349202030e+00,3.583444807743309202e+00,3.586306946356678349e+00,3.611497164899917678e+00,3.573021491458207688e+00,3.589607025426844622e+00,3.614497974050029150e+00,3.605302160879082063e+00,3.596623973899096161e+00,3.590911937278486565e+00,3.583423868739429530e+00,3.602911869377692256e+00,3.598610834445316264e+00,3.577018211709569240e+00,3.590114662784923638e+00,3.585415535644646212e+00,3.607662590290771742e+00,3.597126703613600984e+00,3.597353210383089639e+00,3.565921303598805991e+00
3.514056058433656204e+00,3.480135621623012820e+00,3.534720859651494962e+00,3.510951316906744335e+00,3.569001809634542610e+00,3.522007867716284490e+00,3.497090941189949120e+00,3.498467159749227839e+00,3.540482892423459482e+00,3.523157113139387508e+00,3.541737075507644494e+00,3.487136016147247108e+00,3.496248551324827147e+00,3.535069332166252298e+00,3.540884601228265538e+00,3.466407355525572331e+00,3.525392262385306896e+00,3.517907739810815837e+00,3.517963420237208982e+00,3.519897155126722410e+00,3.523307603464235882e+00,3.532385805396959455e+00,3.481941857914090388e+00,3.472170033672395295e+00,3.509153819468640023e+00,3.498884836719710734e+00,3.502289185665812710e+00,3.524342262842155460e+00,3.510213776032145017e+00,3.531844027215482296e+00,3.496657980370463825e+00,3.501465967226730314e+00,3.504987618591640874e+00,3.537363474226981719e+00,3.495400333843781127e+00,3.536809341988248256e+00,3.489472971377374222e+00,3.488336916558012035e+00,3.565314969435241732e+00,3.539673970018144988e+00,3.475404617446690381e+00,3.461767203184698882e+00,3.488141327094625321e+00,3.552950726175574836e+00,3.539710482932860280e+00,3.501250457959643736e+00,3.519132914119454725e+00,3.450163358039397998e+00,3.503884392371573675e+00,3.503520426698760293e+00
3.430091781067963641e+00,3.422290639566585746e+00,3.448034279093755039e+00,3.453496233926107717e+00,3.434254202096291841e+00,3.445633688906061476e+00,3.491343925826533745e+00,3.422164671270490732e+00,3.434980757757319036e+00,3.412833055035225716e+00,3.429291446834128898e+00,3.435148027168807072e+00,3.460442204080639517e+00,3.477713072764085478e+00,3.438156426853599346e+00,3.458858054606218424e+00,3.409598916731369389e+00,3.426401786935844296e+00,3.405512034605185256e+00,3.435150743600369427e+00,3.424713695386325973e+00,3.440089020100967954e+00,3.447137031092874171e+00,3.434139113999760795e+00,3.421463573473641162e+00,3.413715336602756167e+00,3.444848026844143263e+00,3.416401358230730878e+00,3.442467665165778623e+00,3.475267119728300269e+00,3.463948640140976476e+00,3.450817038423465100e+00,3.461489184162501065e+00,3.414858201934726889e+00,3.493035985048932535e+00,3.443538703995107308e+00,3.425873069496694789e+00,3.452743094659929124e+00,3.430345018425051684e+00,3.452260580808401258e+00,3.429830501364361961e+00,3.424854665798347853e+00,3.384734142028809067e+00,3.447648460176816254e+00,3.456561963056391296e+00,3.473539256652685925e+00,3.445385227192066857e+00,3.415163172865335550e+00,3.410654581922932582e+00,3.455788138051409941e+00
3.373680648117761471e+00,3.339593466272911648e+00,3.383085566096166730e+00,3.349126831725486753e+00,3.357733221804658719e+00,3.304369305380769006e+00,3.337057089882531802e+00,3.333496481949506318e+00,3.362983906755883545e+00,3.349761464733857608e+00,3.337670630519047776e+00,3.325887239892966640e+00,3.293088270160102748e+00,3.390869919656546383e+00,3.311426335208846439e+00,3.394885315939251580e+00,3.318370304639310042e+00,3.356662888372228704e+00,3.304507762007726779e+00,3.356679311227649620e+00,3.333285225178944433e+00,3.354690293810534740e+00,3.381070880006066481e+00,3.367837792833405786e+00,3.328809539778838644e+00,3.367079074427163476e+00,3.361211447949797648e+00,3.364314169484874384e+00,3.372188733980275188e+00,3.347348943293071866e+00,3.324560026587835448e+00,3.328694800666371023e+00,3.340348753495972378e+00,3.368915630489342394e+00,3.347671303148375355e+00,3.353848641694579857e+00,3.347954061035973261e+00,3.356950638321028357e+00,3.340704818710102941e+00,3.386087586582755993e+00,3.357357691336832595e+00,3.334027187744109444e+00,3.367354149480361603e+00,3.337590093621164211e+00,3.323214119223349972e+00,3.367004400566389499e+00,3.347113100821032194e+00,3.351557525929331316e+00,3.394882482078640962e+00,3.386501726208252627e+00
3.311792698568341020e+00,3.230004049595612159e+00,3.253541109248600183e+00,3.265393815469353811e+00,3.262792319964197496e+00,3.285532416606379957e+00,3.258373040638129936e+00,3.253250938667546333e+00,3.270440517965015559e+00,3.250482659522588857e+00,3.303421878960810520e+00,3.300530037267792149e+00,3.287103362865364531e+00,3.268894021619964896e+00,3.314295124250286051e+00,3.296960108426267855e+00,3.273860588056576315e+00,3.266207543751260989e+00,3.263172255607793115e+00,3.251611225879035061e+00,3.266709070836975481e+00,3.290839150963521309e+00,3.283211233644611315e+00,3.251979672717562497e+00,3.303440842535111166e+00,3.311635609136892366e+00,3.287871995728871788e+00,3.262153399292544442e+00,3.281278078021123701e+00,3.306601105313491384e+00,3.245572445834406405e+00,3.273663001046611676e+00,3.285012664318691211e+00,3.266311573467900242e+00,3.289667368269247660e+00,3.294549973692777467e+00,3.296317390389542634e+00,3.261339576406659280e+00,3.284692050619834269e+00,3.303274567123358985e+00,3.268564674557861149e+00,3.236722200316070275e+00,3.266669786434219791e+00,3.283960398138224157e+00,3.268838315804666550e+00,3.264225931028646333e+00,3.244716915378963229e+00,3.288416344165267180e+00,3.316750169803084791e+00,3.268322294803091665e+00
3.177904617274680099e+00,3.201786142107390987e+00,3.172769279748107074e+00,3.212889049157447108e+00,3.202480456335320191e+00,3.211428190104358205e+00,3.197650711965217774e+00,3.115584229941727568e+00,3.158951014114251610e+00,3.205500088742184950e+00,3.195240739023047727e+00,3.192053543990290621e+00,3.177240188142999688e+00,3.222681138142760915e+00,3.190208226854925666e+00,3.161843242820907562e+00,3.146709948514574862e+00,3.182395616269824590e+00,3.193334049997616386e+00,3.220906210119387492e+00,3.159862426339525410e+00,3.212320914047903209e+00,3.165701994192414936e+00,3.197917180570926554e+00,3.197751796138676994e+00,3.169148417158277997e+00,3.197348791606084983e+00,3.204609191057686601e+00,3.150011860415379950e+00,3.176300987141321919e+00,3.188191785594771677e+00,3.202728091276879407e+00,3.168078182160155354e+00,3.183249814612572504e+00,3.195922206861672166e+00,3.222394879870647433e+00,3.174898590803873599e+00,3.183366007827773903e+00,3.170992720476184967e+00,3.213036517057186625e+00,3.202181794321552477e+00,3.177990887926247954e+00,3.210123632308244712e+00,3.159669792621950801e+00,3.203851793287912031e+00,3.231566684339066686e+00,3.195972375046165936e+00,3.226487137083411838e+00,3.211338744999667316e+00,3.182350206235861734e+00
3.104916272886461659e+00,3.086331109680933604e+00,3.161167075169943441e+00,3.071490510840026111e+00,3.115585371973574436e+00,3.081713830434066992e+00,3.094749815568625273e+00,3.134872868115057276e+00,3.100052262567491113e+00,3.085948182841739218e+00,3.069941485935256953e+00,3.110909117928232881e+00,3.141369647384733899e+00,3.121889348989739243e+00,3.091336354870260816e+00,3.111800861653203576e+00,3.110494265515318268e+00,3.112764881668585115e+00,3.110659016077031769e+00,3.098534957086522823e+00,3.106316050876321899e+00,3.105278762218239841e+00,3.109775302113762407e+00,3.078338286036298221e+00,3.078417359390216657e+00,3.091503257753303924e+00,3.099090777044846146e+00,3.094096170444642357e+00,3.120584692149698913e+00,3.123620416730315874e+00,3.111817261856961725e+00,3.094338665098268049e+00,3.142954806145964231e+00,3.103814017905228262e+00,3.123913813576020715e+00,3.084792499716196179e+00,3.087314316988388541e+00,3.119420653196390170e+00,3.080761603051962449e+00,3.105827391023884498e+00,3.104888418364041947e+00,3.062720276392486340e+00,3.129945731596679437e+00,3.099470480973884445e+00,3.097116804414946856e+00,3.112094335356017094e+00,3.119430192013060044e+00,3.092056594646584777e+00,3.122176598629855526e+00,3.098105857041911548e+00
3.012996743627791130e+00,3.013426522611908354e+00,2.992047329897337349e+00,3.029864940555349495e+00,2.994911689360517659e+00,3.026275571985392432e+00,3.036985111543487381e+00,3.019463849216438511e+00,3.012582869752116643e+00,3.006981445836392375e+00,3.033373820198998150e+00,3.000318062448414036e+00,2.967484237465615404e+00,3.032982900919055425e+00,3.015861709006451896e+00,2.968286382301624116e+00,3.016045321801076984e+00,3.051671614431186619e+00,3.045736594900762206e+00,2.997331629344324178e+00,3.012355544339171409e+00,3.003953816866603344e+00,3.000610904414569013e+00,3.014373104008777116e+00,3.018411814909300439e+00,2.981133182419609007e+00,2.999977391173417995e+00,3.047931550955043534e+00,2.999088765417285085e+00,2.996771021565871163e+00,2.981733011980331582e+00,3.030998760387159319e+00,3.050942076472721087e+00,2.966135601873874261e+00,3.019513536485450622e+00,3.017003032844779220e+00,3.014810347587537631e+00,3.035758050249751427e+00,2.998137757529439895e+00,3.041848231863329310e+00,3.020230748284177924e+00,3.022727881213899792e+00,3.016114341460259585e+00,2.997981483597099484e+00,3.022555129065711998e+00,3.020389060400726411e+00,3.029036424934484995e+00,3.014798592859142534e+00,3.034280558163853669e+00,3.001353656852038032e+00
2.944089672969067095e+00,2.939605780272931845e+00,2.894310705207086443e+00,2.899932594831746258e+00,2.921026534721078427e+00,2.884925547709886295e+00,2.908433595921851467e+00,2.891113442728297844e+00,2.923986074589087103e+00,2.964753734640718452e+00,2.895229368055730834e+00,2.894726111637157651e+00,2.933630011438313367e+00,2.925575130780204258e+00,2.935035908295664520e+00,2.956452315356468574e+00,2.939320934440761146e+00,2.906940793894093211e+00,2.966219564173292689e+00,2.931111779665063199e+00,2.908294863687931553e+00,2.918422698621440325e+00,2.897897428057393476e+00,2.875518929243363608e+00,2.932957328389636409e+00,2.959582486598238305e+00,2.936821020341854549e+00,2.938658749609980969e+00,2.973374956852121276e+00,2.919092106734403114e+00,2.900650138563156233e+00,2.945926765156575922e+00,2.948214292392477009e+00,2.897015415863520182e+00,2.955096574058295289e+00,2.928297975180824686e+00,2.917311959174202940e+00,2.947309823539411511e+00,2.987280669027231550e+00,2.915792762989886988e+00,2.937873502266098225e+00,2.898102709178828285e+00,2.935046549337262167e+00,2.914408145517565885e+00,2.899338719138845999e+00,2.891309325512508188e+00,2.953190585202078555e+00,2.906924654496922944e+00,2.939952589300686370e+00,2.967064815162538505e+00
2.801594726079523756e+00,2.850637067501831989e+00,2.804354064424196213e+00,2.825816539349762735e+00,2.818056990661160999e+00,2.807360049598704776e+00,2.859343045486208101e+00,2.839450735291725092e+00,2.860840791482515133e+00,2.857413081720161063e+00,2.843262758679248936e+00,2.804950465017291172e+00,2.839501141843724152e+00,2.798694988049728938e+00,2.827957876236061541e+00,2.815029862972883823e+00,2.809168079303148158e+00,2.819399323229026422e+00,2.814326966366379690e+00,2.837345952404072946e+00,2.837202578674371090e+00,2.823676307135400965e+00,2.823881684983859053e+00,2.850641042092702193e+00,2.874188252153628387e+00,2.832148231207982203e+00,2.808846912184593592e+00,2.800433913078522963e+00,2.825896415819594498e+00,2.827877411240512284e+00,2.809823115877194688e+00,2.839922445228706405e+00,2.803985675429407465e+00,2.824787003558227205e+00,2.840439628048597509e+00,2.816473438452703704e+00,2.815605746055986902e+00,2.857418043554228682e+00,2.831501921725597448e+00,2.796101757637070140e+00,2.845900829247535402e+00,2.823005385436611281e+00,2.816810014105637805e+00,2.817128189100336133e+00,2.838378559158682091e+00,2.825600106134814826e+00,2.845210798510368289e+00,2.840516218376646584e+00,2.791067537431874968e+00,2.841336785108989904e+00
2.734589941065842744e+00,2.719107979237719963e+00,2.745343850648573891e+00,2.747112862852346904e+00,2.744668286474956975e+00,2.760765421033683609e+00,2.721282300573258262e+00,2.724064632648278028e+00,2.762289138705356528e+00,2.749352463993239404e+00,2.720272938981322053e+00,2.712738062341259138e+00,2.692364041025780974e+00,2.727498108705255664e+00,2.753661159328302688e+00,2.723041606984389684e+00,2.719688465388213849e+00,2.773605892208156565e+00,2.721768393050263857e+00,2.714149127897965919e+00,2.725099840209243673e+00,2.710842416480470085e+00,2.733258347242040198e+00,2.715858408275258817e+00,2.719137281012304008e+00,2.761272929655877117e+00,2.753268635775746542e+00,2.746576328455355043e+00,2.761910447217807096e+00,2.712638513490935654e+00,2.722080386252808903e+00,2.758136592874122162e+00,2.699661864303104508e+00,2.722799871683875050e+00,2.711705784223316762e+00,2.746798519615749168e+00,2.712553678994193973e+00,2.759361967832701712e+00,2.727790726216011485e+00,2.734957796657965456e+00,2.717907281167967426e+00,2.722688135663597020e+00,2.747165708311402721e+00,2.717214963385158555e+00,2.759714718281969681e+00,2.740645665770540695e+00,2.712261547840192133e+00,2.764335985937342866e+00,2.734399606220249357e+00,2.763573954783193454e+00
2.667791224685090334e+00,2.650091515939662301e+00,2.617524498335241478e+00,2.630960281373376120e+00,2.619905262173108706e+00,2.647278181951381093e+00,2.637298195072498075e+00,2.633725993207753469e+00,2.625431029085523171e+00,2.628556752019107101e+00,2.610188761385111800e+00,2.640601221077069294e+00,2.632529005345398687e+00,2.623465935997825405e+00,2.645595620994543928e+00,2.633542946364048287e+00,2.633527287821782359e+00,2.656219623558602194e+00,2.616984593309557461e+00,2.630615362869909823e+00,2.615014864831469499e+00,2.660283853133531551e+00,2.617054974057538175e+00,2.616661390569641199e+00,2.628976989261767816e+00,2.570654124241553262e+00,2.612979562231210640e+00,2.644994177267857793e+00,2.656274732672958105e+00,2.616721437074240431e+00,2.641222672922687753e+00,2.626922053661606693e+00,2.640378918703525368e+00,2.632646909900999255e+00,2.669533408208260017e+00,2.624206288147723498e+00,2.642700397408260127e+00,2.673859050603768939e+00,2.629441620168698091e+00,2.641184554129380135e+00,2.589821239225997385e+00,2.614916558154126491e+00,2.616978547292703183e+00,2.642580648572307567e+00,2.667016968874729610e+00,2.626310121289187283e+00,2.587746245096454345e+00,2.632386586360192293e+00,2.617516130775380478e+00,2.644206571390182337e+00
2.528858790061698336e+00,2.576993597697389227e+00,2.531247512722154536e+00,2.559274568418041351e+00,2.492626408095134138e+00,2.552658387408589746e+00,2.525074121340855182e+00,2.522291467428886769e+00,2.537544977292816473e+00,2.533091466247675339e+00,2.518098626203246315e+00,2.527104688702245916e+00,2.537338086520410485e+00,2.534416492917364483e+00,2.553051707408428239e+00,2.546565789124231927e+00,2.512318075369075920e+00,2.527116724092151046e+00,2.530647855920833855e+00,2.530322521381190182e+00,2.502830173539571490e+00,2.533373910043884791e+00,2.570114616244264294e+00,2.517266895887925404e+00,2.500035496285700987e+00,2.564555946515437501e+00,2.567673845596775806e+00,2.547468849747948738e+00,2.546974514269211731e+00,2.522582041330739600e+00,2.536392045544700213e+00,2.501685791390645619e+00,2.530303105770379091e+00,2.534611348926096408e+00,2.498645896488881135e+00,2.519712405983598913e+00,2.543708008409478527e+00,2.556995347406119112e+00,2.514496291750353052e+00,2.528630936329332446e+00,2.549989429422205411e+00,2.535123532004893931e+00,2.543186790803931174e+00,2.555799867344569432e+00,2.524226295286077004e+00,2.548781541385765959e+00,2.544877002738953564e+00,2.516375481926951707e+00,2.550732915224945607e+00,2.507393561102413848e+00
2.423407559026166336e+00,2.429607654423122653e+00,2.427656480817422135e+00,2.411220299648234811e+00,2.420587392138186189e+00,2.460210671273144190e+00,2.411426730424606646e+00,2.428755492148500394e+00,2.444141299769862385e+00,2.442075922186604409e+00,2.454386665065503514e+00,2.431909004853908041e+00,2.417499449305394510e+00,2.476228100925392361e+00,2.437779272415636189e+00,2.454937107295148468e+00,2.431882014827559058e+00,2.451226090629032406e+00,2.489216807681223997e+00,2.427012010810172704e+00,2.448063751834325341e+00,2.411205123018076435e+00,2.419393532920038226e+00,2.441609846186336252e+00,2.437719106027007143e+00,2.461143582962818765e+00,2.425532715614705292e+00,2.453552824500567553e+00,2.474761095063453098e+00,2.427929649045705851e+00,2.453223735362835889e+00,2.424236077204037887e+00,2.424838717717468839e+00,2.415194501619040146e+00,2.466936508809589146e+00,2.452906107951393633e+00,2.442587279786044618e+00,2.423400839416690822e+00,2.414939437769213271e+00,2.436876776100121766e+00,2.451730461321415255e+00,2.414585773571265470e+00,2.439228480175423375e+00,2.436004547721027702e+00,2.450132606147462866e+00,2.449765046819825098e+00,2.423629205237582962e+00,2.421396529171764289e+00,2.443356846267530802e+00,2.469140540240462478e+00
2.320371671551837878e+00,2.347269599306415877e+00,2.363985232801872005e+00,2.328261871957404416e+00,2.314564177446420956e+00,2.325661116865587630e+00,2.340595024622830866e+00,2.299388644629889900e+00,2.336428856236844709e+00,2.324703001593144247e+00,2.321395951808807201e+00,2.297665367346869658e+00,2.309625026491384681e+00,2.283528029773174151e+00,2.346959918847442150e+00,2.346084914101338903e+00,2.324021567334327631e+00,2.330088655358417249e+00,2.348959592851458389e+00,2.326675562225676952e+00,2.331606196696731192e+00,2.371685742358291549e+00,2.325029017821848676e+00,2.370201339030235665e+00,2.331634211687981573e+00,2.352041426965345572e+00,2.358860877181988336e+00,2.363212638553363831e+00,2.342790485133393386e+00,2.343408648276730677e+00,2.338629314208939824e+00,2.348685765934429792e+00,2.322617713983414323e+00,2.374876995960258697e+00,2.338145293235457167e+00,2.317686018426701633e+00,2.326468046445347326e+00,2.353014136099256692e+00,2.346336127462515631e+00,2.332231531278623038e+00,2.311140839984996198e+00,2.321204952870333571e+00,2.352057714049953674e+00,2.336852819872070164e+00,2.311424428330265179e+00,2.342527027552216978e+00,2.365319396536122110e+00,2.317315215203255896e+00,2.337167811505251880e+00,2.366993034348101155e+00
2.264564614610679261e+00,2.212282509602279568e+00,2.218085666209734796e+00,2.193719004515960691e+00,2.244355780117965438e+00,2.248690276343840999e+00,2.221628685152172267e+00,2.257258828323113864e+00,2.240331872439949024e+00,2.219064229171214375e+00,2.260346629588571243e+00,2.240486294675801737e+00,2.214329353880236440e+00,2.258640657927507345e+00,2.227196208537698841e+00,2.226440490426152774e+00,2.198358886294029535e+00,2.248058906947003610e+00,2.224060759654510555e+00,2.254242162892463597e+00,2.230852999612544352e+00,2.227510415542801159e+00,2.218816400374734155e+00,2.256262341257182946e+00,2.247388733477015954e+00,2.237172027450993639e+00,2.209873485262500381e+00,2.249397805088379609e+00,2.232690645860694989e+00,2.221115739637022912e+00,2.231556833027657394e+00,2.255246672669391383e+00,2.229380238319055962e+00,2.227350265295415355e+00,2.233191033543785231e+00,2.180842104365766421e+00,2.238819676689822291e+00,2.225890263732619445e+00,2.235930894091664900e+00,2.218229175980515944e+00,2.270324500560910064e+00,2.201625002128207775e+00,2.215928775020417962e+00,2.232278131651513231e+00,2.260936417824312983e+00,2.218399574154046316e+00,2.260968008483017044e+00,2.302884204436333793e+00,2.213140489984067649e+00,2.228802868553168892e+00
2.135396692050914869e+00,2.129784393748487492e+00,2.152456915843655061e+00,2.129710471440882547e+00,2.113745372186127902e+00,2.131991009518804603e+00,2.100680420774380774e+00,2.097656893712747106e+00,2.089868992719459584e+00,2.117722245153506044e+00,2.130501188788538780e+00,2.155626280892173341e+00,2.129032886635360722e+00,2.130854421726923853e+00,2.118073927518592470e+00,2.146142637336995396e+00,2.138078115737548135e+00,2.134043826742551442e+00,2.113886770491485656e+00,2.137520462385008813e+00,2.144220035063538088e+00,2.171620317915373022e+00,2.135733596488223807e+00,2.159718423863784320e+00,2.126877961734511935e+00,2.136717982039662900e+00,2.164001986271289368e+00,2.118367976110944628e+00,2.104018481928993545e+00,2.134215101979069384e+00,2.142800489459397717e+00,2.110889978983857773e+00,2.128728623578913126e+00,2.180469751154832991e+00,2.144717253192475415e+00,2.148223400064245947e+00,2.116381185252476982e+00,2.122451355815430318e+00,2.114410782406831668e+00,2.137164762187995226e+00,2.123862140884694050e+00,2.128645003988412832e+00,2.148875354089376799e+00,2.131859562954540710e+00,2.129560051105410690e+00,2.144033167140149576e+00,2.149711949832068481e+00,2.128984225587434498e+00,2.133393677776898922e+00,2.148033913854522581e+00
2.013198648545563074e+00,2.028875610112180983e+00,2.022004499670085664e+00,2.035186544643527551e+00,2.031709760913075868e+00,2.012301480761335526e+00,2.063952469489279906e+00,2.028430298499483087e+00,2.032124063523530033e+00,2.022561587602238919e+00,2.042211934455272271e+00,2.013570493936037042e+00,2.029486156695225585e+00,2.021363577895587849e+00,2.026574678832623988e+00,2.034187277828840568e+00,2.037944973981870689e+00,2.022345172900249732e+00,2.027236523677240054e+00,2.028064643888723761e+00,2.015017659959777330e+00,2.032666541506620295e+00,2.046330114402387323e+00,2.009917268553730096e+00,2.054242248853768160e+00,2.025535190159367005e+00,2.033158496462331932e+00,2.025186038501939123e+00,2.042267435710428458e+00,2.055713348510863625e+00,1.997775362562932200e+00,2.008848442350903429e+00,2.022952914918465073e+00,2.028437877112640564e+00,2.042963170289832320e+00,2.016973158063050775e+00,2.043541432124764246e+00,2.033337709187935438e+00,2.024774971119810196e+00,2.032036929656998225e+00,1.998088921219906666e+00,2.033170157225738350e+00,2.026855341400629396e+00,1.995084660265454390e+00,2.042186726496911575e+00,1.995275807748285946e+00,2.048405949044631580e+00,2.086291704621851206e+00,2.032603872493570218e+00,2.070047129219582338e+00
1.953790767508636561e+00,1.921847301906389971e+00,1.933855381542842311e+00,1.945878653143533477e+00,1.928343759654006950e+00,1.953486571256959792e+00,1.938925625043457224e+00,1.908653670673528202e+00,1.927358214005141734e+00,1.937511276832284857e+00,1.941502535148289965e+00,1.930025494857330992e+00,1.902571902026855222e+00,1.879612555223588943e+00,1.979529820731340761e+00,1.916319959206692847e+00,1.919132065811599341e+00,1.967610566232844471e+00,1.899304685684909622e+00,1.942906014557422623e+00,1.909590714117926469e+00,1.915334009390594838e+00,1.945559037862767848e+00,1.928624116393380827e+00,1.914281358424930524e+00,1.919382962223155964e+00,1.914468630802637072e+00,1.936974596261336945e+00,1.924942465428054472e+00,1.917381187270996934e+00,1.907542700497792287e+00,1.917019342692571682e+00,1.899345042396321404e+00,1.935397536264748863e+00,1.918641376841898838e+00,1.927471357465266433e+00,1.950162113390378815e+00,1.896625519909587165e+00,1.924097209193091240e+00,1.939112143883583217e+00,1.937743156777706144e+00,1.892056360635816281e+00,1.946508116193025328e+00,1.925265669130935775e+00,1.902487593348088923e+00,1.948976332271332934e+00,1.921595416617293939e+00,1.925405780052311888e+00,1.927456611032455802e+00,1.884819710947800875e+00
1.790172864229021776e+00,1.807008423157824950e+00,1.809233661013014194e+00,1.801687216088558419e+00,1.804202318897285773e+00,1.833238166396119029e+00,1.843655317481093681e+00,1.887262835039096975e+00,1.829649240149223921e+00,1.825505273111546645e+00,1.848763888273945888e+00,1.808341395915086469e+00,1.836585946778305001e+00,1.836443943332253248e+00,1.842826929672692460e+00,1.835726707185826534e+00,1.789832621527436274e+00,1.808423531400428663e+00,1.813298824894207684e+00,1.800006933601233872e+00,1.783699578782207196e+00,1.830970643687837018e+00,1.826692329961329575e+00,1.823464853646956207e+00,1.819276337338143312e+00,1.832426626624214183e+00,1.852527073256760914e+00,1.814665659742284998e+00,1.830330578151035503e+00,1.810833889634708482e+00,1.832781699859289848e+00,1.831036567814583238e+00,1.795766947735267127e+00,1.820005795752103639e+00,1.837642430363796153e+00,1.815733394560499647e+00,1.835656443583808306e+00,1.809714181947709388e+00,1.815862880989127293e+00,1.821598492231632838e+00,1.827393513878490472e+00,1.832113228657844317e+00,1.810844506509771135e+00,1.793119930437029996e+00,1.814769746362172143e+00,1.820154195472225345e+00,1.857707832062057696e+00,1.832506980436045874e+00,1.818105168123396176e+00,1.848793758312940794e+00
1.732795818086232842e+00,1.731400642036656334e+00,1.703339679916109350e+00,1.710052310763073180e+00,1.715108427339690822e+00,1.729060968933532783e+00,1.714572119733283939e+00,1.724097746207437165e+00,1.741677961708127720e+00,1.731840559864360030e+00,1.726064416363403797e+00,1.716697994403089567e+00,1.733233415056688820e+00,1.717889819773632754e+00,1.707058298176233890e+00,1.715016428307818863e+00,1.738368606080404444e+00,1.725465390898914153e+00,1.722850006954117719e+00,1.728989943729854595e+00,1.721511072724200897e+00,1.748993139487396986e+00,1.699277038938256990e+00,1.720298395233028188e+00,1.702649762372597131e+00,1.751483648518987524e+00,1.713850809495713001e+00,1.707712189772757627e+00,1.735076873941753473e+00,1.699538061957991175e+00,1.723472600973560143e+00,1.681722192965186657e+00,1.735535862215103808e+00,1.682985899640694782e+00,1.715420810597591661e+00,1.712037307805456043e+00,1.738910025723922947e+00,1.720140088981171544e+00,1.724422108613363092e+00,1.724452240826105598e+00,1.725316184835663735e+00,1.707455175336448638e+00,1.706531574026460163e+00,1.733604405785545532e+00,1.677388465393887973e+00,1.727882700655201553e+00,1.745462247916737430e+00,1.713247041801503112e+00,1.735071017234315782e+00,1.735913435509782721e+00
1.623669310068508009e+00,1.625255188344943313e+00,1.607365503478314306e+00,1.603256502960480390e+00,1.588487902156144216e+00,1.608843737616434399e+00,1.617696108890507745e+00,1.618282709447056655e+00,1.614956344722693782e+00,1.617908618364749529e+00,1.627787954936922299e+00,1.624789143940970515e+00,1.623766700297815335e+00,1.620966818505602314e+00,1.641416134909497559e+00,1.638097491430207331e+00,1.607773077529366379e+00,1.642216020049590108e+00,1.631928699648386827e+00,1.640700607108027009e+00,1.608973839153130081e+00,1.599546250507027922e+00,1.616332797658702303e+00,1.619714760105451123e+00,1.598563627563508893e+00,1.633625076657553743e+00,1.614170208883132451e+00,1.608745032654458340e+00,1.569844418232893446e+00,1.613798416694001592e+00,1.624609395466337425e+00,1.635936409858146590e+00,1.589934736355787859e+00,1.623657441523652212e+00,1.616003211624338798e+00,1.640212843474308180e+00,1.607018353323999005e+00,1.599411960509030672e+00,1.593470071229029950e+00,1.605124214247041214e+00,1.591919986489746641e+00,1.611378620656427785e+00,1.587387645357704935e+00,1.611408469269297150e+00,1.605217811655547777e+00,1.600579756047715074e+00,1.614309795133629821e+00,1.593380896613098230e+00,1.636081991375212041e+00,1.601351046237787124e+00
1.509655724110278374e+00,1.530425740546534019e+00,1.532159637900426752e+00,1.503896620814968443e+00,1.520470341939785586e+00,1.519110322480807795e+00,1.525109239847110443e+00,1.526285745060532939e+00,1.530923247035609336e+00,1.505421769945083810e+00,1.513557159934491025e+00,1.507279892859185955e+00,1.522532180082057707e+00,1.491745192878877635e+00,1.504321724392165383e+00,1.521212707879853854e+00,1.488714657967362687e+00,1.510581280851021280e+00,1.517871027996268607e+00,1.544067919726138660e+00,1.512557996898272528e+00,1.524123961974413133e+00,1.550574251405921311e+00,1.539172848017818396e+00,1.510900872630112524e+00,1.535206145867646255e+00,1.505094582430989369e+00,1.528679170497000639e+00,1.528548447281502520e+00,1.522080300541938991e+00,1.517799971813884818e+00,1.527692816153567890e+00,1.529155527232673117e+00,1.519572214361590845e+00,1.514408132894412118e+00,1.540642792982122922e+00,1.516512341354608218e+00,1.479958616838582541e+00,1.493474718325295436e+00,1.498400178952316697e+00,1.502716461348506893e+00,1.512070679596606571e+00,1.533066102755183069e+00,1.505203239676756288e+00,1.527386350246202840e+00,1.510919150046194037e+00,1.501375294540710836e+00,1.522713772084186346e+00,1.500082888829431971e+00,1.516387180520742284e+00
1.405380076321741223e+00,1.409647227111046064e+00,1.389015433496171514e+00,1.441925396877442145e+00,1.404776339064856661e+00,1.406377474527136684e+00,1.398706242454651472e+00,1.408712107892328591e+00,1.431042135069080068e+00,1.415164777662663242e+00,1.417256770084067030e+00,1.404584345258184541e+00,1.423863523761181415e+00,1.384635735822560942e+00,1.412439787588653628e+00,1.403691216619953996e+00,1.397712013374835971e+00,1.391049248144257122e+00,1.413735262113360314e+00,1.370468957574880520e+00,1.390748237979309021e+00,1.396608086518309477e+00,1.422724164282872295e+00,1.412448125380466823e+00,1.403199147735835428e+00,1.407327284200654560e+00,1.422601160067900050e+00,1.416777679106661747e+00,1.419392652577612601e+00,1.400775324983014158e+00,1.448310507243917300e+00,1.397570301623410893e+00,1.393852240394601871e+00,1.423614380509204969e+00,1.417274508601157557e+00,1.439495396735926303e+00,1.414421934514655588e+00,1.420164589109750963e+00,1.418854298901517597e+00,1.387204704134341604e+00,1.419295493267046737e+00,1.425969487552363635e+00,1.431996296761641085e+00,1.407407661462899640e+00,1.429398350965828568e+00,1.428183390288946031e+00,1.397675556607549829e+00,1.406927658641807355e+00,1.398955814269548403e+00,1.398737053097069305e+00
1.329943062176886182e+00,1.291404749585990608e+00,1.321137537490002956e+00,1.325441034871337020e+00,1.290361785508530312e+00,1.316663279787372076e+00,1.329460393812192720e+00,1.311433844753773226e+00,1.306637193562960597e+00,1.301587433708697894e+00,1.310611045182619616e+00,1.333443794942675398e+00,1.309384361959521348e+00,1.302613384365054472e+00,1.285425094120425715e+00,1.306351456385794307e+00,1.348246749109562215e+00,1.310375107518244597e+00,1.310033475774793343e+00,1.305633125033889508e+00,1.348933251050212778e+00,1.315316426965267071e+00,1.308469645112119384e+00,1.308372385999990950e+00,1.294173788183786256e+00,1.313018552235029279e+00,1.301429242047102974e+00,1.321773542191529538e+00,1.325578460147228466e+00,1.312664304754713740e+00,1.300256240478606662e+00,1.285501694431153252e+00,1.300459986529032719e+00,1.317486017109485097e+00,1.297435708408649191e+00,1.308555129114663984e+00,1.302362497527769891e+00,1.310208521347681732e+00,1.293654114114843212e+00,1.313789678057035948e+00,1.352753951598795634e+00,1.305350687552202515e+00,1.285700737048941500e+00,1.315839385244572668e+00,1.331966991999668393e+00,1.330627277505408879e+00,1.323200633989829900e+00,1.294334963626931456e+00,1.308118535834168483e+00,1.286515427993456973e+00
1.232129308286331604e+00,1.222575799906064908e+00,1.219782600018936680e+00,1.213194325487500835e+00,1.216332878559598596e+00,1.217164333717947411e+00,1.200464966527821531e+00,1.209898490804870885e+00,1.203356421801230924e+00,1.205039835473837639e+00,1.205063963701466401e+00,1.236726870406544165e+00,1.203043244596928352e+00,1.178698397077688753e+00,1.202419908285259575e+00,1.213722784673890498e+00,1.228839845377488249e+00,1.219677845114668591e+00,1.182693500877411985e+00,1.219253687275487996e+00,1.206368685107646499e+00,1.212550127925814625e+00,1.218229488511023639e+00,1.184899246125328709e+00,1.223573796876452402e+00,1.215777854393991442e+00,1.228441989761840381e+00,1.204219108346005873e+00,1.201996060889028994e+00,1.217328369177701486e+00,1.194357438660766269e+00,1.201655414795548493e+00,1.224727708806857773e+00,1.214097177975696162e+00,1.237321121435782434e+00,1.197797440727879303e+00,1.206959530584093443e+00,1.209743354367658563e+00,1.222146150888264504e+00,1.210879269724937757e+00,1.221905506770868399e+00,1.237194513814707353e+00,1.194677635690342798e+00,1.195554066267031645e+00,1.211678571626565670e+00,1.206609041596589105e+00,1.221379224647469508e+00,1.214209616068681052e+00,1.201379627677848116e+00,1.207267729195769412e+00
1.106591608453452613e+00,1.131845701157270012e+00,1.091919856198289684e+00,1.127705108338263651e+00,1.102833077070659584e+00,1.117024363437814527e+00,1.106283850518297918e+00,1.109001989940135102e+00,1.107752638775388876e+00,1.133121331639171059e+00,1.112618522823755285e+00,1.122206359611919169e+00,1.134535956069032903e+00,1.099276167974027274e+00,1.113951425483524771e+00,1.076651871486326684e+00,1.109430863300453485e+00,1.125663125319723568e+00,1.116154933100715452e+00,1.093699360060263359e+00,1.161408935137334009e+00,1.130162140474171295e+00,1.112948784838817540e+00,1.119600158706942850e+00,1.118855823474283362e+00,1.109243735504499728e+00,1.120588609464316932e+00,1.127633543458471443e+00,1.103286298312238900e+00,1.130922254103797542e+00,1.118951294860430989e+00,1.130344244284359423e+00,1.126134531567199781e+00,1.095170264373185320e+00,1.095522024895296154e+00,1.124369808587942998e+00,1.095368898421820170e+00,1.135229759367284208e+00,1.090893304575804690e+00,1.116687714522276442e+00,1.117266698022287619e+00,1.078724049483130942e+00,1.129095629422215197e+00,1.129263567167707150e+00,1.106424915399531583e+00,1.118184577341957642e+00,1.089866592436431247e+00,1.105154162443856558e+00,1.113932421147141305e+00,1.114288050615656278e+00
1.032048939275854060e+00,1.014832954031262835e+00,1.027306957359431339e+00,1.018849484221279189e+00,1.023852132721617902e+00,1.019479738703927163e+00,9.811153766026718959e-01,1.024476751550119635e+00,1.028776419095610573e+00,1.022360047304933239e+00,1.011459320702349673e+00,1.023711990887606227e+00,1.005693037078744689e+00,1.035240400370070812e+00,1.031746925335760956e+00,1.009538154091134565e+00,1.011412159824424561e+00,1.020263938775338719e+00,1.006815586874002300e+00,1.022666050421608519e+00,1.017891908272605006e+00,1.026081336229800023e+00,1.006413805278188800e+00,1.023460945764819607e+00,1.013700138801616690e+00,1.025691998600588128e+00,1.002494687668545881e+00,1.012657326008934877e+00,1.004335993203315569e+00,1.018491723814272110e+00,1.024890648933336035e+00,1.017092241844366418e+00,9.962786942900916376e-01,1.021564872522302325e+00,1.013768291434266500e+00,1.015007752633922289e+00,1.009103169532766131e+00,1.003973842891118906e+00,9.906770153323660733e-01,9.964597259547989250e-01,1.016255959682472287e+00,1.040606516652720304e+00,1.021747660751314513e+00,1.007998277850850499e+00,1.031302042394950380e+00,1.028199213837378778e+00,1.045765983237280983e+00,9.905040098558480777e-01,1.000259530773113914e+00,1.028534347874504595e+00
9.255143536926008219e-01,9.076648545557816083e-01,8.995024486542148034e-01,9.145921012942073158e-01,9.185797358032012916e-01,9.323715287006585362e-01,9.218129468255921166e-01,9.374194827973503230e-01,9.150925388749042710e-01,9.104321327538317243e-01,9.266786086226187491e-01,9.197956451027303748e-01,9.218579047332369214e-01,9.146253031968718528e-01,9.564684776747716111e-01,8.974316024975025341e-01,9.211161716395070975e-01,9.141914528568789722e-01,9.511530218259088842e-01,9.080293480372009229e-01,9.212755221046818876e-01,9.193172766652653038e-01,9.097115628728770220e-01,9.174470723841675612e-01,9.286032910466076595e-01,9.174749903582164468e-01,9.144028252522263811e-01,9.141662757249626736e-01,9.091661619796739258e-01,9.313590243788175682e-01,9.112602276746483154e-01,9.271391962778438023e-01,9.413755278877864452e-01,8.975968779328933334e-01,9.198381104779157491e-01,9.334783475163098698e-01,9.398129978122717887e-01,9.200606682179990337e-01,9.319153594699802756e-01,9.175453498813551656e-01,9.178849269095097352e-01,9.418758734772687546e-01,9.215261261838801898e-01,9.290128799114719671e-01,9.198975105890540016e-01,9.080646227970202711e-01,9.127842804214071348e-01,9.350547619937689126e-01,9.282257975624772506e-01,9.221494283908752143e-01
8.353974440884832653e-01,8.260356849502561438e-01,8.205573949897138064e-01,8.303134649410418566e-01,8.255801178103804316e-01,8.217885101927956404e-01,8.233947703717753308e-01,8.194520391716498819e-01,8.084605453361798366e-01,8.149702829846614538e-01,8.323297200414437880e-01,8.373400248052315087e-01,8.270244440361984584e-01,8.348556417872570190e-01,8.127034565034378932e-01,8.072695569840713237e-01,8.139569589845412345e-01,8.471193740831465258e-01,8.359070822904589582e-01,8.185319647248135988e-01,8.241712621997137056e-01,8.226159458085846587e-01,8.145916376761158650e-01,8.314041634599689257e-01,8.222929544517667555e-01,8.326054193165216555e-01,8.321014679860323504e-01,8.130635098467158262e-01,8.365915885596177937e-01,8.230505134311483229e-01,8.416025590613311902e-01,8.516406327082443051e-01,8.292961615546304843e-01,8.344136304354607958e-01,8.366610355673789190e-01,8.253164509273491767e-01,8.114220292685058178e-01,8.435490311806662644e-01,8.146973623964188782e-01,8.256699079190402690e-01,8.259200414888856479e-01,8.195278834502650600e-01,8.417796262954722053e-01,8.256583136189262762e-01,8.463688713413101139e-01,8.267973626973599277e-01,8.286431386581167846e-01,8.156210998341333340e-01,8.280319038214223326e-01,8.187613746586317465e-01
7.336710470241650794e-01,7.405907043027246672e-01,7.553946731106782053e-01,7.277940204621812237e-01,7.333694994456892990e-01,7.439025067771075639e-01,7.415874575122953782e-01,7.356332762537035608e-01,7.412287887615264248e-01,7.464839482926897141e-01,7.435951611611210099e-01,7.417778758220003876e-01,7.526755166871020863e-01,7.478705003760547365e-01,7.473135373310024754e-01,7.324777200926417819e-01,7.356519208044255409e-01,7.594543188147334645e-01,7.257874403153510290e-01,7.340884470269549711e-01,7.275018165085620492e-01,7.312434371395940547e-01,7.378015384085336859e-01,7.207548464965395363e-01,7.511571547211800537e-01,7.330913334772342083e-01,7.243298764490184727e-01,7.185626578251351759e-01,7.300415895825395074e-01,7.346620231036491422e-01,7.558500265618597336e-01,7.413943441125501188e-01,7.469918321265999195e-01,7.490984049459101790e-01,7.340122786278147071e-01,7.350286512616142076e-01,7.409584904914165993e-01,7.486413526677065944e-01,7.421464544309234190e-01,7.433655024993953697e-01,7.382462404420649937e-01,7.384242729353417412e-01,7.273689068479515241e-01,7.335632371859698297e-01,7.340532879978947101e-01,7.434693409184154334e-01,7.388174569643535250e-01,7.475609771668686454e-01,7.396669040057455291e-01,7.387832044508847451e-01
6.425521150107890156e-01,6.312999105837612257e-01,6.620975813175420388e-01,6.488474811187551206e-01,6.486238867128096830e-01,6.648195751550263211e-01,6.472087544446570861e-01,6.451266471580929807e-01,6.426481540923328906e-01,6.555626827932877765e-01,6.736287359026925659e-01,6.577334262977525547e-01,6.678193950459317962e-01,6.589436664052549242e-01,6.512060629239206921e-01,6.556333024558204103e-01,6.675277588160795084e-01,6.398527626349665987e-01,6.635136834963527575e-01,6.577993974981518610e-01,6.620259542440366518e-01,6.559857030168890768e-01,6.426306964375809727e-01,6.285351735524397077e-01,6.407761393498180302e-01,6.301719212220339150e-01,6.551875317616182581e-01,6.579114366049068074e-01,6.513464600420144635e-01,6.593213578478183123e-01,6.482942636906977585e-01,6.273861838342558173e-01,6.609319824392067000e-01,6.577623158454591890e-01,6.596795246184161687e-01,6.456037016244728921e-01,6.497066467258381106e-01,6.431943674117243104e-01,6.658646459493315906e-01,6.480509462024266476e-01,6.490906829520461940e-01,6.555284914655555850e-01,6.441973837904882982e-01,6.565944952113555999e-01,6.506724205774641057e-01,6.540978899377308808e-01,6.517086263564869641e-01,6.615007429961272667e-01,6.436462864235373837e-01,6.539394190667490170e-01
5.722787876349925140e-01,5.717901419953893560e-01,5.667335153393365799e-01,5.782703127092457818e-01,5.804677299302101190e-01,5.567531129789650146e-01,5.649106355248874056e-01,5.586729120449209773e-01,5.648354667919367467e-01,5.779368757937781709e-01,5.959907105875922317e-01,5.542968167800238488e-01,5.600918064424476039e-01,5.705793008967112723e-01,5.645090789175746249e-01,5.737707190792771250e-01,5.655203471737070275e-01,5.653103295604158252e-01,5.504887545753843758e-01,5.772762598931765465e-01,5.675953276816885218e-01,5.707513895004761029e-01,5.527227827730540888e-01,5.609442883608264374e-01,5.609936037015403887e-01,5.620890928076942572e-01,5.692427950797096514e-01,5.798189839235756704e-01,5.832908518750649085e-01,5.602335517963622502e-01,5.630332323439147801e-01,5.582571695131540723e-01,5.695179974956035007e-01,5.800861966172123907e-01,5.681137891085517033e-01,5.737265698797165969e-01,5.550137254812119725e-01,5.613835034500541665e-01,5.668539156998703143e-01,5.796035177083541656e-01,5.712768292858491082e-01,5.768147116424499066e-01,5.778884701588894446e-01,5.611339259333745222e-01,5.749000214575966661e-01,5.668841534050671482e-01,5.730091876933568473e-01,5.700879040061044289e-01,5.737483126853132331e-01,5.551806945105398627e-01
4.898648367069565746e-01,4.882450282970918765e-01,5.078018045041153838e-01,4.923290671090588821e-01,5.160800902407307600e-01,4.770598316691657681e-01,4.892003584737700250e-01,4.918610259873252288e-01,4.905298383491428771e-01,4.922943257255479876e-01,5.027987196652025093e-01,4.908411261690563965e-01,4.799281693664583792e-01,4.794334459127589376e-01,4.999570202104375305e-01,4.869772656704937086e-01,4.901304680548377868e-01,4.743108425703364550e-01,4.809728193142929209e-01,4.901728889500513997e-01,4.812805952711274871e-01,5.022711590497964673e-01,4.916214792860768568e-01,4.812090473239809540e-01,4.943013330151707629e-01,4.993261088115012458e-01,5.045767364100504082e-01,4.894635725226878509e-01,4.934725286289796675e-01,4.699053653117344354e-01,4.889916866208569579e-01,4.731606345199161900e-01,4.762703568731206927e-01,4.812422505376944271e-01,4.879885593465003168e-01,4.945030168920936942e-01,4.827496673607262756e-01,4.821930377118582300e-01,4.877227787549577864e-01,4.901871480393282243e-01,4.881791623341198427e-01,4.892579975227861477e-01,4.879896715665851814e-01,4.970901888843712868e-01,4.888545866449743871e-01,4.852274201505131779e-01,5.001831383052712798e-01,4.950444235514379065e-01,4.802792564534367203e-01,4.765977124803481568e-01
4.165051098415449848e-01,4.171231048750453363e-01,4.036718990078881908e-01,4.065223810614728150e-01,4.054441611624875486e-01,4.178894885681195825e-01,4.161347820383024532e-01,4.232408788076238437e-01,4.167069867338927258e-01,4.043076831711740482e-01,3.909596524839195619e-01,4.149433086850750074e-01,4.269539730346081363e-01,4.205536348691389925e-01,3.946645501716670168e-01,4.139361528964395354e-01,4.137622797178615586e-01,4.111628365368629190e-01,4.134754875473778402e-01,4.124848775079384411e-01,4.261034723865588236e-01,4.081448854634847079e-01,4.093002734067380244e-01,4.116950165428683306e-01,4.146089717061270941e-01,4.121183962204634788e-01,4.190577771024627252e-01,4.199861683731844209e-01,4.069604480359044207e-01,4.019295534882879051e-01,4.121176617522352426e-01,4.103551257190798940e-01,4.157700576290969674e-01,4.168366971065953219e-01,4.159692926632199139e-01,4.222974023830217138e-01,4.102531894318088290e-01,4.174098007651056430e-01,4.171988112076253641e-01,4.177771865869080448e-01,4.124048666518896344e-01,4.230539048837190230e-01,4.108948855881983109e-01,4.129275473162203891e-01,4.187006561846742803e-01,4.120719395546065256e-01,4.087204873542870653e-01,4.181019747161295319e-01,4.269699125162414455e-01,4.173569047251135533e-01
3.414859681345055464e-01,3.427080005875905999e-01,3.421988281932108467e-01,3.439988560421360364e-01,3.320130906173530683e-01,3.384586668025221790e-01,3.442662426112879093e-01,3.423637144231686524e-01,3.451548262519195109e-01,3.429053115440703903e-01,3.361534839743923753e-01,3.534358960721025178e-01,3.541459196291193434e-01,3.470829546772896679e-01,3.337701727385993800e-01,3.426355678244691338e-01,3.525488943182173984e-01,3.461626543672399747e-01,3.408765663455202710e-01,3.423274044404112648e-01,3.427003320972616951e-01,3.419183405729888658e-01,3.372374138630704898e-01,3.460108537874733714e-01,3.438532828236119943e-01,3.522703077693392637e-01,3.424326772401588004e-01,3.459516202713630029e-01,3.418400181875231869e-01,3.456178835068971500e-01,3.448162449674604946e-01,3.490576374169352958e-01,3.494793947343309837e-01,3.448726812013144793e-01,3.428765994636966963e-01,3.383540713023303614e-01,3.481072689108913321e-01,3.467479451571015558e-01,3.459936824655842624e-01,3.287035458816264799e-01,3.338852127606800058e-01,3.464287748577475901e-01,3.417986338061920759e-01,3.425477981356250257e-01,3.395712741554335889e-01,3.303173154389630883e-01,3.343546662724999341e-01,3.425689737957585135e-01,3.387261251256483141e-01,3.492035388755204695e-01
2.713925412690719186e-01,2.707680237797304712e-01,2.816619300335331255e-01,2.756137159218129962e-01,2.817026573165587466e-01,2.657733907716722799e-01,2.622424967482997471e-01,2.709047189824998481e-01,2.774300216747554448e-01,2.754272573255636125e-01,2.785622996294129239e-01,2.710519909174269326e-01,2.931426043122570269e-01,2.733168139073042791e-01,2.759275723979334183e-01,2.707109650341317786e-01,2.829696565002753350e-01,2.778463655945543342e-01,2.728847643346444807e-01,2.712037831135228894e-01,2.815633144668590049e-01,2.795712963419442754e-01,2.817841211772561527e-01,2.828409194523587855e-01,2.732999431432620030e-01,2.787250953511459794e-01,2.728127071261601810e-01,2.783556863767686074e-01,2.879641332197557246e-01,2.732024465657055812e-01,2.818352576841130497e-01,2.764510539465390160e-01,2.759487319688376239e-01,2.883854897493865477e-01,2.791477318323592471e-01,2.835399597803134886e-01,2.750132196190781531e-01,2.638265924172829568e-01,2.742839918730993198e-01,2.881382487428784112e-01,2.873115994361563064e-01,2.769987238293457055e-01,2.744693656874563348e-01,2.724209954546971679e-01,2.718159154140884493e-01,2.852905018160880601e-01,2.772415479291726603e-01,2.671841803524426240e-01,2.800402921354405716e-01,2.792052569786838689e-01
2.031324754639677599e-01,2.113499105026081237e-01,2.113772032611990204e-01,2.207186372269919761e-01,2.139143003922716613e-01,2.242706469452172280e-01,2.204726789219859096e-01,2.109203955796575825e-01,2.108299304013809827e-01,2.102464444974938285e-01,2.119104150773300776e-01,2.138928975815715394e-01,2.118573730347790285e-01,2.205799385095819909e-01,2.144028584418132544e-01,2.152292136868828032e-01,2.152629895598232590e-01,2.124189040249138127e-01,2.134579847712598788e-01,2.227034224495383907e-01,2.066802636804380144e-01,2.133079572703396043e-01,2.113157635867063955e-01,2.079323538228667889e-01,2.101191910965511112e-01,2.200955464966790343e-01,2.143918799740597014e-01,2.097849813544106767e-01,2.182470885404145522e-01,2.221794170640070121e-01,2.166543503294734718e-01,2.207320487363752803e-01,2.135547457847999098e-01,2.139876702677382114e-01,2.146340819527973731e-01,2.133637059010254911e-01,2.076882894372779342e-01,2.085868796602063369e-01,2.196284133243024961e-01,2.028053324240790267e-01,2.241104453236265615e-01,2.171747852462773964e-01,2.165373871054233623e-01,2.031777511374185663e-01,2.178090775997220119e-01,2.198969036485745321e-01,2.205951572530415461e-01,2.191250775799040706e-01,2.102555475431024945e-01,2.157029778895409311e-01
1.655005518538546494e-01,1.634001590505767820e-01,1.530856690104539231e-01,1.606223666904318947e-01,1.572311404204612129e-01,1.598151625717868507e-01,1.602605977293651840e-01,1.604582783124092471e-01,1.517074112525679530e-01,1.551197851413317896e-01,1.543325614447296490e-01,1.543516833396339494e-01,1.563440317679181957e-01,1.669864878599929547e-01,1.503760168171044964e-01,1.611429855093176322e-01,1.621785384727071899e-01,1.587972162322589254e-01,1.593148518589716234e-01,1.546435152844185534e-01,1.616019840666071683e-01,1.653608752084411437e-01,1.448883426307863154e-01,1.615821479897824597e-01,1.508040884218638245e-01,1.601271550651657272e-01,1.541461112132491151e-01,1.548343117169864169e-01,1.604828058642980004e-01,1.608026190966348745e-01,1.634578499599444734e-01,1.634266471507593577e-01,1.556093140439767930e-01,1.615956545254903787e-01,1.522504726199952474e-01,1.641040531842013483e-01,1.604116210596590875e-01,1.573468145774404858e-01,1.658294651529126640e-01,1.550087281508497061e-01,1.596664103091329778e-01,1.601078494623809634e-01,1.594192804965030852e-01,1.497580518721761955e-01,1.629130504028630244e-01,1.497049864662695629e-01,1.608678016883239859e-01,1.606867289294506840e-01,1.674579646386575305e-01,1.578923869975949745e-01
1.115959651991686868e-01,1.098896082529214890e-01,1.069614286145901538e-01,1.053376999141866777e-01,1.040260817921557085e-01,1.101382201034628167e-01,1.087374210953581111e-01,1.168867666561113350e-01,1.100911503307028805e-01,1.032888808996695051e-01,1.053722484636874235e-01,1.088458743676687379e-01,1.117274524976969996e-01,1.049073850976160599e-01,1.057958426800049145e-01,1.091682649408635547e-01,1.126057004506883924e-01,1.105586357137067488e-01,1.063467975609145716e-01,1.110518843477944079e-01,1.077750787418708389e-01,1.101826572961752265e-01,1.073774728595102840e-01,1.042317341759359806e-01,1.093594054713774577e-01,1.105353400363309063e-01,1.130718527135048945e-01,1.125503260273317402e-01,1.063453040303648928e-01,1.114803537857165655e-01,1.091365928980488204e-01,1.069934384798269800e-01,1.047667684327472232e-01,1.126624243068981707e-01,1.133077535136628317e-01,1.148446159860685295e-01,1.173865863776854812e-01,1.151639578779781875e-01,1.139553413860155268e-01,1.050385447742594736e-01,1.136885459172203156e-01,1.080521064645021678e-01,1.094081931710667588e-01,1.115072015406958217e-01,1.089755524979023754e-01,1.095206502638967072e-01,1.088179201638372062e-01,1.121981604317740105e-01,1.103176815981304487e-01,1.087822355509596578e-01
6.811790870879795567e-02,6.968675679326169492e-02,7.028952745333330587e-02,7.179856280212901232e-02,6.888869031921955599e-02,6.636176104294909395e-02,6.963646504256208736e-02,6.898144265781823437e-02,6.843685331310911391e-02,7.135592278408475764e-02,7.066508530823198408e-02,7.082177541056432213e-02,6.814142237588849405e-02,6.848703015806170691e-02,6.371140733930537314e-02,7.014590998227374086e-02,6.488407728385560402e-02,6.793016692311190652e-02,6.831009759760493794e-02,6.690234363890826264e-02,7.098742135084838700e-02,7.071675972834585988e-02,7.064591593615400511e-02,7.044277228716148975e-02,6.755605196224019615e-02,6.769291280820466383e-02,7.157837144524434314e-02,6.797731521468451665e-02,6.205417478609128595e-02,6.852093471892864440e-02,6.784561184469040107e-02,7.027965092448068551e-02,6.813533370567068093e-02,6.640801407604299267e-02,6.813203223759195515e-02,6.798315371401969509e-02,6.735407662338507850e-02,7.015271966779255963e-02,6.918414827185062621e-02,7.149051105440137888e-02,7.008488239287843924e-02,7.167190141863244435e-02,7.207475024307861966e-02,7.100661417123579899e-02,6.802437308574492414e-02,7.175998838460809215e-02,6.920223550269394286e-02,7.141668591819744227e-02,7.104954323306031383e-02,7.061159070374344038e-02
