2.651381365368514764e-01,2.649047419410781035e-01,2.646497283271380119e-01,2.598453290835821550e-01,2.637620994131952834e-01,2.700571511651991830e-01,2.586745266028022683e-01,2.603204053812895324e-01,2.647325185756451704e-01,2.689420095297608837e-01,2.631872930951975609e-01,2.578277782149478448e-01,2.667374422786081833e-01,2.667956110379248180e-01,2.605473975514951968e-01,2.638850362229280822e-01,2.643861290017793242e-01,2.649165209044007652e-01,2.660440800136004147e-01,2.669675266467925190e-01,2.612950239689370568e-01,2.620820647991306540e-01,2.693855528289161860e-01,2.697082533166215712e-01,2.555405838821475650e-01,2.658473545627202950e-01,2.649101033272893702e-01,2.671185691103237225e-01,2.622908097698609109e-01,2.638369102143937606e-01,2.636964188054144453e-01,2.629417654612630217e-01,2.646632251945055803e-01,2.587046134167087508e-01,2.609638732637029612e-01,2.630793158568343060e-01,2.635131541273424416e-01,2.684991872183797312e-01,2.609782250141712279e-01,2.657410480492121696e-01,2.700904399611434026e-01,2.639156990807151604e-01,2.696802768603541178e-01,2.645857370771421135e-01,2.630164655209885627e-01,2.577738402742337787e-01,2.645575321631360999e-01,2.653136234613603373e-01,2.634060143189971281e-01,2.601723654980733214e-01
2.652303805065120978e-01,2.647198139903248482e-01,2.599367875442682996e-01,2.599023931184945568e-01,2.641396155221317765e-01,2.603273724801647426e-01,2.660868490906388439e-01,2.621251800873033999e-01,2.595904799942668761e-01,2.634882602242172300e-01,2.700794889250785480e-01,2.631899790103547909e-01,2.646194582826293940e-01,2.648494359688842725e-01,2.637973158890250525e-01,2.597130618330226737e-01,2.645255741127705562e-01,2.617927788343389350e-01,2.647555406165051917e-01,2.662824964202898936e-01,2.613711855372642945e-01,2.628063417136506374e-01,2.600368248427989970e-01,2.611322235526697400e-01,2.644907125516520741e-01,2.547470512937768383e-01,2.669095958120213941e-01,2.641461730167605770e-01,2.640556584726332368e-01,2.612444944372625533e-01,2.630806806804767972e-01,2.638915849988564544e-01,2.564890704284182865e-01,2.583386810941491474e-01,2.610655258807464407e-01,2.659628384502469300e-01,2.660204700663857391e-01,2.627473259515629711e-01,2.598379858976241352e-01,2.634759680770383250e-01,2.638615833590626236e-01,2.705854928341121513e-01,2.561813253712224570e-01,2.670247304048155024e-01,2.683593122503872830e-01,2.630034757489814745e-01,2.673035497140388572e-01,2.554811992468197235e-01,2.638824535111704561e-01,2.647364130140586469e-01
2.557859746912844456e-01,2.588114196784286891e-01,2.633347505015900536e-01,2.642736133192045700e-01,2.614984274164943168e-01,2.644903626286992382e-01,2.604030323753002141e-01,2.596969989294511949e-01,2.640241667048767171e-01,2.620308365216916235e-01,2.628980008695467885e-01,2.681155783859560104e-01,2.617936154728854881e-01,2.623710267081367231e-01,2.685685869351185917e-01,2.664368753682381241e-01,2.629879800142206903e-01,2.673244537960163258e-01,2.704610051538863802e-01,2.654080729431441688e-01,2.606304103981780251e-01,2.622358579885509799e-01,2.618172949220378687e-01,2.653216142929232801e-01,2.592328758234278552e-01,2.705329909395796095e-01,2.569825112542857837e-01,2.582649418622606219e-01,2.622132902810631605e-01,2.565802095351059076e-01,2.693303350902930271e-01,2.586935289817454131e-01,2.674252920523559340e-01,2.620069428114649712e-01,2.683032053609189505e-01,2.612143977156990982e-01,2.649715149657074220e-01,2.600356734169819717e-01,2.603302231819639712e-01,2.655572899479101134e-01,2.574766845126511550e-01,2.620924473153942169e-01,2.649261599094236974e-01,2.595214320579347089e-01,2.618126573546895042e-01,2.605788923252683187e-01,2.630419523937512771e-01,2.628396495861986537e-01,2.703469576678865782e-01,2.672817955660155009e-01
2.637587750646515072e-01,2.626122413204723394e-01,2.610297912498920070e-01,2.617435909606428690e-01,2.656097819565472751e-01,2.662283975202273112e-01,2.579930490234151885e-01,2.632999038990099794e-01,2.662863895903005984e-01,2.574602778512707357e-01,2.670072173157423401e-01,2.706268394500776497e-01,2.596318253447874036e-01,2.655682002721461155e-01,2.650389744630998190e-01,2.635379140880936277e-01,2.621121615097093960e-01,2.612481208003558097e-01,2.615248579754201330e-01,2.608997419078046831e-01,2.606850401930129735e-01,2.631746283609460724e-01,2.653792959251848327e-01,2.617561626220901161e-01,2.684722036847542737e-01,2.610293743642391195e-01,2.610764937614452053e-01,2.555888498766401562e-01,2.589902033241177071e-01,2.599998862648156273e-01,2.633614519134708787e-01,2.654848371781447502e-01,2.645987504364690768e-01,2.598355654336420018e-01,2.644903097838258721e-01,2.642849614015876369e-01,2.601554321370859735e-01,2.619065109949326176e-01,2.664581687984190483e-01,2.582573190503950067e-01,2.648374575259983543e-01,2.595834709507933158e-01,2.522696195115978202e-01,2.634535316436668051e-01,2.606160596840508270e-01,2.617411942942587388e-01,2.661752237081219663e-01,2.541400389977759855e-01,2.619371527587566750e-01,2.622366056158333958e-01
2.670627208361465721e-01,2.595852540684861487e-01,2.601730641081197448e-01,2.602389800855976487e-01,2.614413464824043021e-01,2.645884705856342278e-01,2.581209620576329633e-01,2.634841103787363137e-01,2.608185910262704743e-01,2.542333550773541728e-01,2.593603126521242808e-01,2.591500879167411009e-01,2.582922353949917982e-01,2.618392341241862487e-01,2.631217443404307854e-01,2.605074723496322853e-01,2.618728850510858019e-01,2.595246994074016378e-01,2.599396658531830107e-01,2.630714110127040928e-01,2.682463369184133195e-01,2.585975949076393388e-01,2.588293560422544881e-01,2.556966500660859953e-01,2.582926647763303385e-01,2.597672640099051855e-01,2.603937992536831669e-01,2.554054217237262114e-01,2.626815884578733717e-01,2.637954718445412738e-01,2.676468555100266489e-01,2.592159966194344523e-01,2.622594066856477335e-01,2.584345685287411931e-01,2.545230738325729436e-01,2.634418485385383590e-01,2.688917750154379838e-01,2.634887246539363570e-01,2.681334695850269290e-01,2.600603274028262524e-01,2.596508388884001262e-01,2.669883374743238780e-01,2.526483757468303559e-01,2.619131380999152325e-01,2.631018704315872259e-01,2.674428461339782293e-01,2.629344016027886366e-01,2.600084972832761299e-01,2.587773841840848021e-01,2.590218487268555747e-01
2.629403433358248332e-01,2.576067335259039637e-01,2.569740046492715035e-01,2.597278041205471344e-01,2.616080840040703182e-01,2.612196906710875788e-01,2.594734673060899999e-01,2.601089602447499427e-01,2.552059957166023518e-01,2.659369720085001942e-01,2.595318194806616185e-01,2.612072276961416306e-01,2.596209140686847050e-01,2.627689735609959332e-01,2.633733840401450976e-01,2.619109794075101250e-01,2.563291421111702495e-01,2.603950721955942682e-01,2.605211482670777845e-01,2.552790805688220366e-01,2.562273297403061534e-01,2.620446951128677093e-01,2.526062557461579150e-01,2.663206996415500849e-01,2.579826292781710051e-01,2.590432064269614365e-01,2.653863361633894136e-01,2.588310285385815313e-01,2.649617278215524174e-01,2.567268450315091655e-01,2.597959561765150194e-01,2.627766178120636287e-01,2.600360983442779328e-01,2.609141291616874359e-01,2.588514027179505406e-01,2.579481072742483838e-01,2.575297368994897140e-01,2.600319795012286939e-01,2.658800282410230809e-01,2.613348409622791579e-01,2.560468035438605017e-01,2.622423901256830114e-01,2.633768143039467158e-01,2.577831452671849322e-01,2.582043372200789610e-01,2.590273108529703161e-01,2.598321685494973665e-01,2.607962268259303995e-01,2.563147786602585909e-01,2.579066351489318065e-01
2.606797930385821860e-01,2.601233655246498744e-01,2.610570278040501568e-01,2.535265415335301031e-01,2.600283694131805823e-01,2.604864607005495380e-01,2.565334836019304565e-01,2.638732987364625915e-01,2.561550946090260794e-01,2.545692736105260590e-01,2.612640542217288808e-01,2.659901975738152013e-01,2.528026598220808330e-01,2.497011883809373833e-01,2.550386072507700996e-01,2.603617710302828514e-01,2.508681483118111455e-01,2.560146740085060824e-01,2.518421263608541238e-01,2.563251529005137197e-01,2.552477392847061211e-01,2.555337388825851264e-01,2.560719849676192927e-01,2.560821360048748385e-01,2.549610332542262547e-01,2.625025931671374213e-01,2.564701964746082807e-01,2.570938355287233357e-01,2.574532009660586707e-01,2.606151383851796899e-01,2.571219129002511039e-01,2.599487807198787026e-01,2.570186833081847255e-01,2.631919597305013570e-01,2.606748465317882957e-01,2.605805187753071905e-01,2.566120549627735614e-01,2.538328560259503486e-01,2.515422381734102597e-01,2.558539647904591319e-01,2.624396196370689105e-01,2.610532686891325893e-01,2.617297568843302558e-01,2.603199284944291425e-01,2.569345637609340427e-01,2.619473353558025575e-01,2.644125243853728269e-01,2.639656685755591981e-01,2.580916707553528311e-01,2.617279938377093940e-01
2.618433493914906762e-01,2.506941063306158957e-01,2.542065312419821144e-01,2.546995795086601788e-01,2.540521254359399128e-01,2.569239684697341985e-01,2.529711500635033472e-01,2.592427398049572673e-01,2.539066351191495152e-01,2.535684033616483757e-01,2.514454454217820989e-01,2.523273778515687793e-01,2.582573045547338353e-01,2.558293615803228227e-01,2.529617637220976656e-01,2.541469295345637480e-01,2.579210929876242231e-01,2.535257014896769578e-01,2.530924287533624084e-01,2.575761236917199493e-01,2.581955045267130266e-01,2.533512800311473190e-01,2.462926805816345877e-01,2.558360333937568787e-01,2.544808425010102737e-01,2.489942738360031993e-01,2.573166819101992409e-01,2.575314628551749196e-01,2.592523487479481137e-01,2.552421024619247469e-01,2.515585744436234505e-01,2.536269816568193503e-01,2.527329202165474742e-01,2.549155131358984416e-01,2.603312133165124886e-01,2.582506202941362017e-01,2.617125825121550675e-01,2.528686920043370367e-01,2.543642888167051974e-01,2.574522790629230062e-01,2.562599746106141163e-01,2.523151295533295757e-01,2.572884163223241871e-01,2.546339597336314542e-01,2.605731306401291025e-01,2.536108698113938020e-01,2.564288026789318664e-01,2.582528002405017897e-01,2.553494536418425831e-01,2.560915251027308104e-01
2.603394929072546105e-01,2.496488681258539621e-01,2.594992126452601577e-01,2.580830452165490674e-01,2.498646929008277728e-01,2.500499207531141077e-01,2.527533765610493477e-01,2.501208683361090257e-01,2.542960220303077667e-01,2.578241186923967976e-01,2.554508506445429816e-01,2.508056087380427512e-01,2.552917964288652364e-01,2.563701061027578998e-01,2.519589054354191004e-01,2.566792009991500367e-01,2.505174143121712271e-01,2.593583637595889835e-01,2.541896641556280478e-01,2.456942446860996832e-01,2.503339348954434218e-01,2.527625000873018335e-01,2.496581328694106316e-01,2.543592967588038101e-01,2.575988601583484305e-01,2.513320196406657603e-01,2.507198103506394493e-01,2.540953199445384336e-01,2.584127742956733309e-01,2.476040856371503063e-01,2.585710040701642010e-01,2.496489162370712778e-01,2.476642461325296862e-01,2.501600400566454385e-01,2.479552641326153717e-01,2.498147168573630617e-01,2.588882116052808047e-01,2.520858678106075446e-01,2.515407287637186351e-01,2.565794877047770095e-01,2.554402500598344505e-01,2.555272717796945314e-01,2.512136950450280515e-01,2.566075007780547201e-01,2.530588522865713230e-01,2.558842639022538279e-01,2.529580939490882474e-01,2.553745285324569569e-01,2.527344484354688836e-01,2.531067749523797650e-01
2.537128229099381849e-01,2.492429244392236065e-01,2.520190731706845599e-01,2.484095800521858577e-01,2.579872504599519112e-01,2.528904932125045080e-01,2.471872807672627070e-01,2.523677037589793226e-01,2.524542399361250911e-01,2.461684713807015812e-01,2.497097403589054188e-01,2.438181266152270044e-01,2.519970463639626956e-01,2.534412201722138214e-01,2.541638564326985650e-01,2.551866254807788059e-01,2.477379609925787762e-01,2.523555114333638771e-01,2.481485559513953165e-01,2.546312146416308542e-01,2.491616067127217782e-01,2.501808863436147945e-01,2.547449825231654086e-01,2.517424910071201505e-01,2.502683225496616926e-01,2.507914830734594980e-01,2.509111094896543936e-01,2.463276055720190760e-01,2.504935172466808413e-01,2.503217907840165068e-01,2.458334806129934547e-01,2.544229993958355140e-01,2.489488241610530450e-01,2.519117614588270992e-01,2.541672762057610724e-01,2.518320066500907561e-01,2.474764395463135980e-01,2.560066900192487505e-01,2.541723180726487841e-01,2.559090552702753540e-01,2.469042920124701057e-01,2.537609668887916836e-01,2.477802615774110095e-01,2.494436886377224272e-01,2.502644898264133055e-01,2.534363013468037829e-01,2.533934159082787962e-01,2.520704711251626762e-01,2.549099041556296408e-01,2.536311448342417618e-01
2.525921752203690862e-01,2.455217761215319483e-01,2.479163676374388225e-01,2.499494583661742986e-01,2.462351862799434798e-01,2.524151425449456254e-01,2.525277825536460519e-01,2.477246968663097126e-01,2.484652796874376179e-01,2.511589598495228559e-01,2.450731122032354381e-01,2.470307164452753279e-01,2.511229588571713411e-01,2.527655512277508509e-01,2.473933684676289102e-01,2.512516539907996838e-01,2.523593770776400569e-01,2.531638634740517313e-01,2.525243636151129345e-01,2.466708476130426708e-01,2.419162437402111732e-01,2.491240628533376300e-01,2.414457922223511577e-01,2.489017517683822234e-01,2.463801156096001310e-01,2.447126275798186534e-01,2.448717611017247608e-01,2.437486300662472238e-01,2.435198188727902835e-01,2.502722502328602050e-01,2.481978578890177978e-01,2.516629102463091017e-01,2.488545761860513628e-01,2.501273505807892206e-01,2.470846977153716151e-01,2.483974179759327883e-01,2.532786537055801146e-01,2.505879159051771499e-01,2.461789719026276635e-01,2.486098267303102904e-01,2.446355641945145709e-01,2.533643514203661740e-01,2.480514600087093124e-01,2.595458618667171313e-01,2.416348640466365882e-01,2.531916789563101733e-01,2.432027967637889476e-01,2.473088164142153156e-01,2.440656673524747300e-01,2.419534167029535332e-01
2.406113982503039206e-01,2.454101984073620846e-01,2.439912286854230283e-01,2.434793207742069476e-01,2.465218011269352250e-01,2.482903539881297639e-01,2.426727300887451810e-01,2.527379633636524514e-01,2.424445460601978020e-01,2.506388819486430330e-01,2.401071669267732800e-01,2.499482994062656449e-01,2.502472436999119698e-01,2.447946714886297115e-01,2.406471723043092925e-01,2.484663351786418339e-01,2.390828799704569352e-01,2.471954816870032545e-01,2.447640572780046819e-01,2.417176733747517514e-01,2.399481393507363058e-01,2.415954900223936108e-01,2.517881079386612431e-01,2.451049758643402965e-01,2.496808247364127042e-01,2.542612662573142113e-01,2.390857314516874887e-01,2.474806695629139797e-01,2.491453269690030448e-01,2.490134843958766442e-01,2.453240859574551402e-01,2.463383472958930454e-01,2.495288048375697010e-01,2.447090302174479703e-01,2.490358245263138426e-01,2.468948633907026013e-01,2.460503785108184294e-01,2.446693556775927092e-01,2.433798196832523408e-01,2.468764012978190980e-01,2.450255633180580539e-01,2.454051896701328062e-01,2.406204566514604515e-01,2.445027744877229514e-01,2.468220471480890854e-01,2.478642110886570826e-01,2.469522343508256113e-01,2.446935384047930484e-01,2.407649311541741055e-01,2.458200498325232020e-01
2.425515847099278255e-01,2.392082813665851737e-01,2.419849279117431695e-01,2.386487618273724631e-01,2.471333164977246588e-01,2.372217966150642898e-01,2.423204498144075070e-01,2.437107797900267270e-01,2.427736812253633858e-01,2.434661735399277771e-01,2.459768653571412500e-01,2.468346934942629578e-01,2.420144821160667981e-01,2.384906268962118103e-01,2.431032187290945168e-01,2.529796050499283355e-01,2.454576254585240647e-01,2.394046836003081991e-01,2.420357354361697133e-01,2.387618648269830002e-01,2.434353793880567052e-01,2.457222503056172846e-01,2.406696385213975276e-01,2.403888292971225749e-01,2.485134283914453845e-01,2.423288918599733055e-01,2.428847116085281199e-01,2.385604818183519604e-01,2.389460102780844586e-01,2.469294172593673731e-01,2.420316274073858465e-01,2.464572674156606524e-01,2.429250709050683465e-01,2.418475422329566527e-01,2.345307483094665191e-01,2.446510921340184774e-01,2.371533383852677257e-01,2.404811632528218446e-01,2.463534877333424800e-01,2.397804287542412149e-01,2.407847885959274736e-01,2.436078879790610496e-01,2.369013352321104882e-01,2.377079718820317156e-01,2.431632035437971684e-01,2.415894961732620305e-01,2.422323675332605231e-01,2.419886316689825734e-01,2.432947390289016132e-01,2.353122935432678531e-01
2.400129519731456773e-01,2.366917123096284881e-01,2.353253657696685042e-01,2.391476386984398295e-01,2.336450378313938425e-01,2.396306169608489467e-01,2.377740238547716989e-01,2.357088920163047385e-01,2.388724692967298391e-01,2.350546243351971654e-01,2.376681245835141343e-01,2.333814435617991012e-01,2.344017997044893498e-01,2.406657734133972049e-01,2.404878533398373819e-01,2.367950814268293402e-01,2.460542351649124548e-01,2.416498131618024792e-01,2.411614200697500543e-01,2.392222253460510872e-01,2.355056901949853509e-01,2.401156575124891723e-01,2.331401729806625300e-01,2.380103975809962080e-01,2.352805270968558182e-01,2.330710343019773700e-01,2.409851407462648143e-01,2.394159486338979792e-01,2.396134416103153641e-01,2.371553900866163744e-01,2.374474241472731839e-01,2.351819933869814527e-01,2.376184139998156752e-01,2.379571831733488241e-01,2.396263113902589725e-01,2.376999828671557402e-01,2.400602192193877771e-01,2.290036644617540196e-01,2.368038994886904058e-01,2.369120566708221298e-01,2.364646488512651967e-01,2.387842216909704940e-01,2.338726767337001577e-01,2.373957368780128252e-01,2.381666383030040801e-01,2.408532469742943050e-01,2.388337544373885790e-01,2.350048661602563427e-01,2.325431858950808006e-01,2.335290631448845855e-01
2.378614391455872445e-01,2.348920064066950253e-01,2.325225675567542671e-01,2.324773499358122886e-01,2.286742091565634460e-01,2.365689572696879628e-01,2.285387964691108498e-01,2.319017138873224748e-01,2.322339894824492768e-01,2.305437411452010699e-01,2.294107434862172334e-01,2.342737432155045374e-01,2.324621777169804115e-01,2.394417369191959022e-01,2.376823739043156525e-01,2.340880572498453827e-01,2.308544456892418495e-01,2.324300924953026926e-01,2.302970164732473790e-01,2.338066369739243144e-01,2.314937013355634066e-01,2.365310633042575217e-01,2.320169819543902723e-01,2.283595967889565925e-01,2.365408303751410091e-01,2.365748046412558536e-01,2.346363266204552767e-01,2.357898585853992757e-01,2.398866307062603453e-01,2.360815545490321243e-01,2.354353826495714508e-01,2.332095525765496558e-01,2.304250905908343527e-01,2.326480215428521348e-01,2.305968082658471641e-01,2.365232121204515481e-01,2.308874868965121729e-01,2.308610643308589561e-01,2.338266022106324227e-01,2.352011492922251590e-01,2.316347747462212114e-01,2.351773081540460275e-01,2.299044810902825531e-01,2.351202348640457906e-01,2.382651440709340762e-01,2.360088359318597007e-01,2.371187002579321079e-01,2.361850392164399903e-01,2.321218752225035487e-01,2.410073689463932967e-01
2.311200911204093766e-01,2.294581606095653925e-01,2.300346490015548473e-01,2.288117830083506443e-01,2.315554365599149511e-01,2.316256050222334495e-01,2.264326844157685814e-01,2.266552919619146678e-01,2.320109298499525574e-01,2.284703900353859674e-01,2.228472638844617437e-01,2.326961683486716281e-01,2.319294777090127324e-01,2.302072780821616815e-01,2.268158969502013511e-01,2.292808733709295610e-01,2.325083313899462822e-01,2.332690195008345624e-01,2.265983093289831163e-01,2.310541253797621375e-01,2.319346647944119932e-01,2.295494477891371066e-01,2.325495659371331625e-01,2.306629456107699983e-01,2.304474648920201429e-01,2.337897188977690888e-01,2.296341771859307934e-01,2.319886258981011806e-01,2.307219092899608914e-01,2.296682283935510549e-01,2.267431495345262893e-01,2.316561649908771003e-01,2.343979877124807709e-01,2.241859514809891873e-01,2.240614778821090058e-01,2.285693987683635742e-01,2.303824162934980657e-01,2.267069482991674323e-01,2.272277885335528547e-01,2.285788265473668868e-01,2.332746766364323932e-01,2.322694451585313735e-01,2.308897488337902093e-01,2.270668340515707428e-01,2.263481108430921707e-01,2.317555326072538724e-01,2.271550754606365408e-01,2.310813911056795733e-01,2.325352353457436905e-01,2.290592428232923472e-01
2.235902583281417222e-01,2.257319177701419821e-01,2.320556286658494727e-01,2.245878845150132141e-01,2.242698411333844677e-01,2.239027503135082031e-01,2.310757026031668160e-01,2.285288000558280963e-01,2.287479637627412021e-01,2.192516206221418740e-01,2.193521317782743951e-01,2.240226709533926219e-01,2.242119309274032690e-01,2.306640863590888879e-01,2.254577968047069003e-01,2.334979181354314148e-01,2.199109450584805503e-01,2.258923835515106726e-01,2.209019656305439838e-01,2.246033210240608591e-01,2.217315137453779172e-01,2.294332346264862377e-01,2.241088504035489148e-01,2.240867037438172837e-01,2.247446395150307086e-01,2.283737906423123631e-01,2.189419204799547547e-01,2.225313794794549493e-01,2.270134514491469746e-01,2.289577789702853250e-01,2.263367084647797400e-01,2.269025973324840240e-01,2.297125098432996337e-01,2.232836065933169467e-01,2.270732192759704338e-01,2.282157262300204825e-01,2.308638770736342882e-01,2.249206995802803810e-01,2.250389218731303209e-01,2.264826672935607577e-01,2.261679108641169722e-01,2.263324595820520035e-01,2.276342702132454487e-01,2.237172991494905672e-01,2.316252561588398318e-01,2.288482041710873383e-01,2.242896844807387435e-01,2.199902867041410026e-01,2.233007130257235184e-01,2.270935726730247683e-01
2.214380514889272566e-01,2.136422193886803322e-01,2.261452348842032944e-01,2.194322973422717649e-01,2.208991920110667528e-01,2.239783284651952200e-01,2.237333579060903355e-01,2.183570964150284566e-01,2.183579427006668294e-01,2.236863810811096087e-01,2.261880021966909404e-01,2.186267678135937753e-01,2.240977189498002120e-01,2.245475893333117035e-01,2.198831689247614518e-01,2.283597079510971128e-01,2.145496518000671315e-01,2.244066494024414271e-01,2.243025111391129534e-01,2.237828915721949419e-01,2.193302937974681566e-01,2.223940411416172047e-01,2.193206315043917665e-01,2.207571407936123886e-01,2.199950689397350279e-01,2.184783166673216204e-01,2.233980229621212177e-01,2.244403633223413796e-01,2.270753595163970961e-01,2.170012822195586388e-01,2.229922693200206418e-01,2.230524325861203139e-01,2.170089442493586818e-01,2.163177923581454665e-01,2.188110332922875156e-01,2.213247977655615761e-01,2.150492734281353457e-01,2.216982243056344337e-01,2.153853338706942788e-01,2.233388708609709283e-01,2.217915235531466300e-01,2.202201308856490403e-01,2.223574592034602559e-01,2.224903197143770495e-01,2.155869252483146037e-01,2.244125360628509147e-01,2.193874748861058266e-01,2.226031410463316373e-01,2.214671529993031684e-01,2.215596366786616311e-01
2.192744612070227361e-01,2.169468108264227812e-01,2.173809108153087200e-01,2.122518128932813219e-01,2.156086079446274950e-01,2.163539922055102149e-01,2.184065662700821475e-01,2.128293551875917178e-01,2.178534941472163311e-01,2.213161054441855347e-01,2.153676950980836780e-01,2.187873025843894426e-01,2.170465570088219998e-01,2.200649518787661796e-01,2.176328891437164237e-01,2.158663578627596502e-01,2.163982701147309229e-01,2.131871050979075033e-01,2.193256149121543541e-01,2.183072312746737742e-01,2.140388974258112254e-01,2.132752420162672136e-01,2.129025223089156815e-01,2.198428629928942390e-01,2.130642515769647638e-01,2.152129420707631635e-01,2.194043979390448706e-01,2.183674093539405003e-01,2.158674044481793675e-01,2.180121849468290851e-01,2.176685113253951365e-01,2.187767545696611138e-01,2.125100060029023186e-01,2.134486078297274936e-01,2.146448097559389423e-01,2.158257437994718642e-01,2.153531350656614496e-01,2.182972014968785623e-01,2.171254105900440046e-01,2.185316097575402405e-01,2.144076628680797458e-01,2.158036493479091877e-01,2.098849338063914771e-01,2.159932543588116149e-01,2.202517607614148110e-01,2.197284247910273880e-01,2.141649480119148519e-01,2.109683553807130962e-01,2.148459517271093522e-01,2.133926806089558870e-01
2.180316705304500280e-01,2.104515044216567488e-01,2.159425839443209205e-01,2.155837881002679035e-01,2.127727143815044686e-01,2.136334819714688638e-01,2.169896916069267989e-01,2.097675884981272110e-01,2.056347757977295410e-01,2.139080666297416555e-01,2.138891606325512285e-01,2.137768865506038951e-01,2.162317868862619896e-01,2.096488292083872051e-01,2.117489052621306378e-01,2.079612546710844778e-01,2.085458083197564982e-01,2.094400516337043272e-01,2.186615321741618434e-01,2.128491553089117139e-01,2.135717696198485560e-01,2.146742784882997024e-01,2.089847874207034495e-01,2.109223938227359207e-01,2.159366296406665386e-01,2.072766283243070162e-01,2.109993107900505482e-01,2.124134517058648142e-01,2.080937280671819878e-01,2.100228176323798435e-01,2.062610756712948135e-01,2.139183656235386088e-01,2.117645399913317961e-01,2.153582604329424277e-01,2.097372514096360607e-01,2.150387117005014559e-01,2.138935178890176703e-01,2.102819561306668583e-01,2.069958753971909426e-01,2.102360268490638673e-01,2.098634032834847951e-01,2.057689635848014564e-01,2.100528061174870287e-01,2.099059289590005095e-01,2.118369870310916891e-01,2.118455802542884014e-01,2.078411661240242014e-01,2.082558106387125685e-01,2.085186190940249706e-01,2.138637975308077532e-01
2.009702303499086851e-01,2.071190908287433852e-01,2.100506249524039526e-01,2.102165192502123692e-01,2.076887025515650187e-01,2.059550001278752374e-01,2.047262378221673951e-01,2.063066037794800966e-01,2.004331553251016973e-01,2.040918246454180296e-01,2.085655277271829811e-01,2.138308973274676839e-01,2.026399813516608917e-01,2.042602917541480323e-01,2.040665405978130675e-01,2.036313065654502819e-01,2.048262975367960703e-01,2.054604468511985194e-01,2.103104516769792043e-01,2.068809310398916357e-01,2.059503683773496185e-01,2.025759697177281493e-01,2.045331375374830618e-01,2.094328702871102177e-01,2.052295892145906686e-01,2.038658525846171188e-01,2.055424741328735205e-01,2.058663714119745025e-01,2.070019359187350305e-01,2.099473939549163504e-01,2.071802061531586581e-01,2.090568944466897894e-01,2.059117450298003082e-01,2.094955703955843629e-01,2.071460434200085854e-01,2.067954288085228354e-01,2.018520541104102672e-01,2.052439426112925847e-01,2.026344944933650416e-01,2.042117659868210311e-01,2.105969810172243217e-01,2.084635303068034795e-01,2.026761231659562623e-01,2.078456269704471726e-01,2.069546344226768364e-01,2.087891678009467233e-01,2.063267103844305395e-01,2.048040222930588017e-01,2.110970385222012968e-01,2.060396016272094399e-01
1.983089869051643250e-01,2.005865935865239480e-01,2.007795110389020143e-01,2.003744913574871389e-01,2.036201256315255670e-01,2.095564358926271242e-01,2.045190840118080999e-01,2.000388018953808689e-01,2.011329780669355582e-01,2.007093599433814601e-01,2.018526879150009945e-01,2.005801407463023156e-01,2.021376775406780457e-01,1.940029198528866461e-01,2.007645007775393231e-01,1.953369270457416262e-01,2.047586891341818538e-01,2.000273514981334710e-01,1.998529577577304872e-01,1.997286506568294318e-01,2.005127284811682731e-01,1.942736404646967507e-01,1.980193357420327038e-01,1.990896374423224147e-01,1.977292414700617673e-01,2.031392507460956509e-01,2.042219666184226234e-01,2.022322077459621503e-01,2.054104056792943889e-01,2.010755469260611661e-01,2.002196501858978239e-01,2.045446838038134929e-01,1.998839044514912899e-01,1.993498095879302212e-01,1.987060857471688313e-01,2.024333370855205538e-01,1.958293283035402454e-01,2.001331104072831546e-01,2.056009745946195677e-01,2.026780376954660512e-01,1.975568008220504601e-01,2.047842786601088705e-01,2.001186593918219958e-01,1.969789384653631015e-01,2.000988736445526994e-01,1.999294513091216252e-01,2.026527955733352093e-01,2.060465750700708476e-01,2.027623230460398329e-01,2.063216045217220185e-01
1.924796767131864983e-01,1.975960510256715152e-01,1.967613327437914839e-01,1.967440507218417289e-01,1.960692558215389458e-01,1.969654130828199512e-01,1.970922977773552909e-01,1.963083711771447804e-01,1.921943625882154005e-01,1.962542002821608400e-01,1.920672200432148313e-01,1.961451275934173177e-01,1.969959034759825034e-01,1.931390279303692725e-01,1.977453184490121085e-01,1.991817982168861412e-01,1.948040960132698396e-01,1.940100697616988779e-01,1.936683125863770394e-01,1.989435129200722574e-01,1.918377675671144866e-01,1.984980623609619577e-01,1.968799266535270764e-01,1.990687688953317880e-01,1.947728759173543711e-01,1.940746607858405692e-01,1.927269013661754293e-01,1.927727135317242602e-01,1.938193073616781004e-01,1.913576975513573142e-01,1.904822922746234326e-01,1.991747288226175527e-01,1.938019478400737350e-01,1.946172895696222094e-01,1.936354004820713126e-01,1.979029527904621333e-01,1.983340942991691225e-01,1.955498681179895226e-01,1.946991641423267416e-01,1.991439521525636969e-01,1.941180236077635901e-01,1.898104515332549869e-01,1.912160048768108689e-01,1.926013444733733482e-01,1.951077019486369135e-01,2.003939658972015425e-01,1.956663556014207606e-01,1.955007168894829783e-01,1.952276511593467878e-01,1.968857574212735662e-01
1.844550555492439348e-01,1.925632942236072953e-01,1.882527215353846928e-01,1.861259999152744538e-01,1.890414160845955982e-01,1.942138910759436399e-01,1.886043966997569266e-01,1.875828061374649192e-01,1.905399186784079990e-01,1.840572649187034171e-01,1.906167037334900172e-01,1.879729066192968590e-01,1.917068378803543915e-01,1.839151508841453675e-01,1.908462768343335836e-01,1.901444478826358475e-01,1.880534273916653620e-01,1.902639773532825151e-01,1.871339267373903215e-01,1.869143547878152900e-01,1.846500947887438626e-01,1.878079257785492950e-01,1.879908987262062792e-01,1.871536506166523173e-01,1.870403158536881050e-01,1.857861700453821430e-01,1.898488684301298801e-01,1.892829676059202548e-01,1.876856975176199038e-01,1.881248945599449940e-01,1.908973673083416978e-01,1.913877147219434638e-01,1.903548671404026171e-01,1.878785095571255392e-01,1.834173460042337334e-01,1.864464106607775784e-01,1.908635425397669783e-01,1.871897712525096291e-01,1.891264960989955390e-01,1.898256456801700742e-01,1.896111229045031876e-01,1.823499137145503379e-01,1.899072271044037752e-01,1.862975320485766029e-01,1.843523125084837178e-01,1.891132754123921178e-01,1.883110998795692048e-01,1.904641307755579605e-01,1.917816856513770984e-01,1.884479737420082790e-01
1.781708614862816675e-01,1.824254920095232657e-01,1.829247160432451724e-01,1.853303693157705434e-01,1.836180358656466782e-01,1.842016453139224130e-01,1.881474340471065154e-01,1.799310969109906011e-01,1.879500412292397504e-01,1.804213107999138310e-01,1.755568363352726924e-01,1.796885705072144568e-01,1.879931582436668303e-01,1.787227586472550922e-01,1.842839728712759306e-01,1.853870137636504378e-01,1.840935086085603301e-01,1.829442324851031365e-01,1.855987106189761759e-01,1.842324318539586003e-01,1.831729562776006903e-01,1.878106023894768883e-01,1.866949796497641978e-01,1.818783413554016237e-01,1.823772571198937764e-01,1.815617857777732658e-01,1.816543303286235755e-01,1.823987789176663432e-01,1.858985351249263784e-01,1.860956702355407166e-01,1.831877621034982973e-01,1.794490179923915185e-01,1.841475069283932675e-01,1.814542877470204929e-01,1.843857319283971341e-01,1.853103365286213888e-01,1.826684094113949219e-01,1.819828980238887284e-01,1.836137977624949513e-01,1.834544846882471825e-01,1.836342538948355918e-01,1.848456355990945599e-01,1.840977937650651319e-01,1.826468397343588845e-01,1.817729157674387863e-01,1.810239510808828445e-01,1.843644421140342438e-01,1.835292387293631644e-01,1.769386202604948943e-01,1.876419157916107416e-01
1.789744780811159397e-01,1.761083955960556224e-01,1.782658944042800064e-01,1.781061265893979506e-01,1.802592361492592887e-01,1.798820888461150902e-01,1.788021212818910188e-01,1.806814607542729656e-01,1.756274138572218313e-01,1.747034151814098046e-01,1.807675638118058647e-01,1.777176065149246309e-01,1.804854784216304575e-01,1.791633599758146178e-01,1.824503486259874407e-01,1.726840426227326253e-01,1.802559212664406052e-01,1.756189286711116182e-01,1.735004470954576716e-01,1.753624434139678112e-01,1.741032019130748787e-01,1.752285516089746309e-01,1.787738250334655887e-01,1.787283439030770138e-01,1.768643593070950426e-01,1.787406341629157736e-01,1.772158399855649213e-01,1.790406937206912852e-01,1.776927826919134923e-01,1.756374680110293351e-01,1.779132911359627423e-01,1.749952351457813027e-01,1.834487684771793636e-01,1.749737236542707464e-01,1.832053976463712264e-01,1.783225859990296702e-01,1.741542956650380947e-01,1.804721759041309492e-01,1.791915867425006303e-01,1.811768537189307748e-01,1.757916374639559853e-01,1.778067478997879536e-01,1.798286376032839085e-01,1.843996599052199203e-01,1.783997244293135387e-01,1.703320070749349269e-01,1.805325827779012404e-01,1.757893203968382001e-01,1.798124789378510724e-01,1.778619306373390163e-01
1.720654572942295346e-01,1.668375815803496698e-01,1.699093438300689485e-01,1.694027503620776642e-01,1.690568319615856907e-01,1.711980128923522582e-01,1.717517849234937721e-01,1.715774324374564341e-01,1.757168360824008790e-01,1.695355853575784555e-01,1.711519211631051252e-01,1.737081500098731635e-01,1.746008116900019114e-01,1.771006372878336510e-01,1.689235334963841151e-01,1.702128721618721696e-01,1.724827999577149829e-01,1.737763421742729297e-01,1.746806855915362389e-01,1.750729769419207549e-01,1.732376924527817275e-01,1.692299744184416199e-01,1.720155700505506258e-01,1.778751012970898326e-01,1.711632227918285232e-01,1.751542472303126430e-01,1.713696955584464998e-01,1.698131521233528785e-01,1.645667314620376798e-01,1.672728702219845598e-01,1.707987753239250117e-01,1.738662803326219974e-01,1.731208460729428689e-01,1.706129662970251315e-01,1.738131200218577532e-01,1.680815838693874575e-01,1.689590564220344870e-01,1.672327208054742720e-01,1.679633002753194160e-01,1.669108200184756252e-01,1.744071217796608619e-01,1.747105479988446119e-01,1.693898802012089866e-01,1.739279812405490622e-01,1.727832368940221963e-01,1.680518956012073961e-01,1.744830105165471601e-01,1.735431551530669803e-01,1.682852528781018930e-01,1.717690033416038320e-01
1.658058883354265045e-01,1.641739770922457098e-01,1.628106383550635416e-01,1.659194893137725391e-01,1.699990827761853618e-01,1.628254113080872534e-01,1.631348548501361517e-01,1.649670196407969358e-01,1.646673496551441795e-01,1.648345797059080631e-01,1.671873377414546946e-01,1.644506807500962786e-01,1.674360673360880403e-01,1.727665078921122310e-01,1.675009226820423358e-01,1.608968380307522483e-01,1.642868372402198629e-01,1.648626948211638910e-01,1.624064889861345784e-01,1.624389586599312985e-01,1.639838640952835103e-01,1.680860921705498445e-01,1.674044581589533842e-01,1.671769040194218681e-01,1.718783161558600503e-01,1.643418049442064710e-01,1.616242687244925369e-01,1.661610711508019200e-01,1.646715730982551140e-01,1.615062298250863893e-01,1.691043717583554651e-01,1.659552095781928194e-01,1.680078043549975975e-01,1.652141805081019932e-01,1.674235323642237483e-01,1.615382594505206659e-01,1.602457383004003699e-01,1.664443121405187742e-01,1.625322967958023890e-01,1.651418246579186011e-01,1.674584927203759122e-01,1.668595220128659407e-01,1.638050301032276113e-01,1.659143562219360934e-01,1.703529609728648142e-01,1.664509633220523921e-01,1.619239765315724500e-01,1.649725072007615090e-01,1.630912667306681219e-01,1.669790955117370357e-01
1.627475514842158244e-01,1.621357798035284459e-01,1.637089882745052793e-01,1.612072904112960836e-01,1.616626894039932816e-01,1.587974042185863466e-01,1.581883655587309756e-01,1.575992588671142891e-01,1.627163960065425574e-01,1.598245578960034996e-01,1.622721767301487927e-01,1.570360758675101720e-01,1.605838143083549718e-01,1.590784101541428408e-01,1.594691550235410871e-01,1.632191257935398931e-01,1.564467215752008422e-01,1.563173402893074104e-01,1.545513473442888808e-01,1.599152758617868597e-01,1.578244963200713114e-01,1.607785545750436140e-01,1.624916872289035030e-01,1.558880047490242282e-01,1.612018672261171237e-01,1.627655170465556467e-01,1.587417334507638111e-01,1.589723479981236809e-01,1.577282417416367155e-01,1.594037542046675138e-01,1.585330552790559233e-01,1.586545353722044749e-01,1.642218671700150234e-01,1.579200777079045048e-01,1.621064050902480680e-01,1.604585707406523398e-01,1.596048040070395246e-01,1.572498734699541711e-01,1.544416697297463503e-01,1.536869147939101676e-01,1.604985298963730322e-01,1.589210308232476276e-01,1.598062030655611754e-01,1.582093560767337814e-01,1.587197858838338416e-01,1.572449533333853955e-01,1.630018102710548977e-01,1.635220925025929195e-01,1.569654699714756185e-01,1.590058940715045055e-01
1.545604626492277089e-01,1.495202686357880451e-01,1.516408631800720552e-01,1.540707822011495032e-01,1.514578112168692425e-01,1.502795366307006220e-01,1.491508056072783361e-01,1.511057747598442413e-01,1.518439501781237988e-01,1.558118122934926686e-01,1.455060566752755802e-01,1.523115114298339290e-01,1.495047803002666487e-01,1.531254493939128158e-01,1.532255821828791553e-01,1.524492817048120896e-01,1.510999555815978612e-01,1.533375930005999033e-01,1.521181406064477104e-01,1.489523757168186857e-01,1.468962688311899467e-01,1.482915708095657592e-01,1.515481200810996909e-01,1.524150788847785376e-01,1.467945515302937209e-01,1.564172211502964094e-01,1.525426069535232576e-01,1.476806146235877526e-01,1.471940645218752231e-01,1.545273253220659782e-01,1.489021227622019383e-01,1.481661834232738117e-01,1.542798281104160452e-01,1.511367988390916461e-01,1.506800732450434832e-01,1.489112934196376858e-01,1.548010094288181371e-01,1.508117639612008565e-01,1.479225253221981840e-01,1.509246868705059474e-01,1.514069025716045513e-01,1.542917631938583722e-01,1.527666418570596263e-01,1.565446205732737017e-01,1.582297895742317273e-01,1.533422493181664237e-01,1.508458431447431691e-01,1.537181685228201922e-01,1.520864181106007518e-01,1.543466452665381294e-01
1.512903568364996898e-01,1.463045061176287964e-01,1.475731033351530275e-01,1.485828641355070867e-01,1.436757567320652851e-01,1.470802499796826923e-01,1.437569823748992837e-01,1.472939133096634878e-01,1.450506881508354662e-01,1.444722623491363489e-01,1.491605468923849764e-01,1.462443669368824195e-01,1.439609467682966826e-01,1.471942729915119707e-01,1.507558286385041191e-01,1.443810708475518345e-01,1.461166154975521436e-01,1.457092475720258851e-01,1.456244346792654465e-01,1.402938142854246728e-01,1.474044249073461210e-01,1.477430944730537266e-01,1.443228435122199949e-01,1.470129206835247004e-01,1.466013139455075165e-01,1.471622693493127021e-01,1.453953378405938301e-01,1.470362909358620684e-01,1.498325748507063904e-01,1.450623291327446940e-01,1.440429972262332603e-01,1.409129023244998780e-01,1.458658927006161732e-01,1.434966856020328529e-01,1.451114218216284224e-01,1.445022842373248628e-01,1.392256734659191586e-01,1.441590065876357241e-01,1.485201831768888925e-01,1.453628711298414478e-01,1.446409059420171728e-01,1.462809293689627255e-01,1.468296316578325822e-01,1.459782446690458535e-01,1.507885204285916991e-01,1.498834750833160923e-01,1.477791220901272795e-01,1.464833996661797921e-01,1.455771172487909104e-01,1.454893321499288183e-01
1.365188015039641989e-01,1.414301831809385290e-01,1.405362146730424200e-01,1.426593364979287515e-01,1.372955129210817193e-01,1.430635912880315885e-01,1.404819489126786780e-01,1.399747221656692520e-01,1.442952615225238655e-01,1.399989843165224679e-01,1.421007870132392492e-01,1.414810580218878733e-01,1.381836398050000358e-01,1.358079967573572744e-01,1.355461412002941235e-01,1.332799847731625242e-01,1.350506149690572366e-01,1.370066353688862981e-01,1.411918764859417808e-01,1.394308130726932271e-01,1.378205256801046386e-01,1.410045427753195690e-01,1.429698276445396099e-01,1.392599909396907976e-01,1.379397770712937343e-01,1.370950901572791092e-01,1.389538342775589186e-01,1.411107463964099140e-01,1.385239774013576064e-01,1.367420409445275209e-01,1.372423888241300349e-01,1.408725923068170072e-01,1.387992949477810656e-01,1.331511255481032108e-01,1.402048821041440574e-01,1.414736525114720644e-01,1.339855234583271215e-01,1.437010414783289336e-01,1.394145305125574774e-01,1.384758979269350432e-01,1.395285387379221753e-01,1.390696956290003172e-01,1.353000756002429306e-01,1.390199037765488810e-01,1.368506429517006573e-01,1.428245758227330298e-01,1.357235002133216073e-01,1.391464154748455473e-01,1.397528225097181831e-01,1.381096683170749129e-01
1.324764681870820304e-01,1.337117158030278474e-01,1.295574989830688972e-01,1.296859953479870819e-01,1.321560645320138672e-01,1.318106871128073565e-01,1.315534760108973411e-01,1.340309146891204006e-01,1.263014431746804223e-01,1.322465302423493916e-01,1.327255136108878020e-01,1.340166306251019956e-01,1.318734804422353746e-01,1.299136047358950830e-01,1.355176699552398112e-01,1.284352826128604685e-01,1.303879366545936946e-01,1.333459078438312129e-01,1.293661488930047399e-01,1.343415364820745861e-01,1.323941486575259674e-01,1.299897779486020311e-01,1.310631019333764469e-01,1.316964165061616232e-01,1.257051882301685741e-01,1.310477641284297501e-01,1.302318052635433876e-01,1.307459297372110252e-01,1.296900689305764132e-01,1.315598747812287694e-01,1.275379932356211221e-01,1.318092874223008304e-01,1.299921080082289404e-01,1.306166407123857121e-01,1.321510911623223483e-01,1.304904399484901056e-01,1.353907695956085011e-01,1.282160690085380195e-01,1.340800928215425125e-01,1.328813697321689080e-01,1.339920254968669233e-01,1.365688588401525183e-01,1.316978382372892831e-01,1.288686828883848223e-01,1.351339268894979628e-01,1.298661165954680397e-01,1.300226629258340594e-01,1.304903445550427976e-01,1.321772612199469399e-01,1.308273427020165136e-01
1.256908373598424888e-01,1.291834052782563913e-01,1.267819944236130147e-01,1.288343705974533404e-01,1.255037271426210355e-01,1.236628299124811203e-01,1.283391786168232573e-01,1.238117196455729707e-01,1.242730353185432096e-01,1.224606709088782303e-01,1.256865123492661718e-01,1.243634268609328936e-01,1.239699115353918163e-01,1.252869437805141928e-01,1.262517792020407814e-01,1.215174284119360237e-01,1.254199536329112241e-01,1.233631804061449122e-01,1.296565958605654101e-01,1.254323400568712332e-01,1.288222317841495601e-01,1.221857573807292874e-01,1.282419829171816683e-01,1.257095222890653730e-01,1.271565897586993954e-01,1.275267965334130060e-01,1.289814798282091224e-01,1.251277309269852867e-01,1.269507804292418773e-01,1.249536249174328789e-01,1.279379094195770561e-01,1.243265624734894853e-01,1.293823747071801422e-01,1.220452021995046127e-01,1.283384790674660381e-01,1.232291612622253285e-01,1.275481094805773208e-01,1.266213705844407011e-01,1.269894829360172228e-01,1.235434530672491066e-01,1.216895073311036746e-01,1.246172153425963020e-01,1.232871580064869438e-01,1.279556961061220355e-01,1.268052756894365862e-01,1.271180814653527225e-01,1.223355579141924554e-01,1.264850775994180998e-01,1.275531140345691483e-01,1.250350086357756574e-01
1.187461971897099400e-01,1.183923021687956351e-01,1.182140367648053941e-01,1.161871923878440988e-01,1.186152057594729997e-01,1.146015192808351318e-01,1.215420441262536622e-01,1.178491352731870223e-01,1.168872255043765240e-01,1.218208505103688249e-01,1.199398218908432762e-01,1.201260412995765886e-01,1.183290529152563608e-01,1.153474169379375830e-01,1.180404486229468253e-01,1.167778233361225076e-01,1.235506952626532484e-01,1.189526896658539695e-01,1.201263849648730037e-01,1.180032513611850992e-01,1.222155485833089777e-01,1.207137843581835984e-01,1.179522080870176459e-01,1.203698290268582216e-01,1.184833958070483084e-01,1.165322191160725884e-01,1.174359653464806391e-01,1.151940394502845300e-01,1.168607721427891849e-01,1.185507021698455898e-01,1.186835947632457061e-01,1.179671640931849452e-01,1.208977868859251598e-01,1.190163311787966610e-01,1.200983953638418977e-01,1.185123378382266918e-01,1.187227991089113699e-01,1.186109197181811209e-01,1.189356471131153697e-01,1.162287046458766737e-01,1.174160457239269706e-01,1.136816910996637370e-01,1.200271561743668225e-01,1.223507618151146448e-01,1.143656125393046341e-01,1.212147921363594394e-01,1.186890881147387028e-01,1.227035601972559231e-01,1.193545860784063634e-01,1.186988565559337488e-01
1.149125918609012337e-01,1.100545038785981367e-01,1.137844205527941827e-01,1.144873018698335382e-01,1.103098258020017153e-01,1.145633332561709766e-01,1.095617221266239338e-01,1.118978473524803036e-01,1.122117557141429078e-01,1.086998741644316507e-01,1.052946287268708148e-01,1.144649284898192065e-01,1.121321036565776363e-01,1.087664323621175960e-01,1.118022134256101141e-01,1.112037066020632042e-01,1.121446482134978162e-01,1.107577324694125481e-01,1.133279844634844241e-01,1.132723827310891246e-01,1.151825064315615266e-01,1.084229270398629347e-01,1.099385446269553757e-01,1.121040271078851541e-01,1.165495850310075410e-01,1.124394430151987312e-01,1.134498104457576234e-01,1.101200657070255384e-01,1.106241114247818319e-01,1.109542674882182250e-01,1.092308152616727479e-01,1.137224100182140790e-01,1.115048702009390630e-01,1.107461234309709136e-01,1.146254742013077949e-01,1.074367138590728715e-01,1.091912844625265999e-01,1.102293819190146296e-01,1.098394688064201069e-01,1.156570078967477516e-01,1.134026009385977751e-01,1.117707136775268617e-01,1.132953032468016902e-01,1.114692966833815135e-01,1.169767124319666951e-01,1.133902138324130171e-01,1.125693317952006917e-01,1.155247001888162345e-01,1.130991840504902007e-01,1.064617852983790747e-01
1.062441065957955288e-01,1.040077835229634429e-01,1.067734388762318076e-01,1.058969987977198129e-01,1.058345872236860358e-01,1.046668925286855234e-01,1.038210177226091407e-01,1.085264728757881769e-01,1.052783992619788084e-01,1.069819086465347846e-01,1.093569523963007356e-01,1.086405508359370164e-01,1.031044634752283640e-01,1.025243576685421348e-01,1.066972342061608819e-01,1.079481583569143338e-01,1.062184115138998103e-01,1.066784381194798431e-01,1.052277645792787791e-01,1.063201178551568538e-01,1.048534761414164906e-01,1.095398054256093157e-01,1.046577418525466013e-01,1.055453039333082710e-01,1.079550081040768633e-01,1.078100791095701616e-01,1.065468375338266549e-01,1.057457922097611441e-01,1.046593738190845779e-01,1.043387519648682621e-01,1.082540374043757941e-01,1.059828647175790894e-01,1.037313226548891298e-01,1.098701065828593254e-01,1.036072682165629227e-01,1.035105345868953253e-01,1.057830996022811054e-01,1.049416379140575145e-01,1.100891058409342316e-01,1.082767913729801856e-01,1.043760322301821586e-01,1.099084792274835909e-01,1.071775007782655165e-01,1.095218741930566730e-01,1.063469572779031924e-01,1.059574381146966560e-01,1.017334923196394902e-01,1.066491243833812691e-01,1.095453291455399381e-01,1.055635335891832866e-01
9.565948698690496244e-02,9.773686657372779307e-02,9.963568828404480160e-02,9.856390601905365423e-02,9.738462257339422501e-02,9.753050003596967776e-02,9.470406771107502120e-02,9.775651425390598226e-02,9.510349299611506324e-02,1.005053544387099762e-01,1.013123025408603217e-01,9.932587846491879036e-02,1.046682717084348596e-01,9.907185559724508706e-02,1.011677398937719796e-01,9.610933430347810835e-02,1.007437183007549586e-01,9.972970689569990443e-02,9.931562525435799760e-02,9.634111450722092351e-02,9.825961359509016724e-02,9.984391207849656336e-02,1.018263143654398600e-01,9.744796380387481249e-02,9.941894912259351125e-02,9.662487741605353675e-02,1.008431338537909144e-01,9.820485365315491377e-02,9.836131142401192962e-02,1.048243600869499387e-01,9.996296735911190667e-02,1.023168450753040026e-01,9.806990099790545423e-02,9.971127027121104436e-02,9.919466721970988943e-02,9.949219597289060690e-02,1.033353055023211314e-01,1.024913048740000165e-01,1.002535923606118207e-01,9.853975580425750058e-02,1.027166961233464126e-01,1.003931566798062919e-01,1.001460252822375246e-01,9.779257724557099962e-02,9.965462355001625250e-02,1.005035427731286179e-01,1.027838821974764033e-01,9.435520665807313467e-02,9.822944361475224873e-02,9.877890503396913324e-02
9.116056513263591510e-02,9.395646405500229781e-02,9.046315205185230524e-02,8.919421467366518697e-02,9.063803283870654204e-02,9.280372279239816613e-02,9.375934023405581297e-02,9.525956629370767315e-02,9.152792740800780313e-02,9.493486855455109119e-02,9.542258586426777267e-02,9.550701063909310118e-02,9.311476409644006691e-02,9.207823801187661750e-02,8.955179541292021539e-02,9.025969994187386936e-02,9.500597864243771895e-02,9.066299433662416973e-02,9.500398815865705726e-02,9.500414262623917139e-02,9.139864247195703117e-02,9.535178509732973595e-02,9.465747083578644749e-02,9.277543912457442143e-02,8.696059236776218504e-02,9.408405803399093326e-02,9.397970774746304545e-02,9.417163095575634135e-02,9.148580979613574193e-02,9.084573365371724496e-02,9.128020692185841167e-02,8.985833027200225420e-02,9.294897125160650475e-02,9.691633260510051917e-02,9.455672925993768851e-02,9.096339587840832075e-02,9.233836618798892115e-02,9.532328762096262120e-02,9.640911926276796162e-02,9.363230547661839653e-02,9.588801866895493853e-02,9.336844884457888571e-02,9.334553134191088397e-02,9.249594105675899847e-02,9.493135905271335440e-02,9.372562821892337082e-02,9.168983271265053470e-02,9.442894813641830587e-02,9.271105992066996926e-02,9.329475499147187045e-02
8.971881109506393837e-02,8.637197990332040609e-02,8.701773894050045255e-02,8.293290728631960707e-02,8.380615481073325213e-02,8.637270116055864588e-02,8.864326327860244659e-02,8.535491595816696586e-02,8.382627346602054830e-02,8.513469770655207602e-02,8.356827697741171790e-02,8.482418655579118671e-02,8.863660247594873365e-02,8.641233523747166023e-02,8.451617455646182053e-02,8.540121512563132733e-02,8.842819734953732969e-02,8.912272158468811933e-02,8.692500426502247635e-02,9.127426965529651659e-02,8.553849959840383044e-02,8.646301111258984651e-02,8.739110518140988382e-02,8.654712309129285186e-02,8.354275442802677754e-02,8.652938904208580528e-02,8.495833693006929477e-02,8.449950645369286306e-02,8.341176508803248291e-02,8.683195620085432109e-02,8.626206314509049511e-02,8.840804582750524943e-02,8.753006203735549939e-02,8.532428813664517941e-02,8.789164338425714540e-02,8.732731726720953380e-02,8.634755282212852601e-02,8.690044694322995866e-02,8.441617190496662759e-02,8.314486268584669881e-02,8.811506148908221370e-02,8.742838649272699492e-02,8.642976533306384601e-02,8.925396309312168264e-02,8.608541556339457945e-02,8.679374816876093968e-02,8.992430714286663018e-02,8.379707878748161864e-02,8.990588136598136326e-02,8.691902013267586991e-02
7.826179751189039913e-02,8.071456418165091906e-02,8.008456459374820036e-02,8.298054617253654286e-02,7.712397200569666433e-02,7.966537428771808260e-02,8.077216538571724280e-02,8.050543000351499667e-02,8.050993052768501412e-02,8.070732166568192478e-02,8.317632513117935444e-02,8.101214557514875569e-02,7.976622258183903302e-02,7.774099550896926281e-02,8.228503879459807269e-02,7.699687841206527550e-02,8.042924020490604953e-02,7.663417232528584033e-02,8.232089654963155312e-02,7.872277867048090016e-02,8.029657451850530370e-02,7.850239082537199820e-02,8.019601178482330117e-02,8.516708013412434275e-02,8.294939444966503705e-02,7.841271598993404535e-02,8.289112276316833172e-02,7.868618126326619444e-02,8.091088089025115504e-02,7.637681681881849927e-02,8.299478203232278639e-02,7.646145211225263694e-02,8.002747171778019919e-02,8.213840053521766216e-02,8.128766916309622392e-02,8.025102097286299085e-02,7.737038275797389342e-02,8.405026492353692702e-02,7.892807614412969408e-02,7.858952504156838104e-02,8.024141803274585649e-02,8.195052866788779533e-02,8.390001435467478452e-02,8.099014408435635526e-02,8.179162281317042815e-02,8.210567635522114660e-02,7.989461283033040540e-02,7.603742650412655124e-02,8.052793490646484309e-02,8.045240644652802697e-02
7.420395495349951798e-02,7.612252640417542515e-02,7.488200037780080864e-02,7.364137340985996150e-02,7.329644972754678633e-02,7.375014839135027311e-02,7.446595487065561791e-02,7.402591087343732279e-02,7.241587497041312993e-02,7.385315843626989729e-02,7.259385811349745865e-02,7.231629055875056500e-02,7.164574582522056923e-02,7.592813028752778970e-02,7.694212558465113316e-02,7.516188252791979052e-02,7.438439961475325213e-02,7.355140011677573086e-02,7.354886197746909882e-02,7.788361916568134480e-02,7.178707109028890920e-02,7.481086311573849346e-02,7.417201336944886925e-02,7.449358303416074578e-02,7.358027738377646843e-02,7.260774389824502240e-02,7.468809477598140067e-02,7.400175526750116251e-02,7.438646811931985681e-02,7.239709699515416153e-02,7.343977194098663674e-02,7.325099065251919339e-02,7.445202849709917081e-02,7.374042147898392241e-02,7.126853359493076634e-02,7.436673547057758016e-02,7.399532911454924367e-02,7.208900270460094628e-02,7.497113169278443734e-02,7.551222141568210422e-02,7.420441021492603373e-02,7.475423958984839246e-02,7.448818315225499975e-02,7.367379369931963129e-02,7.897481909543135892e-02,7.359312687898941774e-02,7.861973375686073795e-02,7.265125419549212094e-02,7.406640906778853839e-02,7.389526738116407312e-02
6.576925276639729312e-02,6.483803231805347622e-02,6.770738555177789608e-02,6.802313165120701943e-02,6.982869619684443918e-02,6.910034801667509774e-02,6.750705046699388701e-02,6.598578888742748227e-02,6.570582888928855336e-02,6.829937624378205896e-02,6.745510281442707035e-02,7.101610212105552433e-02,6.876979666741582509e-02,6.543840039053037960e-02,6.803723146122317433e-02,6.804207349814347938e-02,6.977916742584551468e-02,6.695908179553708428e-02,6.880144946101519887e-02,6.753293283301163574e-02,6.558887186576373152e-02,6.669264650873345246e-02,6.874297190294072213e-02,6.807652372733551116e-02,6.534241225991371804e-02,7.009316413058483408e-02,6.832161573096680318e-02,6.599231267722856231e-02,6.893225874984980350e-02,6.775689735523239554e-02,6.794297811902964834e-02,6.505203263578129835e-02,6.727565918495312380e-02,7.017288669255991596e-02,6.722485881610014424e-02,6.701619607925984878e-02,6.939271666572148500e-02,6.784640783150990007e-02,6.798887431469127773e-02,6.809017845402325075e-02,7.044603150324654783e-02,6.755820757011861410e-02,6.844134926876994929e-02,6.662806522585262847e-02,6.791176111301955309e-02,7.046079537305396934e-02,6.857853469978773819e-02,6.580316561469347347e-02,6.879571005097505354e-02,6.734610388608470999e-02
6.199062373836348311e-02,6.379130670974632322e-02,6.305572308547650884e-02,6.425994195068258918e-02,6.057182887656139408e-02,6.432839596208633770e-02,6.151738473700359838e-02,6.281843583377226536e-02,6.224222654406127292e-02,6.220538402596189481e-02,6.295165988285128522e-02,6.358564878432869383e-02,5.791775379995846990e-02,6.273333086491024446e-02,6.336841389440384109e-02,6.094661606928490627e-02,6.191432876979531541e-02,6.196336707624198331e-02,6.433698648190949720e-02,6.119517450205356340e-02,6.229884344255256362e-02,5.972030020673415457e-02,6.299075148197226526e-02,6.269924291500258984e-02,6.273368257503143808e-02,6.413812475820727943e-02,6.149370447866731038e-02,5.946457104683238598e-02,6.102826058712976925e-02,6.545698711077765908e-02,5.885080013448430042e-02,6.292430063009016306e-02,6.372472935394650484e-02,6.432232188833912623e-02,6.363741502165956576e-02,6.120731893120801709e-02,6.162937232891891465e-02,6.219186687542458541e-02,5.880657938239896437e-02,6.224348779357308931e-02,5.921770992918466703e-02,6.234925904392097512e-02,6.053075309524286185e-02,6.339710867574643860e-02,6.151249224174933083e-02,6.436380786517949260e-02,6.412684519722479382e-02,5.887508018998288684e-02,6.147659594436929997e-02,6.100282489036581990e-02
5.762698473145631134e-02,5.701220942564023259e-02,5.259978013138671971e-02,5.678104491630959344e-02,5.731939011347447072e-02,5.242621452906052332e-02,5.494852630128826965e-02,5.446583497615357233e-02,5.688007836989088933e-02,5.797695706924245462e-02,5.567747372851632182e-02,5.685775964603793919e-02,5.525004439913622917e-02,5.918011353244041761e-02,5.386554937276016863e-02,5.818671344548108360e-02,5.556742037285710561e-02,5.263997857008479581e-02,5.680633121766445748e-02,5.382842296857403425e-02,5.392728059817866737e-02,5.446007390715245505e-02,5.748263979435766502e-02,5.717099288426644166e-02,5.743923058172283741e-02,5.814910481962361211e-02,5.822595257418772263e-02,5.608632341510459002e-02,5.590908005517792462e-02,5.568521408816728274e-02,5.595924037944798729e-02,5.351891214262246427e-02,5.615473398551915768e-02,5.483875044800222420e-02,5.606399192958406302e-02,5.496929317116789476e-02,5.675685870428794078e-02,5.781031115815218890e-02,5.693980384999108163e-02,5.665583139338976199e-02,5.463195356748193343e-02,5.769480804599305679e-02,5.593181515665687081e-02,5.912069384534025807e-02,5.725309594487845016e-02,5.704486712033100815e-02,5.473593375923357235e-02,5.613401157586445089e-02,5.727836030995030192e-02,5.456040526725244172e-02
5.064098560869963184e-02,4.981420259201397444e-02,4.955629427944702181e-02,4.806880979865923997e-02,5.322658579264917533e-02,4.997394885877982917e-02,4.961990163210852622e-02,5.117072329038341999e-02,5.108928122929890653e-02,4.870019252321813874e-02,4.944785935121182030e-02,4.882488030055931461e-02,5.010315104911539086e-02,4.723105711130965584e-02,5.088319874940105264e-02,5.310850244066077364e-02,5.258108987687896280e-02,4.978908892499461086e-02,5.158517586513395453e-02,4.903009808744349107e-02,5.052283635547434593e-02,4.817394108865902247e-02,4.990351252012079769e-02,4.937111868376121288e-02,4.946275586304102467e-02,5.165302128562041656e-02,5.163017092048072243e-02,4.941717475008351734e-02,5.398455492231292452e-02,5.177329859772599602e-02,5.013505415615380351e-02,5.120147349903213935e-02,5.129474500454788560e-02,4.933584684087875816e-02,4.930649770103175816e-02,4.970464654682314048e-02,4.890751225046616191e-02,4.988515548898192487e-02,5.166925075520385768e-02,5.029437313862216569e-02,5.075738305455802790e-02,5.075609160727851538e-02,4.883688707002450252e-02,5.046532824539619322e-02,5.072128273676686921e-02,5.126673583640507098e-02,4.857281547694831947e-02,5.237058124388623004e-02,5.319294060596376633e-02,4.940420482982880307e-02
4.892803996344535084e-02,4.655955934453086253e-02,4.400394953478697913e-02,4.587363873480483634e-02,4.190038783287852731e-02,4.638141223084808057e-02,4.489906598980968055e-02,4.704744681104373882e-02,4.569696587958739509e-02,4.603684304870910016e-02,4.533897175611584923e-02,4.390279758752280159e-02,4.721507624135531239e-02,4.514363531022590192e-02,4.465843477405629508e-02,4.341326382037663523e-02,4.630622205043379014e-02,4.695167144352033195e-02,4.466456372360596422e-02,4.671665682909282441e-02,4.723093145889352418e-02,4.650096810812265335e-02,4.544579810288718047e-02,4.449429534457916696e-02,4.596611947342404969e-02,4.791624021388202898e-02,4.550462610578169531e-02,4.614730071267829359e-02,4.560517470615135793e-02,4.288708548519147568e-02,4.666499486095214422e-02,4.201483464972585735e-02,4.642251276857799897e-02,4.636326329539232349e-02,4.343714311918586701e-02,4.530030571670206480e-02,4.269675948672717325e-02,4.234002506609905320e-02,4.637788118417082717e-02,4.138180961288808607e-02,4.647894058611908019e-02,4.288630508224107463e-02,4.491147535309746031e-02,4.741209128492968744e-02,4.416255191077358977e-02,4.335232052687715276e-02,4.298638505250123448e-02,4.312993157816584489e-02,4.553974261672665697e-02,4.606743791886717954e-02
4.008110842077318436e-02,4.074446149918972693e-02,4.110267152433522836e-02,4.101697580997971937e-02,3.820320682416855629e-02,4.089246794788946315e-02,4.069621741625628619e-02,4.129819160985181287e-02,4.098466292583440723e-02,3.939080549070931442e-02,3.883500501859844800e-02,4.004498511192737531e-02,3.973803842345242227e-02,4.041883876421148436e-02,4.120406990002225406e-02,3.967077130316950390e-02,3.843307564317988839e-02,3.989571784038029728e-02,3.949333471880823315e-02,4.213855090799398240e-02,3.843988073094619512e-02,4.066725221381400218e-02,4.088201956337203513e-02,3.942789418748280511e-02,3.969627619766707971e-02,3.940803661768161464e-02,3.939310004188227576e-02,4.046370030080568420e-02,4.229795532143128950e-02,4.094809676368106610e-02,3.925668662567388667e-02,3.903722949062885667e-02,4.064517179844873151e-02,3.663834857680346030e-02,3.958327420647601846e-02,3.898503066537149786e-02,3.905059928426124483e-02,3.852278271793323217e-02,3.982954862080519826e-02,3.941667951015644100e-02,3.866675446018505435e-02,4.106631585981659199e-02,3.921853683525181739e-02,4.008695222358480553e-02,3.966432235378201249e-02,4.143385936032455141e-02,4.120989709056294137e-02,3.896736949479537998e-02,3.865551372144734182e-02,4.094107344516591251e-02
3.405686284785387069e-02,3.486068773032239415e-02,3.614495778880308374e-02,3.256193467128950386e-02,3.430211467045153617e-02,3.762548678075322561e-02,3.594077437908910905e-02,3.317720352990888300e-02,3.519490969119037221e-02,3.568364392961996534e-02,3.517625826726959726e-02,3.421202911692992205e-02,3.277814891159944177e-02,3.352674662739213440e-02,3.525690074824889414e-02,3.346495748866886583e-02,3.306279805490579260e-02,3.770633911331537635e-02,3.405555175803022527e-02,3.532994144365756567e-02,3.357881772296474054e-02,3.507934239090820111e-02,3.642130573624510759e-02,3.379997705928222684e-02,3.563320027088748981e-02,3.607493698384228731e-02,3.449567911854493907e-02,3.566888573305557891e-02,3.576458766765974046e-02,3.535449099421043156e-02,3.548612259336242358e-02,3.596402090682725150e-02,3.482152913496480012e-02,3.548019633787661414e-02,3.407841705969386070e-02,3.604207345304726723e-02,3.342542371864778289e-02,3.422106892477629059e-02,3.553805125240384194e-02,3.590293842764017557e-02,3.393354123990663385e-02,3.748864509929437233e-02,3.677913545720440380e-02,3.660393881640903319e-02,3.565140072049526737e-02,3.506889933358745687e-02,3.535178831470321692e-02,3.374904432344203592e-02,3.663658330194182605e-02,3.342704371185654250e-02
3.180312520408060117e-02,2.987286262093960185e-02,2.851852686773445958e-02,3.089891180397386430e-02,3.082550242055021733e-02,3.013712539991721465e-02,2.983913818232267548e-02,2.955277277567907798e-02,2.954126523863933457e-02,3.057846252787426930e-02,2.984605011506735045e-02,3.025028209728967965e-02,2.925987008909782319e-02,3.180075972059726724e-02,3.033744507142957167e-02,3.100648201887511515e-02,2.867168223871929128e-02,2.937502441637436165e-02,3.103002146961290550e-02,3.130624762273212514e-02,3.074690919969609235e-02,2.946735765705479904e-02,3.122341075998188650e-02,2.829790585419712790e-02,3.082140875020425788e-02,2.984792865975649523e-02,2.978523160948262638e-02,3.090301918335068912e-02,2.823192422671420843e-02,2.707136174464344625e-02,3.064440118182848796e-02,2.908378247025203769e-02,2.900778598535386568e-02,3.000822786647417903e-02,2.937300868485157382e-02,2.974111839208842464e-02,2.887830568763750244e-02,3.086967822815349372e-02,2.954626355209117455e-02,3.182929921236556103e-02,3.005595245234451984e-02,2.949812110083521038e-02,2.936042003564980074e-02,2.732005884765950632e-02,2.828491558822087554e-02,2.896169467024565722e-02,3.119647302505840908e-02,3.013528962755222113e-02,2.852400091701412163e-02,3.011622025346825590e-02
2.530607350698144131e-02,2.518701425696875940e-02,2.555117616679738329e-02,2.382334425247408308e-02,2.535306011710881588e-02,2.695024375814543405e-02,2.515615799237815378e-02,2.570525721618546061e-02,2.586520880637935976e-02,2.650365627852888095e-02,2.408391533409281679e-02,2.516651405591111348e-02,2.743947750767226218e-02,2.538206199473580157e-02,2.550570707588569949e-02,2.353101867923789933e-02,2.770351932968012632e-02,2.378372132709823117e-02,2.530288528046555421e-02,2.537758813024604612e-02,2.681358438266857880e-02,2.567668292165680224e-02,2.577962430378832881e-02,2.504133368908006974e-02,2.577500344863616413e-02,2.613204784127366731e-02,2.690524674393529603e-02,2.728662114694672958e-02,2.577268549528364053e-02,2.500679698183448305e-02,2.630735411253135037e-02,2.465815852348317294e-02,2.706828467012823564e-02,2.460119459401054892e-02,2.496336097992331998e-02,2.817997636201770295e-02,2.574743256850182613e-02,2.460956991856547496e-02,2.354112424207639026e-02,2.594950298786793258e-02,2.609217761933511556e-02,2.765914800820063260e-02,2.547728402881772186e-02,2.497852771977455283e-02,2.374813703383509347e-02,2.517986364287922926e-02,2.606401194973161778e-02,2.480664323936574225e-02,2.513135906668316488e-02,2.564342235115793858e-02
2.151149049048702369e-02,2.201588109866845638e-02,2.103132292944475540e-02,2.259407064796260800e-02,2.020069139685305368e-02,2.285381478172248890e-02,2.260676032012348333e-02,2.047862716438781858e-02,2.304828316962172913e-02,2.186915828572431192e-02,2.146404041883392608e-02,2.185565735577440008e-02,1.951738962475943473e-02,2.139169443220307124e-02,1.964628439086292186e-02,2.067882649682144594e-02,2.059577071070121251e-02,2.041360129982898799e-02,2.174961071884417077e-02,2.190145733562192873e-02,2.161329762196983681e-02,2.126274765103699366e-02,2.176545681036379937e-02,2.173444742055748863e-02,2.052417091357184448e-02,2.138965924603124583e-02,2.032572099718322339e-02,2.108629292314809570e-02,2.212101491655416377e-02,2.179018987353568970e-02,2.189348050450242583e-02,2.151831843484102585e-02,2.182506474301148733e-02,2.188205791586013763e-02,2.282020241939351768e-02,2.046451539101263456e-02,2.259039221629778604e-02,2.141085711364414459e-02,2.159383040264854434e-02,2.082115793649966934e-02,2.087322542024180536e-02,2.157434994443661880e-02,2.096137055033868088e-02,2.165200000378762410e-02,2.222500474669266216e-02,2.169961256133863883e-02,2.065294842049513954e-02,2.223769151879173220e-02,2.203902815222107126e-02,2.062786947419685893e-02
1.752339658326292418e-02,1.750125502716377152e-02,1.610839666671756362e-02,1.584987689589080484e-02,1.819168601181631734e-02,1.638738329444376987e-02,1.648178267829954885e-02,1.952350887613665820e-02,1.650077319057687356e-02,1.809743541250687093e-02,1.689810963856847037e-02,1.839108737667511165e-02,1.779021647654532856e-02,1.694372489469386442e-02,1.763819436466525573e-02,1.786018617142203987e-02,1.778158018229499329e-02,1.846679691710004234e-02,1.692742263694151789e-02,1.699120547847615681e-02,1.774043184186185895e-02,1.676521765843624889e-02,1.646004369551899368e-02,1.865286132196607508e-02,1.705583208563067263e-02,1.701670606262137633e-02,1.698980063004610491e-02,1.721632594768349872e-02,1.770904564903553677e-02,1.646638943119251366e-02,1.707235328269939359e-02,1.831307989627275340e-02,1.630074141441780963e-02,1.791055730447141392e-02,1.899792506060087385e-02,1.786530217035500398e-02,1.828657985191637150e-02,1.781709668210148742e-02,1.732477098178082306e-02,1.847237855333933379e-02,1.872414946594591970e-02,1.765306788256497048e-02,1.790900796388043142e-02,1.697451691172275831e-02,1.659746643763123850e-02,1.905359537874991988e-02,1.849693878932367683e-02,1.639733798746899340e-02,1.598817628419644740e-02,1.698917295783424972e-02
1.306827967510945827e-02,1.420631695819141518e-02,1.418276448589662203e-02,1.441844239186586274e-02,1.474485819305475232e-02,1.454213030540925378e-02,1.469911520211062729e-02,1.322812578503109598e-02,1.366707261905904594e-02,1.389676088286507724e-02,1.271292042520760085e-02,1.453649988274052438e-02,1.322387025362405967e-02,1.322401013378310571e-02,1.269484132504787588e-02,1.373990668650356371e-02,1.410297127615562328e-02,1.453279488992610842e-02,1.302405510591257004e-02,1.433566249141935908e-02,1.288338597703135233e-02,1.267960240964516316e-02,1.394765522767639314e-02,1.400021161573898956e-02,1.360113493364641449e-02,1.246986571416460257e-02,1.253665139774413385e-02,1.305939467155109793e-02,1.440624084071837931e-02,1.416457604016080167e-02,1.377806530633447768e-02,1.451363582493377449e-02,1.339608908625416171e-02,1.320170330737152273e-02,1.325740372714064204e-02,1.240733444123728532e-02,1.423850232883999874e-02,1.334416429393713369e-02,1.522990556372400515e-02,1.190681842817642964e-02,1.378331272306680330e-02,1.449011093903344871e-02,1.406230320439060509e-02,1.545961186248808600e-02,1.490238816955640790e-02,1.465573357915805897e-02,1.494655456904846018e-02,1.404286207302057367e-02,1.332377652751514860e-02,1.223913574526938608e-02
1.046937379069265601e-02,1.119706810792614124e-02,1.125947634490487639e-02,1.147749819436619072e-02,9.709872665482701531e-03,1.110442507265259338e-02,9.961913385854354736e-03,1.050325520449628229e-02,1.083358487289999388e-02,1.032667600778237535e-02,1.009647282050103387e-02,1.035747899316332224e-02,1.081327861412524106e-02,1.041558569002188663e-02,1.045714365918667954e-02,9.983637694307521265e-03,1.061314654950954589e-02,1.083951353133339769e-02,1.127201422636002828e-02,1.041816370094507740e-02,1.036730890208083233e-02,1.099548454414969907e-02,1.117894687751639672e-02,1.062925769812139362e-02,1.064717124413449775e-02,1.000919988763075523e-02,1.006364836799193523e-02,1.175783579872666067e-02,9.619309502199680645e-03,9.761612912211978937e-03,1.222858553277757394e-02,1.058369641612915378e-02,9.881274476727500145e-03,1.137891715407273602e-02,1.049339758793194424e-02,1.068220291307618586e-02,1.070387214430819009e-02,1.028998282462068037e-02,1.040594731623025945e-02,8.998692618617028238e-03,1.034858103536303274e-02,1.055588246414331313e-02,1.093705342970792242e-02,1.095085172001139702e-02,1.130525544347818663e-02,1.084091203417893515e-02,9.479109295715187899e-03,9.786132312425204968e-03,9.460676402700849558e-03,9.751540992596388277e-03
7.545475205846541474e-03,7.289896758638095622e-03,8.039727046735266683e-03,7.448365987490764700e-03,6.804997532713916511e-03,6.530274006527485124e-03,8.119949021734317041e-03,7.236283533614959115e-03,7.690258751749539518e-03,7.445634311436005043e-03,8.575152815786727181e-03,7.330090621680379961e-03,7.691302276735919458e-03,8.525266337035260905e-03,6.414774171552433540e-03,7.836597127700973761e-03,8.406894201379072964e-03,7.966551236892339613e-03,9.133661932899913086e-03,7.080949371848113509e-03,8.514435082267637900e-03,5.965870526701963147e-03,7.376956586770743590e-03,9.273414599499527067e-03,7.672025596607652022e-03,8.425425050693612777e-03,7.746044716138091209e-03,7.320707853786696806e-03,7.846469988917807031e-03,8.060350966713767176e-03,6.985815156274463242e-03,7.636579411541451201e-03,6.922426230524101297e-03,8.137127324289873676e-03,7.216093598107799212e-03,7.557376733390245432e-03,6.561820184853921559e-03,7.864323859176156756e-03,8.181685896290060572e-03,8.133210988772163197e-03,7.755556936018029833e-03,7.668230665119846190e-03,7.071671747484993900e-03,8.275634937872462446e-03,7.614273298968440677e-03,8.178616214541141460e-03,8.072618780026494939e-03,7.236934406968723900e-03,7.746054958355670476e-03,7.239753772751369651e-03
5.273931211314177893e-03,4.835272108163190044e-03,4.927217624723038286e-03,4.511695302686385967e-03,4.918413467540483711e-03,5.596837378674605033e-03,5.296479372963698758e-03,4.864628636740393232e-03,4.812878671488400942e-03,4.759479580084196443e-03,4.927082401993063999e-03,6.279149275273748602e-03,5.369956552871276920e-03,5.234101728017440287e-03,5.347383195023946469e-03,5.251799419940980131e-03,5.295644937699924178e-03,5.287258023133971710e-03,5.430334675998512578e-03,4.363133373359398895e-03,4.423777196033133567e-03,5.519310599409188445e-03,6.159695963281525480e-03,4.349315610688677877e-03,4.553085635502923841e-03,4.599239108131236362e-03,4.781422518027060933e-03,5.170852454371861404e-03,5.300268913951557137e-03,5.509623432352688324e-03,4.573549273957239376e-03,4.935290601953111651e-03,5.261604851498936919e-03,4.490013909921201050e-03,4.297865888349089274e-03,5.170483797890485476e-03,4.517472965291630289e-03,4.137523082954739154e-03,5.445294661544203794e-03,4.151487334787588857e-03,5.478355097901350078e-03,5.313070273765822110e-03,4.973732043746672757e-03,4.856836679362460177e-03,5.146386804019808386e-03,5.199116918026075451e-03,4.359536974110123086e-03,5.407428926867238056e-03,4.565375564568235900e-03,5.061638426374397842e-03
2.940200113330431863e-03,2.878708699353916579e-03,2.642657462088720665e-03,2.457623655806076036e-03,2.160473759446155263e-03,2.356075945913159875e-03,3.338026975037694695e-03,2.532304761445772733e-03,2.525455768352713719e-03,3.183069024506838141e-03,2.915394096401997034e-03,2.344900054547926962e-03,2.651428306484124049e-03,3.154268624366218018e-03,2.920217105176599760e-03,3.088430871125497773e-03,2.629314064325315257e-03,2.932117981288750053e-03,2.861013033238485673e-03,2.575110827890875892e-03,2.494282262888128376e-03,2.176890397879216454e-03,2.428447401871833364e-03,2.815891798712575732e-03,2.123227439944882274e-03,2.749801952735847314e-03,2.597562239209816326e-03,2.727576887737429359e-03,2.792793480575864705e-03,2.690971160342747661e-03,2.989560928698120190e-03,2.796927253958737120e-03,3.130625368824448574e-03,2.694175111302407437e-03,2.900188394858435603e-03,2.836458098548056035e-03,2.611204890775549892e-03,2.407230255014610344e-03,2.218771251318733644e-03,3.093790710968786790e-03,2.917957524994689751e-03,3.364817370305372285e-03,2.539475666940155685e-03,3.072114555473243712e-03,2.618683370620250757e-03,3.047570736024783102e-03,2.446603766296790664e-03,2.636533766637203305e-03,2.224457828051902217e-03,3.426642403081138922e-03
8.098662522998731740e-04,9.959035590159353440e-04,8.036482698023562519e-04,7.740298895482722536e-04,1.190912053119951713e-03,1.037791583706575193e-03,1.165120777527968183e-03,9.888783156035945831e-04,1.326644374336554029e-03,8.877777898696106573e-04,1.365207143816770134e-03,9.696040566587638306e-04,1.135893264969427708e-03,1.475806342504024787e-03,8.956343620742553135e-04,1.109486726893556870e-03,1.153020250740226802e-03,1.209026195003750758e-03,1.319959587138423924e-03,8.840450764725309683e-04,1.063019658412906994e-03,1.452986752758491469e-03,7.568211104371770593e-04,1.408533474678587459e-03,1.352400718624702410e-03,8.676544903846336544e-04,9.179699177172715666e-04,1.080730435517544786e-03,1.110049515242879283e-03,9.592217884442369924e-04,9.653007828364423620e-04,1.484346150723036151e-03,8.842225791715163478e-04,1.285755686258730802e-03,8.555491583579474596e-04,1.089342791754076669e-03,1.121910642833527779e-03,9.767444078613027672e-04,1.089833081513159408e-03,8.995534619430741634e-04,1.560748397973465420e-03,1.151735582743423046e-03,1.027974271351736078e-03,1.131525461721553764e-03,9.672371249005942305e-04,1.298990722651804149e-03,1.469835917056565733e-03,8.297478904055845868e-04,8.569820566621081130e-04,1.214099731888565112e-03
1.721864612969624555e-05,4.722493022130405199e-05,8.428290087668197257e-05,1.833250113084646871e-05,6.286534283956979167e-05,7.940105971175395456e-05,1.817093472311279156e-04,5.602118095212770319e-05,5.218105652368158282e-05,1.053019779507083294e-04,9.632737221641870907e-06,5.737033311993567644e-05,8.041678457549067285e-05,1.519022356333019162e-04,3.778987600772741026e-05,3.328184705217096046e-05,4.333547610562995492e-05,9.978865351407265115e-05,2.148865047523106360e-05,1.342599401179812553e-04,1.098225395562373556e-04,3.064502902594706016e-05,3.646507473507765471e-05,1.071885854708458808e-04,5.625892115412708591e-05,2.827182771822624594e-05,6.423814354589927863e-05,6.511146835933073675e-05,4.309758382878631835e-05,1.673382433518231586e-05,4.309456511071064512e-05,1.103356544600910299e-05,7.680767510355752795e-05,8.195432519889397211e-05,4.018001996414116467e-05,4.177108645568712949e-05,3.018611221352716182e-05,9.782691125490436065e-05,6.319475986020450743e-05,6.084499672991418962e-05,1.674810220803632315e-04,1.070095739942119613e-04,6.812716120766868096e-05,7.111308932748606321e-05,2.713990119283672038e-05,1.535956995230528140e-04,1.316283467279335628e-04,1.380416406807555068e-04,2.682959429516509848e-05,1.345627599811665299e-04
