2.891287132431430962e+01,2.908713734379701776e+01,2.859891254603463651e+01,2.867753665171885658e+01,2.920513782660173518e+01,2.944092717271826487e+01,2.867374832634587278e+01,2.914100787675628368e+01,2.881457983202711048e+01,2.920260753478828164e+01,2.941650289210769742e+01,2.920310800805010487e+01,2.870637780918147897e+01,2.893459708299321775e+01,2.892064694544796311e+01,2.879099394064511941e+01,2.903884502087491626e+01,2.876118720125991146e+01,2.887814804671312530e+01,2.886693053632226125e+01,2.859657209875132367e+01,2.919303716942119564e+01,2.883490840037572056e+01,2.871196233016186383e+01,2.944664340409400083e+01,2.961357508040242337e+01,2.939308128547869003e+01,2.907150973075482980e+01,2.837410055059369896e+01,2.911626175004822059e+01,2.943747027306034880e+01,2.938494230059753676e+01,2.917751612057498534e+01,2.859032041033917437e+01,2.899051340236094632e+01,2.938274842988774793e+01,2.919760157060579431e+01,2.890173204648352367e+01,2.902269611568328145e+01,2.951446616465191397e+01,2.899560664636242180e+01,2.896425342262434199e+01,2.872653911117233250e+01,2.899352493347169712e+01,2.892621365591211813e+01,2.932711590522397671e+01,2.880812989191938200e+01,2.878881882269491754e+01,2.904394505011962124e+01,2.858167217693614859e+01
2.861793389710944524e+01,2.925806262404345404e+01,2.873331624565885178e+01,2.924899393487998367e+01,2.911814408050454972e+01,2.821729906569682456e+01,2.850838985834093720e+01,2.882277775546511123e+01,2.871834680998404821e+01,2.941238566324155457e+01,2.893474490397046139e+01,2.868483893102032667e+01,2.866959018940832138e+01,2.915570714062060631e+01,2.926147247087659053e+01,2.894376718757402855e+01,2.906385192467764966e+01,2.865252182456674745e+01,2.874672290567347233e+01,2.896839926956633349e+01,2.927488201782281507e+01,2.906192404387160266e+01,2.880578886363105084e+01,2.916296335956682739e+01,2.888524217348038192e+01,2.888388648781442214e+01,2.888250744165829076e+01,2.867431988238513085e+01,2.839523939174668499e+01,2.885887430443291279e+01,2.915358769735555100e+01,2.881415318074729726e+01,2.907309108926344621e+01,2.888163590654637503e+01,2.880472035411424159e+01,2.879719483090878995e+01,2.843147649781275277e+01,2.885074572231071954e+01,2.886585972367716124e+01,2.916163832401008804e+01,2.899806329322506215e+01,2.906468643581463240e+01,2.911845249199755514e+01,2.908294912332829085e+01,2.913972938307648164e+01,2.927564900097500455e+01,2.870190881710652775e+01,2.899785148101730314e+01,2.911216778936023175e+01,2.896881531882009853e+01
2.866936733462548403e+01,2.886194885186039016e+01,2.926397857177854078e+01,2.892789342796571717e+01,2.894076936926312271e+01,2.868613655344675450e+01,2.911221857688414971e+01,2.943561468564563910e+01,2.910433505995861481e+01,2.863435854589494411e+01,2.884114186590937123e+01,2.830634938890178276e+01,2.845461778931624508e+01,2.858850561982361782e+01,2.844078113723172052e+01,2.939239914645860097e+01,2.901854524418913073e+01,2.867024660917687484e+01,2.901003086739909875e+01,2.862908177244403873e+01,2.855288592062509423e+01,2.844119071385600250e+01,2.877960409456439805e+01,2.837941631285663036e+01,2.959099983634257924e+01,2.908367360373812716e+01,2.881420903534832689e+01,2.868758639694221557e+01,2.890817555441149622e+01,2.895811984132479111e+01,2.883982318326694028e+01,2.918258542150861246e+01,2.888420627673412611e+01,2.890736721391916930e+01,2.894890837463121969e+01,2.844577223192686333e+01,2.921549817046848574e+01,2.859345962853539902e+01,2.878459183522087628e+01,2.854366002197563645e+01,2.894556291884905619e+01,2.874581150779806649e+01,2.870558266062342057e+01,2.911510836999277174e+01,2.849813431659250185e+01,2.930841329147397190e+01,2.892103635402700945e+01,2.890771104870717423e+01,2.886971154498846914e+01,2.929401550460364234e+01
2.806190138007225343e+01,2.848177192925274781e+01,2.888693260199837098e+01,2.857628576830629896e+01,2.905496632668051404e+01,2.855460194972087251e+01,2.863705706820673669e+01,2.845333279643497804e+01,2.881340708258332484e+01,2.886735353593701703e+01,2.888374135214848337e+01,2.859382114682788867e+01,2.872799848061343653e+01,2.829145887518858871e+01,2.856762492055487712e+01,2.800276611269804405e+01,2.850752982494555710e+01,2.940291779203075961e+01,2.913735342995348887e+01,2.891401082617612772e+01,2.896778280978744391e+01,2.846443582059609412e+01,2.924612902503675826e+01,2.887504145251632082e+01,2.870785283593806270e+01,2.890211476790689815e+01,2.877998763028442042e+01,2.905257352822977523e+01,2.809037527656754207e+01,2.886337551647792310e+01,2.906199803751418287e+01,2.870222385850026825e+01,2.894257671934812493e+01,2.920079090035262226e+01,2.885005344626801005e+01,2.903436514088347664e+01,2.854844275085999783e+01,2.833512357333917819e+01,2.874356424297594614e+01,2.851925448485781089e+01,2.879678915265870032e+01,2.890869397075498171e+01,2.906047121181181936e+01,2.894252743955051699e+01,2.822236835003003108e+01,2.862307964391004234e+01,2.860414918132493867e+01,2.859265244999947342e+01,2.873411247639755217e+01,2.920766884316004663e+01
2.866110754222707158e+01,2.882200599224739435e+01,2.863823215930588972e+01,2.854208966292117822e+01,2.827835513805285927e+01,2.847327398985722624e+01,2.854251760341866273e+01,2.831937872883429108e+01,2.892287866355674453e+01,2.901026571311958691e+01,2.799580165919876507e+01,2.850836723323478239e+01,2.923091625383801784e+01,2.843200972072730792e+01,2.819419392162114590e+01,2.925420813960783306e+01,2.884923835481084353e+01,2.834116467687614005e+01,2.890925152608080495e+01,2.868966264418128631e+01,2.904467545991592203e+01,2.802978802429214511e+01,2.886788447122522427e+01,2.860270168853412187e+01,2.891937320329097361e+01,2.922429892080961977e+01,2.846033414235210302e+01,2.800217579330399076e+01,2.866583606106353344e+01,2.870687638298041833e+01,2.898536881410078436e+01,2.932430180507487805e+01,2.862458923113870668e+01,2.829394292630291119e+01,2.842909209668254178e+01,2.896766439682076566e+01,2.905416982775220092e+01,2.865970023413064638e+01,2.866089760356592819e+01,2.874090763165056828e+01,2.836753657512291582e+01,2.877076986902772404e+01,2.806438000643031572e+01,2.876436680544225055e+01,2.916863051019264930e+01,2.938196676229078719e+01,2.859711290677901374e+01,2.837032594723274670e+01,2.825575518821783305e+01,2.882988200079920560e+01
2.839755624264493861e+01,2.840617411968709405e+01,2.881251962899739283e+01,2.856789146401707313e+01,2.820848897554920143e+01,2.884099231269323482e+01,2.852750748137439274e+01,2.848406319365120609e+01,2.836058276379487353e+01,2.819298705074551847e+01,2.881735827427208818e+01,2.881310884870187294e+01,2.856077370052027220e+01,2.869565298429292710e+01,2.845582758922627065e+01,2.837374771167350218e+01,2.838675691911200261e+01,2.842347702642462437e+01,2.820716534768871142e+01,2.833736549236872193e+01,2.812747927164841855e+01,2.857880788026097818e+01,2.827095040835873263e+01,2.804788795891512265e+01,2.886722456338555531e+01,2.883115697716866421e+01,2.825441228323852982e+01,2.854870096718706662e+01,2.932696999454070053e+01,2.845153669239591210e+01,2.865955990969096945e+01,2.848277828405909773e+01,2.880075028871406673e+01,2.880193082453886433e+01,2.825525739835579486e+01,2.818419446216542568e+01,2.866111907172632911e+01,2.892956501432758643e+01,2.895562782011264602e+01,2.877939258205608297e+01,2.843695712063697201e+01,2.825915140598175057e+01,2.842304625296730691e+01,2.854525658916913855e+01,2.851049273877103474e+01,2.853921538082434850e+01,2.847473813778785257e+01,2.853163929694566647e+01,2.857590103076693566e+01,2.847046860896102771e+01
2.859324364523562068e+01,2.832475603370351536e+01,2.814761531112973714e+01,2.825476348563020323e+01,2.801199321999229852e+01,2.873649388955380601e+01,2.849051558867978429e+01,2.844386717356985272e+01,2.825580002586808348e+01,2.827032777939411901e+01,2.851436812053768222e+01,2.894140350370000547e+01,2.801250098194773841e+01,2.885361577632789931e+01,2.874543899901689059e+01,2.875165234123790725e+01,2.819988211094381114e+01,2.893064266157852060e+01,2.836949420531871624e+01,2.817337804089255471e+01,2.859530595614627302e+01,2.844427076790593389e+01,2.830071901958621439e+01,2.784044818359302198e+01,2.828239318050000506e+01,2.858049042503271764e+01,2.834615783937789146e+01,2.857740348889602089e+01,2.853438633698808502e+01,2.794155000913729126e+01,2.863752099980645482e+01,2.805548378741699622e+01,2.886656737141555595e+01,2.881385559955735687e+01,2.841545554031553422e+01,2.816791691153940391e+01,2.874602586409520555e+01,2.819855424315926129e+01,2.848731637916101178e+01,2.875510392386992464e+01,2.807565676466923321e+01,2.828491607374083472e+01,2.806627972145199124e+01,2.840864141237122809e+01,2.836208188527953311e+01,2.824100195602673224e+01,2.877770204271512711e+01,2.828980993672069388e+01,2.836245417151194914e+01,2.844429163335145105e+01
2.827892527503707498e+01,2.785601851840452525e+01,2.819558260599790245e+01,2.847938746443178104e+01,2.799370937199336140e+01,2.832690303818025157e+01,2.839116526841153387e+01,2.804462456759549838e+01,2.866078627145095226e+01,2.799336946667856196e+01,2.819471636061269137e+01,2.840243560609057738e+01,2.800632035103524942e+01,2.783736585340825798e+01,2.822030458842527878e+01,2.785051241828393742e+01,2.818068311960623618e+01,2.847399918389334061e+01,2.841606624321432761e+01,2.797970700302584035e+01,2.840198491143832982e+01,2.867935946375245848e+01,2.829176921712998549e+01,2.858963749093753393e+01,2.813679494286794736e+01,2.841814965489724898e+01,2.820222511534455379e+01,2.793014357608372578e+01,2.817713581952193280e+01,2.818157454243263516e+01,2.850893787664504586e+01,2.796149041555464265e+01,2.829899893171240421e+01,2.819347315115433261e+01,2.814028090003296256e+01,2.824714280573275715e+01,2.862070784169478799e+01,2.780765246907840194e+01,2.800249504621971752e+01,2.908183279390005538e+01,2.877628297851893180e+01,2.824916272529975458e+01,2.837079374767793993e+01,2.829469546709895411e+01,2.832897311503834814e+01,2.816106953872152729e+01,2.852003259505804067e+01,2.824571822480307404e+01,2.830746589601349683e+01,2.797676601624113246e+01
2.818753776799621491e+01,2.835499324953584122e+01,2.771017134703673079e+01,2.796269716551741524e+01,2.806170934968132968e+01,2.739501685548175658e+01,2.808507823163906636e+01,2.829570182519377042e+01,2.819502944257033050e+01,2.785832073930207997e+01,2.777515862496687760e+01,2.756676234766482736e+01,2.787949109576938511e+01,2.802870577842283595e+01,2.791852435300531354e+01,2.787164231317087015e+01,2.775328420186173872e+01,2.828268825348573401e+01,2.872119072322387368e+01,2.853204308020696089e+01,2.826959375840870692e+01,2.787086136686231796e+01,2.807570349301379764e+01,2.791716956091293511e+01,2.795220628993041956e+01,2.789237257430850292e+01,2.801571633061196920e+01,2.786272210697262253e+01,2.776925255472380272e+01,2.797804533413246375e+01,2.832737024820872307e+01,2.803937015568672209e+01,2.784180664975139408e+01,2.807102714508739538e+01,2.822998102588350022e+01,2.809147569585636717e+01,2.812311798288714826e+01,2.808935612055156028e+01,2.755897561743670110e+01,2.841626858649266651e+01,2.773331132434503132e+01,2.778355533559600588e+01,2.794059212824662097e+01,2.822801346887418816e+01,2.790376635396437166e+01,2.864691080668277934e+01,2.795772172990260174e+01,2.777824592516829227e+01,2.770098927903998032e+01,2.776559675299545660e+01
2.763042324428488783e+01,2.742981284557358279e+01,2.816019365899964555e+01,2.789684664364865796e+01,2.809070954283521715e+01,2.848948673713432811e+01,2.751558990167050212e+01,2.762915973913077394e+01,2.803670385973015300e+01,2.795291085251846752e+01,2.755647245493154784e+01,2.775051375936776310e+01,2.764862627721182875e+01,2.758901627055070449e+01,2.788883588545597192e+01,2.799963794972402198e+01,2.753879886687288092e+01,2.729462518976952978e+01,2.767951716444744648e+01,2.802409539514501091e+01,2.772570134461583535e+01,2.790624236216988407e+01,2.777674465858270025e+01,2.775276246313979556e+01,2.740303233101092317e+01,2.726500580861023337e+01,2.778362427714395366e+01,2.772048010634288673e+01,2.738471808755031134e+01,2.785122123810833727e+01,2.748818777727846552e+01,2.818423286220730262e+01,2.766282840908686325e+01,2.736842810074550769e+01,2.754014983859229559e+01,2.760091761745523442e+01,2.780611427079610465e+01,2.716383797194020033e+01,2.753031709468544008e+01,2.745840486835837879e+01,2.787316174238136313e+01,2.797723117139827664e+01,2.795208331502669097e+01,2.791948198712159623e+01,2.781713015080702789e+01,2.774818580039553240e+01,2.816129102690420183e+01,2.796871064096086457e+01,2.767773822684107543e+01,2.760399847172002197e+01
2.720586173163842503e+01,2.708501717849457435e+01,2.715922129686583730e+01,2.777579671587007937e+01,2.739143554316242657e+01,2.744656520883378903e+01,2.751191921402509877e+01,2.739955395604391342e+01,2.765827283825080940e+01,2.774082951324082558e+01,2.804565441601999964e+01,2.728414142432796297e+01,2.718903178033939483e+01,2.716793525570584578e+01,2.687762765555942579e+01,2.758338239963239502e+01,2.732569462906947422e+01,2.806655163360426641e+01,2.731717473169424792e+01,2.741061535723502018e+01,2.765560621351213655e+01,2.751684893985411406e+01,2.727015949355408964e+01,2.759045514043464919e+01,2.738563065710748035e+01,2.780099706024818218e+01,2.804774726849939270e+01,2.723809679452148913e+01,2.758251724070816735e+01,2.730640324660604890e+01,2.669056295805359014e+01,2.784906376567690600e+01,2.761095576951160169e+01,2.726496632417210719e+01,2.730996655895088665e+01,2.739614477345486421e+01,2.791836664055199080e+01,2.756845617300087525e+01,2.723216086668088565e+01,2.761413494411532099e+01,2.744624227603366862e+01,2.736124588036928884e+01,2.713255082047778544e+01,2.761161215267387448e+01,2.715607931886403748e+01,2.768555779381756921e+01,2.754681138656965800e+01,2.725635439153682071e+01,2.748675443621907277e+01,2.710570354036612883e+01
2.710116033227954802e+01,2.736044331939448782e+01,2.720689467561150821e+01,2.731344838366472416e+01,2.720623828853446469e+01,2.761827187770634495e+01,2.737142996522397453e+01,2.699132796743645457e+01,2.697496266718273006e+01,2.721701100838491172e+01,2.711683859130678087e+01,2.719439912529540138e+01,2.710614500953534289e+01,2.720426016897370047e+01,2.715976062945649616e+01,2.681810767491280956e+01,2.693636687620783121e+01,2.725935415971765252e+01,2.741703618200219239e+01,2.747673636088458338e+01,2.723384408637104315e+01,2.738321049980407551e+01,2.717155921405523955e+01,2.719475690940193147e+01,2.696628101311107173e+01,2.732346925556650064e+01,2.732674135459687648e+01,2.752781002179732894e+01,2.736243654906837008e+01,2.737429810353437176e+01,2.780757939618959540e+01,2.672179097900188083e+01,2.716805702074009687e+01,2.666990932077267118e+01,2.727755363297632840e+01,2.687313065391242262e+01,2.720314536640986347e+01,2.694620194298511962e+01,2.693091724734112091e+01,2.715788052105100192e+01,2.653622838234173642e+01,2.683292937535083666e+01,2.710557076119895115e+01,2.703869366785402661e+01,2.772285751698571943e+01,2.729388515794145320e+01,2.695032474921107735e+01,2.764739349963955917e+01,2.676720300629982674e+01,2.692149365330285349e+01
2.658471147875484775e+01,2.686987967983267822e+01,2.691343880699479030e+01,2.642566394821060172e+01,2.672594809422195183e+01,2.695824291907328529e+01,2.702636531135225795e+01,2.667488676919124302e+01,2.670211458468290644e+01,2.692668390218396368e+01,2.628749743504837966e+01,2.683612339221270204e+01,2.688012031629204657e+01,2.717993603665330227e+01,2.678880222067558847e+01,2.687695362113552378e+01,2.670985063620721078e+01,2.694220128399360448e+01,2.683221435609405958e+01,2.606806200988663846e+01,2.657476989629486042e+01,2.654811093805926347e+01,2.660357152400763425e+01,2.720709003831210637e+01,2.716953035912801795e+01,2.686496073127774409e+01,2.705752580770602478e+01,2.696945226457665967e+01,2.715263318719099317e+01,2.707168269621288914e+01,2.695264100001006824e+01,2.666123419895249214e+01,2.686867993439886604e+01,2.716912365522995287e+01,2.686661235507251533e+01,2.701829312043776454e+01,2.674527938573483254e+01,2.675681066670862052e+01,2.693074322521255581e+01,2.684372070057024473e+01,2.656675399274083915e+01,2.654505935858102106e+01,2.732432095512213621e+01,2.672609303855861285e+01,2.655957473246296985e+01,2.694550681215192256e+01,2.712489802522838289e+01,2.685210056646130639e+01,2.682139585377671054e+01,2.693506934803754049e+01
2.622344722451082433e+01,2.622384400864627452e+01,2.708567718128548307e+01,2.685046196705690491e+01,2.647836284360705861e+01,2.662397642611380988e+01,2.624428979969877673e+01,2.615478268461817279e+01,2.679951268823315758e+01,2.675405578143867302e+01,2.621800342846366050e+01,2.631582850747643221e+01,2.658553937821528734e+01,2.654832584105197668e+01,2.642363408070579567e+01,2.635162280241665655e+01,2.662869924106379571e+01,2.609728251379672059e+01,2.683014516713497599e+01,2.645419635755019883e+01,2.641421346277153859e+01,2.623162422176455522e+01,2.645397478038189121e+01,2.662822651494803594e+01,2.633036378090874763e+01,2.649820837785157579e+01,2.656477543307299172e+01,2.690954790762857840e+01,2.682821170951869760e+01,2.616614130548774497e+01,2.679145314036992431e+01,2.653743159580545097e+01,2.633931853900735121e+01,2.654334088498271882e+01,2.643963271022599315e+01,2.666597956572492478e+01,2.647858029242610556e+01,2.664663842288237205e+01,2.670660571935514582e+01,2.645014996236706395e+01,2.654392721044048287e+01,2.623959746326688247e+01,2.625942463094830615e+01,2.640364685946726198e+01,2.665385902656188222e+01,2.676654571722329479e+01,2.654607888280146355e+01,2.643688092256774169e+01,2.641353879715705233e+01,2.658112958680789006e+01
2.585693121219865631e+01,2.552147393114203311e+01,2.630379189543376128e+01,2.613984967430755901e+01,2.634518172746007636e+01,2.612075571942799357e+01,2.612358509010988072e+01,2.599301306105828147e+01,2.586931501712651738e+01,2.608980244077508459e+01,2.624309424089906528e+01,2.654817205740184249e+01,2.573218105777564801e+01,2.646453030452737565e+01,2.629350670937368406e+01,2.578083762371396048e+01,2.569844629648897438e+01,2.604855663458952719e+01,2.606196386334811166e+01,2.601544270574970596e+01,2.651148990904244940e+01,2.687097957897583456e+01,2.617559993863894974e+01,2.579065739541001179e+01,2.618448887616483134e+01,2.608495235680791069e+01,2.602036266945609810e+01,2.636211442194663945e+01,2.582611879236826269e+01,2.642287119632936765e+01,2.621097074140041983e+01,2.575220635521048962e+01,2.621800326592832420e+01,2.600431051162975393e+01,2.579353477694662899e+01,2.624287158886108884e+01,2.596326164685825688e+01,2.546603940553994150e+01,2.627059680285326593e+01,2.615576440283504667e+01,2.642117131987154011e+01,2.565000084924395551e+01,2.603951694375325232e+01,2.606720042330994502e+01,2.628065040637986627e+01,2.624209312130133398e+01,2.609327365152777745e+01,2.649852201457647283e+01,2.624032576600362177e+01,2.598508440682227061e+01
2.589573546408589166e+01,2.540598148053752325e+01,2.588029710513605508e+01,2.566816341388053146e+01,2.541073766352460339e+01,2.549354423178493079e+01,2.587108600042351014e+01,2.549369380030526244e+01,2.608916606561055929e+01,2.524984390326222794e+01,2.552077985318449294e+01,2.574633822414254070e+01,2.563339472666366348e+01,2.555006501997990043e+01,2.560567599702390851e+01,2.589125463161140317e+01,2.583011584245711489e+01,2.549442656058426593e+01,2.584927079971741648e+01,2.594354190767101187e+01,2.577941469840283517e+01,2.554378170897509293e+01,2.557001716874134800e+01,2.554379504322174910e+01,2.544798177523367855e+01,2.511081266900432851e+01,2.599235562497203844e+01,2.586712819597305923e+01,2.557867646757048163e+01,2.584004839544696353e+01,2.572217128767125871e+01,2.585395850774850146e+01,2.539978063709340717e+01,2.559071248408492494e+01,2.575265340669191261e+01,2.584016269808149957e+01,2.542802229995485064e+01,2.509513546892287295e+01,2.582594598914265660e+01,2.531068168687114905e+01,2.544024128362992343e+01,2.551497979425764839e+01,2.545977276873517425e+01,2.563613394023855463e+01,2.588866227068520942e+01,2.512775876683884846e+01,2.588377721759787065e+01,2.532171896977461500e+01,2.519747769462757248e+01,2.545859830327457018e+01
2.507103219430570462e+01,2.520866122101460149e+01,2.552765835294101038e+01,2.528781156021765852e+01,2.492518609688546860e+01,2.528829193089258354e+01,2.534526724556008404e+01,2.559092340849607439e+01,2.537902027935566096e+01,2.521195270675512745e+01,2.509030706421535939e+01,2.506069217202442800e+01,2.541416216801405525e+01,2.554378781755743333e+01,2.529081743510541713e+01,2.522951536441541265e+01,2.560214489401884208e+01,2.518445075384929766e+01,2.544119847332298079e+01,2.512111404049898766e+01,2.516435965332540903e+01,2.550379864474844283e+01,2.508012396468391358e+01,2.493770830362649704e+01,2.523328676376047142e+01,2.532301943442864101e+01,2.545838977587354890e+01,2.532449911913623808e+01,2.488181430729491339e+01,2.486356369517471876e+01,2.546243188562706905e+01,2.506200966146608522e+01,2.497604669173922076e+01,2.452096489190204309e+01,2.525097078244548499e+01,2.517461393192201058e+01,2.551519522423518183e+01,2.518498639004764073e+01,2.505291532570868540e+01,2.486052642047929240e+01,2.579897086473474133e+01,2.524969717898467181e+01,2.509834698521076746e+01,2.479676120748462154e+01,2.496639425298245385e+01,2.476088269092968730e+01,2.482183311607625953e+01,2.484027415523963711e+01,2.514930298074450121e+01,2.498433480735291212e+01
2.483921484368269716e+01,2.478970119904999692e+01,2.484200680582608811e+01,2.465391727161707536e+01,2.482020273561129642e+01,2.520590485369963574e+01,2.489503506203029559e+01,2.450651789734414621e+01,2.460716222752912685e+01,2.461996572957662366e+01,2.458527960806363311e+01,2.434232007684386545e+01,2.415362568785151609e+01,2.495065379863877908e+01,2.444851193419090407e+01,2.501717773277596635e+01,2.508675428163704879e+01,2.454369688723453180e+01,2.472978093213999529e+01,2.438533707527604122e+01,2.478871432967087074e+01,2.506340438767186996e+01,2.460241429525975576e+01,2.491616585333847311e+01,2.479689393404951758e+01,2.509057040116895720e+01,2.507407208414382183e+01,2.517453142630146345e+01,2.508534450797680293e+01,2.447989799071604722e+01,2.456857358857406837e+01,2.434122845047565420e+01,2.482430520193685197e+01,2.499227335669537808e+01,2.475118973099479192e+01,2.477836704637404708e+01,2.473721323534187277e+01,2.474744971101721802e+01,2.433508109862766133e+01,2.425183163148913223e+01,2.504923472228813353e+01,2.482704579705635695e+01,2.440770387115427908e+01,2.466927035885306196e+01,2.513203040607592698e+01,2.426355051621919756e+01,2.479720774485599577e+01,2.508097172195155622e+01,2.450517780361259312e+01,2.460444764792259775e+01
2.414343528707560083e+01,2.416778079985617467e+01,2.449485928310491545e+01,2.429268833410404227e+01,2.415551311738571982e+01,2.399659445237274369e+01,2.382781463684527168e+01,2.395011236572110391e+01,2.421312586228059516e+01,2.424510972286335075e+01,2.434474797116028455e+01,2.453160479971153052e+01,2.381168914543569670e+01,2.429697813293385522e+01,2.411193947406691507e+01,2.413564532129425899e+01,2.431605603308623742e+01,2.420888814969643121e+01,2.444769463718355595e+01,2.425806214225043078e+01,2.416633354922477395e+01,2.447763168459797356e+01,2.359771491572271529e+01,2.355828326820980934e+01,2.410186508982704368e+01,2.430265759159955508e+01,2.424343907990390790e+01,2.411479582791172760e+01,2.457287406224105908e+01,2.442202876111678123e+01,2.454634175770038240e+01,2.446732662397782221e+01,2.405647336588323881e+01,2.455660675979708074e+01,2.396212933146530588e+01,2.447661378139715893e+01,2.441984793736064319e+01,2.436191881764154843e+01,2.402824531125619245e+01,2.436123988558592757e+01,2.450623285990155509e+01,2.387263241109862477e+01,2.399955914906670529e+01,2.406377267746482929e+01,2.458253825419602023e+01,2.388097622412391985e+01,2.405834317765957664e+01,2.401604742084970923e+01,2.408932735072104947e+01,2.439026727923269533e+01
2.344207170928393680e+01,2.351128470866020237e+01,2.396646260552565977e+01,2.406994518419396556e+01,2.406054019647918452e+01,2.337268831444645301e+01,2.345880114873947520e+01,2.332068448744799483e+01,2.377722137498697208e+01,2.343413641206743847e+01,2.382344913494612015e+01,2.316843043621243936e+01,2.364926061174019267e+01,2.367311058921851696e+01,2.340843699555760793e+01,2.373952359879127982e+01,2.362441962694427389e+01,2.381151814613097528e+01,2.364181429427539527e+01,2.379717514042406634e+01,2.352102559753122435e+01,2.349518574643837709e+01,2.366136009693772380e+01,2.342697395458382559e+01,2.374038630368228198e+01,2.363480138970281530e+01,2.358888699473111927e+01,2.348520073074582371e+01,2.378268786663636547e+01,2.352441528418271233e+01,2.353878880743608093e+01,2.367155484256034015e+01,2.323685383968912888e+01,2.388237586643156263e+01,2.399255219650707360e+01,2.394646009000982545e+01,2.382965086756443185e+01,2.366744432773476703e+01,2.373767535240587279e+01,2.391883666360690697e+01,2.325285447449521570e+01,2.351236597732463807e+01,2.367410582203259395e+01,2.367968078991656711e+01,2.388773000919054468e+01,2.353422374603688283e+01,2.394849998998860130e+01,2.391436827470996818e+01,2.348312756969464132e+01,2.410149872834384510e+01
2.298960067272123453e+01,2.323651128928849019e+01,2.295855379667858287e+01,2.295024869512580779e+01,2.350741726899626372e+01,2.296647691547605774e+01,2.331090912021118555e+01,2.311842784031089693e+01,2.286621869971410348e+01,2.335705443317580077e+01,2.296115047957588828e+01,2.328645252564388457e+01,2.337493164077980623e+01,2.306589781966453856e+01,2.323463934894911631e+01,2.305165534736489619e+01,2.326478791779330990e+01,2.288551409462668218e+01,2.299766631512012438e+01,2.345441464400007447e+01,2.299741351125883781e+01,2.342406464852916415e+01,2.328821094163644290e+01,2.310134091578632720e+01,2.296717951056609763e+01,2.320573459380292292e+01,2.341960939345738169e+01,2.331600145822682535e+01,2.314022462013463510e+01,2.303726636433942687e+01,2.336328253308525404e+01,2.324444067118070834e+01,2.298496164801676755e+01,2.360012887904773038e+01,2.328226807541878429e+01,2.317426006137338845e+01,2.309019587095312076e+01,2.331334118688360491e+01,2.267842135820658100e+01,2.350718899398786021e+01,2.352291247566810739e+01,2.356598306495830286e+01,2.327496055128334618e+01,2.299518009646798333e+01,2.299699957918942417e+01,2.366192422994009448e+01,2.223162861824009795e+01,2.293351115419896402e+01,2.302472810344215759e+01,2.303252673900401248e+01
2.281541675287414250e+01,2.235176412242131860e+01,2.240487304038104810e+01,2.221158905788903581e+01,2.266334218826155933e+01,2.318363006488078426e+01,2.272766543720114285e+01,2.305540929197493583e+01,2.302332389033766447e+01,2.234601432217509398e+01,2.237702686824430387e+01,2.269918403243789129e+01,2.294135102000663196e+01,2.294801962336225643e+01,2.350323699992026860e+01,2.243282129624481414e+01,2.273972998883734320e+01,2.274573273750928593e+01,2.223870347186739238e+01,2.302630352800107971e+01,2.229658220187074846e+01,2.275659595696650328e+01,2.277931893999660318e+01,2.244762292735704534e+01,2.273533270655772398e+01,2.261043039452734860e+01,2.268687851962613067e+01,2.274430458589014492e+01,2.270888518521901034e+01,2.275580312701831431e+01,2.248471291950292894e+01,2.229905577373809322e+01,2.278457439191609524e+01,2.280527393739854247e+01,2.242483991957141143e+01,2.255544019892974816e+01,2.305581432670136266e+01,2.257179624483230995e+01,2.275427481844284117e+01,2.266263456375923369e+01,2.289146857554037240e+01,2.261684390614516715e+01,2.246591713956206249e+01,2.320700577087817962e+01,2.285520157279247044e+01,2.277328565845902375e+01,2.265385119960295413e+01,2.308562615194223255e+01,2.277271647202528371e+01,2.295887631250213090e+01
2.265768193831720723e+01,2.218721439283064711e+01,2.204134140465405167e+01,2.191326196440808260e+01,2.195888905585896111e+01,2.197232016171600932e+01,2.169350657778748470e+01,2.173312899589960878e+01,2.202140899969338150e+01,2.139105036457559095e+01,2.254551458554353616e+01,2.250370224358153237e+01,2.259313010758922147e+01,2.233909577299101912e+01,2.198878640529535389e+01,2.169239835985862896e+01,2.209074966919718008e+01,2.208018009464963782e+01,2.222261241368847706e+01,2.255849264877911864e+01,2.183825122752875458e+01,2.218309497187137325e+01,2.246253337309576992e+01,2.198590893948140845e+01,2.209550514667562382e+01,2.213629241863628039e+01,2.183284629411494393e+01,2.252714221066234757e+01,2.200177545592168471e+01,2.185757813244712366e+01,2.184001240626631457e+01,2.192134634993484354e+01,2.203455310714668514e+01,2.208214463007542960e+01,2.215901113226529517e+01,2.206328802378440912e+01,2.215010459218381200e+01,2.202431815919194591e+01,2.192788563841218163e+01,2.211182298419327452e+01,2.239022525468256219e+01,2.221043810520217576e+01,2.217421908625858507e+01,2.221812730206347908e+01,2.192163776440099454e+01,2.180960756347088036e+01,2.244937519075048016e+01,2.241180228878251413e+01,2.218386648270314865e+01,2.202192632205045442e+01
2.139251937123915681e+01,2.158111990512771783e+01,2.192916207425551889e+01,2.167776611551968813e+01,2.136552848720520004e+01,2.138207147668265407e+01,2.142265799230883161e+01,2.161215424996395740e+01,2.162926558575631475e+01,2.159839890928091322e+01,2.145762477501926924e+01,2.188063481085591278e+01,2.176794629972232187e+01,2.168588947921578125e+01,2.176448951317840041e+01,2.077199944262460818e+01,2.190821493512357776e+01,2.102639423384653838e+01,2.177823457036986809e+01,2.136371564736868578e+01,2.111880924922891012e+01,2.152694457471412548e+01,2.190424598623326702e+01,2.142332136678621879e+01,2.185935601269563122e+01,2.153433003493150721e+01,2.148411726046772685e+01,2.143422521637585731e+01,2.130653862913658259e+01,2.106957325313427631e+01,2.185978655466881548e+01,2.120303367297424302e+01,2.147630187357329135e+01,2.162496884483921633e+01,2.147542966129576669e+01,2.130272451988446036e+01,2.178024175689537145e+01,2.169187239509474452e+01,2.158939179580303147e+01,2.146141355757590219e+01,2.127803353960120702e+01,2.125301192316052123e+01,2.175960773045951768e+01,2.147245286844973222e+01,2.161550232559944362e+01,2.156948473894822271e+01,2.114811288690085789e+01,2.134707841103542947e+01,2.144640575050146936e+01,2.173693007081146789e+01
2.083946513036672243e+01,2.052766796060126353e+01,2.072601421537870081e+01,2.089312042281942894e+01,2.112274691783089153e+01,2.098314036070055977e+01,2.079032936446130364e+01,2.075452638482288492e+01,2.066158411875228751e+01,2.079809185976347408e+01,2.056551521816601991e+01,2.070846426791997175e+01,2.079971692991115972e+01,2.109868784476226367e+01,2.096720227009568660e+01,2.036691032748399621e+01,2.090596044179628876e+01,2.101640662367844214e+01,2.104467887698050887e+01,2.085186079589849228e+01,2.112428034807803812e+01,2.114127835266568312e+01,2.060991078103490892e+01,2.095421092921383277e+01,2.084341352157486327e+01,2.086865690947614382e+01,2.039498993640487612e+01,2.109461523989403631e+01,2.097033528550898396e+01,2.115516327663585727e+01,2.053624439745545516e+01,2.069720537668161242e+01,2.102006428211920053e+01,2.098760464401196657e+01,2.082636459729766898e+01,2.089206785851921921e+01,2.072872855081056187e+01,2.064545375828091167e+01,2.063937908814250832e+01,2.093809719433568262e+01,2.130801071116211531e+01,2.081062013815255796e+01,2.111815430591521903e+01,2.081073339531030442e+01,2.109300897946177500e+01,2.056266030337110706e+01,2.104178818201791046e+01,2.078204896392114520e+01,2.088853631047962267e+01,2.047435288094203898e+01
2.007209220043123565e+01,2.049650721258036512e+01,2.033308477922488322e+01,2.017483084885134659e+01,2.006190207259552949e+01,2.020444716252802664e+01,2.035280852794616635e+01,2.028091273083977697e+01,2.001229166854476205e+01,2.018452446866429995e+01,2.017933314773404874e+01,2.039221306941325196e+01,2.031139561113906211e+01,1.992570646442731075e+01,2.060407318082310368e+01,2.051342635599315756e+01,2.030564677371255655e+01,2.040134743026340658e+01,2.041969364532744891e+01,2.010124843083398716e+01,2.032665478786126911e+01,2.019588435184863329e+01,1.994070638155098507e+01,2.028452810014827534e+01,2.055208647719689452e+01,2.027781794233477086e+01,2.027456918967033772e+01,1.981495731074802791e+01,2.012477498838460477e+01,2.028826070405157722e+01,1.984800441954150330e+01,2.026282169508319697e+01,2.023884265122716997e+01,2.020389004820912149e+01,2.031516117348558836e+01,2.018743294948789213e+01,2.021346476075753884e+01,2.000269144981234248e+01,2.026192366928937716e+01,2.021676815165941576e+01,2.014905295921142780e+01,2.022627559521827934e+01,2.011690596844800183e+01,2.006737970301593421e+01,2.082537850075281227e+01,2.021921066203789863e+01,2.053530378527696243e+01,2.000667027688528066e+01,2.004794023938989156e+01,2.060600270216924201e+01
1.982044252937112461e+01,1.963817391194596240e+01,1.956089541699596523e+01,1.977870865834087866e+01,1.962503377303528396e+01,1.947118291030106008e+01,1.971630019258196853e+01,1.978808548827198166e+01,1.911124097539020639e+01,1.976725088470881175e+01,1.952226181799250426e+01,1.981621017649390382e+01,2.001655870045859231e+01,1.967365588801162701e+01,1.951489079713398667e+01,1.949257449497675410e+01,1.979218635065884513e+01,1.962522543395167318e+01,1.951463909492057880e+01,1.944146820763676331e+01,1.965486787944675484e+01,1.964398095872720873e+01,1.962310635730196040e+01,1.950079647525180704e+01,2.009103949707400716e+01,1.940278932000080658e+01,1.946814941020346268e+01,1.966040091479249341e+01,1.965363858437227051e+01,1.998302342042367030e+01,1.931414216414287921e+01,1.946759884061221868e+01,1.963354461824448194e+01,1.975135490768455071e+01,1.986995662735839119e+01,1.973703826450876875e+01,1.960738476713983047e+01,1.939253683895858771e+01,1.971024610338560024e+01,1.977062550258965956e+01,1.960669400617376112e+01,1.978821915519241159e+01,1.949635387321259472e+01,1.981951039325128505e+01,1.946902699196848729e+01,1.947018934337203078e+01,1.972625471121800445e+01,1.937786254839008393e+01,1.952050650406980736e+01,1.935342887454001826e+01
1.885033320984293326e+01,1.908326951562320772e+01,1.884854397176809471e+01,1.904698696082149922e+01,1.909399604099705883e+01,1.832621168320749661e+01,1.904848023575427973e+01,1.907384813849892780e+01,1.925597549686224852e+01,1.889124195136260198e+01,1.902190687288011262e+01,1.879659807375089287e+01,1.869549792199537919e+01,1.844464413592708851e+01,1.925919683253316705e+01,1.887116857176027196e+01,1.903086893725822293e+01,1.904112232335360133e+01,1.896191581126492309e+01,1.904789185180404942e+01,1.891555882880582118e+01,1.903563388049128235e+01,1.894206375973715240e+01,1.923377637239683935e+01,1.880013690763358980e+01,1.891314732860535130e+01,1.891751311011346104e+01,1.888092137592449760e+01,1.918636547034956052e+01,1.883928060121951731e+01,1.858420354362137772e+01,1.895728639278125272e+01,1.907325580745844817e+01,1.895052271752920703e+01,1.901098664519631498e+01,1.879062294874074368e+01,1.870821222200897438e+01,1.883825855392870707e+01,1.879806573799162805e+01,1.890804653260789436e+01,1.868923465738050638e+01,1.918507852429791072e+01,1.875253832466002990e+01,1.886844736810864731e+01,1.886315461079037803e+01,1.929412836598011793e+01,1.890361054222552539e+01,1.888062345999976799e+01,1.919859391055021902e+01,1.908336461445887622e+01
1.820653379609557021e+01,1.806862075759194397e+01,1.828216175631740015e+01,1.814438367651360551e+01,1.799139045636802692e+01,1.836442727674271680e+01,1.827874839488206860e+01,1.794490803493334496e+01,1.821203385366956695e+01,1.815848871215134608e+01,1.821880868517004970e+01,1.809622223396598173e+01,1.808646649418296448e+01,1.818175178251158997e+01,1.814841661586412513e+01,1.821237801596708294e+01,1.809799610171392814e+01,1.838748627309187000e+01,1.851287422503521540e+01,1.799798643857247527e+01,1.817139953733789781e+01,1.818354241610820665e+01,1.833201841844599400e+01,1.879516611106791757e+01,1.867267024513233054e+01,1.796241356912773313e+01,1.857118826622993879e+01,1.818194173366430633e+01,1.832131058046892136e+01,1.840986191472159561e+01,1.829919657269382682e+01,1.813988199569084259e+01,1.866520907002313479e+01,1.841063870129282520e+01,1.821629587531859684e+01,1.836694920961265254e+01,1.780291183136926136e+01,1.837354142028710413e+01,1.844073187964865923e+01,1.848149949641276990e+01,1.835367822487076239e+01,1.819770726073018352e+01,1.817089299997513763e+01,1.857112095069842184e+01,1.827119915875861977e+01,1.809179549342414717e+01,1.817874613007406381e+01,1.823476275223547560e+01,1.825342664234813128e+01,1.798236352110535563e+01
1.797897399032159171e+01,1.743808604249662864e+01,1.756594685232892417e+01,1.774511690166674072e+01,1.756056125190504247e+01,1.790777058603145377e+01,1.778185216607852226e+01,1.790999222204853680e+01,1.750095563343916538e+01,1.728396862956358859e+01,1.731163503947780669e+01,1.739663744997870509e+01,1.771666417283732287e+01,1.769642308685876486e+01,1.743470651408175698e+01,1.798641191587827137e+01,1.751606787003596111e+01,1.778307024375942902e+01,1.750852715933732995e+01,1.791965532437192721e+01,1.790878046452764139e+01,1.712235081582495511e+01,1.769221210668294475e+01,1.760169471276946140e+01,1.750714939016166483e+01,1.766639624253797436e+01,1.790560178036287198e+01,1.787746568859627061e+01,1.778507887257169884e+01,1.756338086153599676e+01,1.733041576442223075e+01,1.744150270351090626e+01,1.715289315305819429e+01,1.756270747772383700e+01,1.741548668717435788e+01,1.743153782528145257e+01,1.754049363855101973e+01,1.785658191177468979e+01,1.755323922094061118e+01,1.752233254337702562e+01,1.791036731324997433e+01,1.766391123869474811e+01,1.778134615673408447e+01,1.775284928302492915e+01,1.769803657294978194e+01,1.752417599239313617e+01,1.768649183853191786e+01,1.766367103372840575e+01,1.718758454858547324e+01,1.771027721799317689e+01
1.686420239554826139e+01,1.664652465570306461e+01,1.737014738659538082e+01,1.700784120176645686e+01,1.700538204049194846e+01,1.685223302021955050e+01,1.704909817078337397e+01,1.673013373427655281e+01,1.690000184167778130e+01,1.667874328903964454e+01,1.692590473470736612e+01,1.672463597073588559e+01,1.706228181388359033e+01,1.676347260380204673e+01,1.724895770740493717e+01,1.745918999491286883e+01,1.706785833693662724e+01,1.710387583461928429e+01,1.689851260168031288e+01,1.714961508125796996e+01,1.718448667000850349e+01,1.683358782612822324e+01,1.766774711640171702e+01,1.690382756926569030e+01,1.664673334877421240e+01,1.735492736878524056e+01,1.675030314497889705e+01,1.697834700114875872e+01,1.701628851396580444e+01,1.695699764323569525e+01,1.710340494385181032e+01,1.749822584149334048e+01,1.707102055807844820e+01,1.686437650315434311e+01,1.692654754264059491e+01,1.702080253100488250e+01,1.704098677097647396e+01,1.692183132054304551e+01,1.726261761820537899e+01,1.676694170505493986e+01,1.708406348419754650e+01,1.710941666903668334e+01,1.716750613298247430e+01,1.703517199945231297e+01,1.667787915846054503e+01,1.683733809702306417e+01,1.720177722203083093e+01,1.707566055630108082e+01,1.691471495744811548e+01,1.676890006322133431e+01
1.633816970399233170e+01,1.647737332231681506e+01,1.586982310973457899e+01,1.618534502580807910e+01,1.631522334843813482e+01,1.617302344610063969e+01,1.644410582203797233e+01,1.601863251494796714e+01,1.625670493334613198e+01,1.622595705278149936e+01,1.575313023968141835e+01,1.606062803197905353e+01,1.624126417324931282e+01,1.642831414109694776e+01,1.630863094481498621e+01,1.594564394816780961e+01,1.620414019240352133e+01,1.683967710349053348e+01,1.611062163443664730e+01,1.618023251827856868e+01,1.615242514720103983e+01,1.626570618853907391e+01,1.648161040259196497e+01,1.627818556286128171e+01,1.624844378266660172e+01,1.576405767899326271e+01,1.621537582830494273e+01,1.626371983060942128e+01,1.626627555223561572e+01,1.648752027855601554e+01,1.613088868568127765e+01,1.601357635583992689e+01,1.609964994325486742e+01,1.619420678113770862e+01,1.589158691400244727e+01,1.615036060082950797e+01,1.618983728932414579e+01,1.583325242449845049e+01,1.613171344291844633e+01,1.593671129836652689e+01,1.606849192594249232e+01,1.636932141606090596e+01,1.608257305978729335e+01,1.633155008555532106e+01,1.603522997782120996e+01,1.604369260464796909e+01,1.607045313647105900e+01,1.650658978325613546e+01,1.610442277835348079e+01,1.626784407634463747e+01
1.550180417496682317e+01,1.532523002839909942e+01,1.498173467356654243e+01,1.559723907675905608e+01,1.570051324668602710e+01,1.547851473141447265e+01,1.565432790625544079e+01,1.560771966628895058e+01,1.601205330060664167e+01,1.540606631405206350e+01,1.545178141898835378e+01,1.539210450416475418e+01,1.588319133621276080e+01,1.561467705003718720e+01,1.567769513058269482e+01,1.527232857705411107e+01,1.566767488962964272e+01,1.553580445005182931e+01,1.557017214245524528e+01,1.541671175941914740e+01,1.553215009811770386e+01,1.524065080032882058e+01,1.568662627758364536e+01,1.546323566563477492e+01,1.545917250465010895e+01,1.563107427543593886e+01,1.518568142397542076e+01,1.561519312706938223e+01,1.576491347776143215e+01,1.551367440960645894e+01,1.561224306401391537e+01,1.512909255799089969e+01,1.511429668111718350e+01,1.559449478022373015e+01,1.542335159954893342e+01,1.552935651528427385e+01,1.550721441305468140e+01,1.573058386707331202e+01,1.580532028533667344e+01,1.544098277112658479e+01,1.538690344532490251e+01,1.511115032995237861e+01,1.558201309978029947e+01,1.591072997967413372e+01,1.557410910827838002e+01,1.544777216124489527e+01,1.550077143680683989e+01,1.548995989153353925e+01,1.541951453948386508e+01,1.523121957915641822e+01
1.489213028333339572e+01,1.486048256043445548e+01,1.473096716054718947e+01,1.480388128413504845e+01,1.500632289579607814e+01,1.436494098674686271e+01,1.466463275518489340e+01,1.452970952764812296e+01,1.467368875146559226e+01,1.485044490130951722e+01,1.490264165875284519e+01,1.500109864807248705e+01,1.512144882670297008e+01,1.476458201966454276e+01,1.471077555476550280e+01,1.478213032935204652e+01,1.492285853620370517e+01,1.493281991199526360e+01,1.468098387852426967e+01,1.441771448957486434e+01,1.470804517557287738e+01,1.486769803772773102e+01,1.478642573965067797e+01,1.448356874776668413e+01,1.514559681196777774e+01,1.472720516219689024e+01,1.486018670862937974e+01,1.460148981598243623e+01,1.460765390610335324e+01,1.460142599530584206e+01,1.485478206244170352e+01,1.468295625084072675e+01,1.446028379787523654e+01,1.482645719936394713e+01,1.466653692682313448e+01,1.505141540002637868e+01,1.449549823379149238e+01,1.488799487756169526e+01,1.461696386474823228e+01,1.510676771260772355e+01,1.469006024823867484e+01,1.467046551740949134e+01,1.496368818126894418e+01,1.483953601027884517e+01,1.505141977343268067e+01,1.480359650970043717e+01,1.492088313722716997e+01,1.481808634645725853e+01,1.455422351789079904e+01,1.480074271673145425e+01
1.436167445561472533e+01,1.432303486799554371e+01,1.436860135004985750e+01,1.388318469041438163e+01,1.421360367487523924e+01,1.428351443128883602e+01,1.396141243382059471e+01,1.397850159373886036e+01,1.438048200107555274e+01,1.419585357057935937e+01,1.369950896585595679e+01,1.406303739452955881e+01,1.419597752541819879e+01,1.395952831155091012e+01,1.416697115807919083e+01,1.419023831060017393e+01,1.431576415490749632e+01,1.405289164482452335e+01,1.405961454200948246e+01,1.390596843162463614e+01,1.394053114805321236e+01,1.436531491099598590e+01,1.403524167240943576e+01,1.393194411463699467e+01,1.400236017912950004e+01,1.404675818368497175e+01,1.399600684351807978e+01,1.392001317988789388e+01,1.365037791867519346e+01,1.395333910872307825e+01,1.410923408154719461e+01,1.382881334433714393e+01,1.370532163445127694e+01,1.397077784634453401e+01,1.369940533188693799e+01,1.393814704640527680e+01,1.420321186792306456e+01,1.404449853039950469e+01,1.426926103325728512e+01,1.409537564846632485e+01,1.409782352054373789e+01,1.405050088825059085e+01,1.382612813225671999e+01,1.447232832280358750e+01,1.412313148849604794e+01,1.404933442634218288e+01,1.423940602328384308e+01,1.391014960534335110e+01,1.388822717791612682e+01,1.396874928593440934e+01
1.345706543225991503e+01,1.341407164184483669e+01,1.345324178447814489e+01,1.338626652792614635e+01,1.330084618576271360e+01,1.355002790833121118e+01,1.292942041830415967e+01,1.344000063178379101e+01,1.334027695046833273e+01,1.334326345129752767e+01,1.338656623958501513e+01,1.320492381633022738e+01,1.318537317451263036e+01,1.332933729822211077e+01,1.320383231631446463e+01,1.330545119390910536e+01,1.324628399546385538e+01,1.344401266969549091e+01,1.340931754452239311e+01,1.328216037133695338e+01,1.365967093574947988e+01,1.338012001112989324e+01,1.357357267677032731e+01,1.375593922048395790e+01,1.327565908923512694e+01,1.318357852313205036e+01,1.335321299535920936e+01,1.351852244523710667e+01,1.328671815200232409e+01,1.294601474310343114e+01,1.320217599610135295e+01,1.309987719010148943e+01,1.322780091604479757e+01,1.329551987284463088e+01,1.303954928725701556e+01,1.328983195391170824e+01,1.292097961528156347e+01,1.371020541254767622e+01,1.287959621733060267e+01,1.318586589013739641e+01,1.355792655849144346e+01,1.322990955508215372e+01,1.332918914942355570e+01,1.322256945560070918e+01,1.311901823163039893e+01,1.325374872606821341e+01,1.330893774616187208e+01,1.348580070911984130e+01,1.374280180599511247e+01,1.337547294884330462e+01
1.265140025181653982e+01,1.254448104852906987e+01,1.251100149759152202e+01,1.262741178153406274e+01,1.265922395990749116e+01,1.265289485124762869e+01,1.260848333317632886e+01,1.276328885223513865e+01,1.264562969921072089e+01,1.280472138488552858e+01,1.245648715902637527e+01,1.301422941705859238e+01,1.282095744270484694e+01,1.246373974657342565e+01,1.280444228624492631e+01,1.259358166210649799e+01,1.264105382281739409e+01,1.254720888311156735e+01,1.257242782118003532e+01,1.270429340257481599e+01,1.277941499978465245e+01,1.288751160215756464e+01,1.270984816454346600e+01,1.245205161924932113e+01,1.248511465077572424e+01,1.241957029374153620e+01,1.264805454119344752e+01,1.254224185535927560e+01,1.256743642704229202e+01,1.243258833256882312e+01,1.246107755486713486e+01,1.289828024243994342e+01,1.264591147755256095e+01,1.266170424656053584e+01,1.291495589118658494e+01,1.258822433077778058e+01,1.267012552921514157e+01,1.261260821676562394e+01,1.250404392346715454e+01,1.222304854746775860e+01,1.263000497893079910e+01,1.268772621804451894e+01,1.264307994523856671e+01,1.263736851719715837e+01,1.258874107223032368e+01,1.263919378073032007e+01,1.246714398450090933e+01,1.271588855961811326e+01,1.265660577634616146e+01,1.269743497575440649e+01
1.230506185447516998e+01,1.191811305031906798e+01,1.213755799476323993e+01,1.149839288885005573e+01,1.212553222645580320e+01,1.200735838825189461e+01,1.195589978184884927e+01,1.186621653604459503e+01,1.161695456457479914e+01,1.180539534645498456e+01,1.177501229551209860e+01,1.173330160611687312e+01,1.212275484843093665e+01,1.213184355092459654e+01,1.205850738984499237e+01,1.188154875665769339e+01,1.174303166438680535e+01,1.164676549100681413e+01,1.136057803187139470e+01,1.193969465447080225e+01,1.186746510298354629e+01,1.194819551375958433e+01,1.160283308263269397e+01,1.190247160548894989e+01,1.215363551204197989e+01,1.169838806843847934e+01,1.171764180054334581e+01,1.165363490409483305e+01,1.208793808801470249e+01,1.196196246005721164e+01,1.166373385048718703e+01,1.181335865836827814e+01,1.174916246644977846e+01,1.225975622141826449e+01,1.185375518477871637e+01,1.222333926622835065e+01,1.170918008110967001e+01,1.189693735820836196e+01,1.205437738259406544e+01,1.181345196309240286e+01,1.195828274372884437e+01,1.178998955246307823e+01,1.187639983093682972e+01,1.198080365745488862e+01,1.172514679542306837e+01,1.169270978111852521e+01,1.145326263052860760e+01,1.177304740123184779e+01,1.187552938535907288e+01,1.179716744939346462e+01
1.115350990177219614e+01,1.125939447834197971e+01,1.138488072664187811e+01,1.124569306143374270e+01,1.149007977497663013e+01,1.154578680613720110e+01,1.098322411385413666e+01,1.125520715842395347e+01,1.120465292870964724e+01,1.102648807908017048e+01,1.126095070875637738e+01,1.140292751539519678e+01,1.110237382519601468e+01,1.129236032831849101e+01,1.147517008759066393e+01,1.129639162290930088e+01,1.118079277210086353e+01,1.115820335944656350e+01,1.124803411288415056e+01,1.076210590069195838e+01,1.119110576662235523e+01,1.117669752153903140e+01,1.109147921240810852e+01,1.120477737496503856e+01,1.125291776320924875e+01,1.104542555199161491e+01,1.097543235688216257e+01,1.093144575909154348e+01,1.113004453088305823e+01,1.100494240716138528e+01,1.109931996625795314e+01,1.097128926055634679e+01,1.115414985173470264e+01,1.112940960818544056e+01,1.122500036139218871e+01,1.121815988354067350e+01,1.105364189328756197e+01,1.125350641488289760e+01,1.150065343629694681e+01,1.138653867865183855e+01,1.114101547991309182e+01,1.104466438473726164e+01,1.101283034959148388e+01,1.123869144291846034e+01,1.099910369317910508e+01,1.115668140051693769e+01,1.140387554250193958e+01,1.117560531774220145e+01,1.130276891664850503e+01,1.123156069694691794e+01
1.053334457440449157e+01,1.016669885937804452e+01,1.028244283753594424e+01,1.048166955707658943e+01,1.048417072802362959e+01,1.039825555394924272e+01,1.051778355804643716e+01,1.045504695014659902e+01,1.053502526775379344e+01,1.060914094634594207e+01,1.033553573205690945e+01,1.027028937356289973e+01,1.059933291466475147e+01,1.065724301858217515e+01,1.014164815325399616e+01,1.053709128185453281e+01,1.055710541340398478e+01,1.033587080650898926e+01,1.044543658515163642e+01,1.052564622120315718e+01,1.054561149578525914e+01,1.034920491489041439e+01,1.074291615637732988e+01,1.048924159746816187e+01,1.054675686046198280e+01,1.052563892402599599e+01,1.028288866187383732e+01,1.046964335347226971e+01,1.040382937006371833e+01,1.064148063018804535e+01,1.031163326379473943e+01,1.022771784328590527e+01,1.059534162178871597e+01,1.025732227126067819e+01,1.032047641448696318e+01,1.044076895989581466e+01,1.038759247995720791e+01,1.042335715925628747e+01,1.039386015137997177e+01,1.038285257873504186e+01,1.054651674238211356e+01,1.062433842479146762e+01,1.026108126887589655e+01,1.080402535971115796e+01,1.029762322302804378e+01,1.031403631616157845e+01,1.043689849746352749e+01,1.023864878931885158e+01,1.053632577449257113e+01,1.039599919254520444e+01
9.628956112010344626e+00,9.531960818143179637e+00,9.749941874649614704e+00,9.855332805509027239e+00,9.887043183133453539e+00,9.521024641871104421e+00,9.538725008163041252e+00,1.006113050692793287e+01,9.892308859477076055e+00,9.680006730642121582e+00,9.740276864690482483e+00,9.876503810646791948e+00,9.773294515821794093e+00,1.004186063871620682e+01,9.924364753963814678e+00,9.751237525048386701e+00,9.612155267168914108e+00,9.820742884872181833e+00,9.853734470635366449e+00,9.638923256383090887e+00,9.784796235203721437e+00,9.630985703474861381e+00,9.979940919345871464e+00,9.745170855168414192e+00,9.501382728471380545e+00,9.827560023948953116e+00,9.800202584904115000e+00,9.825170385604398149e+00,9.869258860327555283e+00,9.755029037138383430e+00,9.729860867013567116e+00,9.818358375094089041e+00,9.661505677128525704e+00,1.003998413951993207e+01,9.701564054747585431e+00,9.755165055010952102e+00,9.540643466416732110e+00,9.827839775007204182e+00,9.627613737584297837e+00,9.876560327571697329e+00,1.004995101560572479e+01,9.588151975058755383e+00,9.864080892843414716e+00,9.880903508273936708e+00,9.471592542236413337e+00,9.562961584997117015e+00,1.001340694530165543e+01,9.685981598729238584e+00,9.503118129090315946e+00,9.634604738982382344e+00
8.994278286541169010e+00,9.130569650530761194e+00,9.089794475467069645e+00,8.934124355778454429e+00,8.934669379930609168e+00,9.068336677442154325e+00,8.769078541455261444e+00,8.890080115799568361e+00,8.993597868822917007e+00,8.988578236726926463e+00,9.088279220575790518e+00,8.948381938335883135e+00,9.133165187832581466e+00,9.211291001690476321e+00,9.145046318903030880e+00,9.108877493039214457e+00,9.005430199942932035e+00,8.903846052492918162e+00,9.247740835775175583e+00,9.078513748626365398e+00,9.095352761119050555e+00,9.327836225078248944e+00,9.208703158141654299e+00,8.786139448974903843e+00,9.160826318855932016e+00,8.984409375658112040e+00,9.142751923291413618e+00,9.110207366800089801e+00,9.064465315307463911e+00,9.316547631596186818e+00,9.288223931690911428e+00,9.033057502402931149e+00,8.937993236292948396e+00,9.141395894700620417e+00,9.044363134665402981e+00,8.930993390361228634e+00,9.140934881874521523e+00,8.882337788433833481e+00,9.027458339006448895e+00,9.195706330216991020e+00,9.198647828499582957e+00,8.841373061584656412e+00,9.064455153365461371e+00,9.241382130688368335e+00,9.074194418654311534e+00,8.936662807476448478e+00,9.062714759329914216e+00,9.000940530753329227e+00,8.952163380850757690e+00,8.824399045225106875e+00
8.494297747424381484e+00,8.061182109224063197e+00,8.515124802199169451e+00,8.231534172596250087e+00,8.403386968319331629e+00,8.258035661460608523e+00,8.296535680906934829e+00,8.527382505702965076e+00,8.349721157390909809e+00,8.322586342164505879e+00,8.269071274797820337e+00,8.420039164696829559e+00,8.271519666890567279e+00,8.435820529735005735e+00,8.245929746267378846e+00,8.518933043519298920e+00,8.441956215505825867e+00,8.531004079767164683e+00,8.336339642605388178e+00,8.243950634716370018e+00,8.263438544653954665e+00,8.250183777189183942e+00,8.273531941817985569e+00,8.473760019670447008e+00,8.343786232621027921e+00,8.445378888990626720e+00,8.431890422079201031e+00,8.193534718916101411e+00,8.500255903158256743e+00,8.122480731199731352e+00,8.286279582221382611e+00,8.446904239149061411e+00,8.594919747397927523e+00,8.410697131602445253e+00,8.373619917033972015e+00,8.587750638475865728e+00,8.262415258075973767e+00,8.263485099445999182e+00,8.254151187742369444e+00,8.408372481945264099e+00,8.554386350218191382e+00,8.607201699524731353e+00,8.541510244867009050e+00,8.263284468777323255e+00,8.336133104593102416e+00,8.451473017986510072e+00,8.361629978025529653e+00,8.575460963971460515e+00,8.488539326636168170e+00,8.308362625473494134e+00
7.797033458565390873e+00,7.771358850689180642e+00,7.725282177219443547e+00,7.549577146793132520e+00,7.777000644933525386e+00,7.644396939867318608e+00,7.723730390250698186e+00,7.762653759901492201e+00,7.578987484944028630e+00,7.700769167424359907e+00,7.785436203812425404e+00,7.544958324894992963e+00,7.638092405895712034e+00,7.911623827161759159e+00,7.520915221849168830e+00,7.657691267653683020e+00,7.888585688847435939e+00,7.807389396974253160e+00,7.593176281385178861e+00,7.754954918821727716e+00,7.562079812380257060e+00,7.778835615820375082e+00,7.880111323558751657e+00,7.817099320656786254e+00,7.916410050200639148e+00,7.707463013379428851e+00,7.578502123359555753e+00,7.943146400407962382e+00,7.577214908912962343e+00,7.652009292098619575e+00,7.411604089698513143e+00,7.768287802053913005e+00,7.558166975739657900e+00,7.354928908984093461e+00,7.464035194541501994e+00,7.687276300193342848e+00,7.796251045176645356e+00,7.680433271647268967e+00,7.369153402067812664e+00,7.265489166156598344e+00,7.422146357406404604e+00,7.451472626366895113e+00,7.816605816968478671e+00,7.794349169714814174e+00,7.464195785002710970e+00,7.570657950363762545e+00,7.852739067710570176e+00,7.276670213689103939e+00,7.622531519682837597e+00,7.549501033810192219e+00
7.010461219249209286e+00,6.898987572604367458e+00,6.768491535800702508e+00,7.074362448892761002e+00,7.225605218965440280e+00,6.934754842003703068e+00,6.821616527815427489e+00,7.109907260351872260e+00,7.148074182721489755e+00,6.940231391027176677e+00,6.965657994857719082e+00,7.074148241074822430e+00,6.780112009186644251e+00,7.135510276424248843e+00,6.977924715692910951e+00,7.227264238307477662e+00,7.204673154656712875e+00,6.780232889907590099e+00,6.996023017979590364e+00,7.194451104505392713e+00,7.028716642934719872e+00,6.988420410552073747e+00,7.058813648101575744e+00,7.171847423424551060e+00,6.575285655491267534e+00,6.923327809595290816e+00,6.772512282367920022e+00,6.997493139290584807e+00,7.172486944454512958e+00,6.897401137566322227e+00,6.892811836340299259e+00,7.062068376092803135e+00,7.002161505906260075e+00,6.881139373506955259e+00,6.889136606121263995e+00,7.189202812659976516e+00,6.898462197887825553e+00,7.172950479510119770e+00,7.094684394702531982e+00,7.081075111551830226e+00,7.045752361237355821e+00,6.993020916891148353e+00,6.886572628424620035e+00,7.105926158428987449e+00,7.044410782234813873e+00,7.084574335519192800e+00,6.860447166834248378e+00,7.087264037838891362e+00,7.006914148942654741e+00,6.919786398526887261e+00
6.415716118713056026e+00,6.519608251368154583e+00,6.301609321136303343e+00,6.380400530193104380e+00,6.514994626936069899e+00,6.378643239284244260e+00,6.384288447565221070e+00,6.220265848526079999e+00,6.503466678196659245e+00,6.259467467516000916e+00,6.071536635902935686e+00,6.424472558529740418e+00,6.418910936500580533e+00,6.258863628331925888e+00,6.201238347138406937e+00,6.369689215610892852e+00,6.149517558804231676e+00,6.216141357117067834e+00,6.421528321895337399e+00,6.218349970251741965e+00,6.224306436665554720e+00,6.295136614035684808e+00,6.299806435056966691e+00,6.155016389696649881e+00,6.347666127234486311e+00,6.381143906614581418e+00,6.401396961666771190e+00,6.377835950721128633e+00,6.376369860193656258e+00,6.231368926177769829e+00,6.271708701795953189e+00,6.314220184133773728e+00,6.044932590574863873e+00,6.457198351994556162e+00,6.333828415705735182e+00,6.551297165130845812e+00,6.336910472265294914e+00,6.392163708975592940e+00,6.344238334277005009e+00,6.251406485758185028e+00,6.442951484093521586e+00,6.552970765563702393e+00,6.324940167702123084e+00,6.216717952319156026e+00,6.287441909736917189e+00,6.335901536846863635e+00,6.566046735061287443e+00,6.386697055153540248e+00,6.382212426133971661e+00,6.385414514089077898e+00
5.561469756333448977e+00,5.455063629586741847e+00,5.671919322959965371e+00,5.842198964482133050e+00,5.672927696860855740e+00,5.849574642781296241e+00,5.822008876766290975e+00,5.869976359159278623e+00,5.930518005584588082e+00,5.781338111263631951e+00,5.649261838577534611e+00,5.870868539463148572e+00,5.531680819560966356e+00,5.694344493722605982e+00,5.725670624896295635e+00,5.678007942763356297e+00,5.852127521812325206e+00,5.761246589867346835e+00,5.702152627383347827e+00,5.607358648211379304e+00,5.731605804739722920e+00,5.884111338782248346e+00,5.598377571417064047e+00,5.654694187306402497e+00,5.618220434060992474e+00,6.131332880317941658e+00,5.801115009728144756e+00,5.717504190458566171e+00,5.680639454712690828e+00,5.751881249841441779e+00,5.743692909864358320e+00,5.793858038580379066e+00,5.726167492171004625e+00,5.708502644615443877e+00,5.715413754450597850e+00,5.699671006815748342e+00,5.690506999232708196e+00,5.821842761219681250e+00,5.807161555747770265e+00,5.616904903088350665e+00,5.917684419920903771e+00,5.652504798109609041e+00,5.635789846934047276e+00,5.732866691774280099e+00,5.675650794502177021e+00,5.732364167571288860e+00,5.882245439623611460e+00,5.865652542055009633e+00,5.659888912259937399e+00,5.541536816896355688e+00
5.246444947447232998e+00,5.056232048901722287e+00,5.219326838128743873e+00,4.849274151244501674e+00,5.082306416643777247e+00,5.116001892791649297e+00,5.029408243321147332e+00,5.080627244305981449e+00,5.340977098872231821e+00,5.040152202958067207e+00,5.091341518519729270e+00,5.042471683767460355e+00,5.086000516931768800e+00,5.453969623619497220e+00,5.250930908653499429e+00,5.269897163958176201e+00,5.074473793265735111e+00,5.188975349264224768e+00,4.992188889866315371e+00,5.265402264404577259e+00,4.993311817293740518e+00,4.936636613996368439e+00,5.194586259530509231e+00,5.062619082260642500e+00,5.023440466497775425e+00,5.245579558249561458e+00,5.128022393033514703e+00,5.218953089602281104e+00,5.157389990643873823e+00,5.277528300935035332e+00,5.053649148064834229e+00,5.266787059637763946e+00,5.158661660262644943e+00,4.869574138176774092e+00,5.007557661941782534e+00,5.104040266869780851e+00,5.230867831262605350e+00,5.104215127303436184e+00,5.038255135686860342e+00,5.108902357207042222e+00,4.977580208643097137e+00,5.183743539283306667e+00,4.944049707306779062e+00,5.020435639894994750e+00,4.956646543163249596e+00,5.210738772175276701e+00,5.135249244130691615e+00,5.137121143280074520e+00,5.331050936059407164e+00,5.082635964658164696e+00
4.489379322364377423e+00,4.475603096016820714e+00,4.589515382338862359e+00,4.346480827026813820e+00,4.601582159158279062e+00,4.417981947063484682e+00,4.331294264818454032e+00,4.668768014597170612e+00,4.456827886442544795e+00,4.425290253387749395e+00,4.577397571519163044e+00,4.610226524030289319e+00,4.650778215854271203e+00,4.527319644154661482e+00,4.427644943045937254e+00,4.454047681432017569e+00,4.408890038012634349e+00,4.597855323829002749e+00,4.543650654618891060e+00,4.546354778880563607e+00,4.396853647525735376e+00,4.358101748187276137e+00,4.466276326109722916e+00,4.299503189844466000e+00,4.286144189369426982e+00,4.506255778226747388e+00,4.390713454975517571e+00,4.576633562818419598e+00,4.445255279193476738e+00,4.412244017801825180e+00,4.402307292589571652e+00,4.579620741359394565e+00,4.560775708320580435e+00,4.386144603354084737e+00,4.566256050825691304e+00,4.491522436718112132e+00,4.407939331246384818e+00,4.440029331227927756e+00,4.319977835763504359e+00,4.554334961007955762e+00,4.477255523797893488e+00,4.450477022058122678e+00,4.441562177300970582e+00,4.713480431735147747e+00,4.530413131270504046e+00,4.457874096822179943e+00,4.627019287721102714e+00,4.416044952462694795e+00,4.648668559474478101e+00,4.439923134872235444e+00
3.852284627389051863e+00,3.836573269571098788e+00,3.789462180633798027e+00,3.924009445563268805e+00,3.856490277861681193e+00,3.898863596369046558e+00,3.908651583043504463e+00,4.068298439918313747e+00,4.121678880990782723e+00,4.035814690017515360e+00,3.921286965634000587e+00,4.051059930655060093e+00,3.972156435896642801e+00,4.012454472293267571e+00,4.015772287707920718e+00,3.904164064705110349e+00,4.111485379828411446e+00,3.811017002750439531e+00,3.737628241848850674e+00,3.926441824493625887e+00,3.875094555577596189e+00,3.819495709022846519e+00,3.722658852722078304e+00,3.965529984381003015e+00,3.817276109550631347e+00,3.863056226182560060e+00,3.813357853786924601e+00,4.004289287232281502e+00,4.006673213000227385e+00,3.943925692336035294e+00,4.065544699737178469e+00,4.007829268488237950e+00,3.900135323436328960e+00,3.759410001429768666e+00,3.878906725333242989e+00,3.811629609541840047e+00,3.902168679025977305e+00,3.846596244947663834e+00,3.721312703352925411e+00,3.980282243108043350e+00,3.923790354566028871e+00,3.823430430964302573e+00,3.881323932122656917e+00,3.833079553834514375e+00,3.882791978934982957e+00,4.081935750308653965e+00,3.726664294227075569e+00,3.873258613427883912e+00,3.962741106750989672e+00,3.953671615004658690e+00
3.246843730017578977e+00,3.291147535093818188e+00,3.321776920317049964e+00,3.406620628018234509e+00,3.252479321318972882e+00,3.360493079110152603e+00,3.243431117427659771e+00,3.428693555817607930e+00,3.406276714318808629e+00,3.260173771494136563e+00,3.423198170012795138e+00,3.402818955042329119e+00,3.221430975013825027e+00,3.442689953819077164e+00,3.207343942672736592e+00,3.178999978025783602e+00,3.363640132348519884e+00,3.310067550677173287e+00,3.335652168902758508e+00,3.310514642331626511e+00,3.369904287070204951e+00,3.580936918422150228e+00,3.319295985548924133e+00,3.330631455384365669e+00,3.383140179271133530e+00,3.323038764739755901e+00,3.369434616314452402e+00,3.365014949874696626e+00,3.410988583784128725e+00,3.469480247856652433e+00,3.315301596921114591e+00,3.324266084630272733e+00,3.315527838649976911e+00,3.330442668934306294e+00,3.457279456611678015e+00,3.286294960975947532e+00,3.486340690486327443e+00,3.233663624983296625e+00,3.262085649129937259e+00,3.285226787852893349e+00,3.269104841049982557e+00,3.315403077752830274e+00,3.442908013720253901e+00,3.243645412281706886e+00,3.298186257868998439e+00,3.419827040653835137e+00,3.333798218059053742e+00,3.422025628117654428e+00,3.304028157157767431e+00,3.538434513003526405e+00
2.945086805334333757e+00,2.822690848803504515e+00,2.990537731175539005e+00,2.993829151628208507e+00,2.872972815928525936e+00,2.808183715711004336e+00,2.731001852062314050e+00,2.886091594203366917e+00,2.792280587579416551e+00,2.997998836502208775e+00,2.915871071653146185e+00,2.954105636587185391e+00,2.982391221066616804e+00,2.736929679192369402e+00,2.912067063693497104e+00,2.808115607211135512e+00,2.664360473455783751e+00,2.824727268110457157e+00,2.874606626711800672e+00,2.781055492016637043e+00,2.975050245261497750e+00,2.752292374544944131e+00,2.788111981613657697e+00,2.930158201658080941e+00,2.998227578377314906e+00,2.766506193879437081e+00,3.012858001992584356e+00,2.895584482833866158e+00,2.738908009639505980e+00,2.934255760843418326e+00,2.838719487237852057e+00,2.778616483506541446e+00,2.867735823322077771e+00,2.834116959904461996e+00,2.706159551009604147e+00,2.782069960822511234e+00,2.766445543932861462e+00,2.721887314752749809e+00,2.759955362653907951e+00,2.901189103675109848e+00,2.933296632584737385e+00,2.743404339118157953e+00,2.856458420305874490e+00,2.903195366856345494e+00,2.830053910881893398e+00,2.852866001476229929e+00,2.840314976033154082e+00,2.707600592887406954e+00,2.721585141451916545e+00,2.762639550360300511e+00
2.450103065771978450e+00,2.301043493572005438e+00,2.311814436398736294e+00,2.453119284526136479e+00,2.295631117157623358e+00,2.336772902276922359e+00,2.359637271717551332e+00,2.480864836681402785e+00,2.276041154263379607e+00,2.393318113400269453e+00,2.386448164043128095e+00,2.416270054546952206e+00,2.275412230789450874e+00,2.432174243051334450e+00,2.313057195654908416e+00,2.328496234480510907e+00,2.283781070406973424e+00,2.185313415911918078e+00,2.492248141538658146e+00,2.391974421460462796e+00,2.354059439523275898e+00,2.604782715822483219e+00,2.278714948368051552e+00,2.465592112659976021e+00,2.272813986723766444e+00,2.353589302027972341e+00,2.448841335598498592e+00,2.350724431995420804e+00,2.257278692011060350e+00,2.251023385295956913e+00,2.258519723077602404e+00,2.409850676042646356e+00,2.395023658861386018e+00,2.205685112757127975e+00,2.403409828196665821e+00,2.278240148385894948e+00,2.390314441992868133e+00,2.478104589914464917e+00,2.316891472868717550e+00,2.461242877299841147e+00,2.407222822976876397e+00,2.341709486767347137e+00,2.146862802609219578e+00,2.383056033475998703e+00,2.365211979362088268e+00,2.369561684375494526e+00,2.321421626177154529e+00,2.302571205585940195e+00,2.405382391491348582e+00,2.449531274070724685e+00
1.824732834628361111e+00,1.811588418328027972e+00,2.003906277024251281e+00,1.917171469497009229e+00,1.847810781893448162e+00,1.845675819339140489e+00,1.848139877770935247e+00,1.764312839029997804e+00,1.900422827377672208e+00,2.038494381196954475e+00,1.912481673339950117e+00,1.868031694091425665e+00,2.001603963492589067e+00,1.930661138905631624e+00,1.915699262192422259e+00,1.914788836819088402e+00,1.855697595953978984e+00,1.866947956323791180e+00,1.836484813532766713e+00,1.793330292570274986e+00,1.813240565213544597e+00,1.787855389922336169e+00,1.770927569768502297e+00,1.861588394979363237e+00,1.987435482408729914e+00,1.978002736109176096e+00,1.838969503757449386e+00,2.006993195625091708e+00,1.951748922890555793e+00,1.936972018172726573e+00,1.915956933936501017e+00,1.959134315930734838e+00,1.948570011318638162e+00,1.900737534861547617e+00,1.899826441585104497e+00,1.802611674301900058e+00,1.877362752104458465e+00,1.911950587233573584e+00,2.005966285313936837e+00,1.874714140421094077e+00,2.053380230137653584e+00,1.920007901643799419e+00,1.911774705342628167e+00,1.863980354127114936e+00,1.872271573144726586e+00,1.967143502321184068e+00,1.815292520867002102e+00,2.017383260892136487e+00,1.864798211177926879e+00,1.890846131527518015e+00
1.516781011980303351e+00,1.532307756890383343e+00,1.464365250215192038e+00,1.526680995575132149e+00,1.447314303584144479e+00,1.404271223062786955e+00,1.436835207258420288e+00,1.479571279802517791e+00,1.477919850466136831e+00,1.571573189189605868e+00,1.518517092956690906e+00,1.505708464425514537e+00,1.524686278235531489e+00,1.544392594030885801e+00,1.493414658012549801e+00,1.401292527991158998e+00,1.361226610354395739e+00,1.484491816471435577e+00,1.323883910586047818e+00,1.478210176489762162e+00,1.413108609772089297e+00,1.441096528336585081e+00,1.502848152190638276e+00,1.325347515847528079e+00,1.428196621916175246e+00,1.466709557915907292e+00,1.367738180268349923e+00,1.538401404473697109e+00,1.450256348981847632e+00,1.385320810553837045e+00,1.552109950435971442e+00,1.474607507602471834e+00,1.395934999693897005e+00,1.401185099169105719e+00,1.457592739213294575e+00,1.486178885201605793e+00,1.451276520749187782e+00,1.521230691602597940e+00,1.458485357854613085e+00,1.441683099099526633e+00,1.395240610295837902e+00,1.363408125801783388e+00,1.444073326047134342e+00,1.487166849032540705e+00,1.421990761241616941e+00,1.428839532442144344e+00,1.362479225460242693e+00,1.425504293764819685e+00,1.459038067545042505e+00,1.463377025083856919e+00
1.025742377676881700e+00,1.144502493702685753e+00,1.055056823818100398e+00,1.000077155523577233e+00,1.064814785890417115e+00,9.958539231476757347e-01,1.041574133714197936e+00,1.055049324329309979e+00,1.101848589534596412e+00,1.105207147142194923e+00,1.035437301822826894e+00,1.118930442977941642e+00,1.014235865028804806e+00,1.059876293614470999e+00,1.035677184266404982e+00,1.038714848375170030e+00,1.122316264891821680e+00,1.122326363626723333e+00,1.021112087631900867e+00,1.114170028694105419e+00,1.106348920576954331e+00,1.040537713256177055e+00,1.149107686775916903e+00,1.088286366280562856e+00,1.083730270968390252e+00,1.092906749876833228e+00,1.142488803666918074e+00,1.038251435682851165e+00,1.080932715488702733e+00,1.052447139774040918e+00,1.035128976548699065e+00,1.101343473011488383e+00,1.005191675833447151e+00,1.044487251126520855e+00,1.042921140414687198e+00,1.061489543346704423e+00,1.066614182009095746e+00,9.789937165934700092e-01,1.106216736537653400e+00,1.041336497950465567e+00,1.149146386356408200e+00,1.071831909046931486e+00,1.060555988217686263e+00,1.137807469099576974e+00,1.044086330552820963e+00,1.149702469271463467e+00,1.110016830705219393e+00,1.053325965988666013e+00,1.126238282137235869e+00,1.099454617072850748e+00
6.796352291973991600e-01,7.320204659680042969e-01,7.784776206331915915e-01,7.697543515755870258e-01,6.698720340134274309e-01,8.799925306840421513e-01,8.433896547481722905e-01,7.756482657985269702e-01,8.297354790137679847e-01,8.151432905024857956e-01,7.595406121778698338e-01,7.016117865405816501e-01,7.247222926127426801e-01,7.340348588378278194e-01,7.735441934321011237e-01,7.045447514768047315e-01,7.859280870815117392e-01,6.855419060690642885e-01,7.769995345696778521e-01,7.910439842387563258e-01,8.154664340587483018e-01,7.102603431298374348e-01,7.488582138706160185e-01,7.722899850634437069e-01,7.424022495896227536e-01,7.561904412693146726e-01,7.662624228543900573e-01,7.320514113476374041e-01,7.650784430896615529e-01,7.741151107148087629e-01,7.551728761578051508e-01,7.445166218258052471e-01,7.176054398267240897e-01,7.695525004171640537e-01,7.135330475731883615e-01,7.974408573254780919e-01,7.655255341737702279e-01,7.128817522120806105e-01,7.207044153615042026e-01,7.325002233014128450e-01,7.647227169486185971e-01,7.464378129424137365e-01,7.526459725774691245e-01,6.963964728950402527e-01,7.461365231658164676e-01,7.105242501042620118e-01,8.077540218116796567e-01,7.301088149205119393e-01,7.523509662838239187e-01,7.423483290868346796e-01
4.636397706585854706e-01,4.442754397333756322e-01,5.230039611939583111e-01,4.391158898200538951e-01,4.665360402539267537e-01,4.732833407447713525e-01,4.363783178765062720e-01,4.596569155369965021e-01,4.348051758723673332e-01,4.196319104934643218e-01,4.553401780941275789e-01,4.451239349294348613e-01,4.566963778873200930e-01,4.579867143278674169e-01,4.209963655620311829e-01,4.930235713228784400e-01,4.920989454270619512e-01,4.902378263621369192e-01,4.656293245633248978e-01,4.039211694193085567e-01,4.955014585398309634e-01,4.682162221482797926e-01,3.610361813109680962e-01,4.175317279646019730e-01,4.327058987745202590e-01,4.315791303935591627e-01,4.812371603454869140e-01,4.376082101899760324e-01,4.231524697519836176e-01,4.158457154558444224e-01,4.152337983282598510e-01,4.546186024688267935e-01,4.411207947221060799e-01,4.419911683435375771e-01,4.440824252035571740e-01,5.533999813709890025e-01,4.298436748694084431e-01,4.660387200086010817e-01,4.302663140728446578e-01,4.077536798677985908e-01,4.522067999743950573e-01,5.185617079727505851e-01,4.147948604919268201e-01,4.453024706388666876e-01,4.970612238691742846e-01,4.035768881402657660e-01,4.266655584778413779e-01,4.221243553998629827e-01,4.899813374487437811e-01,4.507399994478947236e-01
2.089586662696266695e-01,1.972816634411112546e-01,2.169191478553300634e-01,2.011282434905224958e-01,2.447580855084144913e-01,2.132554915567524967e-01,2.148484603657949410e-01,2.107277984229029566e-01,2.288160789070499690e-01,1.876130434296841842e-01,2.114092426381332934e-01,2.206774049759612777e-01,1.765180266468643899e-01,1.965545150914377315e-01,2.387720378956256773e-01,2.176968320919726863e-01,2.090666083434306877e-01,2.062752909021164649e-01,2.333693255543663747e-01,1.988638501146879067e-01,1.969995406333077681e-01,2.559500812569678319e-01,2.299214310886091850e-01,2.039066839813803433e-01,2.093223023107662339e-01,2.162951345451382956e-01,2.233259375325251650e-01,1.714872995907249509e-01,2.039743604308253688e-01,1.910496487327788262e-01,2.108935769196398080e-01,2.261653205667825683e-01,2.246714329552542411e-01,2.410191298721559572e-01,2.005354761066526215e-01,1.917654740805473379e-01,2.553602665544198458e-01,2.144045954121905628e-01,2.231215999502440261e-01,2.058694456592942701e-01,2.010201866702049922e-01,2.229937741034536403e-01,1.936070723114768632e-01,2.230781394857717925e-01,2.353820224628764002e-01,2.123046450172090815e-01,2.031840915029466399e-01,2.127947818811442571e-01,2.322891467191366965e-01,1.972563318700730206e-01
5.501575996547437147e-02,4.907250600329971651e-02,6.631158340776448223e-02,5.600726217481121622e-02,4.879175656806237354e-02,6.435015252680476028e-02,6.335021503073305638e-02,5.458520734898009846e-02,5.139186257577719324e-02,5.377428465710855365e-02,5.987788062520219695e-02,5.732912156154581357e-02,5.897207894539314987e-02,6.132507436439420256e-02,5.803966357407795706e-02,6.576279818464868254e-02,5.005339955747836050e-02,5.492349233201977710e-02,5.353634353115617472e-02,4.847060877971162696e-02,5.298837811616368548e-02,4.537765155652924431e-02,6.704110999511626867e-02,5.356903632699035189e-02,4.851860612417106117e-02,5.540353120944235821e-02,5.642381951663309053e-02,6.061007636187690228e-02,6.630476554749809015e-02,5.682099586236023792e-02,5.027686824095374540e-02,4.833465845458817522e-02,4.845383707926732841e-02,6.543206304716842059e-02,5.189144792999621919e-02,5.285622180814824461e-02,5.733379951155509469e-02,6.217375547738222819e-02,4.633627963696325402e-02,6.560514941554806967e-02,4.879861158164924828e-02,5.824638969609004929e-02,5.323092830316096535e-02,5.215144267689451191e-02,6.550013936230079936e-02,6.060857188011176122e-02,4.011635085647011906e-02,5.428702423820319645e-02,5.381222667187707254e-02,6.782863688083093368e-02
