7.272600178021151329e+00,7.284430319184329150e+00,7.309454612350457126e+00,7.261202057515151687e+00,7.275363826948296087e+00,7.288195646103885927e+00,7.305668653938987234e+00,7.282274874860612535e+00,7.305170427601494154e+00,7.300583391968860525e+00,7.286981032163634353e+00,7.274362099887238919e+00,7.244205590523874250e+00,7.299704522125314732e+00,7.275446145847311641e+00,7.309562395351509423e+00,7.290367900634438847e+00,7.298370198830679279e+00,7.303420786694413636e+00,7.272423158506214236e+00,7.293170346979928276e+00,7.310230140893193784e+00,7.258604259468145692e+00,7.266024463682023260e+00,7.312426028458203220e+00,7.296221315506476124e+00,7.284904123457470071e+00,7.240702949367178398e+00,7.261392747235529299e+00,7.275477996015197846e+00,7.297422573230099019e+00,7.310588201065513658e+00,7.286504262426635847e+00,7.247004558606745306e+00,7.320637716372124792e+00,7.302494035578548370e+00,7.283523783320654310e+00,7.256208136470191583e+00,7.299841602342344693e+00,7.277380220726215931e+00,7.274161968469978312e+00,7.270711292615112953e+00,7.272855079095143616e+00,7.252328201016048581e+00,7.302882669104811875e+00,7.258321847772239543e+00,7.288585779684893851e+00,7.296705140933282152e+00,7.278234742616009001e+00,7.284504491735384057e+00
7.274235063866743012e+00,7.276725892984423183e+00,7.266731078281567946e+00,7.289054924337585284e+00,7.260383876956391980e+00,7.273133532566497195e+00,7.245714933171388594e+00,7.322172807662385985e+00,7.251048502430303522e+00,7.279670529024151904e+00,7.272120367022936627e+00,7.288313687683023012e+00,7.288035197333378790e+00,7.252516160283138724e+00,7.245607176384698533e+00,7.290397715164083081e+00,7.271085625193258295e+00,7.263876888076882921e+00,7.268815913533382300e+00,7.243830748098751826e+00,7.261244614658826535e+00,7.277627185604629290e+00,7.279267841152954333e+00,7.257370596502047633e+00,7.285462300262070201e+00,7.279507283268555007e+00,7.311086543030324236e+00,7.304187418194653780e+00,7.285618531954597188e+00,7.259248598486403026e+00,7.300644697843026165e+00,7.277526364981544482e+00,7.250946353265889321e+00,7.308289230682148307e+00,7.257499531640577040e+00,7.274743145039386683e+00,7.259288410635319266e+00,7.254305950538963543e+00,7.271098871031030697e+00,7.261685854105245141e+00,7.273110713538408767e+00,7.242633610881233253e+00,7.278760035510658533e+00,7.305038938435693296e+00,7.285257893448310540e+00,7.308311711104897412e+00,7.251187205939621627e+00,7.295840747426161954e+00,7.279344818555848917e+00,7.251029299514738291e+00
7.248678084689087697e+00,7.253954657126877592e+00,7.274822059829689991e+00,7.263661415671110788e+00,7.274652438552194234e+00,7.273723795371652479e+00,7.283859830545292624e+00,7.247121576403399601e+00,7.262573469083922539e+00,7.286603021890385889e+00,7.265817558432811296e+00,7.251619217606784851e+00,7.252888710482153556e+00,7.251459513234491006e+00,7.260687119052040117e+00,7.284894223893142673e+00,7.254423825355249100e+00,7.244779129222937541e+00,7.272595879114323481e+00,7.287493143714157462e+00,7.314974732776929223e+00,7.271357218756576479e+00,7.256200914816110625e+00,7.294945385811304028e+00,7.275968195673859107e+00,7.298699304967642298e+00,7.277798665603179451e+00,7.282546644298206751e+00,7.272818849517230788e+00,7.314468881639976772e+00,7.279203062598808671e+00,7.261651292608653385e+00,7.269545267590326709e+00,7.283490922475905016e+00,7.285763517490091878e+00,7.281556998786134827e+00,7.277596438258702172e+00,7.266435960964895635e+00,7.263704376271507002e+00,7.292793221490802225e+00,7.285996517557788543e+00,7.299854022375278362e+00,7.270283379395180212e+00,7.302138537949803165e+00,7.235301308982753810e+00,7.269039357594147432e+00,7.287357937418499354e+00,7.272071085356539122e+00,7.260126944361517509e+00,7.249881962573250682e+00
7.276973264925550744e+00,7.238114622590438252e+00,7.247509884153975790e+00,7.269287577982715298e+00,7.279110569765599337e+00,7.237245307855737053e+00,7.262038331430462179e+00,7.277638450490794497e+00,7.278081727424086544e+00,7.249112278338087911e+00,7.255028968925812727e+00,7.265476730932446614e+00,7.263772535629861693e+00,7.282130623947457693e+00,7.242707261150364673e+00,7.270594396766490775e+00,7.235438862836152119e+00,7.251237069441203609e+00,7.282977971084854119e+00,7.246197629933585738e+00,7.278841378840402498e+00,7.252498934164471223e+00,7.280113982763716685e+00,7.307120314464240707e+00,7.228681944859859598e+00,7.278393551936559902e+00,7.267262437483688942e+00,7.239032917843225334e+00,7.236659066322223666e+00,7.285748886582291028e+00,7.214212769248546486e+00,7.265421613443000304e+00,7.294383052906834308e+00,7.263727433618315743e+00,7.265782698769392312e+00,7.247725342107227853e+00,7.287681213476530750e+00,7.200203814032949623e+00,7.224179088804798532e+00,7.212755152828159488e+00,7.214283249047049651e+00,7.247752650923104056e+00,7.247191840077592317e+00,7.250069884585813362e+00,7.200206532973355777e+00,7.232365986613894293e+00,7.245049724345224540e+00,7.254866588462689059e+00,7.216225119528556498e+00,7.228727067903093939e+00
7.234098707318931787e+00,7.239035076638503874e+00,7.232683070400632630e+00,7.286812106348579121e+00,7.236576780061263037e+00,7.253239837657806000e+00,7.235231357879432501e+00,7.212120553260839451e+00,7.213242691092410119e+00,7.206163709051057964e+00,7.240712370411728216e+00,7.264213247884216962e+00,7.226840413805525110e+00,7.234737012422264080e+00,7.242801631868529988e+00,7.229857782635288110e+00,7.209522467295484738e+00,7.215376999814496983e+00,7.244507323792746867e+00,7.219866021076263074e+00,7.234768440230862296e+00,7.256191412069798119e+00,7.231234448762480227e+00,7.231134119144961403e+00,7.248455626817241537e+00,7.238897348405036070e+00,7.237961743754267374e+00,7.242458799339115849e+00,7.210657845210079131e+00,7.228340530299640854e+00,7.213278308854170540e+00,7.248442892574550989e+00,7.234048885001688411e+00,7.231313041796570751e+00,7.216658032267349476e+00,7.235365540583243771e+00,7.227460628365906636e+00,7.239990539822909632e+00,7.225846804952665181e+00,7.236388244744304643e+00,7.224984531540703969e+00,7.212387502089944391e+00,7.256872388160226173e+00,7.237397637414365370e+00,7.260703800425152288e+00,7.258392071698619219e+00,7.258981473458863576e+00,7.282970807037242977e+00,7.243259098032683418e+00,7.196760815064250139e+00
7.222516774036339626e+00,7.186556845946852512e+00,7.178009565408463466e+00,7.201856352296058361e+00,7.220706444774961597e+00,7.221264061129487821e+00,7.216471286539248631e+00,7.224063219170142602e+00,7.256627942219141758e+00,7.203820890454551318e+00,7.202805814225685666e+00,7.220970359212968148e+00,7.204172471089203000e+00,7.220225754964255671e+00,7.206618079730432669e+00,7.191482467705137438e+00,7.241494353163925091e+00,7.202821109377383735e+00,7.244681111949685892e+00,7.205975741396112078e+00,7.224636088884769158e+00,7.216557124379207266e+00,7.192106027317044514e+00,7.222507528794688270e+00,7.202971219791857393e+00,7.230807822556722719e+00,7.211617949763042823e+00,7.248399068360144248e+00,7.241893887075842251e+00,7.189682343022226974e+00,7.270340915509033941e+00,7.195616179434241921e+00,7.237918913882505301e+00,7.225858253941821907e+00,7.203338104773632011e+00,7.212098578013486083e+00,7.221281471291893794e+00,7.222861970366975193e+00,7.243953807793941380e+00,7.233604385266972692e+00,7.251848116993656390e+00,7.243866602635650409e+00,7.211821553680161756e+00,7.238676490153241438e+00,7.189917210451532981e+00,7.244664827777559601e+00,7.226966822644181221e+00,7.223402929275870576e+00,7.243138306468472010e+00,7.196574705368997016e+00
7.193764967877342542e+00,7.186127482019267987e+00,7.186190247046801538e+00,7.209676830829089944e+00,7.212934442905562626e+00,7.169253256276633124e+00,7.200024016967438989e+00,7.152117527969689803e+00,7.161548451101158896e+00,7.180943221766394657e+00,7.197701514835799230e+00,7.167336932822841788e+00,7.134638439063916593e+00,7.205742489732496203e+00,7.199217959924665955e+00,7.180818345677704606e+00,7.235392104357134535e+00,7.173271942557036596e+00,7.197777418995339183e+00,7.164057059158010610e+00,7.202877138844143268e+00,7.217143718887756521e+00,7.211484890421783867e+00,7.168879197986472995e+00,7.191552509424723461e+00,7.227907003007745246e+00,7.160958122497007139e+00,7.179757122081094067e+00,7.194103986137095674e+00,7.156536293097428114e+00,7.194169416985908505e+00,7.178328629009946837e+00,7.194154614550817506e+00,7.196626047776299551e+00,7.191107729506077462e+00,7.167573454681303247e+00,7.188597345283238127e+00,7.158103239332750611e+00,7.197713583206221344e+00,7.191576364790361886e+00,7.186627654764115469e+00,7.164335530666282814e+00,7.169890924168214497e+00,7.162123222719984028e+00,7.171971584858935600e+00,7.176537558235618341e+00,7.160265000337694197e+00,7.209841765832591953e+00,7.172109794018343365e+00,7.157306835171796777e+00
7.161407679005241889e+00,7.170149481531063351e+00,7.138374307852298095e+00,7.164483935857728802e+00,7.170288336076476199e+00,7.173857902441445944e+00,7.159396465384139319e+00,7.127161992570769655e+00,7.133800947214542276e+00,7.138738255375931985e+00,7.159659126816092289e+00,7.114188069690137617e+00,7.146128847896164871e+00,7.197133474360056127e+00,7.139128711183801990e+00,7.158913992957373296e+00,7.146448082090587128e+00,7.149695617509602918e+00,7.212004232262349213e+00,7.153794099058838896e+00,7.144480181827086440e+00,7.183988065785976040e+00,7.172526582918024474e+00,7.171313612910591218e+00,7.157869361524626939e+00,7.191204513004826104e+00,7.149715229641468994e+00,7.139018638767696601e+00,7.162401189085468189e+00,7.178381374493548073e+00,7.122551944216078290e+00,7.167825452830772548e+00,7.189279136189863806e+00,7.186202664470681789e+00,7.156030973675976625e+00,7.173550324908224418e+00,7.185238974879159635e+00,7.181986946262876259e+00,7.148586614291505548e+00,7.134039266317542705e+00,7.130718582682191276e+00,7.189626040793343442e+00,7.170534195405753763e+00,7.153057939611715099e+00,7.142272958383846237e+00,7.164132560841611763e+00,7.157853605973753197e+00,7.151790131208392687e+00,7.169251770281160674e+00,7.152117708171542354e+00
7.066732887490325687e+00,7.124954675463321507e+00,7.124037557429001133e+00,7.135514501781893948e+00,7.106285169040800653e+00,7.136566652617987394e+00,7.124766859184153311e+00,7.071646700637809424e+00,7.129873453727008759e+00,7.169813274791127178e+00,7.138720593522504210e+00,7.155703909276050823e+00,7.145875283886002016e+00,7.144868893348944816e+00,7.132621678117303077e+00,7.135881951739182938e+00,7.108838676928391997e+00,7.112515991492290190e+00,7.099134450509345662e+00,7.100962430113415991e+00,7.123805169804383830e+00,7.165788753372340558e+00,7.105756323938342334e+00,7.076387245857055142e+00,7.129393893069147836e+00,7.126352441904929336e+00,7.124416019186282867e+00,7.092493072226965900e+00,7.107119924373590969e+00,7.102824928010032401e+00,7.094148569960577966e+00,7.130438937544072431e+00,7.102840520959296633e+00,7.130083172249815249e+00,7.082966888919303372e+00,7.120103758043891951e+00,7.096818404286425519e+00,7.112417497377957254e+00,7.109268242490954570e+00,7.127248943541610871e+00,7.127303778230175801e+00,7.139549715119637874e+00,7.124803925817545291e+00,7.099172012205055005e+00,7.101337439499983084e+00,7.120036853037553293e+00,7.089571950132384615e+00,7.136634062116119281e+00,7.110482459258388843e+00,7.083662796524434313e+00
7.086934582226536605e+00,7.079810437358989184e+00,7.085883620022047857e+00,7.077733174397887517e+00,7.078139509486865322e+00,7.066414247348294708e+00,7.107149026730681385e+00,7.059361233969340788e+00,7.080869310216159285e+00,7.085292117631128761e+00,7.052322864505647715e+00,7.055212201807439243e+00,7.056933381532314087e+00,7.107250444439929815e+00,7.056589257841497265e+00,7.089562124589948056e+00,7.102182227547915616e+00,7.051291025649170763e+00,7.077284372816156299e+00,7.068939136656749334e+00,7.114592961959806949e+00,7.062733708135128907e+00,7.062971764109184036e+00,7.066617753943450708e+00,7.097121252648126877e+00,7.088321190317564913e+00,7.100626014110887674e+00,7.076041893738850952e+00,7.104352759760703684e+00,7.084135124980445397e+00,7.100945090403224746e+00,7.062666931473092546e+00,7.040508129286524586e+00,7.109162083266123311e+00,7.083661111649946385e+00,7.067931756411459432e+00,7.128223231034971796e+00,7.096968567592275789e+00,7.056460758802852062e+00,7.055665674655648978e+00,7.107535968471383470e+00,7.055346748867658668e+00,7.130991004078262918e+00,7.081700490039531282e+00,7.054671567343856253e+00,7.048712526037731685e+00,7.057011225775124963e+00,7.069905548538946150e+00,7.058965389657511302e+00,7.063899825410241640e+00
7.009811035095321330e+00,7.020317635544664370e+00,7.024039838430645943e+00,7.037310367212717743e+00,7.006547221349277876e+00,7.012534124378567491e+00,7.030187208308546154e+00,7.054495099325425400e+00,7.051965892116510481e+00,7.050772182841855695e+00,7.016792245951049445e+00,7.007604136197129741e+00,7.047538598568249490e+00,7.036917030937983597e+00,7.058553789190802341e+00,7.005972254593201498e+00,7.064577912774329782e+00,7.055864793908789956e+00,7.034597482327496820e+00,7.020545205108667197e+00,7.019727948661374839e+00,7.038015892880149060e+00,7.019192451773670349e+00,7.044202420448320900e+00,7.013974666064937580e+00,7.058774796644973648e+00,7.045960608649247447e+00,7.050478979905821397e+00,7.015634488504248090e+00,7.020922694818864329e+00,7.015397724638540389e+00,7.051714415855201423e+00,7.022718664091558871e+00,7.070283052470277774e+00,7.018520666022871168e+00,7.062152367335400527e+00,7.073760202030012323e+00,7.052987131862461290e+00,7.038551467005591533e+00,7.049806338769085023e+00,7.047055740294660531e+00,7.043370272672629717e+00,7.037627559327028770e+00,7.032685345760276263e+00,7.054243118413056735e+00,6.997264708639223230e+00,7.021501587319738391e+00,7.006950804603178540e+00,7.040313099614447623e+00,7.039078751786506771e+00
6.984005436626247842e+00,6.975031589016674971e+00,6.957128011121847422e+00,6.953818128304168233e+00,6.993136564252902865e+00,6.996375503993774281e+00,6.998458897444589155e+00,6.994545348047894961e+00,6.987399640429055481e+00,7.031145899049356274e+00,6.993003182874340418e+00,6.991598396830382534e+00,6.960008850252057400e+00,6.986388967802161787e+00,7.039235234592207568e+00,6.983964943419311844e+00,6.995554576360492050e+00,7.006166058967211008e+00,6.979275620858198970e+00,6.964892418740584290e+00,7.005857991182373290e+00,6.978637329163779768e+00,6.984961591074333676e+00,6.950298665317879987e+00,6.965157193129270397e+00,6.979129196935491386e+00,6.957671109355543670e+00,6.985116602290623256e+00,6.953638648434223413e+00,6.968548550252767093e+00,6.991425534486505278e+00,6.973997346347141857e+00,7.008194830297184375e+00,6.980507406440454865e+00,6.984073012375589862e+00,6.988644648269319859e+00,6.996315884455389877e+00,6.975611921919819380e+00,7.025903805769090127e+00,7.007322826187110110e+00,6.986269349225012526e+00,7.025285249538158361e+00,7.015007355485407992e+00,7.010396424111707603e+00,7.028618377103017956e+00,6.994677742697720468e+00,6.973038088727743222e+00,7.011178421281760720e+00,6.970350963064772642e+00,6.978526203369896486e+00
6.941671684443430301e+00,6.933016377823429721e+00,6.937379243989115096e+00,6.930982307122132369e+00,6.954927802583656948e+00,6.945865695153244701e+00,6.915910996058420857e+00,6.932066575109133488e+00,6.948376426442336218e+00,6.939470341063975312e+00,6.914083346230754934e+00,6.919588120297253120e+00,6.961159610148922816e+00,6.918755338638614916e+00,6.894505278362160539e+00,6.934509253655604333e+00,6.955041327096768811e+00,6.933859544834263922e+00,6.973728082192375055e+00,6.960467873811216677e+00,6.929928760292007439e+00,6.937973971941203466e+00,6.908614201473635141e+00,6.942719813764886894e+00,6.958814618995204704e+00,6.968420559799957559e+00,6.936744668994710317e+00,6.917504809721937598e+00,6.955623068101624007e+00,6.931077665579562286e+00,6.933128708358363923e+00,6.890090694109942682e+00,6.906866458194620861e+00,6.886871904887667206e+00,6.933876884939129681e+00,6.932644504087081216e+00,6.935969283538986119e+00,6.955957726558752441e+00,6.925886734647711762e+00,6.906610482282563801e+00,6.924599339082630145e+00,6.961516333701157855e+00,6.924408478187819682e+00,6.924824301201585541e+00,6.903628481064214562e+00,6.889501022512043882e+00,6.970634563837532660e+00,6.911938939007835181e+00,6.904621291437007535e+00,6.919565613837681539e+00
6.818718430493189153e+00,6.900182874706120018e+00,6.890594201254408802e+00,6.892666979309023390e+00,6.880550053198979832e+00,6.885733507260320074e+00,6.886298845953425563e+00,6.883959939634470615e+00,6.865547652732957751e+00,6.905701725157604720e+00,6.864998909030505025e+00,6.850547682101344016e+00,6.899375645534248314e+00,6.870588545279850301e+00,6.866340017427671860e+00,6.877576961588324878e+00,6.881430542612637424e+00,6.846324474955777895e+00,6.866210021242465267e+00,6.886407807866731901e+00,6.835694297593343016e+00,6.871297368458828991e+00,6.867122002033192452e+00,6.870861197406344267e+00,6.835389940458523661e+00,6.896904669701646284e+00,6.878706300315053923e+00,6.847803544503594964e+00,6.884980533276842785e+00,6.866329361619111005e+00,6.849552982617051811e+00,6.881516235513156055e+00,6.921219172690461718e+00,6.848765213881853775e+00,6.916716886755175153e+00,6.874181854545462045e+00,6.872216380616920972e+00,6.849308097604112966e+00,6.836348751946479396e+00,6.905575129131790391e+00,6.871718128239371559e+00,6.897733988274579175e+00,6.886386100447046132e+00,6.870751087655123435e+00,6.845138459056046010e+00,6.867803681630302748e+00,6.861640506080945556e+00,6.898477447524138384e+00,6.883983976956690398e+00,6.849023346782782795e+00
6.813666345783516931e+00,6.797110456212767104e+00,6.841532521600879768e+00,6.832585282318975217e+00,6.836706511119538199e+00,6.822131485753618385e+00,6.807024543536260630e+00,6.843163592906470249e+00,6.821599424820536051e+00,6.839433470533742288e+00,6.834086380367073943e+00,6.826970813260442306e+00,6.820330201549075433e+00,6.821087274501966391e+00,6.830139485399254973e+00,6.845693952005223792e+00,6.829819615195194871e+00,6.826801290640698738e+00,6.805961084962063978e+00,6.840074272300507907e+00,6.786885354199920783e+00,6.828560503406012394e+00,6.770477211540784523e+00,6.833519712327829509e+00,6.815405750886979419e+00,6.827569185132925433e+00,6.810446500690572336e+00,6.787053941092050735e+00,6.833967994365930387e+00,6.813336322052315985e+00,6.847612365113014299e+00,6.835313795427597761e+00,6.811836928328259155e+00,6.791507239349942715e+00,6.845460363808341775e+00,6.806916435770370200e+00,6.835442609335787623e+00,6.802921725991694757e+00,6.809235842085063162e+00,6.821567646705425148e+00,6.826326203626686073e+00,6.802635005421401537e+00,6.815332568396488711e+00,6.811668092028849486e+00,6.840176754010776961e+00,6.808355536422074472e+00,6.814708616728637480e+00,6.793822915506094517e+00,6.818716681224597842e+00,6.795536159423610556e+00
6.726554994885131755e+00,6.689486987955271857e+00,6.733966068274818362e+00,6.737561372742614907e+00,6.752696371291480482e+00,6.737424028336740811e+00,6.753716674980937640e+00,6.771360382577007897e+00,6.745078437141235561e+00,6.756568125623028109e+00,6.764137143834220822e+00,6.774849144257873768e+00,6.738559372124747426e+00,6.750872959872343593e+00,6.749246728520785332e+00,6.755825053069493435e+00,6.729181377306576728e+00,6.757187481707586763e+00,6.780006995183792462e+00,6.765310080287199490e+00,6.739264850210753721e+00,6.776228846003168549e+00,6.764613071991364635e+00,6.776455600127149204e+00,6.751121412157043977e+00,6.769353199185255576e+00,6.755419999985266877e+00,6.748520240167571238e+00,6.772649819782289526e+00,6.764008227332558576e+00,6.731674772991909528e+00,6.770744583310342790e+00,6.729545426444706102e+00,6.770720824864588039e+00,6.742330236606568938e+00,6.712454305094585294e+00,6.750082222137351984e+00,6.745945825475863522e+00,6.733058652225185625e+00,6.767345417949049313e+00,6.758409770915969617e+00,6.747461435090021276e+00,6.763569912135530160e+00,6.752121614722327081e+00,6.733610154690809146e+00,6.758073057363762182e+00,6.771951530541869602e+00,6.698627442040437252e+00,6.731029561011411921e+00,6.750872722990194141e+00
6.680885054043030458e+00,6.676233222935594291e+00,6.688067431007911345e+00,6.673607668414363481e+00,6.660451508539782850e+00,6.655982640463318667e+00,6.675732839089844717e+00,6.652417018412919880e+00,6.661466040839241209e+00,6.687689856105344610e+00,6.692135351944506816e+00,6.670340937355272004e+00,6.678677972122109452e+00,6.655426101688136420e+00,6.692707002189782095e+00,6.667808349872250240e+00,6.669018857986213966e+00,6.681067768073300606e+00,6.692561065803584341e+00,6.705666277305668999e+00,6.701043469338260117e+00,6.638597113059416799e+00,6.691391564108480239e+00,6.677858934813837521e+00,6.679843014203671991e+00,6.648731950299629823e+00,6.668527382342420928e+00,6.697634638139513541e+00,6.704534559224894608e+00,6.673492364953226286e+00,6.666223227680922570e+00,6.702311098280219426e+00,6.629961990041050690e+00,6.681578717612187468e+00,6.692842329050584738e+00,6.697663719275444905e+00,6.691459032938889884e+00,6.710227989034888374e+00,6.675888372186136621e+00,6.697282532423256107e+00,6.666186789141911540e+00,6.706346882569024892e+00,6.688150289892197620e+00,6.662082019972511482e+00,6.669994023835513985e+00,6.678430217053325180e+00,6.687019490160467150e+00,6.657623523221191775e+00,6.652810424883273122e+00,6.664283293391065399e+00
6.614756657839422793e+00,6.558886618473302121e+00,6.604192573063961014e+00,6.612082442574026331e+00,6.578563445333821313e+00,6.589414349045313202e+00,6.624932144790478539e+00,6.610016474485835403e+00,6.593915063763096995e+00,6.632378266847729797e+00,6.613705798779817790e+00,6.618548773573466271e+00,6.614533498092704633e+00,6.614411337051113726e+00,6.619552205612611928e+00,6.617911703233395393e+00,6.632523553997708987e+00,6.598406710471864223e+00,6.640666844075429509e+00,6.632302791961171451e+00,6.585056559258066322e+00,6.649407215416374584e+00,6.622017012199036934e+00,6.631240961598031447e+00,6.576651920116405314e+00,6.618254375973373627e+00,6.626266444316113002e+00,6.595782685991154359e+00,6.598109577157107886e+00,6.648668455208056827e+00,6.585783674117865694e+00,6.588689751623802771e+00,6.638340844474106994e+00,6.574265768300341151e+00,6.589753613537025601e+00,6.592904084038236689e+00,6.622006616120795996e+00,6.649422017681714259e+00,6.615406135005841293e+00,6.604893454401964625e+00,6.634702614591899028e+00,6.569487330442131068e+00,6.566325353351690097e+00,6.613214352667389662e+00,6.627112277112194860e+00,6.599016784793544588e+00,6.611568686677414597e+00,6.575314336661898906e+00,6.618960463394751415e+00,6.581427015659059521e+00
6.509227727409926167e+00,6.546667754557967456e+00,6.511190077152479994e+00,6.517127845215360260e+00,6.510649173572343962e+00,6.571387544384922563e+00,6.526049580214237089e+00,6.491183846137468905e+00,6.517299475817783794e+00,6.526390183881447093e+00,6.518543522581566663e+00,6.561793889565493032e+00,6.533456770967010385e+00,6.548288794354561126e+00,6.503246825650032648e+00,6.528110348689923903e+00,6.522474785332366132e+00,6.542087654929225948e+00,6.530096638925092734e+00,6.530096757447081401e+00,6.538982406708042205e+00,6.505986737641400453e+00,6.557231544198748097e+00,6.565087410333389606e+00,6.521533050086567584e+00,6.527539502181078035e+00,6.534870522996294895e+00,6.525346586203939481e+00,6.501477244863846039e+00,6.540212686265379105e+00,6.487616197658476302e+00,6.521366912544619865e+00,6.551622602755724500e+00,6.555417069731400481e+00,6.525039635702176710e+00,6.521392462157518999e+00,6.495059607123909728e+00,6.511817748454125976e+00,6.537747272496599038e+00,6.521731480862416497e+00,6.580056700137849823e+00,6.525275564411787244e+00,6.523084720392276381e+00,6.505587619917215569e+00,6.520551153226954888e+00,6.538113351625202796e+00,6.500839193882878675e+00,6.531370756269134326e+00,6.580696641848433615e+00,6.536603990626461247e+00
6.420878453043130207e+00,6.418252879700295566e+00,6.424141691813038513e+00,6.483383150844297838e+00,6.460061110464598855e+00,6.432770178397019478e+00,6.456448123670021744e+00,6.442163371161128360e+00,6.465922397973312030e+00,6.456036109926889921e+00,6.437219327868800356e+00,6.473102729379019316e+00,6.458063818803559286e+00,6.454846687886497847e+00,6.443647831609375487e+00,6.454287512522356884e+00,6.438180474371288931e+00,6.446624539561239153e+00,6.440331825567501056e+00,6.449614939554233040e+00,6.447816827901364789e+00,6.431645949898586068e+00,6.464088089384145697e+00,6.467775709174349963e+00,6.438040437187360077e+00,6.480085332954113930e+00,6.456104019816464756e+00,6.480526424062177604e+00,6.467249814519434814e+00,6.471340246413468833e+00,6.411653617360800084e+00,6.458114179556083023e+00,6.415825271204837144e+00,6.405414313309806040e+00,6.451384508667228346e+00,6.444715425292615762e+00,6.442719987513499724e+00,6.440543311122124415e+00,6.454456882905802217e+00,6.470695443148588133e+00,6.427399706657071832e+00,6.432306055850397719e+00,6.430364629720127567e+00,6.448008567881043263e+00,6.455072816996413110e+00,6.445444331765344259e+00,6.466552334122503076e+00,6.417648199535282316e+00,6.440593009865957619e+00,6.427495732002340034e+00
6.379822248143391050e+00,6.350271227045310773e+00,6.365858220701025694e+00,6.370683549578100902e+00,6.332701119872823803e+00,6.366073847340759428e+00,6.345760059241345452e+00,6.350850958649202127e+00,6.360159368945813796e+00,6.355194834099955337e+00,6.356795711262941850e+00,6.349416834718913272e+00,6.343351475016334007e+00,6.344475012801373381e+00,6.369557804245556731e+00,6.343897527824919891e+00,6.366654903063040827e+00,6.357798533779625672e+00,6.372535011052787191e+00,6.346139848947458084e+00,6.368667879870205439e+00,6.353899297116860190e+00,6.356987753233983796e+00,6.376549539996474891e+00,6.367400709887005128e+00,6.367497247153933060e+00,6.345277737207352331e+00,6.333810983596548816e+00,6.348119329116459930e+00,6.363606381274657053e+00,6.385410387494936835e+00,6.354760587044402165e+00,6.354979564589299024e+00,6.357686436041360523e+00,6.363161363081005995e+00,6.377295721030063369e+00,6.346534517664778718e+00,6.360451064464497151e+00,6.345740473383085778e+00,6.323502992914503018e+00,6.375416707004920802e+00,6.402627179255870438e+00,6.385076509713777604e+00,6.357227104582793942e+00,6.352045866290233711e+00,6.339582386855780349e+00,6.336335966720186619e+00,6.361301169323123617e+00,6.380201629179330425e+00,6.332675203756841675e+00
6.247781036065878979e+00,6.288126409796079841e+00,6.270291716424358341e+00,6.261125722577042474e+00,6.299700237383671464e+00,6.308728068019674673e+00,6.282720551690148092e+00,6.273144606713973559e+00,6.246300317216543441e+00,6.295730869777194982e+00,6.257464878290216248e+00,6.259819754743278786e+00,6.299720990610715887e+00,6.288300649574735779e+00,6.276981856661969061e+00,6.268374572262159994e+00,6.288024656788328670e+00,6.267593788222158402e+00,6.276607280057365124e+00,6.268942734717715126e+00,6.310150896629235895e+00,6.278751256232261824e+00,6.283669402816745908e+00,6.284362354305783605e+00,6.274485175400527304e+00,6.250112833334151574e+00,6.302305839144024091e+00,6.266596575754733500e+00,6.248714663051996965e+00,6.322916440510400804e+00,6.310629536534790418e+00,6.296196075377239687e+00,6.251107202009650088e+00,6.253681223276864820e+00,6.247903156999900176e+00,6.280177653128331983e+00,6.280058336422277065e+00,6.256511929841277464e+00,6.293647302726163240e+00,6.271151694655642928e+00,6.281325727363670453e+00,6.273351629506908722e+00,6.287559633464158360e+00,6.245768706569395867e+00,6.258462273614221694e+00,6.261266391629519035e+00,6.260193093271300135e+00,6.251369999120887755e+00,6.287928152034635509e+00,6.262097296574423488e+00
6.206143568249364861e+00,6.161229112050866874e+00,6.207575529999965092e+00,6.213152778066937110e+00,6.176733458344451755e+00,6.175109508004724468e+00,6.217927264712379554e+00,6.165389239710925118e+00,6.202491922139561353e+00,6.193166454503509222e+00,6.219013804973925197e+00,6.164039261013553705e+00,6.164639119729028671e+00,6.203181110986654367e+00,6.167588224950232068e+00,6.219448442250866904e+00,6.188428420352106052e+00,6.184942982862584593e+00,6.147712702105117444e+00,6.216926976191444076e+00,6.176364588091201036e+00,6.187421745866044098e+00,6.178430578765189196e+00,6.176030224493783471e+00,6.132190418431866519e+00,6.163630579783733410e+00,6.166435961990274883e+00,6.159907134643919591e+00,6.164878413392536949e+00,6.166733483227078594e+00,6.161656694740393903e+00,6.188144215554741479e+00,6.201876060599939677e+00,6.151107760659089152e+00,6.165630382376211749e+00,6.198415819480389999e+00,6.203841983832046658e+00,6.142328715486973678e+00,6.212578255435688313e+00,6.167538014730761020e+00,6.144269614921952893e+00,6.225414523592320393e+00,6.181754349618125310e+00,6.207701909499094839e+00,6.167398300934955557e+00,6.175238413468243870e+00,6.195635305770588630e+00,6.205152332213462074e+00,6.168947048153742507e+00,6.206348098583363893e+00
6.082472448423482447e+00,6.108423499127077605e+00,6.059564205303349382e+00,6.088773658964357516e+00,6.089131135813074636e+00,6.077863910359606159e+00,6.090043305310013366e+00,6.081910146642138137e+00,6.072878621955437595e+00,6.082800959624927728e+00,6.080976525207777428e+00,6.077111862717973878e+00,6.070934030771072187e+00,6.097806515834201413e+00,6.095340621865775965e+00,6.040333357312174911e+00,6.094591768107941121e+00,6.069527304808085333e+00,6.122420506395274131e+00,6.081834644906760623e+00,6.066392251378561085e+00,6.095890720414389286e+00,6.099737257014369085e+00,6.099369493609664516e+00,6.101528612662173501e+00,6.113022277955519890e+00,6.087858563382534172e+00,6.092651567718467831e+00,6.068651878696472046e+00,6.068311934406195540e+00,6.086415240327336384e+00,6.110385459736421332e+00,6.093029515067263979e+00,6.077421426636362867e+00,6.088130229153416728e+00,6.088584151540167966e+00,6.082408585510155952e+00,6.077697885440841219e+00,6.092710789309342623e+00,6.104437030743228298e+00,6.070434457782724280e+00,6.074355997283854336e+00,6.070760361049032383e+00,6.094620050051108961e+00,6.082354848237729428e+00,6.061718078828487677e+00,6.084980173356036914e+00,6.081865301033146487e+00,6.075450407633725014e+00,6.116186184175604446e+00
6.001794454247458610e+00,6.040665495836679888e+00,6.002389656800416695e+00,5.958530140999889646e+00,5.963830221352140804e+00,5.965636716254450356e+00,5.960004983762033248e+00,5.994547244925032992e+00,5.973472704918014742e+00,5.987371499496317639e+00,5.962599061555692082e+00,5.982095403547374346e+00,5.994018879258065979e+00,5.990959646204592204e+00,5.987942434009883463e+00,5.965105367101011247e+00,6.024731966433318320e+00,5.957771421850046600e+00,5.950774882048023073e+00,5.983086501438985572e+00,5.993592965127457539e+00,5.993535754355320044e+00,5.982438973350376443e+00,5.993203837346826823e+00,5.982807914845148289e+00,5.983249520045323067e+00,5.974905114306005238e+00,5.955540394492091494e+00,5.970983892276804816e+00,5.991361808844090753e+00,5.969190788463026642e+00,5.997491007437892208e+00,6.003230779731724809e+00,5.979068421762366192e+00,5.973371139372037675e+00,5.993585485330047646e+00,5.998698445235541854e+00,5.992920656104652188e+00,5.960629564929061708e+00,5.998946218164527444e+00,5.943578432817876234e+00,5.975646488446457738e+00,5.996286289194967090e+00,6.008426222218028911e+00,5.981287766028914099e+00,5.981079862985366091e+00,5.974133329150643767e+00,6.026532421644444248e+00,5.976524489204606994e+00,5.998517093827335778e+00
5.914838515784595963e+00,5.885900391292090639e+00,5.889260721201406312e+00,5.867839638536031188e+00,5.932130664442011536e+00,5.879424983463558796e+00,5.864997362356305644e+00,5.868091293087633886e+00,5.880016785767463006e+00,5.880937386530323607e+00,5.881961672465491731e+00,5.913637319589370556e+00,5.853859508508151066e+00,5.884150071996721465e+00,5.837639340728280501e+00,5.893848111248082944e+00,5.861286170628774883e+00,5.858995740297578969e+00,5.880744321365161120e+00,5.935038828955290668e+00,5.890122026079088968e+00,5.856034657488129902e+00,5.880344779493001717e+00,5.870883897187886724e+00,5.844246012675963442e+00,5.884815536553405835e+00,5.901777759418387781e+00,5.860346405994391716e+00,5.877225606221743170e+00,5.883832307130383299e+00,5.893408525597624070e+00,5.907661907512228083e+00,5.922294659729989696e+00,5.872739979486459205e+00,5.889837024534636534e+00,5.897588046008491958e+00,5.889347202275826199e+00,5.865818155227182196e+00,5.866666325106487001e+00,5.917998223704146632e+00,5.843445118712709885e+00,5.907843607603394886e+00,5.834765391090198428e+00,5.871720126361898551e+00,5.915103458796541425e+00,5.874357308271086708e+00,5.858390481045903542e+00,5.855809434499994026e+00,5.925471674933428190e+00,5.874611522185833934e+00
5.743930548251506174e+00,5.762686242697049543e+00,5.769824800705081635e+00,5.770303250400761641e+00,5.755353370951284298e+00,5.779813464421568625e+00,5.764134101238415298e+00,5.759135613468200354e+00,5.759655040857314390e+00,5.775450377517818978e+00,5.774573171477034528e+00,5.771325994007907134e+00,5.791296727339302564e+00,5.793593348375511987e+00,5.782191587194946081e+00,5.759232463485425058e+00,5.773888656548569642e+00,5.773058282751418524e+00,5.775705464310238568e+00,5.802046785294244557e+00,5.791426520702708913e+00,5.767527314272442140e+00,5.775120219512149156e+00,5.795287489098303269e+00,5.797812331803871011e+00,5.803683837098478904e+00,5.796729035956614595e+00,5.741917865643550556e+00,5.756981188939332306e+00,5.778395262840120061e+00,5.796998121958415240e+00,5.776002256001473434e+00,5.792096282227869430e+00,5.782557268104389081e+00,5.779650355244932314e+00,5.771237464183514021e+00,5.809426107171866249e+00,5.809604899103282705e+00,5.763784979018327093e+00,5.780937039900923224e+00,5.752984127121293589e+00,5.782313020590820862e+00,5.768313656908627962e+00,5.744900917202471646e+00,5.787593096285546856e+00,5.787017529798081483e+00,5.777995300426460368e+00,5.754595498950890509e+00,5.776603710670379144e+00,5.776270491135774066e+00
5.639110712581971718e+00,5.663973566518380132e+00,5.656792036067209040e+00,5.683364153268311902e+00,5.673119106018112312e+00,5.683506475873464581e+00,5.684699810239110640e+00,5.641173806758732034e+00,5.640843620705044970e+00,5.659612232598389525e+00,5.682058038726958138e+00,5.685664550705700648e+00,5.688598753176840717e+00,5.655563814788334476e+00,5.648286597783936713e+00,5.663570184014865561e+00,5.703171452343466896e+00,5.668913858948702256e+00,5.679475430207177489e+00,5.682113725682091498e+00,5.676188547622435188e+00,5.658553240789435890e+00,5.685574121245275947e+00,5.683274335673907274e+00,5.660249943440932796e+00,5.644056379698286108e+00,5.662991532563146357e+00,5.684173842966377954e+00,5.661415679273165580e+00,5.663102944748779066e+00,5.685099320146552060e+00,5.674512624814504136e+00,5.697571905025910155e+00,5.653851147084422379e+00,5.632445477470222173e+00,5.668139487725105674e+00,5.699256443326077282e+00,5.657602922637977372e+00,5.646527242479212561e+00,5.673118378051591471e+00,5.617606458219118970e+00,5.659418556139410583e+00,5.657873179532137975e+00,5.683523430541758792e+00,5.669630584953682551e+00,5.677212397278266209e+00,5.660337031710614752e+00,5.683582424715833525e+00,5.663719263537476678e+00,5.722761612077203353e+00
5.563471723563893079e+00,5.538632490355672289e+00,5.601891017877723478e+00,5.545763893128908606e+00,5.588798770363522905e+00,5.543682560439285645e+00,5.555953980341088894e+00,5.529339530200299002e+00,5.543479074621271430e+00,5.519329427404906063e+00,5.532264211413830068e+00,5.522101488003466230e+00,5.505597356842622858e+00,5.557521418146314396e+00,5.560285100153896209e+00,5.564863994743119768e+00,5.544353049128982747e+00,5.538431260751354834e+00,5.547850912636984155e+00,5.551069216040397158e+00,5.565217318476837427e+00,5.555944055847050755e+00,5.587367352177111002e+00,5.561185670641557444e+00,5.551247273648652225e+00,5.578476954134076848e+00,5.552899052962140480e+00,5.598221192697126369e+00,5.566819815600267951e+00,5.594465926462953043e+00,5.584411490367857667e+00,5.586738001274300203e+00,5.542120587067217663e+00,5.530580310336230099e+00,5.551951318399139801e+00,5.553324528232509216e+00,5.579074283956033220e+00,5.528039966337796152e+00,5.551724022618380161e+00,5.557089469956974170e+00,5.541436690397896214e+00,5.588993872311291966e+00,5.580188919150665505e+00,5.552641525467160832e+00,5.562998898065705689e+00,5.551008766670385342e+00,5.598316855730693042e+00,5.606372708320427556e+00,5.544828359721310385e+00,5.554305682562699964e+00
5.441730487555092033e+00,5.436010192105588779e+00,5.446375728786294168e+00,5.450219672014386951e+00,5.446023453702929729e+00,5.470138535757914866e+00,5.454186516385572503e+00,5.446988679518280030e+00,5.458968897169839352e+00,5.456913134653600395e+00,5.420116489977650609e+00,5.459819557054933270e+00,5.464334959961205662e+00,5.461347216506445612e+00,5.449072227201159357e+00,5.452641080361843251e+00,5.441529597008462282e+00,5.422844266870845864e+00,5.448733844313830232e+00,5.416469327698852254e+00,5.440005007318572616e+00,5.456423850386628693e+00,5.404688718377330225e+00,5.460324786131533159e+00,5.464000032712780452e+00,5.415263583438629347e+00,5.408471469031364443e+00,5.429135720473134086e+00,5.432019400428865552e+00,5.448309292755411981e+00,5.437749100326812801e+00,5.480640547552512842e+00,5.439268273338112358e+00,5.431632471298143194e+00,5.429899372929343215e+00,5.439519757738032091e+00,5.458388752096154484e+00,5.454704926244041019e+00,5.442611239559859371e+00,5.420586314632933167e+00,5.451890548164326944e+00,5.473393581568424260e+00,5.431003624615128089e+00,5.444800044380145643e+00,5.456343402566642631e+00,5.424918479842602004e+00,5.436529080189099972e+00,5.448368812449364107e+00,5.455777464128614085e+00,5.424135116639720700e+00
5.305089303541922874e+00,5.322504231377891415e+00,5.312763136550525012e+00,5.339490412627014848e+00,5.317182571416740444e+00,5.332389578905599947e+00,5.342751984553403055e+00,5.336912578516106898e+00,5.328791938575819565e+00,5.312318972303767595e+00,5.350913497361554860e+00,5.337904203888645505e+00,5.329166992802249148e+00,5.334285377690812346e+00,5.308513055013269089e+00,5.331844304885417607e+00,5.303991651662351536e+00,5.284767596801416722e+00,5.306324178409306924e+00,5.347970545460265512e+00,5.300207554474865468e+00,5.339288195034021633e+00,5.333814007727264439e+00,5.358590837574848109e+00,5.296146679538241919e+00,5.329958307794271377e+00,5.326134831217594012e+00,5.326300518703142473e+00,5.313572381629390939e+00,5.347479771754071187e+00,5.333602166137075606e+00,5.349863855744473540e+00,5.319403611171425794e+00,5.361482101764414310e+00,5.351483603810976319e+00,5.359128695629945760e+00,5.329033659348045404e+00,5.337473396119663427e+00,5.309879233602741166e+00,5.325291760347036885e+00,5.341951914127773371e+00,5.323243116279838816e+00,5.303044216049611848e+00,5.325130223251252737e+00,5.335596458841636469e+00,5.313621964078482307e+00,5.340208514481620483e+00,5.365390599996805676e+00,5.296073956101741587e+00,5.318699107834797601e+00
5.211085878864330390e+00,5.193326803198490715e+00,5.222141278206753334e+00,5.223695504993790983e+00,5.169669944793095162e+00,5.175375590903043665e+00,5.219235272020156025e+00,5.196641034381319635e+00,5.220510228041997713e+00,5.225999904039555943e+00,5.197722845560327265e+00,5.181786613423250643e+00,5.188665942661057962e+00,5.221122706447522077e+00,5.198035846006503924e+00,5.181304219944926182e+00,5.244345605147515244e+00,5.210428398414174822e+00,5.210989211372636376e+00,5.244525507959941990e+00,5.202284482034787771e+00,5.195949225511763636e+00,5.225763283430638673e+00,5.191329431723962884e+00,5.202243376990206336e+00,5.201948686734469973e+00,5.218332119986171413e+00,5.229259153712691344e+00,5.165174990459604487e+00,5.219110431303610298e+00,5.206019296388269879e+00,5.214777775949547056e+00,5.197020291471303288e+00,5.213300487555870610e+00,5.227722618927162834e+00,5.191946888705857965e+00,5.198816250571573150e+00,5.205281757692663547e+00,5.191423318695393085e+00,5.197658475146937462e+00,5.201070513723596633e+00,5.209506473440466578e+00,5.221953284432355957e+00,5.201045982699883830e+00,5.205656933638382000e+00,5.191856960961497514e+00,5.203567029914291098e+00,5.240351123987467830e+00,5.233564675026747715e+00,5.188715347394293964e+00
5.088877533155318211e+00,5.043965606559131842e+00,5.076728080112737018e+00,5.113224944719915399e+00,5.114152915362400798e+00,5.106730510524859490e+00,5.036766359752944844e+00,5.090178334883546540e+00,5.103000096158596399e+00,5.091325043446612852e+00,5.107922813099963655e+00,5.115963752292652877e+00,5.055087946164813495e+00,5.100493115309845393e+00,5.117631095760347471e+00,5.085415047267811239e+00,5.099956542207801036e+00,5.072008987772518296e+00,5.089544602529786133e+00,5.089137408956119657e+00,5.070967503612200389e+00,5.095354193529490594e+00,5.082895915113201823e+00,5.108063401732554354e+00,5.110021794347741952e+00,5.111895719857174392e+00,5.064582826944431737e+00,5.124733916505757492e+00,5.097250039776271002e+00,5.098017890919348538e+00,5.083866487716201199e+00,5.096526646912976410e+00,5.078079629042723475e+00,5.089399932158113593e+00,5.065497620878465668e+00,5.058037499972515505e+00,5.098719539082431140e+00,5.106673126750084002e+00,5.073384532799077640e+00,5.107169784018339875e+00,5.072764535011929254e+00,5.105237014457751243e+00,5.120242541153806393e+00,5.096824637408665204e+00,5.060263658125156105e+00,5.091865482861312131e+00,5.119214621421801503e+00,5.097884755840814464e+00,5.118038596835651433e+00,5.075290915435928696e+00
4.967486937076629694e+00,4.987341936031661760e+00,4.983999475951586433e+00,4.921490326591025699e+00,4.940823967616517542e+00,4.945025252832138563e+00,4.974614823037765809e+00,4.960650128014076010e+00,4.994006721265979998e+00,4.959478715119146841e+00,4.955645274919407761e+00,4.964546679498063497e+00,4.953712903736483320e+00,5.000486560928583124e+00,4.978201654883300797e+00,4.971410080311820856e+00,4.979048225461507826e+00,4.982428411402828772e+00,4.962207174251239472e+00,4.967426205394773753e+00,4.958198175395190255e+00,4.962771092322327604e+00,4.973293689007176610e+00,4.984713003028424794e+00,4.979160010405630388e+00,4.985307964736218622e+00,4.951532789310385319e+00,4.991515319020269459e+00,4.958102893397249744e+00,4.953659176355754923e+00,4.998684015531843272e+00,4.964196745483174134e+00,4.958873485995469288e+00,4.974473853453533323e+00,4.977455249604274989e+00,4.954651002216328592e+00,4.957204350849861108e+00,4.978334511576041344e+00,4.952850515510443863e+00,4.922422440348214856e+00,4.956840197484096322e+00,4.945203276864464925e+00,4.957947480612737046e+00,4.972845194349085673e+00,4.969437241061055666e+00,4.965121073998548518e+00,4.965185912949618086e+00,4.967460457859050216e+00,4.994644667353135503e+00,4.967080799798213597e+00
4.845999946784493417e+00,4.861947334451487635e+00,4.858194986547664129e+00,4.857819571754502519e+00,4.837140141607588539e+00,4.851716494912916566e+00,4.834759254014735497e+00,4.848445913349759273e+00,4.811778139164589518e+00,4.848482361534287577e+00,4.859100422421326115e+00,4.804733249979380005e+00,4.844910676447266695e+00,4.850348419762249286e+00,4.824047156500252953e+00,4.842687007904872054e+00,4.829164052234384386e+00,4.830912876004115120e+00,4.855733296960845990e+00,4.846686788085380115e+00,4.847212779950178962e+00,4.806962181861558214e+00,4.851537254982113190e+00,4.836262656383237157e+00,4.893092093731595149e+00,4.855919590784524509e+00,4.846846406154400100e+00,4.858275395984112066e+00,4.839757811170753321e+00,4.813201782585414534e+00,4.837045446638247981e+00,4.827322417824031930e+00,4.837527850515510153e+00,4.831384405697156659e+00,4.865316329553960983e+00,4.850264278664745632e+00,4.814646858238521787e+00,4.829356936858052229e+00,4.818018582336680566e+00,4.828703123450576840e+00,4.847834912960641951e+00,4.870031366493554614e+00,4.845798890913617818e+00,4.796792622014796059e+00,4.853801050777239112e+00,4.847589750259598596e+00,4.811844469769855692e+00,4.823338293360607487e+00,4.837808003657419142e+00,4.818174680687890898e+00
4.716693354870586496e+00,4.727094550264168582e+00,4.748125652515467365e+00,4.686007720845243085e+00,4.682336304480811506e+00,4.720656363595740146e+00,4.725617531899605872e+00,4.683531592167564206e+00,4.740498105810170948e+00,4.703834988810202233e+00,4.716277555854359704e+00,4.706125010065857595e+00,4.721753345839333704e+00,4.712417212398489319e+00,4.739397690150122244e+00,4.708906749560378913e+00,4.707629699689555913e+00,4.719935044896691245e+00,4.780917941607123467e+00,4.710983358932837817e+00,4.736232716290458278e+00,4.717128369851340430e+00,4.717018340606449200e+00,4.714335208152108159e+00,4.688870867210232163e+00,4.693945390168911658e+00,4.708191431832860374e+00,4.701727860430698236e+00,4.688652930799393381e+00,4.721946267972631617e+00,4.700217451129942603e+00,4.715414010587536175e+00,4.721384343919744708e+00,4.721981715856868433e+00,4.729397562094113106e+00,4.704297267840881425e+00,4.720209733404063357e+00,4.696554210739307678e+00,4.702176765616874476e+00,4.722833766169044267e+00,4.706053363933247802e+00,4.670680121548480557e+00,4.718820565446001147e+00,4.704827294403570725e+00,4.697991277121068343e+00,4.688491289687948260e+00,4.684012987106708437e+00,4.725064238463513533e+00,4.704903156335126013e+00,4.728256594154861325e+00
4.592444655791399377e+00,4.599588139787179841e+00,4.572948843930806362e+00,4.579300120864853163e+00,4.583224655404190884e+00,4.621151647199220669e+00,4.578588525786884134e+00,4.597439702452709831e+00,4.606936864922837493e+00,4.588341238259371124e+00,4.584603038173653999e+00,4.618525017947236577e+00,4.556117516783134924e+00,4.605873908377799530e+00,4.616595805026637578e+00,4.566457207208808100e+00,4.555143640124945215e+00,4.579301489179978368e+00,4.555732659946261087e+00,4.570034985121276705e+00,4.585202326877934276e+00,4.564804581807109685e+00,4.567133263571931501e+00,4.563897116779283891e+00,4.576154007631672016e+00,4.578063719100402551e+00,4.596295006285668450e+00,4.564436391100113788e+00,4.579496133794018320e+00,4.598356302362226700e+00,4.586671090558760433e+00,4.609728335101341834e+00,4.593645604166162855e+00,4.576137953045296136e+00,4.573113333104431355e+00,4.593985561633184389e+00,4.592698220977017520e+00,4.622391744624362531e+00,4.594172055388519915e+00,4.583616428939653709e+00,4.607149947299135739e+00,4.578957110640886619e+00,4.595783233272179302e+00,4.594127743035726574e+00,4.609228874720506575e+00,4.561606925639096310e+00,4.574057997248269558e+00,4.593245733545093579e+00,4.591650463169913543e+00,4.553814702098327949e+00
4.426094017514060397e+00,4.445361208851326573e+00,4.444880547426290462e+00,4.446749954770891300e+00,4.480322995660137586e+00,4.445080832285857930e+00,4.444818885210830572e+00,4.470384309270999168e+00,4.475594544054698254e+00,4.438531504795820481e+00,4.449228656742330479e+00,4.433556927028794448e+00,4.412571477738058690e+00,4.446779465003759313e+00,4.458553526084145346e+00,4.438624073096280931e+00,4.438912519953726488e+00,4.437868170008809621e+00,4.431693925124451816e+00,4.442380469464068504e+00,4.432536051069517313e+00,4.452727490790580944e+00,4.431033865047278475e+00,4.436974303352871907e+00,4.433789616882277684e+00,4.420900488264841499e+00,4.472082748623856574e+00,4.477493923696301614e+00,4.453966179541225756e+00,4.443863535725939506e+00,4.446478689983934807e+00,4.436041157000905955e+00,4.466178183049818173e+00,4.428727574246524412e+00,4.422992254890946384e+00,4.484135215672259811e+00,4.466832077739328000e+00,4.453889060853036597e+00,4.439985674990546194e+00,4.470973393921245709e+00,4.469394060999496432e+00,4.453937120183419474e+00,4.423504287516371924e+00,4.461860024127910940e+00,4.461369233634516540e+00,4.446512066872092994e+00,4.441954365945091965e+00,4.459582660055168901e+00,4.445093703738294266e+00,4.442712320185464137e+00
4.339042382447426682e+00,4.324517364995937641e+00,4.292853276758103576e+00,4.312315916665526494e+00,4.322056048422035168e+00,4.313211744427171368e+00,4.322683931692994364e+00,4.347650054159993616e+00,4.333201184393413286e+00,4.324471537915019148e+00,4.340570249522431645e+00,4.357732570728721555e+00,4.342792841585312758e+00,4.332343262732916145e+00,4.301409347344299583e+00,4.294829967501335943e+00,4.313190881778380614e+00,4.315740636193020840e+00,4.327716679726430371e+00,4.320594757197931735e+00,4.336767245174153018e+00,4.321897405424262040e+00,4.334532772696605640e+00,4.307584412805383955e+00,4.309932572355564595e+00,4.301640834375676903e+00,4.311339105114190495e+00,4.329522203011346271e+00,4.320832641750916636e+00,4.292319665825343300e+00,4.319573251070115028e+00,4.295234859721620779e+00,4.325869043004323622e+00,4.308498185673474978e+00,4.311896741447507786e+00,4.330496729389271771e+00,4.318331815643999150e+00,4.298909067157683950e+00,4.343503118885211123e+00,4.297392302690494326e+00,4.292456315757721796e+00,4.324231903727206117e+00,4.321969629313709760e+00,4.320435259133836858e+00,4.351772317130481404e+00,4.330393438699059239e+00,4.293539428023435356e+00,4.314069284924602954e+00,4.313617926702569605e+00,4.310848088179394466e+00
4.148046455697602219e+00,4.142910975552121400e+00,4.171385527297116091e+00,4.159796448850448414e+00,4.158334707530649155e+00,4.173050546549361250e+00,4.190149092288884880e+00,4.186328694843805209e+00,4.192953122648563458e+00,4.204731861272582805e+00,4.204747885172410271e+00,4.173470731172217008e+00,4.165240707861438629e+00,4.203619426552248406e+00,4.175484647691270368e+00,4.162790127068126012e+00,4.201701215799197087e+00,4.173208677530942268e+00,4.178517033927684032e+00,4.199319225009422674e+00,4.139782091618017468e+00,4.192273002997247922e+00,4.199978706471841683e+00,4.199999338681184469e+00,4.206629569974494665e+00,4.190099441043039441e+00,4.199209743895989888e+00,4.182217605045001285e+00,4.144458328090776078e+00,4.152670558111831056e+00,4.198474010553522540e+00,4.223230476453030846e+00,4.195871268977040103e+00,4.161541850286645250e+00,4.217989903021230447e+00,4.176100157449629258e+00,4.195133481057654379e+00,4.185423563023108251e+00,4.187318906331377377e+00,4.214272630274950693e+00,4.199773654763924391e+00,4.156723513258776315e+00,4.168182132226944780e+00,4.187754322342319924e+00,4.168731548964615286e+00,4.190463027870928059e+00,4.161125502065686987e+00,4.187657472008023518e+00,4.162411236620543242e+00,4.169640558726532831e+00
4.018439370166247748e+00,4.047348985833060020e+00,4.024964742515051874e+00,4.044464210418156291e+00,4.050099328337318561e+00,4.044713833897350064e+00,4.036423782141939753e+00,4.039586570073036675e+00,4.048065756927569758e+00,4.065763359585447212e+00,4.052621549332653395e+00,4.040265498618104800e+00,4.024451199666761347e+00,4.042525632780995970e+00,4.035396989094432563e+00,4.044703217549544760e+00,4.034251011259515352e+00,4.052844611187195412e+00,4.054925123204927928e+00,4.056180808932163373e+00,4.040166856152563213e+00,4.056527473881364365e+00,4.067008015205881399e+00,4.033106358572911887e+00,4.061797988422982009e+00,4.067618693456354961e+00,4.057626228994756445e+00,4.015835194193407176e+00,4.071115801772582365e+00,4.037734067708536934e+00,4.089172927357805243e+00,4.029349478391027972e+00,4.004089416037651006e+00,4.035902074489143843e+00,4.059172272498726919e+00,4.018467786921561924e+00,4.036638157439757180e+00,4.054867306862293574e+00,4.033099792445942633e+00,4.063154657944978432e+00,4.032572917320524475e+00,4.054985645959624740e+00,4.032630520346825342e+00,4.071944975382981724e+00,4.037681581020243549e+00,3.999411860945045749e+00,4.021522212284867059e+00,4.032048448388049877e+00,4.048111916598042370e+00,4.021697408643113647e+00
3.911140707789935611e+00,3.919236381284438409e+00,3.881014965359571356e+00,3.912930308103053978e+00,3.934143676254536537e+00,3.894948564018124948e+00,3.936172499464035468e+00,3.940866134725263592e+00,3.896312895287929567e+00,3.914322628527872716e+00,3.904327505907123186e+00,3.904963428896612410e+00,3.915856276196935770e+00,3.879935302673771957e+00,3.907470265568086187e+00,3.854086709786204601e+00,3.943569976425256307e+00,3.932179126220636256e+00,3.920094313058567259e+00,3.901308851547220069e+00,3.922342870230356215e+00,3.906045776530152835e+00,3.921695431426678979e+00,3.925813824611600555e+00,3.904289923542153762e+00,3.927084014993192262e+00,3.930705899849547436e+00,3.895933796372089475e+00,3.907276959311704712e+00,3.897998818055345094e+00,3.892547738862757178e+00,3.903032460328207609e+00,3.904731560875710716e+00,3.912164245072360380e+00,3.865662207164273223e+00,3.894146188070874981e+00,3.911523813563190011e+00,3.910290271154784225e+00,3.884952316435242636e+00,3.919600052938911006e+00,3.903749302413312083e+00,3.936446634381182808e+00,3.895945711032785308e+00,3.931411585259002361e+00,3.910645464710401420e+00,3.912419025849753318e+00,3.884955902706642927e+00,3.918627668383211748e+00,3.880530988613603682e+00,3.901560157198536327e+00
3.780979910410107614e+00,3.781066482961507269e+00,3.788946900674161622e+00,3.790449987024044898e+00,3.752165026151801364e+00,3.786624940980536369e+00,3.784818665948106897e+00,3.767450425979911532e+00,3.757042022018395766e+00,3.762618147688548298e+00,3.784082673176522693e+00,3.769741339544710357e+00,3.775260957415059959e+00,3.753608587188111745e+00,3.806958061236904278e+00,3.784356252548197741e+00,3.745894624380861071e+00,3.772946793884155881e+00,3.772203955160752020e+00,3.761556154871294133e+00,3.761287697652781592e+00,3.773927912393944428e+00,3.800613346732358178e+00,3.745577598424398857e+00,3.756789739096435543e+00,3.789549885644992067e+00,3.785802781723589749e+00,3.754596684318753042e+00,3.752759387741557262e+00,3.780612421107024002e+00,3.804456793225357014e+00,3.788742341940078528e+00,3.766713424532462273e+00,3.762349441615385093e+00,3.770732949987191329e+00,3.772886502084737526e+00,3.750264119469687074e+00,3.756770883220137858e+00,3.767204627286112384e+00,3.761487845334587021e+00,3.748682922961415365e+00,3.777016125974379523e+00,3.782627556091786136e+00,3.763334163119187892e+00,3.768674624648006954e+00,3.778462318753000648e+00,3.754875135498473959e+00,3.768847618643082154e+00,3.799235497695363062e+00,3.799415314873789473e+00
3.672377434633170346e+00,3.629304590354526017e+00,3.628608721161115547e+00,3.619396510397955957e+00,3.633630747543542316e+00,3.657694856393829408e+00,3.636138812358987060e+00,3.631203673070875659e+00,3.638521926473289536e+00,3.653863922653513008e+00,3.621204491314625962e+00,3.631685740515358418e+00,3.635547660777254109e+00,3.643935844231262156e+00,3.662598656546518949e+00,3.609524447279055082e+00,3.638665241837093056e+00,3.623388621689203060e+00,3.630390115734237533e+00,3.655595741824991585e+00,3.600877468038082174e+00,3.669088691793086277e+00,3.622982824573240723e+00,3.620947948940722139e+00,3.634288809441382995e+00,3.640666685882314901e+00,3.637179858524883347e+00,3.630404073359316808e+00,3.635648236916668719e+00,3.617325607035691615e+00,3.641912441972849468e+00,3.638988845624963275e+00,3.650647218386639636e+00,3.644901501479265171e+00,3.649700061029099274e+00,3.626349363881784083e+00,3.661313680064445908e+00,3.636741404102369568e+00,3.656255302306289146e+00,3.619161767666826623e+00,3.598588587083500379e+00,3.604214235452042114e+00,3.672450267168885674e+00,3.666464907975043097e+00,3.633206356957007888e+00,3.625440033214928803e+00,3.610765175728081644e+00,3.629472787168948944e+00,3.643571652066730504e+00,3.643913284747741788e+00
3.507049694798031414e+00,3.486679662500159260e+00,3.503675485288114899e+00,3.501403405848706907e+00,3.485284769135861271e+00,3.515494168083130422e+00,3.499511109112169116e+00,3.484368616301308119e+00,3.509377308653178762e+00,3.468058720995589539e+00,3.499909831493265511e+00,3.512755704825484493e+00,3.484682728440786192e+00,3.512554463977036079e+00,3.523751617058332730e+00,3.484905472805832183e+00,3.478251513147600615e+00,3.488047247457844335e+00,3.508635874492851858e+00,3.493169186299494910e+00,3.463460682000796709e+00,3.506647067464281342e+00,3.522583671068088673e+00,3.508757118013078991e+00,3.478667223419291687e+00,3.486657356808599229e+00,3.487970348676517229e+00,3.479698751164696180e+00,3.498798497215908743e+00,3.497244661495300555e+00,3.506564844544077353e+00,3.504705538338206861e+00,3.509320245385545434e+00,3.491148169704787918e+00,3.501871241330526630e+00,3.498557081189208606e+00,3.499646673498187255e+00,3.477552731692894028e+00,3.492481043839553934e+00,3.476274150205369562e+00,3.527191016160735160e+00,3.511899266305113620e+00,3.500495392209846290e+00,3.478644009379913804e+00,3.490606176272934125e+00,3.481368682683569027e+00,3.512012110298886824e+00,3.493952476573057186e+00,3.511869834208276142e+00,3.483802713033785192e+00
3.359367119606987195e+00,3.376498942207230680e+00,3.346386139659140557e+00,3.350074398908891915e+00,3.363445107974397885e+00,3.338598837041184986e+00,3.375689222905863485e+00,3.331518358953967418e+00,3.348763146115226075e+00,3.360880891335327636e+00,3.358991224066865122e+00,3.378087605375843960e+00,3.399370717049555068e+00,3.357313810882990079e+00,3.331497033996208668e+00,3.384472994276971569e+00,3.342117854718247738e+00,3.333633578223603955e+00,3.371334457840164500e+00,3.343663218865446041e+00,3.374551523255278074e+00,3.351606230897438365e+00,3.359291355514623323e+00,3.372020230815306441e+00,3.354186781790542415e+00,3.348247246239711039e+00,3.384033539857891792e+00,3.369425172441289362e+00,3.356156001897649066e+00,3.368300758666648242e+00,3.350710651638332482e+00,3.374969014820943691e+00,3.370980298553502674e+00,3.356745157533902457e+00,3.379119188693422426e+00,3.341522549971869704e+00,3.367263411651239213e+00,3.350619126406266801e+00,3.361939403695813233e+00,3.341026371375502624e+00,3.368069565156221135e+00,3.367995085354348550e+00,3.371728768171483370e+00,3.343113066476104400e+00,3.350698649336071533e+00,3.358816695233969973e+00,3.356015447951550268e+00,3.336671029659290078e+00,3.353316280725619158e+00,3.364455090562337602e+00
3.189406492881421418e+00,3.237203876985499384e+00,3.235525963410689432e+00,3.180540814283670858e+00,3.214847752573718243e+00,3.223777008790069232e+00,3.195324833779866758e+00,3.212923883208810061e+00,3.237949817137137476e+00,3.218692443881264520e+00,3.212810044101424012e+00,3.240393138077453994e+00,3.212039001433861340e+00,3.230909158871691389e+00,3.247933764423304837e+00,3.247359760039544074e+00,3.207878811938257968e+00,3.225327397015498310e+00,3.237521025352605442e+00,3.190606104022400302e+00,3.197411642041632085e+00,3.199635565280817495e+00,3.184721401043508315e+00,3.211639884478894480e+00,3.217220054737914836e+00,3.206798196426146497e+00,3.227959605704987744e+00,3.224149713656102811e+00,3.223091171924271858e+00,3.196132446311594322e+00,3.201414953850103551e+00,3.216309820063270930e+00,3.214417881687892553e+00,3.202567705181698976e+00,3.200701412807456681e+00,3.239934722888115459e+00,3.208823586321336130e+00,3.219238630399550161e+00,3.185621574507064402e+00,3.222576510096017977e+00,3.219312918446949112e+00,3.207006315688377907e+00,3.252222588520671476e+00,3.207788215045260571e+00,3.203938203247004513e+00,3.208238032175770638e+00,3.200408164909551711e+00,3.215783024254889266e+00,3.210800543771844762e+00,3.245515139121968318e+00
3.083178682935976855e+00,3.085120885199045038e+00,3.087729800097252841e+00,3.074291016367296958e+00,3.097258141062808612e+00,3.067632976410340273e+00,3.086306692737204482e+00,3.076917579407847825e+00,3.080127590289694961e+00,3.085164279982870017e+00,3.080772097895235095e+00,3.068551774975361468e+00,3.072482945774809071e+00,3.080956533896137550e+00,3.090659758192600304e+00,3.095971520015621259e+00,3.065604068436666996e+00,3.064072364181834818e+00,3.099019403942356643e+00,3.099048420242151547e+00,3.082890763626078723e+00,3.079140660355449199e+00,3.069993773826996453e+00,3.068732489386786888e+00,3.064603984950624138e+00,3.093614429848625225e+00,3.084268013792882179e+00,3.099797882468927845e+00,3.095658057997733970e+00,3.090869718374685604e+00,3.069523451375202772e+00,3.084587814564923480e+00,3.055453285620849169e+00,3.093092608358211759e+00,3.090300645853852668e+00,3.073006532054527451e+00,3.057207792046297001e+00,3.099339613757482681e+00,3.050520569066940357e+00,3.084798904865543534e+00,3.050083460500505605e+00,3.097949365514435005e+00,3.103713490698040811e+00,3.072643407736320498e+00,3.092712557745072033e+00,3.066903251812731490e+00,3.050003392160003823e+00,3.086165295613982895e+00,3.051108637293054482e+00,3.094783887869588135e+00
2.954631357175035777e+00,2.940024037253299749e+00,2.952298969441554011e+00,2.940573446226497190e+00,2.946440423815293919e+00,2.922337298215570200e+00,2.916243762871829848e+00,2.944669216440893855e+00,2.932506275795827122e+00,2.941783901179074956e+00,2.946904891298866236e+00,2.938518876530490598e+00,2.927620995714129037e+00,2.970716065977322629e+00,2.948137237861105930e+00,2.967789051066059169e+00,2.903712523701175385e+00,2.954028733037907806e+00,2.948947046614006418e+00,2.934764783757919382e+00,2.967158075248026883e+00,2.926026929015561606e+00,2.906777306533034011e+00,2.929282717314498186e+00,2.940707515005854145e+00,2.957972351757070406e+00,2.931574174425993107e+00,2.944634120731997484e+00,2.931358096260400448e+00,2.953672360628328608e+00,2.928468356365109493e+00,2.940294975669019539e+00,2.965411922039613568e+00,2.949848763583678757e+00,2.952175891499389859e+00,2.940423481270749040e+00,2.952161442807889280e+00,2.925089881987340323e+00,2.934250324717018632e+00,2.949926150826295057e+00,2.910947296160051323e+00,2.955062908598449667e+00,2.937003087526202538e+00,2.927487863630553022e+00,2.968693268212510450e+00,2.940749707777511102e+00,2.950051979667903890e+00,2.948951289180094193e+00,2.941390234498137968e+00,2.947905377069602206e+00
2.792261769134814831e+00,2.796399560309948740e+00,2.814933246714657944e+00,2.805345816016239890e+00,2.784484740788927937e+00,2.811671566533034738e+00,2.791282858275313750e+00,2.800572586028688082e+00,2.767930421915459682e+00,2.821017696048962353e+00,2.784735755752246966e+00,2.791935764126200148e+00,2.779585979871699752e+00,2.776915297673002048e+00,2.800561539739727657e+00,2.801818937487244643e+00,2.775095362586279091e+00,2.778353092609471719e+00,2.821614376759603360e+00,2.778231568078728841e+00,2.818087159653832163e+00,2.798871070699407326e+00,2.790834661289670393e+00,2.779095880577034272e+00,2.775814480818537433e+00,2.796816409410870730e+00,2.800517796179273322e+00,2.828089490576074283e+00,2.802353268980755541e+00,2.815683440877734700e+00,2.793414416477546069e+00,2.776675363958319931e+00,2.816406588957347967e+00,2.797631640817740184e+00,2.783937387677760444e+00,2.786881700790142080e+00,2.789291589020174378e+00,2.798189674823059025e+00,2.800760197185184541e+00,2.783271721109754182e+00,2.805810354067687751e+00,2.818175508097636062e+00,2.788073849578099672e+00,2.807068521134524985e+00,2.770806708676352148e+00,2.814622603797132694e+00,2.803406259851995319e+00,2.788180360324415297e+00,2.792224960636272346e+00,2.788108777332446664e+00
2.687550019007288515e+00,2.658129641023240453e+00,2.661397682555274091e+00,2.662124268748176981e+00,2.673631686288201248e+00,2.662763558658288066e+00,2.666197176830214843e+00,2.662355937562196129e+00,2.636352491759541117e+00,2.672326495413542613e+00,2.671714431235083786e+00,2.643557737857948897e+00,2.686040532332475639e+00,2.660597620049380829e+00,2.692316594709845745e+00,2.664696311302245046e+00,2.665952885324275989e+00,2.656469225470462270e+00,2.656667715969273758e+00,2.644697361816972236e+00,2.674793991957375550e+00,2.679563171160833868e+00,2.645762965236215791e+00,2.653377071828310729e+00,2.656871029519879635e+00,2.676531249916309640e+00,2.647571494761324029e+00,2.657378654629760639e+00,2.668904856352801502e+00,2.676936075391048053e+00,2.644629767291530431e+00,2.636328129751405847e+00,2.659565383653412773e+00,2.675514080459742594e+00,2.647249726970477113e+00,2.646988691622573331e+00,2.655096883983484535e+00,2.695106891719686981e+00,2.653078898919985384e+00,2.664370148216737455e+00,2.626960604558028489e+00,2.656797644093441768e+00,2.677971470975686330e+00,2.666659668014769835e+00,2.665020415996141256e+00,2.660038180989487078e+00,2.621444549775917565e+00,2.634498423476316020e+00,2.647293729039302601e+00,2.674198363378220034e+00
2.542187142731292315e+00,2.535393609795663750e+00,2.524822485891486057e+00,2.526282142815295728e+00,2.519094419715523614e+00,2.508047723019315445e+00,2.542611798993200001e+00,2.514078981933159707e+00,2.506090561040955400e+00,2.511047766767826150e+00,2.533842359401383248e+00,2.555676438961665742e+00,2.536749551181951556e+00,2.527784003487067999e+00,2.538486312743146289e+00,2.538689303978249434e+00,2.550058054090441395e+00,2.514190608182779840e+00,2.528097425413776911e+00,2.512470743368520054e+00,2.513933793395105809e+00,2.524553019608769322e+00,2.538802246637563265e+00,2.542331716292406618e+00,2.511694729001598514e+00,2.489022926996603768e+00,2.497902060887898124e+00,2.515622568856810126e+00,2.539433060067091574e+00,2.526743370471519423e+00,2.542911580211900002e+00,2.489514676739184473e+00,2.508690187113016723e+00,2.522559197888355698e+00,2.526053008740126060e+00,2.524601698634632019e+00,2.520146372919179090e+00,2.544124219454564351e+00,2.522402376329676343e+00,2.511947476674648350e+00,2.526640068938602379e+00,2.517933095147379063e+00,2.532759215512287554e+00,2.525060792293664313e+00,2.560537538360494025e+00,2.525320459278947549e+00,2.500685144480234712e+00,2.512115754967548575e+00,2.503519753982322626e+00,2.514520989431066500e+00
2.385871507234665234e+00,2.360878195319648931e+00,2.393165777919327830e+00,2.380928428528997998e+00,2.399004373621843822e+00,2.404509714709895718e+00,2.367780259851946401e+00,2.417872642611543998e+00,2.396729486989479962e+00,2.381635827226857849e+00,2.389343629749081099e+00,2.398587280171629477e+00,2.418865714343330975e+00,2.358177386993887570e+00,2.411803473092979822e+00,2.392089202127996916e+00,2.390609832734341911e+00,2.386083139981160617e+00,2.378912269904744470e+00,2.400594042122449423e+00,2.396793333400454973e+00,2.398327928518138030e+00,2.379705156410460543e+00,2.409328770368678097e+00,2.395749395493459666e+00,2.362498370445845985e+00,2.377192578851995197e+00,2.369753486394714503e+00,2.405225772045912258e+00,2.404470313989367725e+00,2.400571478518761737e+00,2.399287230948905947e+00,2.367016750915575063e+00,2.390609538430772396e+00,2.403172733568267994e+00,2.404444175311338583e+00,2.382800798654269858e+00,2.395538989679153463e+00,2.397386517651263205e+00,2.373920800188089153e+00,2.383128093728657859e+00,2.383440327677675441e+00,2.367883092485494334e+00,2.377917833139655990e+00,2.383834843626697619e+00,2.376533122437129997e+00,2.407654602766683194e+00,2.377300871233806845e+00,2.373067760375902058e+00,2.400812848812160283e+00
2.240772751795176987e+00,2.261647024515782700e+00,2.227926330829407942e+00,2.272034165901654301e+00,2.244853989278715378e+00,2.261055081494550034e+00,2.249642283747326221e+00,2.300464123964283125e+00,2.261648928337474995e+00,2.246885923120517603e+00,2.232452670499081471e+00,2.247722152425146280e+00,2.288487557737824307e+00,2.247005386437789465e+00,2.252401614500489035e+00,2.219964555326089606e+00,2.249549288500023003e+00,2.268845607259218689e+00,2.253426880989368275e+00,2.240468673291129864e+00,2.243566975792373075e+00,2.238029210943283775e+00,2.237008116008150083e+00,2.266911620680081896e+00,2.236574039706663797e+00,2.260675966707234252e+00,2.271451138139576553e+00,2.234466796088249385e+00,2.235355786891240371e+00,2.265423018198106320e+00,2.234372095427954008e+00,2.255593341666119134e+00,2.291556661546596541e+00,2.254216085860310415e+00,2.248748293170950152e+00,2.246503588122741757e+00,2.258047214311634576e+00,2.236987642014100164e+00,2.223015116518372025e+00,2.228444932047907390e+00,2.279882155191157889e+00,2.250132949241125058e+00,2.248295987914755933e+00,2.254750169441591012e+00,2.253375263477316537e+00,2.243941110009249673e+00,2.244292871490633612e+00,2.239911114759811639e+00,2.237070290285009477e+00,2.236672878938374520e+00
2.124874251918587476e+00,2.124886914576925800e+00,2.130044457936145719e+00,2.141250674408194499e+00,2.135905749728224556e+00,2.115983062534875003e+00,2.136250649285021286e+00,2.131036733414748419e+00,2.101762475561686827e+00,2.131127693672605794e+00,2.120484106189970408e+00,2.121832976097922874e+00,2.101813075614115789e+00,2.109662760746381593e+00,2.125594871105725314e+00,2.117877198960753660e+00,2.115469379794010951e+00,2.121604429353028287e+00,2.117748723129501798e+00,2.108917746629253909e+00,2.130058074962709824e+00,2.122079878111636120e+00,2.120518077471937879e+00,2.136766617874457985e+00,2.111451581108281239e+00,2.115912656505857026e+00,2.145646157728210213e+00,2.127580284561643165e+00,2.113783573406230687e+00,2.137642067232661258e+00,2.148108269276255644e+00,2.128712541605535247e+00,2.108541241528538279e+00,2.138292395729387785e+00,2.126461334914857559e+00,2.143970093345997974e+00,2.095137049774589144e+00,2.137154960265628567e+00,2.101594662497752619e+00,2.129177246521946731e+00,2.126946030370663543e+00,2.130942673865887205e+00,2.133273902353105100e+00,2.117022438239783089e+00,2.129830916969188248e+00,2.129387435891258562e+00,2.119236583794400719e+00,2.137561505921820260e+00,2.123347868127871685e+00,2.124001127502991526e+00
2.020356902297304469e+00,1.986102879411707045e+00,1.999375934741598915e+00,1.998522272171923797e+00,1.970303113504144665e+00,1.978762335582042509e+00,1.993651533305375478e+00,1.975174305161127464e+00,2.011467618786248579e+00,2.000925028689443774e+00,1.995394003829683571e+00,1.983634084444047208e+00,1.979792117586148592e+00,1.988935204368793341e+00,1.999371125599729515e+00,1.978104545643281309e+00,1.978283997062018518e+00,2.021073791008716203e+00,1.989009040443522780e+00,2.001968675905013040e+00,1.982988915647006856e+00,1.993429521415123418e+00,1.993172151298899575e+00,1.980973879794169390e+00,1.988183278116658625e+00,1.981516606020369720e+00,1.991845164729330264e+00,2.017317044513331492e+00,1.982529052836691008e+00,1.994993936313709471e+00,1.969452831078531307e+00,1.998434516389741455e+00,1.976974536844661179e+00,2.005866639366955528e+00,1.997204535720424889e+00,1.981452470824435874e+00,1.987108577651905073e+00,1.976588799597304602e+00,1.979781327935931978e+00,1.994900471982906653e+00,1.978955970062619141e+00,1.988050016368716255e+00,2.005014329741363177e+00,1.974095202536160221e+00,1.990924558750853057e+00,1.965930418159770543e+00,1.991932465429305799e+00,2.005858103122910130e+00,1.973389841985297988e+00,1.989933764800204896e+00
1.857511414892957236e+00,1.846850706187925573e+00,1.859392779030473397e+00,1.852064855667880261e+00,1.867731789897389971e+00,1.872831031330783436e+00,1.880014323049054248e+00,1.837312652395175272e+00,1.847936508745049222e+00,1.855321180654715407e+00,1.866163509086810501e+00,1.864054704885911740e+00,1.871894013349662877e+00,1.863087693354640528e+00,1.879343335021540717e+00,1.870358419716735554e+00,1.872210960715446681e+00,1.862554800084081030e+00,1.855647079870255567e+00,1.864298662138922147e+00,1.837834286040766374e+00,1.870841706539863258e+00,1.858820397808226721e+00,1.873340847879694238e+00,1.867010860237682923e+00,1.888888956327556601e+00,1.861661153821738246e+00,1.874456726281269026e+00,1.856210107248852603e+00,1.853670223987048837e+00,1.880143411953520749e+00,1.875078851071281028e+00,1.881440268336578070e+00,1.866725852138003683e+00,1.860697028822444921e+00,1.854929220849114824e+00,1.880671573334377289e+00,1.848773015635638339e+00,1.855916848339207670e+00,1.872014918803638128e+00,1.849318324030401861e+00,1.849373983307555980e+00,1.860993158384853352e+00,1.854027476129347818e+00,1.863724443599192870e+00,1.868415821615536210e+00,1.856573655151781521e+00,1.856962794517712290e+00,1.887176144935435396e+00,1.847279889596177727e+00
1.730658226423414492e+00,1.743696049012145588e+00,1.746277565708381774e+00,1.740803830569585431e+00,1.730555792326213149e+00,1.747217774039057536e+00,1.752981967655432571e+00,1.729204033417636621e+00,1.727192570958080875e+00,1.751981230432447356e+00,1.737198820256983689e+00,1.734841673705296961e+00,1.743091165328856995e+00,1.754584495480121520e+00,1.753601860494474751e+00,1.719890278006801276e+00,1.714726633264849864e+00,1.731576993199755110e+00,1.726674947997554055e+00,1.731926299832531546e+00,1.733474621072860655e+00,1.740293909233912029e+00,1.757217385797360754e+00,1.733669862100156722e+00,1.727700646315747823e+00,1.749241955414784222e+00,1.727952335441784282e+00,1.759132661343503878e+00,1.723353764448510184e+00,1.737169473313316725e+00,1.734894413249887135e+00,1.755873586866931735e+00,1.740229312607151302e+00,1.731302526364294714e+00,1.719216084970454306e+00,1.740750881612642242e+00,1.737427306748763556e+00,1.731838234807963950e+00,1.728502023583760483e+00,1.712838630993524180e+00,1.755890377513985134e+00,1.765049763763079760e+00,1.720816326201773272e+00,1.731164940414285702e+00,1.726673463608783043e+00,1.737504969155116985e+00,1.721044730702401493e+00,1.738567003595273164e+00,1.737944862305662586e+00,1.738372010531226364e+00
1.613698398848544713e+00,1.639724648966776943e+00,1.621475714402757173e+00,1.603232253418193753e+00,1.607772354827801786e+00,1.610936548025190262e+00,1.606874667468741080e+00,1.628337771478485463e+00,1.602632703111199763e+00,1.612001194316737829e+00,1.614423012278033198e+00,1.633576283910032068e+00,1.604136492274478076e+00,1.582393149541781119e+00,1.623695610382647425e+00,1.617150018559577074e+00,1.614674981949450805e+00,1.636917553071873144e+00,1.609640953335496061e+00,1.629408875136939772e+00,1.613200442699727732e+00,1.606680201377703732e+00,1.611919572604223916e+00,1.598632628713024806e+00,1.606443769884004613e+00,1.608448293378328842e+00,1.618419065215782382e+00,1.628002853066104150e+00,1.600940022441843746e+00,1.609049022067060131e+00,1.635511064079583576e+00,1.620849265390986726e+00,1.628060369069572300e+00,1.634986004491522538e+00,1.629135517878089523e+00,1.601093910067944215e+00,1.617324654738929945e+00,1.621567651611528493e+00,1.614223146358443106e+00,1.588801623589057632e+00,1.609188582477635743e+00,1.599621705483317502e+00,1.599942900330897588e+00,1.582502576091788349e+00,1.623872330113432350e+00,1.596735300552588388e+00,1.602364246084555521e+00,1.613970171470817005e+00,1.624723357760225140e+00,1.616576524474164778e+00
1.486406612721732357e+00,1.485021433901565491e+00,1.487407420187584872e+00,1.488219157759517630e+00,1.494566609867204354e+00,1.481712196244409308e+00,1.472003169709454662e+00,1.467242296403184376e+00,1.473385491973030925e+00,1.488585641822427696e+00,1.509524658961183263e+00,1.488630933015046676e+00,1.485951352061752218e+00,1.473930427042242863e+00,1.490593928937197665e+00,1.477332972890581964e+00,1.469376847093090799e+00,1.495240146063342657e+00,1.483466574450130970e+00,1.486746153301954365e+00,1.497089400615494226e+00,1.479700399708805847e+00,1.481927947607685647e+00,1.485962690134770225e+00,1.509809342422050005e+00,1.533582084258404699e+00,1.498391724595264041e+00,1.494437764057798823e+00,1.488600212526655087e+00,1.481283314097307180e+00,1.481850638831190059e+00,1.512319882680104088e+00,1.497036262941678686e+00,1.471324792344470778e+00,1.490400116890555848e+00,1.499731606773230919e+00,1.525023022878322587e+00,1.488042291507874815e+00,1.495102194307765364e+00,1.491778380749139155e+00,1.491737512501177809e+00,1.490670538018221025e+00,1.473942907785905865e+00,1.491098842135635705e+00,1.490142125058632860e+00,1.492363467616281580e+00,1.487299151698604049e+00,1.507180122465762384e+00,1.485808654643751003e+00,1.478353572653745562e+00
