3.516376878731367128e+01,3.538125267086777370e+01,3.540787469920178410e+01,3.538532482626479947e+01,3.531687973303647965e+01,3.558306045150260388e+01,3.536334471386089717e+01,3.557859275341343874e+01,3.527003233913350755e+01,3.542531962599040440e+01,3.545602287365100835e+01,3.517925889528678596e+01,3.529637827376200221e+01,3.522177118713506161e+01,3.535425666530223054e+01,3.512532934944828611e+01,3.536879982022745850e+01,3.508102769684125377e+01,3.556082285955840661e+01,3.521451662999991328e+01,3.526105260793277552e+01,3.543680693104400348e+01,3.543625477461036155e+01,3.519092278945690566e+01,3.544531717642934154e+01,3.525418235967825353e+01,3.554774548290489378e+01,3.516758465453065696e+01,3.547059391505118242e+01,3.522748214645885412e+01,3.555226418858336501e+01,3.534593742754451995e+01,3.532713443493319971e+01,3.529139339616634885e+01,3.535696128668891447e+01,3.557120114739181105e+01,3.532022463099598752e+01,3.547174664395323163e+01,3.547057814958107969e+01,3.500473520666066918e+01,3.510676752513530374e+01,3.557009251176761921e+01,3.512427928797242771e+01,3.556586444643018297e+01,3.511074050903058463e+01,3.520986796799250840e+01,3.543840487937625028e+01,3.552767962870565555e+01,3.512842887416757520e+01,3.541531626255801513e+01
3.522342837103363422e+01,3.528789855168304257e+01,3.552631780193699740e+01,3.545453693783626647e+01,3.540546555836763787e+01,3.553373712561034381e+01,3.531370726315383735e+01,3.529437002944834489e+01,3.495694497928904099e+01,3.515255734807678323e+01,3.505938892388366668e+01,3.517366663849891495e+01,3.557129915877241899e+01,3.534195169212469523e+01,3.527726682760294352e+01,3.544890480445585013e+01,3.552511686629370757e+01,3.539779760889204852e+01,3.547248751947233814e+01,3.517835279107127633e+01,3.558076204959211708e+01,3.528993460659804526e+01,3.533833043946245311e+01,3.531116168721365511e+01,3.552603397169846744e+01,3.478739027454300725e+01,3.516415786205752880e+01,3.531481902617773727e+01,3.538970316848052278e+01,3.509085078505822963e+01,3.556672701689073790e+01,3.541031110877408139e+01,3.524008706565458482e+01,3.519273749713082822e+01,3.521915416181214908e+01,3.544096099663735799e+01,3.558497543018822995e+01,3.550756751982722648e+01,3.525243419749363483e+01,3.533975937337242357e+01,3.508180473023841017e+01,3.547878229752110002e+01,3.530892940838933214e+01,3.551834857429467007e+01,3.551347722694578124e+01,3.527438540160986946e+01,3.511058182990966969e+01,3.583568518533773783e+01,3.533086817438507410e+01,3.565374625218061055e+01
3.524237103834636997e+01,3.506727961323635157e+01,3.490293686614109703e+01,3.556850338959281999e+01,3.540008737054876065e+01,3.496110743618098127e+01,3.528698661088827038e+01,3.531212437655496217e+01,3.538943032867751981e+01,3.546057210773501822e+01,3.527641710755221993e+01,3.512732806863099455e+01,3.526187219795736638e+01,3.540814498944935451e+01,3.497539940926981927e+01,3.502077877096721181e+01,3.504784640988411581e+01,3.538920588450622517e+01,3.517922565265051560e+01,3.543670955178474458e+01,3.520681598626111963e+01,3.540748011452534882e+01,3.518338394878843189e+01,3.500544333877470393e+01,3.556363709659545691e+01,3.529243805019361702e+01,3.504210759291363786e+01,3.539009703607295876e+01,3.539328329315591048e+01,3.538996471893307927e+01,3.537365441869069826e+01,3.555309841791579117e+01,3.510672436701951682e+01,3.524660456637801076e+01,3.552973682914555553e+01,3.517492490264364591e+01,3.513118363234312369e+01,3.514721058275384991e+01,3.534882654718688144e+01,3.513437327277843281e+01,3.556875933245761701e+01,3.519860072353467473e+01,3.524104414449673328e+01,3.533598793087997336e+01,3.535761321936502100e+01,3.525297973497897175e+01,3.548517331113973228e+01,3.551496426705841003e+01,3.511594970128584237e+01,3.533566898205808826e+01
3.510831834484876879e+01,3.495727181881136403e+01,3.534514117591547233e+01,3.543988748217076079e+01,3.523184012724701120e+01,3.509690512150336161e+01,3.491944484108777402e+01,3.507307071438375345e+01,3.526513827273448243e+01,3.462776858020662729e+01,3.525981578415731121e+01,3.522329147068325028e+01,3.513646075127690693e+01,3.502493785965221917e+01,3.505702697996571970e+01,3.497765738463742480e+01,3.480021000047591428e+01,3.525025620483513222e+01,3.552660169731179707e+01,3.516627511493798863e+01,3.534432781415745239e+01,3.526577708189636695e+01,3.484989169525789521e+01,3.548954369204443537e+01,3.534593500108994135e+01,3.528905512587277826e+01,3.520941769865704885e+01,3.542957993074243461e+01,3.538985147067224091e+01,3.538338666117527254e+01,3.551329343502286662e+01,3.522960940493481274e+01,3.499522942395995528e+01,3.546588508223938874e+01,3.563046191577968358e+01,3.518917985502342560e+01,3.512518163721814801e+01,3.521160871520332591e+01,3.528110492969273082e+01,3.522981318418791830e+01,3.501051842593361130e+01,3.496927727548127507e+01,3.552012545371862018e+01,3.515811724753409351e+01,3.503495257439450938e+01,3.524314429933998127e+01,3.515131096194650695e+01,3.521473724142818895e+01,3.511271936054261289e+01,3.487690629625495120e+01
3.500648274901874402e+01,3.507341254369559636e+01,3.518318387809350867e+01,3.543092605658777217e+01,3.505947560657075712e+01,3.526243970002055761e+01,3.552298786852724533e+01,3.502274235084884424e+01,3.542839405503546146e+01,3.496724152600735636e+01,3.523283512620864855e+01,3.508086228692339859e+01,3.509570983149907875e+01,3.462351570743044959e+01,3.530682551117086376e+01,3.502986279919939960e+01,3.536210368397939874e+01,3.506839235181775649e+01,3.497137260361500921e+01,3.531563884607768244e+01,3.519411335453132494e+01,3.533829399859159537e+01,3.493881513401421302e+01,3.516216311248076920e+01,3.516439240858513671e+01,3.533978951645575250e+01,3.493610410035890368e+01,3.521147598155750558e+01,3.498415160130853963e+01,3.470516467675376759e+01,3.547299938887532278e+01,3.481645031150559078e+01,3.527828155901193696e+01,3.507177131463511444e+01,3.509812259180312566e+01,3.474550671720771788e+01,3.510981935423653510e+01,3.501432520607011867e+01,3.492647928925512701e+01,3.535138332791165539e+01,3.488860886272043871e+01,3.507625685495440138e+01,3.492812440713387190e+01,3.510171996074215883e+01,3.538762503377238744e+01,3.492756173938781927e+01,3.485877482668298910e+01,3.507072433104976028e+01,3.545466543327186315e+01,3.523862624173695224e+01
3.506450626637787593e+01,3.476715769186380101e+01,3.490857470456140987e+01,3.497855345846326003e+01,3.500336376577904929e+01,3.489147040343076611e+01,3.495404930767814733e+01,3.485457837041399642e+01,3.527570559587280741e+01,3.479322883872528394e+01,3.512630632777852924e+01,3.501120610459686588e+01,3.498590330780582747e+01,3.472425105067832618e+01,3.492140483086069480e+01,3.514119118052200008e+01,3.484129532583746425e+01,3.460422951977458439e+01,3.487367125798599687e+01,3.508771248619727601e+01,3.471923471391827576e+01,3.486585212036072789e+01,3.514130038810888124e+01,3.498572034598112168e+01,3.492957140259628090e+01,3.478223474908669033e+01,3.495635425349073699e+01,3.498060077257582634e+01,3.529623875836343672e+01,3.494651967133651027e+01,3.486865217835411102e+01,3.515460278839667296e+01,3.515199584821890966e+01,3.485369480093337557e+01,3.491623951242733170e+01,3.468430009767638467e+01,3.505974825347539081e+01,3.510320893627889660e+01,3.490649082357017363e+01,3.487371474322495857e+01,3.477180032386528552e+01,3.463213970086977866e+01,3.472912139878349080e+01,3.507703794015807119e+01,3.520868323155554691e+01,3.522079128791452973e+01,3.490285669374258504e+01,3.491735755394319085e+01,3.507566658954519312e+01,3.470250682242458851e+01
3.500485017230700180e+01,3.448908040582212209e+01,3.471124358881285588e+01,3.483314094674301487e+01,3.481589584740768828e+01,3.508425093635035807e+01,3.483169432393149378e+01,3.529701801782191239e+01,3.448197187354659121e+01,3.507956811613932757e+01,3.503846494289928870e+01,3.493066903529246048e+01,3.465809209913243905e+01,3.466700482472091949e+01,3.521886031826151253e+01,3.464911667835221465e+01,3.501153576277185664e+01,3.484245134249122344e+01,3.479992045800548794e+01,3.511281883631053802e+01,3.501261864765010046e+01,3.487656831433389470e+01,3.499900571641746438e+01,3.484040043562067979e+01,3.478698397449000623e+01,3.465308861117445360e+01,3.479401953215264598e+01,3.481432854197386462e+01,3.458685890032501220e+01,3.500221242041327940e+01,3.473771789722306380e+01,3.471002831453917281e+01,3.473629249881515335e+01,3.468912653854949468e+01,3.475616003486879180e+01,3.492910518950894527e+01,3.489266803137957140e+01,3.451231259468498536e+01,3.452327985384635411e+01,3.462119193563465558e+01,3.497242605815199568e+01,3.498640188479868840e+01,3.463185530142352064e+01,3.477191716468187366e+01,3.493090143228901923e+01,3.476334879901428820e+01,3.467980887807616597e+01,3.496642665924164817e+01,3.472606258162290516e+01,3.453603765805618764e+01
3.485106858467855062e+01,3.459893582080211161e+01,3.463860068449827168e+01,3.464510521555297373e+01,3.436231414467018652e+01,3.432554087287871170e+01,3.477557704085059953e+01,3.485011421873240778e+01,3.491451940932392262e+01,3.432426111248165057e+01,3.477162545625959211e+01,3.450883274123174971e+01,3.476881263697503499e+01,3.444437873197649935e+01,3.451399624841362623e+01,3.487528956637590483e+01,3.422733770641096385e+01,3.439264223831842315e+01,3.474129841306622524e+01,3.478375699389349762e+01,3.485242016445496915e+01,3.474042873425222666e+01,3.451912891908233405e+01,3.459845979470733823e+01,3.478296797124836814e+01,3.466659294279710224e+01,3.488741437254365962e+01,3.462658176043970570e+01,3.482542858889083703e+01,3.507695049283105249e+01,3.447659140392172361e+01,3.478972239219591955e+01,3.447305549983918382e+01,3.414995543891951257e+01,3.433150580358557846e+01,3.487865918479027982e+01,3.491919768185882589e+01,3.485614026756240946e+01,3.449004711464009176e+01,3.420943337832770226e+01,3.508573810014063099e+01,3.463983730885926349e+01,3.494569865080474358e+01,3.477673093312987618e+01,3.457839366661480796e+01,3.455546010048216488e+01,3.482300710131283239e+01,3.451288027368226352e+01,3.437704462107058845e+01,3.459254342017927542e+01
3.434810448802065252e+01,3.436909472604819626e+01,3.449707700963900692e+01,3.426572225644788006e+01,3.455216007927466393e+01,3.437619912431877367e+01,3.456419750244861433e+01,3.435879210350295665e+01,3.447529922212225273e+01,3.413052009477079451e+01,3.433165553030005412e+01,3.448255164537452799e+01,3.445816614701114844e+01,3.415196375231987247e+01,3.426635339696914428e+01,3.459081814140707678e+01,3.436213064288606489e+01,3.409978903731965971e+01,3.423496922249550067e+01,3.454818588005795732e+01,3.403783958582838665e+01,3.451837486343202244e+01,3.444782657392784841e+01,3.406365922355981013e+01,3.424666202337989063e+01,3.474622563880647164e+01,3.453079589309921715e+01,3.425735625418111852e+01,3.451011724496597566e+01,3.406789056316147679e+01,3.460284053969800055e+01,3.456213996715162295e+01,3.408543898520883175e+01,3.424283908623218764e+01,3.417283807636182758e+01,3.452506945487809986e+01,3.426111826680114802e+01,3.447675987679085807e+01,3.431754586652243688e+01,3.460627463628880207e+01,3.435051925036274412e+01,3.465369550840519253e+01,3.421834994406006558e+01,3.415157247121260298e+01,3.454471593298157472e+01,3.444407976741825905e+01,3.412493478932651669e+01,3.434350191099743910e+01,3.465404899127444338e+01,3.409578260228650493e+01
3.412854524276080781e+01,3.447203630346950831e+01,3.408739370032895977e+01,3.376923350740879926e+01,3.394005972485147282e+01,3.419672612667465472e+01,3.417101775285853904e+01,3.451947790625640522e+01,3.378058375337997177e+01,3.496265269820933241e+01,3.438130458371428233e+01,3.393186602215656933e+01,3.402507439769354392e+01,3.424697412938343888e+01,3.392791549839402876e+01,3.391819217958066446e+01,3.405632178127473253e+01,3.407373212651393146e+01,3.415737313748797988e+01,3.420455115488059761e+01,3.414833636718178411e+01,3.402539582364875770e+01,3.399641877684598512e+01,3.418866740449245611e+01,3.397826699291328367e+01,3.394352404040829896e+01,3.453536681322977131e+01,3.401250735393325897e+01,3.402247648994563178e+01,3.432024377262052894e+01,3.414094281034194722e+01,3.406477834436584118e+01,3.423480289494293061e+01,3.391110078955911433e+01,3.417831574284348761e+01,3.405367587777216443e+01,3.428175676428698893e+01,3.422937665674268004e+01,3.434315121920584346e+01,3.416101180422981543e+01,3.425569298251381412e+01,3.398708945301487461e+01,3.395015295759869645e+01,3.404999997645052900e+01,3.425822372734957355e+01,3.441899073734924741e+01,3.419859107037743229e+01,3.424371054281336058e+01,3.434793026955726702e+01,3.421655171859054434e+01
3.415790732456869705e+01,3.411369084040174471e+01,3.388480199006540516e+01,3.388764156274303474e+01,3.408556689979492660e+01,3.386817829812936509e+01,3.348932092177486197e+01,3.386929905788814210e+01,3.389229738686732674e+01,3.371104208354648790e+01,3.427683874477065018e+01,3.364150798950539922e+01,3.383308214751001941e+01,3.359355259225203127e+01,3.397309247357976147e+01,3.372583541126011397e+01,3.400884647489899493e+01,3.415640460829950342e+01,3.398927254659837160e+01,3.382309832963697716e+01,3.399637262918698610e+01,3.371729313373543846e+01,3.391370796380467567e+01,3.389716306441441418e+01,3.402321727727322553e+01,3.413683050438282152e+01,3.406604651684612151e+01,3.374792584738567314e+01,3.391383111468670108e+01,3.391725654143372282e+01,3.388393127151761064e+01,3.411589841180327198e+01,3.379170299014545265e+01,3.364476527691692809e+01,3.411910993519256152e+01,3.380767333652266160e+01,3.375469266895349563e+01,3.350671628539129188e+01,3.387860908394420534e+01,3.394582265415555611e+01,3.388725028532712003e+01,3.388071432533836713e+01,3.372319572521631414e+01,3.390943889382256771e+01,3.380997046445052234e+01,3.368273955411983422e+01,3.411339806985431267e+01,3.395783510245562553e+01,3.377959139694564783e+01,3.414683231491734006e+01
3.370792553755620702e+01,3.353802833751363011e+01,3.334607976016597775e+01,3.369049531415362253e+01,3.390142760646546805e+01,3.330139654733798693e+01,3.360123115348170586e+01,3.346206304818851152e+01,3.359327648895894924e+01,3.378173833863817777e+01,3.340213176779646176e+01,3.355036446382334958e+01,3.367941746979554551e+01,3.360266159293684041e+01,3.346696482493080538e+01,3.367536340343873036e+01,3.339838171303949110e+01,3.353837467850861742e+01,3.392096153202366793e+01,3.388574903708843777e+01,3.365975501079365984e+01,3.319982987192088331e+01,3.348186686674790735e+01,3.367041840530990982e+01,3.366110898651837857e+01,3.352084145066550747e+01,3.397006808711331871e+01,3.355135269048616209e+01,3.370527545896778321e+01,3.341347873714207140e+01,3.358884266606197144e+01,3.358708860787107398e+01,3.375640393681875651e+01,3.349530278705657338e+01,3.360107730134336634e+01,3.376361749947939472e+01,3.366315763366770852e+01,3.335105964677931922e+01,3.358781427772348849e+01,3.364662168944997234e+01,3.372534277790401092e+01,3.353297393587484265e+01,3.361814436263501449e+01,3.343303743967288000e+01,3.361103327618545222e+01,3.353184069267957312e+01,3.353049647644045450e+01,3.370486645695550720e+01,3.347703955952794530e+01,3.382406954952113409e+01
3.336768564403116955e+01,3.301971901936956044e+01,3.302460122163194711e+01,3.303209355043452433e+01,3.301856374281602768e+01,3.356522240033819315e+01,3.342791630970049965e+01,3.351729047575889808e+01,3.352356914984903824e+01,3.347893084584361389e+01,3.313493175239018740e+01,3.341593265212456743e+01,3.336556718556787615e+01,3.335466323718379300e+01,3.338117630260098423e+01,3.328089962183042871e+01,3.334642061216295161e+01,3.362115218393806515e+01,3.304484503541695517e+01,3.321294944660246529e+01,3.339676215530129610e+01,3.327356580935552444e+01,3.319023273388274475e+01,3.337333989088948272e+01,3.315104590773341897e+01,3.324087171089725956e+01,3.307105266946764033e+01,3.321340783698750698e+01,3.278972225793555850e+01,3.336145847214211102e+01,3.343768012507035792e+01,3.353771934432994328e+01,3.333374900351623893e+01,3.346055053099173193e+01,3.315201484418305000e+01,3.376093733485365789e+01,3.342180395626315459e+01,3.358732856064390404e+01,3.317544166782395365e+01,3.363000835905191366e+01,3.312484643163033127e+01,3.321772234337376517e+01,3.314442475424213086e+01,3.295175149329677566e+01,3.311793708038727857e+01,3.341104645696249520e+01,3.328017922151189367e+01,3.366243738669498242e+01,3.343230920502391967e+01,3.330036501133479732e+01
3.307970261208614460e+01,3.297212990607235383e+01,3.299907320735827199e+01,3.288127771530804466e+01,3.267431776267346066e+01,3.275244239781030586e+01,3.326830517669347387e+01,3.286520053099909688e+01,3.285734477997382186e+01,3.265188416558025608e+01,3.290639512488884577e+01,3.313185615837758036e+01,3.310586819590174201e+01,3.266168910976027462e+01,3.331699684262688521e+01,3.268704316125032250e+01,3.316075857539510707e+01,3.276502287987128881e+01,3.323385918792047278e+01,3.289240603136717311e+01,3.313754830250990580e+01,3.295953525991384225e+01,3.271508018916401994e+01,3.280771834309210533e+01,3.296343008295637844e+01,3.339788983291447266e+01,3.297411937359076717e+01,3.333695335400707904e+01,3.295771295554645519e+01,3.327222611072375713e+01,3.275518436218076346e+01,3.284837980747982300e+01,3.257222883499941446e+01,3.283717633377211342e+01,3.273289452599770755e+01,3.296023073095415157e+01,3.275653973349302106e+01,3.318197847064257644e+01,3.277542468238078044e+01,3.277362581168514311e+01,3.331036220023861461e+01,3.290083609260614850e+01,3.306533592563938129e+01,3.290688338892732645e+01,3.269695550286783003e+01,3.310480406314074031e+01,3.299053479893122187e+01,3.295438603203920280e+01,3.316952233533910999e+01,3.286169653800531165e+01
3.281364071569147711e+01,3.243123646730379761e+01,3.261326232976306017e+01,3.271869293397912770e+01,3.265846417622726960e+01,3.227456406113312681e+01,3.236339577078592100e+01,3.265753536966557391e+01,3.251887636952530869e+01,3.250346756293962613e+01,3.264207412275498399e+01,3.271294126709011607e+01,3.247074640465249473e+01,3.240839110879396401e+01,3.249305178392579307e+01,3.267616403350176313e+01,3.266937459616112704e+01,3.226777386061983321e+01,3.260357216905585176e+01,3.250451016194428178e+01,3.249859209138990934e+01,3.241943535572137591e+01,3.255195868702893591e+01,3.279933954529926865e+01,3.264411787756920091e+01,3.278125358468643924e+01,3.276888254139512924e+01,3.242281222414775499e+01,3.255701734171685757e+01,3.277811542204969442e+01,3.264355962948538092e+01,3.248043655890825931e+01,3.242996378610260422e+01,3.264838973357441887e+01,3.257955249954699184e+01,3.258314452724791721e+01,3.289947550580633617e+01,3.251230414385503309e+01,3.263702061196160997e+01,3.258695830378741931e+01,3.254598101194380178e+01,3.234053455026784007e+01,3.291216516891918786e+01,3.280403844950777170e+01,3.241283719603368496e+01,3.239003064206242044e+01,3.300300161924310771e+01,3.258725857231599576e+01,3.264315127540317718e+01,3.261794096755618000e+01
3.230576945476754958e+01,3.212451310912370417e+01,3.230104541694428377e+01,3.238749352602329168e+01,3.202581768137850560e+01,3.230783524524642303e+01,3.248232018528865694e+01,3.225628144688415233e+01,3.244787655067288767e+01,3.222554571276707946e+01,3.202862280032761078e+01,3.202053350496654360e+01,3.220685305207077676e+01,3.204867613489080469e+01,3.234112813826226329e+01,3.229797696518657091e+01,3.199977267982310281e+01,3.232965505508786919e+01,3.186343787515954773e+01,3.211319722659908393e+01,3.180642014219183622e+01,3.225008658794943273e+01,3.222848828218187833e+01,3.217727476217284988e+01,3.226937117075097206e+01,3.223141931966608098e+01,3.175151392765553737e+01,3.206397496511676337e+01,3.220370501546678810e+01,3.192309517930742402e+01,3.230258626829137114e+01,3.199296485237820775e+01,3.212818989191401897e+01,3.231805598082413411e+01,3.225044754542884107e+01,3.191175809758148674e+01,3.231032474780170816e+01,3.222645962561155386e+01,3.210881422061637380e+01,3.231588551897961281e+01,3.187650982718880499e+01,3.201404078124051011e+01,3.217904418171956138e+01,3.235475416300604223e+01,3.209176521808696947e+01,3.191277514545838656e+01,3.197247477244297897e+01,3.190121868242087899e+01,3.213065980581373537e+01,3.204072073054312852e+01
3.164374449051357985e+01,3.171091792962783273e+01,3.165055880462161397e+01,3.143086577983181584e+01,3.163003505398189930e+01,3.175643997611930303e+01,3.186423161034494811e+01,3.156573787897569972e+01,3.196640300413812597e+01,3.172338789234520817e+01,3.183680386499079518e+01,3.197680830256288687e+01,3.173708975820580491e+01,3.179320441638815353e+01,3.174612202169713271e+01,3.168830687256680889e+01,3.182922045294202107e+01,3.180219420073390779e+01,3.158954561145041140e+01,3.173835864886555314e+01,3.175918914709768615e+01,3.183681993130193888e+01,3.162877837645354617e+01,3.203041153191052359e+01,3.190708184870529251e+01,3.144546719119364653e+01,3.172585842523230326e+01,3.145686200445815217e+01,3.187518945771218881e+01,3.150119484645058776e+01,3.168914015609612278e+01,3.169119878187711237e+01,3.151779907000242531e+01,3.171500392562252557e+01,3.195890314882436911e+01,3.191500163799794265e+01,3.165460442538633856e+01,3.163750587042925488e+01,3.159808617964474564e+01,3.190911917468867287e+01,3.213194123778946221e+01,3.206005449884165159e+01,3.176443454704090996e+01,3.174296251136575719e+01,3.173248756369912726e+01,3.162630783231865905e+01,3.169190790196170582e+01,3.183757158659720687e+01,3.149386701467121696e+01,3.166643042684688325e+01
3.140536266532503618e+01,3.139364780842575442e+01,3.134046800845339575e+01,3.119732210888534851e+01,3.133134860738592309e+01,3.134450864673336312e+01,3.117741769216944192e+01,3.145436405980242611e+01,3.117801213229590473e+01,3.121963613852098263e+01,3.120534763743404483e+01,3.146719341991807539e+01,3.154948655018097980e+01,3.152043694576700972e+01,3.131822589311169480e+01,3.124768188684254966e+01,3.138791167935194437e+01,3.138537435778689755e+01,3.181785951512717503e+01,3.176507747792426883e+01,3.131189046564101730e+01,3.144757701656664040e+01,3.117226404906811865e+01,3.113971555936997859e+01,3.150774534143470262e+01,3.135192409768774269e+01,3.156095336847099375e+01,3.172999427242528725e+01,3.146188080414819055e+01,3.123050110338467888e+01,3.091422528567555972e+01,3.175021129666376396e+01,3.131776353742750629e+01,3.108716850628130501e+01,3.126768195305718834e+01,3.105540544634952127e+01,3.113962467510841492e+01,3.124631626302311105e+01,3.148791400543474595e+01,3.136719587666518549e+01,3.118286168856688079e+01,3.141675264770299236e+01,3.108512824144580833e+01,3.156534457668563576e+01,3.133868235878532005e+01,3.132297223843228906e+01,3.160467470393872702e+01,3.113167657781378850e+01,3.138939722772031260e+01,3.147844179285560884e+01
3.085740200518711873e+01,3.096470472661943418e+01,3.091237835223805419e+01,3.076271538702905062e+01,3.074766667794255781e+01,3.104571070054045734e+01,3.084526921421366907e+01,3.051221355329411367e+01,3.116419058422606980e+01,3.109578081183450493e+01,3.070695595843790926e+01,3.088474642623349808e+01,3.101363860101473335e+01,3.074387828759902774e+01,3.100671788195570855e+01,3.069142777159265734e+01,3.068338138783963487e+01,3.077071657402634131e+01,3.111526962399468133e+01,3.104789340420861521e+01,3.086544259682678870e+01,3.101279169805725644e+01,3.084256412180844009e+01,3.075912788102257878e+01,3.046775346052248068e+01,3.088362031719775658e+01,3.094284862540026282e+01,3.095782735746149328e+01,3.093377263001937649e+01,3.078209287898803836e+01,3.079595344280429003e+01,3.102367544583287184e+01,3.085400417440789766e+01,3.112585931633256564e+01,3.051450958441743921e+01,3.069906027671237680e+01,3.053238658028756447e+01,3.079755182909211442e+01,3.082994196910362206e+01,3.073586802192264500e+01,3.093535026280424205e+01,3.105818566550831150e+01,3.083303789414853924e+01,3.090116347173545819e+01,3.102070494009067758e+01,3.109733090409698519e+01,3.075086972043303390e+01,3.069123811388316270e+01,3.090809153008727250e+01,3.104400141418804182e+01
3.045997618898504911e+01,3.042530585751793026e+01,3.029477253091692646e+01,3.030717668022726130e+01,3.048980084330604257e+01,3.051117373922948772e+01,3.032208076155164278e+01,3.042448898264393620e+01,3.046391087564329681e+01,3.038902150549642656e+01,3.030533161168919065e+01,3.027241450849414406e+01,3.043115376427761021e+01,3.025190980714245725e+01,3.038874916452227026e+01,3.030980651810936877e+01,3.050537219311782877e+01,3.014790123066588379e+01,3.058358679531992408e+01,3.033469179881945976e+01,3.039758458837987476e+01,3.021221234110306852e+01,3.034113863712629922e+01,3.035637461909606571e+01,3.011046809817053926e+01,3.045784039694415313e+01,3.033097801428273499e+01,3.045368431113205787e+01,3.029040256850246138e+01,3.036674004513529823e+01,3.043176179376184720e+01,3.024811471081548220e+01,3.064187825816518895e+01,3.017532234033789607e+01,3.046029816303964566e+01,3.028002879773791278e+01,3.064619701441342769e+01,3.020988736876562086e+01,3.043588676534278292e+01,3.067240679021357508e+01,3.034419842460970784e+01,3.077042307651806752e+01,3.020125992758519473e+01,3.012382126970433660e+01,3.033155460508698553e+01,3.008231592763436879e+01,3.045859733614252107e+01,3.030379801436946252e+01,3.045724209820382455e+01,3.040817840064390154e+01
2.973256512791113337e+01,2.989510915346133402e+01,3.000323252347167013e+01,2.982853958382232307e+01,2.990892563946156457e+01,2.973002172121400477e+01,2.951880955048107680e+01,2.985075463997123180e+01,3.011624758754132358e+01,2.982412389359936711e+01,2.992260614662138707e+01,2.985333694751033917e+01,2.983079761790102324e+01,3.005107167301527937e+01,3.005507215816873057e+01,2.993484318015354972e+01,3.013284751589180743e+01,2.944853501358108261e+01,2.971091635477846182e+01,2.993021277001738412e+01,2.997825603850218101e+01,2.938306388105254641e+01,2.974567056187061809e+01,3.020626031935124800e+01,2.976094871338242953e+01,3.020970284645605020e+01,3.002062827999204941e+01,2.978412747688147988e+01,2.992520103825714983e+01,2.945371731698120499e+01,2.983652639322698619e+01,2.993292825543692004e+01,3.005683880587453061e+01,2.985096967920208400e+01,3.011149890589899769e+01,3.007029149014943670e+01,2.969572173714610486e+01,3.012990876135440033e+01,2.985700418101422571e+01,2.976087562265552577e+01,2.988950810243542122e+01,2.981311106078486617e+01,2.994176086111457380e+01,2.983530335904808339e+01,2.991462387670719991e+01,2.977544505910332973e+01,3.006233804161897183e+01,2.993071517592073150e+01,3.005511927149679252e+01,3.026090230654252622e+01
2.944144796900556926e+01,2.929469307063293471e+01,2.953406894193466314e+01,2.924504362642489141e+01,2.915049162538596406e+01,2.930663561496772473e+01,2.916051201972672047e+01,2.936263114896421911e+01,2.937767926151565234e+01,2.935870238996279014e+01,2.919942163171232252e+01,2.927677365198901782e+01,2.897576750301547577e+01,2.935267763916697348e+01,2.927402698744070975e+01,2.934617346795920056e+01,2.947014679625196365e+01,2.881586636859834627e+01,2.913943954330120434e+01,2.916854821726476388e+01,2.932807873403655563e+01,2.955429646079320705e+01,2.949415647353335501e+01,2.907878170002927121e+01,2.954505581824991722e+01,2.930624126506492999e+01,2.932982597322899210e+01,2.917683059288555114e+01,2.942291625202986793e+01,2.960346346317378519e+01,2.941775362376333192e+01,2.920754378731996681e+01,2.932669961189974828e+01,2.929064396370868906e+01,2.896594790007453923e+01,2.925439428715772650e+01,2.972966831624204431e+01,2.942489253579383757e+01,2.951084333443775876e+01,2.968148427266558542e+01,2.950439615404572891e+01,2.961423560592864490e+01,2.957909516705793607e+01,2.911658050082449734e+01,2.942843908607931880e+01,2.926050630205008929e+01,2.920287641800806000e+01,2.937617164295683025e+01,2.913639208254895863e+01,2.939931543464443919e+01
2.868622713079880171e+01,2.878874390897494351e+01,2.884194737830728528e+01,2.869783117996205846e+01,2.889079216700659103e+01,2.894403528658890323e+01,2.870187281725740647e+01,2.897395314223835783e+01,2.849318099996340692e+01,2.862991159777707040e+01,2.829227024524093892e+01,2.898108738542163465e+01,2.895582786268555608e+01,2.892683746029955927e+01,2.873539334825476033e+01,2.899080505474393021e+01,2.872760564903792257e+01,2.872733089320560040e+01,2.873806784037077477e+01,2.878606964230923992e+01,2.885399568601301468e+01,2.850925373512361816e+01,2.894355740069498140e+01,2.858602420650783316e+01,2.901210187388365114e+01,2.875430798106356178e+01,2.890324947497127894e+01,2.888035492368818424e+01,2.900656266351953150e+01,2.902324723401176598e+01,2.876919462690426599e+01,2.890345648944200718e+01,2.879165114425839178e+01,2.890172238489177303e+01,2.848555815325608975e+01,2.912560318770654533e+01,2.896366763603965566e+01,2.874888474108363923e+01,2.887482745080972180e+01,2.868306524648187761e+01,2.900565683150206908e+01,2.905033422531180065e+01,2.868202503460200248e+01,2.864264786856069023e+01,2.864300517659560441e+01,2.877123032409322434e+01,2.874051094247748139e+01,2.853975269234658541e+01,2.877610427508868440e+01,2.896686102563552367e+01
2.818233704473828993e+01,2.795621152370581086e+01,2.806328770980536902e+01,2.814361018758038568e+01,2.826642472053865518e+01,2.811698648132271217e+01,2.821159877679833627e+01,2.843874410676266251e+01,2.836350135419320040e+01,2.825317966945981141e+01,2.810922366405936756e+01,2.827560731220469137e+01,2.815261711732549088e+01,2.805178070718399397e+01,2.844181428717224946e+01,2.801070434061609049e+01,2.805237133876764233e+01,2.808164545286503255e+01,2.783601810494926099e+01,2.819347490884808494e+01,2.796467984422608666e+01,2.841959443493396620e+01,2.826739503852937574e+01,2.798271187341427080e+01,2.804575413117362714e+01,2.805721788845347575e+01,2.843282906116284181e+01,2.841069570154166968e+01,2.822099029465410780e+01,2.795353164467761076e+01,2.844031849761934083e+01,2.800229760270568846e+01,2.820217524866365366e+01,2.797288570554426101e+01,2.802159582355387712e+01,2.763851522922447401e+01,2.803521680213392386e+01,2.827865977163840583e+01,2.828629077539898873e+01,2.840152684277618533e+01,2.819351545184624186e+01,2.817655043131123449e+01,2.803019281958043152e+01,2.810206777999561112e+01,2.818680857128419248e+01,2.835088989595032061e+01,2.815630750024006801e+01,2.857861424198348033e+01,2.791623281239848353e+01,2.824309910036848237e+01
2.741777817296253517e+01,2.754985797665380431e+01,2.744782536901850278e+01,2.765917453271154258e+01,2.778099738987103606e+01,2.752690899823443260e+01,2.727433918502236665e+01,2.767555635949211990e+01,2.755083425909305106e+01,2.764509606193761115e+01,2.766416477495041804e+01,2.715382999330611469e+01,2.759597997862510255e+01,2.782595742289777974e+01,2.753184590757816963e+01,2.752777289892669543e+01,2.763127120515167690e+01,2.738434082828091576e+01,2.744761464746880364e+01,2.743894328748170608e+01,2.807573078645858189e+01,2.755270396732859339e+01,2.748106197732635181e+01,2.743131441597889264e+01,2.735342722309238894e+01,2.752990294967776563e+01,2.746636634790145592e+01,2.742209012900400111e+01,2.759638925018425937e+01,2.758940477429788274e+01,2.793896767378056367e+01,2.784236773805880460e+01,2.738344326055325340e+01,2.734785458248989087e+01,2.772009141951201983e+01,2.763389080051653224e+01,2.764564752690776217e+01,2.765904407608992344e+01,2.769400521063014864e+01,2.745518116947644671e+01,2.744805592484986789e+01,2.747501056692211563e+01,2.745571572873312505e+01,2.756316111788225598e+01,2.773744461922037985e+01,2.775441448573042180e+01,2.759313823290961309e+01,2.738390511588335841e+01,2.780208742212886364e+01,2.767381573593428357e+01
2.715300359583939027e+01,2.700492096049603674e+01,2.691107346230680264e+01,2.657996692920400150e+01,2.703917419010267054e+01,2.676710681036194472e+01,2.671858892244659600e+01,2.671871116511186628e+01,2.730217764859501628e+01,2.676132222874036870e+01,2.692508824357369335e+01,2.700325088443108967e+01,2.688544329182638748e+01,2.703436429000895913e+01,2.690596155322191052e+01,2.707636992524106390e+01,2.687224327711791005e+01,2.704001368311940823e+01,2.709528013468332119e+01,2.708612183276225949e+01,2.681779320813875245e+01,2.732944539845052390e+01,2.685464253176010985e+01,2.766912979320912314e+01,2.696474259133768570e+01,2.670757345491672652e+01,2.695051603571745602e+01,2.720374523560160540e+01,2.695281773088622757e+01,2.693410636806090608e+01,2.673030516749306074e+01,2.690314290008616283e+01,2.700591822590255120e+01,2.674730493256974029e+01,2.673768264781891091e+01,2.675952789431711665e+01,2.707009372676133552e+01,2.683421301880231624e+01,2.695408760462179387e+01,2.689783844006843339e+01,2.672167066205371455e+01,2.695422002614140666e+01,2.666671698746028696e+01,2.709183513405288224e+01,2.701075306909784857e+01,2.729562086016851197e+01,2.691631792205822293e+01,2.685605320055148582e+01,2.659762802348155830e+01,2.726983113019677774e+01
2.627326157090615411e+01,2.624251439011635512e+01,2.657595861866952092e+01,2.634523380356296585e+01,2.630410358157260831e+01,2.619328131145178062e+01,2.629909912049635778e+01,2.658416719657249061e+01,2.625497152953583679e+01,2.613882802764629432e+01,2.618691879409559320e+01,2.639405161669601085e+01,2.635553572098350728e+01,2.613477280580317696e+01,2.671482727768441023e+01,2.631869192624091625e+01,2.648950944558328402e+01,2.639010962677176764e+01,2.640944912197942784e+01,2.637959312935201694e+01,2.633809344303115907e+01,2.657966007849656265e+01,2.628072717515444268e+01,2.653926909174083804e+01,2.614657144296607427e+01,2.632024971414771031e+01,2.651009954458623952e+01,2.621561612240843075e+01,2.641052706234536274e+01,2.643794659756342824e+01,2.606817971991397087e+01,2.644391726713703505e+01,2.632064296045802365e+01,2.636386381061880613e+01,2.626570722760476073e+01,2.615518158572832519e+01,2.649964207493094293e+01,2.622228679042001431e+01,2.630614974092157254e+01,2.633867680105938902e+01,2.644805644173110082e+01,2.664866260421123556e+01,2.616533700134664997e+01,2.605002076546416134e+01,2.648061576518064797e+01,2.646425293260606537e+01,2.641240827114633305e+01,2.637220824423746279e+01,2.629316629884839429e+01,2.618541729073984570e+01
2.586436321616425005e+01,2.565036851238649618e+01,2.563647690438375548e+01,2.574630556304813567e+01,2.573079507473999428e+01,2.555851145221376086e+01,2.533321162038264518e+01,2.561408104627195925e+01,2.566713875183038951e+01,2.579400392932290131e+01,2.573726207136465405e+01,2.556695302616316567e+01,2.569709186279362712e+01,2.545575091279230762e+01,2.546506011536859049e+01,2.573743894800353971e+01,2.560919391537320777e+01,2.575678017027972544e+01,2.562008670610297045e+01,2.578814416144682653e+01,2.552661672369331569e+01,2.557229679275236478e+01,2.578482074608697161e+01,2.606775391662898755e+01,2.543800946748347869e+01,2.579477172940738683e+01,2.537651184314069397e+01,2.568790157912780359e+01,2.555884890423463318e+01,2.579280896499082942e+01,2.540270212706855446e+01,2.574922448714517387e+01,2.550878190650996302e+01,2.571097250194236139e+01,2.608190727426778821e+01,2.577676738094196907e+01,2.555433581990440572e+01,2.567018951495664325e+01,2.554111570948993304e+01,2.580122004884494658e+01,2.575921312328356905e+01,2.556892897981257207e+01,2.550802968904238810e+01,2.563986726429739349e+01,2.567417743066155111e+01,2.573889714575374654e+01,2.576907989463746418e+01,2.557943571681168038e+01,2.590507825326495706e+01,2.584767418678999817e+01
2.498923318589156395e+01,2.494691153722230936e+01,2.477086919777768514e+01,2.482644419219099063e+01,2.479350625815797926e+01,2.507262258285245338e+01,2.487900057110917018e+01,2.503668278885487908e+01,2.550109858096638860e+01,2.519389827044029317e+01,2.517004364223555513e+01,2.513939088683142487e+01,2.480095010267763911e+01,2.539042181465914894e+01,2.516087367966616384e+01,2.528730475066626227e+01,2.541431690396981224e+01,2.469497565934592131e+01,2.502686842611766949e+01,2.481359832902631268e+01,2.497727408844692221e+01,2.488130010548447402e+01,2.509121333674407950e+01,2.488526774072645864e+01,2.502781479906847295e+01,2.490214316163236319e+01,2.495428874084599613e+01,2.512600974315534330e+01,2.493661239545259889e+01,2.549007432762037695e+01,2.508273430464030440e+01,2.512049121024800513e+01,2.488652274347270676e+01,2.521091814187566627e+01,2.480898838186198674e+01,2.517515416578670440e+01,2.501732098437445728e+01,2.494885174964275976e+01,2.459799885340098768e+01,2.481507904685568278e+01,2.502743788073698283e+01,2.534345306302018130e+01,2.509953597756168264e+01,2.502213300219699832e+01,2.491139082400642479e+01,2.527188201529045131e+01,2.518819613470741814e+01,2.462977543765959609e+01,2.495106544924285430e+01,2.492722992604370091e+01
2.427069117967283418e+01,2.428464946985978301e+01,2.428378578686006861e+01,2.443119973156393954e+01,2.442981585807361711e+01,2.438421322942654612e+01,2.444681808184936500e+01,2.440060012259835176e+01,2.411759953251463529e+01,2.424559446616984104e+01,2.438556845449172883e+01,2.454236527931972489e+01,2.423542026903096414e+01,2.437753568479887178e+01,2.459396969122485288e+01,2.394290012844081161e+01,2.416270055147920104e+01,2.412582603956828464e+01,2.426883499847645709e+01,2.419401293997051994e+01,2.458466781338484353e+01,2.442554658974419723e+01,2.449942542252848909e+01,2.449765146152343220e+01,2.402911331984517673e+01,2.425353321513684790e+01,2.446510101220967570e+01,2.405647640136250942e+01,2.380745453662005318e+01,2.411134192616277616e+01,2.434443593422071572e+01,2.413011590206890133e+01,2.414016601816785723e+01,2.457266281105832562e+01,2.425763943482960272e+01,2.449220980595785235e+01,2.482050590875049423e+01,2.409969929099053587e+01,2.468613765171303953e+01,2.424232643922436736e+01,2.451519062936433713e+01,2.415037502497047583e+01,2.425037023628592792e+01,2.423372171271684294e+01,2.410897159362408004e+01,2.447750687522020741e+01,2.451094229131863500e+01,2.446026069907326672e+01,2.453519308052780801e+01,2.444000471279890974e+01
2.330673338077739842e+01,2.379521387817658606e+01,2.359884311051943939e+01,2.352279992350627680e+01,2.336923357988507988e+01,2.352886822557465152e+01,2.374648698328240570e+01,2.381900642687394765e+01,2.355768491661642017e+01,2.362225532400285744e+01,2.361431977482368794e+01,2.343162611853508892e+01,2.334662693874197714e+01,2.358184481589564996e+01,2.340457076242917722e+01,2.365512962532472230e+01,2.346678481244809333e+01,2.367652546595628493e+01,2.363403255229481914e+01,2.330368383062894466e+01,2.338652451473613425e+01,2.369858038485372020e+01,2.360243725351165267e+01,2.380883513334157087e+01,2.356544040685052721e+01,2.389466347028211857e+01,2.330779923687498467e+01,2.335897874337073432e+01,2.347746282952912011e+01,2.352165961251935045e+01,2.357192665852597457e+01,2.325383476379974823e+01,2.376958427137131125e+01,2.336639933138762615e+01,2.360774267523001768e+01,2.349763353767673379e+01,2.328371027697766849e+01,2.343258062292233390e+01,2.360118872413901769e+01,2.360344657602001206e+01,2.324099361464023517e+01,2.355154835602558450e+01,2.327367488018699149e+01,2.351208045737829622e+01,2.344667516424871323e+01,2.344026773332232949e+01,2.356587251804518957e+01,2.364408862000968625e+01,2.356949013229705869e+01,2.345554973751457695e+01
2.270146920907365029e+01,2.288160906158912411e+01,2.295316765004100645e+01,2.312000855712699732e+01,2.320921715717094003e+01,2.286297252621901066e+01,2.260177668036103071e+01,2.297847978836099259e+01,2.301435863694271333e+01,2.253483978273060373e+01,2.333216157063941765e+01,2.287304194997270201e+01,2.308585483706903574e+01,2.290803420826146919e+01,2.294752856987125256e+01,2.279959911698426112e+01,2.273354219104277973e+01,2.274325890483095947e+01,2.302082099774019852e+01,2.280013434756913071e+01,2.271155837404449329e+01,2.306361099395383718e+01,2.293347552028317082e+01,2.289165726422766767e+01,2.290564166855894612e+01,2.267389021872350341e+01,2.275561053053312577e+01,2.301832058530328950e+01,2.263065684308313052e+01,2.274002299647007064e+01,2.282434854120897327e+01,2.286619851495202838e+01,2.292971877399399716e+01,2.279255455445230893e+01,2.300006547196694839e+01,2.303572295299694872e+01,2.288583739925436333e+01,2.314326993414506362e+01,2.259786913474542658e+01,2.277656241956469785e+01,2.260757735198515661e+01,2.280654666642324102e+01,2.281683512687666493e+01,2.322980672755923237e+01,2.301850413556523378e+01,2.285641051136096635e+01,2.303551274660355830e+01,2.294995696681488084e+01,2.251867263572673750e+01,2.291214071280146314e+01
2.226061806598967863e+01,2.214032171569947849e+01,2.200537579254557485e+01,2.229947893643474188e+01,2.209161753673718209e+01,2.221936719503735702e+01,2.224992683015549133e+01,2.208189803973626297e+01,2.199594552156738203e+01,2.220114098102690647e+01,2.233205103450650597e+01,2.226489415704801544e+01,2.198184658519403101e+01,2.251290664782553819e+01,2.216934724231813902e+01,2.210489388906766095e+01,2.200961712287560701e+01,2.258670569831728159e+01,2.240746402614736610e+01,2.219633297115258586e+01,2.199384592763187740e+01,2.208064828694103099e+01,2.207209757511312276e+01,2.189311633241160138e+01,2.194443580777918257e+01,2.189125215268083835e+01,2.221070821685144026e+01,2.182082801786605231e+01,2.236375998230087703e+01,2.226266164576076889e+01,2.233245893632428292e+01,2.198473251607843792e+01,2.203464254556473634e+01,2.207483113845944800e+01,2.246486228251808015e+01,2.219703607886488328e+01,2.211077722288611014e+01,2.218366785254100293e+01,2.223670969778444828e+01,2.205423878478319821e+01,2.221711887618772252e+01,2.226679557193561720e+01,2.230928874810313900e+01,2.227988697896508441e+01,2.192453461986497842e+01,2.192557822749739671e+01,2.207241254953770238e+01,2.198920459008134998e+01,2.217291955538217607e+01,2.204657689658493069e+01
2.135605057776709614e+01,2.132618603199155771e+01,2.150891405503594100e+01,2.170367302461369619e+01,2.130843939496958228e+01,2.130440241520610911e+01,2.136902292625671862e+01,2.138925033632511941e+01,2.146264969015521373e+01,2.118021828408219775e+01,2.120637407745786618e+01,2.129802108358945034e+01,2.118448205966166498e+01,2.120182780006132006e+01,2.134795918311406382e+01,2.165440614460023028e+01,2.128499481295266449e+01,2.143417805471443316e+01,2.107233815741891902e+01,2.132721943864457614e+01,2.133241794187739515e+01,2.128654262942064790e+01,2.139771915414295478e+01,2.145172382456077287e+01,2.135718625388862435e+01,2.167587555798613508e+01,2.138837170537272314e+01,2.142793455050951934e+01,2.150057486475006741e+01,2.120826566053736073e+01,2.123730987973282325e+01,2.138946323061887611e+01,2.136697972539180768e+01,2.133876592301434627e+01,2.144964331177869354e+01,2.145072060321710339e+01,2.118614735612238320e+01,2.146895366173743724e+01,2.123741418478584464e+01,2.128711823366498024e+01,2.146291947597774907e+01,2.146982008398972397e+01,2.110741225098464824e+01,2.133557409039220687e+01,2.176755183706963237e+01,2.151356675790097839e+01,2.117553507133725788e+01,2.138977095640291282e+01,2.152138674956790609e+01,2.097496996466908570e+01
2.048143124692419903e+01,2.051961945439560253e+01,2.104183096167190925e+01,2.078111024653805572e+01,2.084529502692127068e+01,2.055600828225298571e+01,2.076063190024069627e+01,2.068989425742194754e+01,2.039820014252138236e+01,2.067606510198036673e+01,2.051826921928637759e+01,2.056022149924490350e+01,2.045211869925421411e+01,2.022510681918641851e+01,2.060150379468692705e+01,2.055415780899742373e+01,2.058570708949266859e+01,2.066704032684543790e+01,2.040289155287366185e+01,2.054569432776156646e+01,2.061549531815047587e+01,2.055421293319132303e+01,2.024913375453903797e+01,2.076607608357133472e+01,2.069147448025672631e+01,2.073577033598808939e+01,2.058434189113429014e+01,2.072932665615164183e+01,2.075724731817930646e+01,2.057719787630453823e+01,2.041536359425392888e+01,2.043990244717808480e+01,2.042845534006661268e+01,2.065493187620914739e+01,2.050124006675743971e+01,2.066506378049959736e+01,2.063757191403451330e+01,2.050150882275943687e+01,2.052382064189573896e+01,2.062622872451352052e+01,2.025765835873999166e+01,2.093931219967464941e+01,2.047020173473832827e+01,2.079563471348767933e+01,2.060948129300966869e+01,2.067824758076684333e+01,2.059043325857325613e+01,2.063645965815858929e+01,2.038615856713136409e+01,2.049591062563255406e+01
1.970945808033657443e+01,1.975828466745540979e+01,1.977161208827241268e+01,1.983769978181597793e+01,1.948408853251142148e+01,1.976177019628779519e+01,2.015239596870210548e+01,1.969456241545164588e+01,2.000532647656162055e+01,1.964454460730433993e+01,1.968941663043694135e+01,1.990262199628752882e+01,1.969366276892303702e+01,1.996275829920261913e+01,1.982480245329092483e+01,1.995449132440734274e+01,1.993159517612286535e+01,1.953489709494066773e+01,1.985152099477402388e+01,1.956692190248332253e+01,1.999684949114396915e+01,1.976360415863104336e+01,1.966803600653691930e+01,1.981814651667789917e+01,1.990324321475747382e+01,1.974252187378325374e+01,1.985372996653875788e+01,1.972848535479374732e+01,1.961318741639763275e+01,1.955190618212987630e+01,2.000810935952555170e+01,1.974572813239193181e+01,1.987080101914534325e+01,2.009074518514941587e+01,1.975249390983593401e+01,1.969220236793880474e+01,1.966298968108973355e+01,1.992874623050452598e+01,1.979201491194408646e+01,1.998537885670272374e+01,1.976189792849837090e+01,1.973924971196265332e+01,1.978841193200670290e+01,1.978568454718249114e+01,1.950058580384663287e+01,1.980940252151122039e+01,1.995628902396061122e+01,1.963021801852620030e+01,1.993406889499319234e+01,1.986968255914412396e+01
1.874602355862062808e+01,1.919802837432218823e+01,1.903701802668719623e+01,1.912139774783120316e+01,1.893306129071940092e+01,1.901383587748432547e+01,1.895818612323956387e+01,1.894047390025243516e+01,1.914763142605323409e+01,1.900527737061883116e+01,1.878263346017714142e+01,1.940286919028773838e+01,1.908565147348810953e+01,1.897308967023668203e+01,1.906719199567366729e+01,1.914257527959260941e+01,1.907663716235768447e+01,1.904844102248437210e+01,1.882348890953846166e+01,1.891410903320001324e+01,1.944718969296160438e+01,1.901446619773289370e+01,1.884905878081814379e+01,1.896409958103505744e+01,1.902265872517767065e+01,1.858571306184657956e+01,1.932453049770428422e+01,1.902799499483857915e+01,1.906938078070975706e+01,1.880521460211303975e+01,1.884842683689780785e+01,1.885181403684041257e+01,1.878069023654738956e+01,1.902317005084150381e+01,1.912956638905809470e+01,1.918737827500740423e+01,1.898195509443923612e+01,1.897607545821448483e+01,1.924371793683869925e+01,1.904109533423592637e+01,1.948343481861734361e+01,1.896807260892519409e+01,1.879644689909002864e+01,1.888042998440129594e+01,1.883476003625335338e+01,1.869241603199075996e+01,1.918581590390060043e+01,1.893753290447745741e+01,1.909989875670401815e+01,1.900776110661139739e+01
1.801402578448361069e+01,1.820379440028016305e+01,1.827580608166022458e+01,1.832392929185629882e+01,1.836154805415753088e+01,1.836644609365115599e+01,1.854317326835262847e+01,1.831517853922466443e+01,1.818126680834430076e+01,1.827421543272416216e+01,1.839156549555763220e+01,1.807655402130888334e+01,1.820263171610188024e+01,1.827959508601841421e+01,1.830378057375063250e+01,1.820228477722515237e+01,1.824647330074454743e+01,1.829793410342228910e+01,1.817447886768640331e+01,1.816157675959267337e+01,1.799271446163278654e+01,1.824609979272020865e+01,1.833396911321969114e+01,1.820115535052829969e+01,1.809352952149773230e+01,1.810647642570620519e+01,1.855108928271710766e+01,1.831997736533188004e+01,1.821521948618533315e+01,1.817353800302543121e+01,1.828712702445017158e+01,1.798244075435819767e+01,1.807581510220143173e+01,1.828939457540552738e+01,1.801869307222318639e+01,1.817850170467754367e+01,1.811858651312108393e+01,1.821176966502407524e+01,1.832442553485302383e+01,1.830886229873513571e+01,1.804189148199364823e+01,1.820481376937920004e+01,1.831001024784472264e+01,1.833496660396973965e+01,1.811188586288985647e+01,1.820772190265767421e+01,1.828856793024516136e+01,1.833597700321748292e+01,1.822316696661829738e+01,1.826459114319942501e+01
1.743246344761953637e+01,1.741836452733435436e+01,1.732605321166501255e+01,1.757484453059863938e+01,1.712082900095827753e+01,1.764597257357406690e+01,1.753234448630156450e+01,1.746755835415702052e+01,1.728282101340045429e+01,1.761335382527033744e+01,1.734233273735918601e+01,1.740506971219209476e+01,1.738770857561769034e+01,1.732750159705458159e+01,1.755604091836548264e+01,1.745310172257287462e+01,1.745282448691184740e+01,1.718864095450470941e+01,1.757781422815924444e+01,1.742972428213856162e+01,1.708487004253253616e+01,1.712708286230975929e+01,1.728492599951871611e+01,1.742080228156163813e+01,1.737989620387147482e+01,1.735902859755855587e+01,1.745762672762314338e+01,1.756335952339475881e+01,1.747346912628992044e+01,1.744239155952415032e+01,1.736151407102246935e+01,1.750230774814912493e+01,1.734806679688534459e+01,1.768421691739456136e+01,1.735847039716944451e+01,1.717934201624388990e+01,1.766207027122946727e+01,1.733462459008192269e+01,1.753054381569698350e+01,1.764689516106299294e+01,1.722002302441428512e+01,1.741643512102219304e+01,1.735107883707440735e+01,1.738314893176573150e+01,1.749845523861818108e+01,1.725352717220720322e+01,1.733571146413376596e+01,1.757959560813888444e+01,1.748632120619708630e+01,1.753439060498722668e+01
1.664148735567724557e+01,1.640153419402678736e+01,1.661126660784102427e+01,1.648994953342505809e+01,1.672608656867691934e+01,1.679860474661050063e+01,1.643281238390346743e+01,1.659707576191104295e+01,1.641263123377918376e+01,1.643664617844794407e+01,1.636066081611348721e+01,1.655574538126397499e+01,1.633641080447979022e+01,1.649164343168994407e+01,1.665923441523105453e+01,1.656583911735332038e+01,1.659504731696595314e+01,1.675358280454618409e+01,1.642066752380283390e+01,1.666185921507705103e+01,1.660353786115000574e+01,1.667392766927065395e+01,1.657854158080961327e+01,1.649871657086130483e+01,1.657882749115670151e+01,1.682355448648768359e+01,1.651097635878317504e+01,1.669260773251734875e+01,1.659083549432298810e+01,1.635234203479175719e+01,1.663076400068322158e+01,1.658439198591422326e+01,1.665697051048597643e+01,1.649765201137184434e+01,1.641746278599940112e+01,1.658418771829602534e+01,1.651668539115277667e+01,1.672443380785291822e+01,1.672812513928549549e+01,1.667239776531246065e+01,1.669108357261338327e+01,1.638451577037772822e+01,1.632967145900968475e+01,1.638455242007285406e+01,1.667840037192115688e+01,1.679482402580853062e+01,1.657187148586972114e+01,1.628215613526231564e+01,1.660400699234693533e+01,1.668870067580385808e+01
1.576613252987278813e+01,1.538115689803068520e+01,1.572001438576304722e+01,1.582738076577259001e+01,1.575164986719409299e+01,1.587806691114643343e+01,1.557804750282450001e+01,1.591093679564940899e+01,1.597631558162787258e+01,1.579683885772490548e+01,1.565700316802095848e+01,1.576463223878055864e+01,1.585653784228122909e+01,1.561036595777632030e+01,1.568700466924037329e+01,1.585831411848188566e+01,1.578297704167557569e+01,1.587516938928028054e+01,1.571487145416732290e+01,1.567828001654315173e+01,1.574300728543194161e+01,1.576997037633812759e+01,1.542625229611878979e+01,1.566841732031533674e+01,1.554756452208288131e+01,1.571813170179713559e+01,1.590735688918335988e+01,1.565007769202402876e+01,1.581259133566973851e+01,1.558437896997862460e+01,1.579024936974962401e+01,1.574348815374002264e+01,1.583312379425627014e+01,1.583412506609128911e+01,1.560406223446992691e+01,1.591879950826674062e+01,1.586295616182137103e+01,1.596236539871242854e+01,1.576054807167174587e+01,1.583586851054181288e+01,1.573851204597734821e+01,1.579473277054713698e+01,1.602550582097910592e+01,1.584957164862650458e+01,1.569463710201597628e+01,1.572080758187648186e+01,1.563883404744501604e+01,1.571842288719503600e+01,1.569113555641440882e+01,1.594121403101121359e+01
1.497191669793963698e+01,1.477320377836191234e+01,1.499098746720363629e+01,1.508179389850628738e+01,1.478314300412864490e+01,1.497142564484493654e+01,1.490252172578686896e+01,1.473007879407847298e+01,1.499103850323405673e+01,1.478366186743841837e+01,1.504085411719598220e+01,1.508864247779661838e+01,1.500893156164711328e+01,1.490628085203741371e+01,1.490709085501092446e+01,1.480935878421649399e+01,1.507890173611079199e+01,1.505390667678105565e+01,1.498129583838437817e+01,1.479286219086020715e+01,1.516654423056022871e+01,1.443658491084704742e+01,1.490954178608053127e+01,1.469630035649855593e+01,1.524188738700268608e+01,1.504121601208770898e+01,1.506807951657942368e+01,1.465214490259095825e+01,1.501921320949211491e+01,1.497199511410613226e+01,1.476097560451425394e+01,1.477055579603551472e+01,1.485282681192150100e+01,1.503859732739968003e+01,1.477557371137765330e+01,1.506752768239817541e+01,1.476805279304183216e+01,1.492261855910735413e+01,1.484061937287019539e+01,1.478189949581218343e+01,1.496031957275850033e+01,1.480790542870426485e+01,1.490207548793869385e+01,1.492884179473020545e+01,1.490220775346721283e+01,1.488291297471218932e+01,1.500488586310737382e+01,1.495354362291282158e+01,1.485225763441201963e+01,1.494865264499733470e+01
1.404547518972403886e+01,1.431053090574411968e+01,1.417994373281641174e+01,1.416800003378189921e+01,1.423001354225152504e+01,1.414974513731700512e+01,1.408830605557869298e+01,1.420049791043322251e+01,1.425797633036192025e+01,1.413027239212622810e+01,1.398672178328301108e+01,1.402630513517895317e+01,1.411335266788210596e+01,1.404688228952560003e+01,1.397486307009439876e+01,1.414957803357772015e+01,1.407773257669557054e+01,1.407999335412256059e+01,1.429151506966233320e+01,1.422544228425241641e+01,1.406450284417719487e+01,1.412475267792425804e+01,1.410044495982575796e+01,1.401103951500056510e+01,1.429508106951346136e+01,1.420812033876178049e+01,1.426785650052897125e+01,1.415425084190342453e+01,1.398791129481540452e+01,1.397843431211461329e+01,1.421799032556497977e+01,1.416108022066702787e+01,1.421560412349826485e+01,1.434661729914215478e+01,1.404810372330963908e+01,1.406644534335228869e+01,1.419865573140591231e+01,1.444807820035974544e+01,1.394072148888638729e+01,1.410260295642586748e+01,1.399385664956479047e+01,1.398867962978698287e+01,1.397530110658014735e+01,1.394970378677451350e+01,1.425231773222913390e+01,1.406715358353990197e+01,1.411557096031784653e+01,1.410047924392243246e+01,1.422121936720429680e+01,1.422275030015542008e+01
1.326954756076244379e+01,1.323914158648967998e+01,1.331011240805577245e+01,1.319240697379850857e+01,1.303681808476552284e+01,1.333899707197494955e+01,1.319074534881863414e+01,1.315821246289450563e+01,1.342990653344724983e+01,1.337010669555103526e+01,1.328171642327060908e+01,1.334672398401332494e+01,1.320828219585655283e+01,1.350827067356716782e+01,1.321049418056976599e+01,1.339569211907125812e+01,1.334218669326891593e+01,1.330511835490772121e+01,1.318499866330642867e+01,1.310069321235232032e+01,1.321066691850221275e+01,1.337798557421103496e+01,1.306762587424619504e+01,1.328178531785952821e+01,1.332997708363778422e+01,1.323450411924249970e+01,1.322218695712315828e+01,1.327545013131845408e+01,1.308892146081837993e+01,1.311760001144085841e+01,1.321673810482201894e+01,1.338321087238501228e+01,1.340277269787154246e+01,1.325653909258532970e+01,1.307665931327820097e+01,1.331874012070543323e+01,1.327427834003958473e+01,1.319739516828684422e+01,1.330030512111569152e+01,1.308466208110305651e+01,1.342261296010719995e+01,1.298569272232797367e+01,1.336791019941801650e+01,1.337778671088332594e+01,1.316151944203808455e+01,1.338869224133474845e+01,1.303884655452236530e+01,1.298003125029850402e+01,1.322221143737557547e+01,1.328907731056900587e+01
1.257225869737673030e+01,1.250466662171820609e+01,1.235401582023952827e+01,1.257110027327224344e+01,1.211878883088660963e+01,1.223771763659125078e+01,1.239755710644448072e+01,1.263373839173513424e+01,1.235403951890523366e+01,1.253491308166778140e+01,1.229790464237485281e+01,1.248315184903558794e+01,1.249339433091611795e+01,1.236764732063982031e+01,1.247404785323591625e+01,1.248687163508116349e+01,1.248943276852143391e+01,1.225445107735913908e+01,1.245546874922852076e+01,1.258408699444325940e+01,1.256724862805564413e+01,1.235798970070855951e+01,1.233938111749377775e+01,1.252480547049689896e+01,1.247237997341016857e+01,1.243017711058771191e+01,1.239577392953364665e+01,1.250771869313401297e+01,1.272554783321697514e+01,1.247907011134916466e+01,1.234994070314709624e+01,1.248172033786961954e+01,1.264410375434891165e+01,1.239404117826310880e+01,1.223675154209882265e+01,1.224667791980518139e+01,1.254305236514220212e+01,1.233784465086592697e+01,1.239324810889988449e+01,1.222057244771475126e+01,1.254880665692117070e+01,1.231744793246066827e+01,1.223228721289939003e+01,1.242137531232630288e+01,1.232941993565851213e+01,1.248928013443047291e+01,1.228284556404423533e+01,1.268553664361461131e+01,1.246573339460482543e+01,1.242983194018556858e+01
1.155251202893269280e+01,1.164882286664453659e+01,1.154077414192890849e+01,1.150773224281617502e+01,1.140173129390244178e+01,1.184137333345197440e+01,1.174788570627998574e+01,1.145517913878043181e+01,1.168335109150533135e+01,1.150907159585072570e+01,1.153501193357487864e+01,1.138315888954514499e+01,1.159011721726080246e+01,1.149893714330509731e+01,1.154569985659227704e+01,1.181571203718424456e+01,1.172458125759127867e+01,1.144696302955253131e+01,1.161906432416843238e+01,1.157248558977853392e+01,1.156138291303446763e+01,1.132001617623531864e+01,1.156428752953328853e+01,1.182330275471319858e+01,1.187274947501046185e+01,1.161371722355487712e+01,1.147573422183581116e+01,1.164238546194617641e+01,1.174546612956955016e+01,1.185205781481544207e+01,1.147203404269077254e+01,1.148965215159063824e+01,1.156813965279845036e+01,1.153077422645496597e+01,1.166779495778163245e+01,1.168740181662493249e+01,1.173019789016338343e+01,1.148332831143325805e+01,1.145684708637440075e+01,1.148547854553196146e+01,1.158938278175420677e+01,1.137332208826857105e+01,1.157062469723557108e+01,1.166721433245484008e+01,1.160171113796117126e+01,1.149676404304584310e+01,1.139757733656416150e+01,1.157947086531602743e+01,1.165751568705610985e+01,1.156295951288282708e+01
1.057928443325423373e+01,1.057494427831327499e+01,1.067347108790177224e+01,1.097737184196071247e+01,1.073800534796182227e+01,1.089056519807210677e+01,1.057603596814889002e+01,1.066868493101575410e+01,1.067098864615867093e+01,1.079163738913726434e+01,1.070548471750301900e+01,1.095957088274734836e+01,1.070484902647012149e+01,1.052747438687145554e+01,1.089963435056475305e+01,1.082700330782367715e+01,1.088474347243755425e+01,1.101956263708011186e+01,1.094216992208163219e+01,1.069900947996620211e+01,1.056723169733379919e+01,1.067191552285581224e+01,1.076681857443531598e+01,1.056223651163633548e+01,1.076540824021213005e+01,1.053169927042465481e+01,1.064905304716907786e+01,1.089148955603572055e+01,1.087918112601063569e+01,1.076139066928513977e+01,1.054540986061400432e+01,1.055255908558401323e+01,1.085609562796692273e+01,1.063226351688469862e+01,1.072358422189151206e+01,1.063775477521107682e+01,1.077127622975260302e+01,1.066833341092548970e+01,1.057502882498880759e+01,1.079688514423763301e+01,1.080992162291189196e+01,1.069607547997668995e+01,1.075076692538380918e+01,1.081359576024908797e+01,1.073618102229090354e+01,1.051938291244590395e+01,1.078191457823975696e+01,1.103184768427192353e+01,1.072961622060121023e+01,1.092296202133157124e+01
9.936009384952749102e+00,1.005950902861114393e+01,9.890764315058849121e+00,9.880213788130536301e+00,1.003135734757130670e+01,9.904172596976692944e+00,1.001733821434468297e+01,9.805459082561082340e+00,1.000550669026294059e+01,9.877978204021351516e+00,9.993778593559580870e+00,9.882859350691381550e+00,9.921264292990576550e+00,9.758608879568965833e+00,9.872445243538320980e+00,1.008049030173817151e+01,9.947168012061530007e+00,9.944958708556146831e+00,9.813206553415882993e+00,1.007879890564926662e+01,9.949413509240335074e+00,1.002358329095366507e+01,9.967987227929722138e+00,9.840955228063604565e+00,9.885405750311649697e+00,9.965516383371765485e+00,9.962058836208056434e+00,9.856153676417395815e+00,9.904297613849635695e+00,9.831570836401205327e+00,1.014164223423357925e+01,9.857646398039006996e+00,9.834815131991334169e+00,9.921179089973497511e+00,9.866777379720735652e+00,9.953120906536453205e+00,9.940271033623583108e+00,9.816389469678505009e+00,9.907215766030054382e+00,9.990132532256552622e+00,9.881733368643979887e+00,9.849161256501949069e+00,9.752851951743053860e+00,9.784734440300276503e+00,9.914403961193706039e+00,1.000109973866550561e+01,9.940957414207451492e+00,9.982906682766756745e+00,9.778101865682430116e+00,9.817910337512977037e+00
9.090823964495047704e+00,9.202165313603815733e+00,9.173651924541385227e+00,9.038820742599321889e+00,8.965754017388139374e+00,9.069482554572891431e+00,9.127973817560048886e+00,9.088135500385096321e+00,9.248471777354373202e+00,8.929743712909624875e+00,9.143924176787960434e+00,9.108299250043172535e+00,9.029726155279071520e+00,9.158259282714082516e+00,9.127390624553600063e+00,9.050751929276437124e+00,8.864518763258006473e+00,9.107072234108873232e+00,9.115246111687062225e+00,8.891914486378704296e+00,9.094256773550094763e+00,9.145560187345514791e+00,9.320589099187785109e+00,9.122955003246580929e+00,9.058614799665663853e+00,9.001162672441489931e+00,9.183741720132843511e+00,9.154134473002098815e+00,9.065794436565346004e+00,9.092100189615777595e+00,9.155710720083456877e+00,9.034047638792245039e+00,9.102872751178114896e+00,9.103260125510949763e+00,8.976725037617788061e+00,9.045101505462309177e+00,9.074473250761634802e+00,9.384066176536952852e+00,9.077884284028579387e+00,9.043420931194321000e+00,9.117827548837507123e+00,9.309766509913906418e+00,8.929447127513576277e+00,9.006514059315771092e+00,8.898808557336865377e+00,9.031320952958976633e+00,9.140473555747808732e+00,9.044245151642062552e+00,9.203446584578967915e+00,9.104991941677930356e+00
8.376814672025638231e+00,8.295991988392646732e+00,8.397346322296955989e+00,8.334733797788761223e+00,8.150224606155637375e+00,8.274792799690217748e+00,8.239003308202782705e+00,8.248206719076144111e+00,8.443959802225560196e+00,8.200696989059956366e+00,8.015118372424696602e+00,8.187592937820911132e+00,8.278573937747777833e+00,8.426091470578572995e+00,8.267289969611381295e+00,8.387357199288624443e+00,8.313102076173009891e+00,8.310720416461213844e+00,8.233268899216328762e+00,8.228310940694541387e+00,8.362907441671355357e+00,8.343752060751688404e+00,8.195246605880923241e+00,8.317467416490414323e+00,8.053665373567458374e+00,8.313378889297789343e+00,8.340382311628559364e+00,8.317164253896462967e+00,8.426068976924344867e+00,8.440535027749239916e+00,8.397711362375037680e+00,8.313134785049687281e+00,8.085592873316572948e+00,8.143513710889603630e+00,8.252399959486639958e+00,8.118993926464307620e+00,8.115530163407685293e+00,8.277990513831820607e+00,8.325908492919236181e+00,8.268680026190267540e+00,8.452261445873260115e+00,8.338083275593190180e+00,8.311106643120345083e+00,8.289330963719809375e+00,8.210841917535647738e+00,8.289442349293544510e+00,8.141476086888950192e+00,8.472371329013945740e+00,8.262851499943735689e+00,8.298900320773697104e+00
7.488605376196971086e+00,7.605857171845856968e+00,7.447929595137215308e+00,7.521809848328813608e+00,7.527603899341730909e+00,7.534435412424570266e+00,7.604436132256311431e+00,7.409129755361054670e+00,7.472338661503820312e+00,7.642589902959963766e+00,7.399269328803327994e+00,7.649567515550886654e+00,7.603743915271024001e+00,7.503719330885052941e+00,7.609826076851597954e+00,7.397782429971801577e+00,7.340256398285985640e+00,7.638263434003776275e+00,7.487647056824376257e+00,7.642042513341742449e+00,7.533966230627421545e+00,7.443961241204170243e+00,7.350572306523664778e+00,7.305558811061212410e+00,7.437214413755299347e+00,7.503420048818131960e+00,7.507661718607374191e+00,7.234863468105414697e+00,7.433759652504155824e+00,7.571252908350151856e+00,7.520598302492334852e+00,7.377639520373445947e+00,7.557829340486549086e+00,7.552075030626106411e+00,7.426809616122582725e+00,7.526089117831000763e+00,7.597272495207467280e+00,7.467095132425606963e+00,7.476294457674824478e+00,7.488766447780304425e+00,7.536950367968559661e+00,7.376142878325397945e+00,7.526502003151711584e+00,7.368320627485950958e+00,7.407012141181875009e+00,7.423840639803134245e+00,7.568589835241154695e+00,7.532946282905539803e+00,7.367137030720220636e+00,7.510844095137955811e+00
6.813261491517936363e+00,6.707628335546791831e+00,6.762762421187201944e+00,6.645245482470255816e+00,6.837448290089629843e+00,6.710617463431773011e+00,6.678911707189196356e+00,6.764701142550927138e+00,6.765726354315785507e+00,6.631038228914538202e+00,6.640871978896271344e+00,6.723962927790159583e+00,6.710682687629064169e+00,6.685551441994690869e+00,6.640055155350124139e+00,6.741204560700300163e+00,6.670397585118491790e+00,6.842874420876344566e+00,6.755806006091003013e+00,6.776606963580769083e+00,6.616244453981679818e+00,6.888411911410956989e+00,6.661864719626958475e+00,6.600944127924210036e+00,6.614902202966680633e+00,6.692349873215955647e+00,6.834413968736651412e+00,6.706969810903112617e+00,6.814930904107802334e+00,6.694758693659571769e+00,6.635309358173627103e+00,6.844643789437935943e+00,6.855695621027277475e+00,6.624380972407785784e+00,6.808904900946043171e+00,6.690288868502271669e+00,6.871234767037731395e+00,6.729283730058796209e+00,6.779415862869878850e+00,6.751271345633959697e+00,6.787883479986303925e+00,6.695116822710935445e+00,6.631629799453738094e+00,6.695506803141323182e+00,6.640688892992424819e+00,6.716896381663088889e+00,6.682752569707856694e+00,6.745180679955922187e+00,6.549001263982179744e+00,6.722243635418076124e+00
5.957985215699931558e+00,5.939244653950646047e+00,6.156622607174915274e+00,5.973641330688832518e+00,5.868456564420592159e+00,6.102277903406450044e+00,5.987604959207117439e+00,6.005366186314650356e+00,5.982144897580513820e+00,5.948372503598419847e+00,5.875576443282770178e+00,6.060268232785688269e+00,5.935727391581036017e+00,5.928852050118388561e+00,5.886911061701828096e+00,5.930429611306425208e+00,6.048400351994695612e+00,5.874749060910165355e+00,6.004477102475172856e+00,6.170905891035014079e+00,6.009427863657286650e+00,5.811978650521331780e+00,5.815823740108562845e+00,5.904378225954980408e+00,5.785356688116673141e+00,5.867152539108215770e+00,6.053869299259887704e+00,5.827449116499233916e+00,5.850705736045807903e+00,6.055116153601555418e+00,6.005368106642820614e+00,5.986719569521051554e+00,5.857553045387718704e+00,6.028564844900887287e+00,5.819256182442479108e+00,5.928283553210391688e+00,5.869640876727478584e+00,5.824498299431610349e+00,5.768510378329004595e+00,5.987193501917999150e+00,5.923878542675523384e+00,6.034332095344895563e+00,5.998585187611661595e+00,5.883650453156186622e+00,5.970109247146219822e+00,6.033525965313470962e+00,6.074907220103543892e+00,5.858320680140675307e+00,5.947167368378740271e+00,5.962799496113246889e+00
5.309821882333849885e+00,5.420864362127541192e+00,5.354026637479900153e+00,5.290301330761037590e+00,4.931532776041021471e+00,5.162563987114133113e+00,5.155501593668408766e+00,5.314230143724542721e+00,5.405735212005794210e+00,5.130441405895151519e+00,5.110398028777294321e+00,5.316693714228790668e+00,5.180669481391777964e+00,5.228573711702516391e+00,5.124905901261118224e+00,5.158937318141475714e+00,5.339796571476060905e+00,5.374877559086944423e+00,5.157505991136432044e+00,5.294690342479821510e+00,5.201832411406243750e+00,5.287609885757214023e+00,5.146526892345720583e+00,5.280509207103419200e+00,5.174634492924240270e+00,5.368147031576778083e+00,5.268565699451293938e+00,5.100276781519160529e+00,5.323777098933058838e+00,5.203706133843283510e+00,5.190752157555783342e+00,5.051612597463530641e+00,5.223665673719777303e+00,5.090378554335945438e+00,5.347974641461020973e+00,5.290059577223981790e+00,5.135720221097600735e+00,5.449148110856166127e+00,5.413036673047651348e+00,5.196478017051266107e+00,5.157416070652121043e+00,5.274828581516570303e+00,5.241486961833212277e+00,5.195714432011364181e+00,5.177958845964920620e+00,5.132815539705043228e+00,5.321446594564833710e+00,5.273364268813661049e+00,5.107859438325712986e+00,5.097254284379636680e+00
4.461155275146252208e+00,4.756338942183806040e+00,4.651139588047035645e+00,4.463324964577568998e+00,4.531259474425204381e+00,4.657066124288073539e+00,4.446852091847987687e+00,4.478052851312485316e+00,4.459423303788732085e+00,4.465716691539517669e+00,4.445251186908027563e+00,4.460894805755047265e+00,4.412982631992104388e+00,4.552218107910650957e+00,4.526424333369906350e+00,4.599397808639239749e+00,4.438983152981493596e+00,4.432170236508733652e+00,4.621440062423971540e+00,4.470064190107461144e+00,4.438309965108568456e+00,4.442272602706215601e+00,4.365253632329591404e+00,4.412476202330820385e+00,4.511049970880813831e+00,4.528870401713683158e+00,4.510812820784840582e+00,4.615701205024244302e+00,4.527770433363523139e+00,4.449181263734437231e+00,4.551286068621211989e+00,4.523902499050774573e+00,4.458008540305264944e+00,4.347101321431043885e+00,4.430650001062169885e+00,4.478733032039500017e+00,4.597793206148607759e+00,4.365108864686059853e+00,4.536898691025482933e+00,4.526171638673337938e+00,4.436706111038430045e+00,4.419859907575232505e+00,4.513849386187778201e+00,4.512280961095368248e+00,4.415316463607828368e+00,4.484369377613419694e+00,4.538619056221739889e+00,4.549127640054248189e+00,4.503080101193680740e+00,4.396645550200185326e+00
3.816570872946329018e+00,3.763140828232603319e+00,3.773871701578580762e+00,3.773217429852157689e+00,3.764969834175226016e+00,3.973721496281793719e+00,3.850327162934740421e+00,3.823346351015160405e+00,3.923555533518503502e+00,3.774165324273496491e+00,3.878249663516251555e+00,3.728863977519737638e+00,3.867617149290306422e+00,3.769242985210177643e+00,3.935806494285801538e+00,3.808938391578911453e+00,3.791598128828595371e+00,3.880933681820837755e+00,3.733857800870689303e+00,3.785669713887768850e+00,3.779150093665533561e+00,3.784436210510436549e+00,3.852720266007527261e+00,3.823572242712301339e+00,3.771215861380265544e+00,3.768325300927829691e+00,3.645910078132045040e+00,3.714158795581565364e+00,3.833741914618360003e+00,3.836370418913652269e+00,3.803746818702752552e+00,3.797617125125456905e+00,3.764291986221454334e+00,3.805643163907896032e+00,3.703639738265655623e+00,3.948602955070287912e+00,3.865215242295254150e+00,3.922916590259464265e+00,3.823528781106507068e+00,3.777679157497823681e+00,3.611374165396973090e+00,3.814559405752518284e+00,3.664451665240622269e+00,3.845324096001765835e+00,3.862863978536168474e+00,3.712148422657346902e+00,3.819782321730179397e+00,3.702466126247718314e+00,3.752932200325756362e+00,3.850292898594073421e+00
3.125074403673642198e+00,3.130159830770160134e+00,3.108296830348356465e+00,3.232464463479785888e+00,3.112740563819079931e+00,3.234956494668639770e+00,3.144051939026961673e+00,3.135199146221311128e+00,3.056358447785253674e+00,3.117031304106093081e+00,3.130776663166249918e+00,3.156593514790325017e+00,3.115502168231904623e+00,3.157980443556258177e+00,3.243228250027930581e+00,3.108469415049361473e+00,3.092839885807834310e+00,3.097321571699256371e+00,3.048859955653380638e+00,3.244618956379659913e+00,3.104674263565212922e+00,3.047711447481419533e+00,3.249479898678895751e+00,3.164712088564165082e+00,3.182639359487041464e+00,3.100612937168447658e+00,3.148530302369630718e+00,3.178847791080956942e+00,3.094599724556889253e+00,3.141161951622056581e+00,3.081121678087904492e+00,3.072018169688894407e+00,3.202232236828510992e+00,3.074289510651499580e+00,3.189611855093042792e+00,3.141904214788205696e+00,3.129054727826278803e+00,3.201882738179588461e+00,3.168676776364784065e+00,3.058289379747140657e+00,3.223626538712423439e+00,3.185661801960367079e+00,3.206756651063585206e+00,3.055177767818909373e+00,3.170813017074737061e+00,3.301123969176201545e+00,3.126397230425037588e+00,3.152040946766904828e+00,3.191963661837908361e+00,3.134407304957524065e+00
2.473929569813002605e+00,2.503884745017925795e+00,2.389925016167966376e+00,2.499655232957588069e+00,2.584945845234738471e+00,2.535032190240328553e+00,2.445764966987051814e+00,2.538114664575562784e+00,2.567010196313196602e+00,2.567843567084408640e+00,2.592835935427498573e+00,2.530710033201180487e+00,2.559140335723413706e+00,2.460560929445088973e+00,2.481059417086973529e+00,2.415380617058912271e+00,2.573762315263728340e+00,2.594002797209351563e+00,2.584038984556367602e+00,2.489943954001167636e+00,2.578622414257314865e+00,2.638013168910434469e+00,2.580163469765393458e+00,2.470946931815811709e+00,2.479762757923138494e+00,2.614370615369827622e+00,2.517749315519069331e+00,2.521462374225427627e+00,2.454169729224919383e+00,2.518886647212877694e+00,2.614674941711800482e+00,2.456460643448677761e+00,2.499994482746753288e+00,2.611668876488118407e+00,2.542122843140178556e+00,2.509888957343772375e+00,2.479358487481266415e+00,2.563859447272422987e+00,2.573691318872514788e+00,2.444951229656461944e+00,2.477980337626791485e+00,2.570086574288123149e+00,2.538056886147913360e+00,2.466333849462068351e+00,2.539353922795080987e+00,2.487681613301198968e+00,2.527278066515721733e+00,2.577277477539739348e+00,2.503749182052286582e+00,2.562490267930874754e+00
1.883231837564014244e+00,1.946402535571203130e+00,1.916883733827019043e+00,1.920307066638466731e+00,1.964377804956334739e+00,1.974832609571540276e+00,1.952681166931901080e+00,1.951095688756581348e+00,1.940093904849019557e+00,1.935767015650054379e+00,1.876458059750882645e+00,1.835695373439208522e+00,1.917325861310179569e+00,2.020735683400265881e+00,2.058475161342903981e+00,2.067781162336794321e+00,1.896580507953028016e+00,1.926960774300503720e+00,2.003836963880562205e+00,1.952936338081334489e+00,1.997476048213897792e+00,1.945273603786018546e+00,1.974827090880141522e+00,1.972363278358337135e+00,1.884973341218658671e+00,1.956954117952738326e+00,2.020174835920969691e+00,1.872987351924983779e+00,2.005167507718518483e+00,2.019580737056212882e+00,1.887223087015394762e+00,1.994146972307201837e+00,2.003299855848450051e+00,1.970838745396482183e+00,1.907172468223968576e+00,1.987954574636320082e+00,1.904129075618655076e+00,1.932618695063015091e+00,1.998930493669548003e+00,1.888948829830958465e+00,1.984749079162678065e+00,1.947722155908452768e+00,1.920966129626538121e+00,1.987754120570139893e+00,2.009452983311278196e+00,2.074097255204404799e+00,1.948705699202857966e+00,1.938216277355537365e+00,1.958894798862629516e+00,1.964448867491592754e+00
1.476573408351222083e+00,1.459161158213550635e+00,1.393777800766451636e+00,1.450906261303037237e+00,1.404973567027919312e+00,1.395007347844783085e+00,1.490905884662749870e+00,1.427056798190305731e+00,1.397907638251400630e+00,1.408228343584231324e+00,1.457879265683645009e+00,1.472774533274372466e+00,1.443756343739108328e+00,1.463934613264687323e+00,1.402577905660273183e+00,1.491042569890153269e+00,1.437649374144572612e+00,1.492276355131319843e+00,1.470089060889324895e+00,1.485315544045895386e+00,1.499360651363953245e+00,1.473707083971462328e+00,1.479480041150515124e+00,1.397617015438463284e+00,1.425334165088850247e+00,1.430934959531713790e+00,1.463768263363429467e+00,1.469663392589402706e+00,1.479436287262262839e+00,1.435959836123503974e+00,1.445085435483626002e+00,1.526122358841910165e+00,1.449552444749708568e+00,1.431190696472375734e+00,1.494380073137798304e+00,1.475210042499230934e+00,1.395221400833680070e+00,1.426844211896598269e+00,1.421488547439270000e+00,1.426195017955382838e+00,1.395012086098752269e+00,1.466763394580667734e+00,1.355207958759067521e+00,1.423833172542906755e+00,1.479697516280554570e+00,1.492020299259372296e+00,1.421816698780677513e+00,1.423641881804185827e+00,1.497642788030868477e+00,1.455145177350670505e+00
