1.605324802118646232e+01,1.595336056163022143e+01,1.599885606894181578e+01,1.601325081774312409e+01,1.593099090811762153e+01,1.607343247427238708e+01,1.599368582209956990e+01,1.579393782237950639e+01,1.589500833303198668e+01,1.595004069739556840e+01,1.593164302233461527e+01,1.601261833233176191e+01,1.585527425691383918e+01,1.589656829633599244e+01,1.605667905977333376e+01,1.594588100789734675e+01,1.594054903749671936e+01,1.591087984396989974e+01,1.598056251215769485e+01,1.600876668790015955e+01,1.597149335322910524e+01,1.587252287502987791e+01,1.597244029495721307e+01,1.586243617578051968e+01,1.590994200043381568e+01,1.589907962729744995e+01,1.593988395964813343e+01,1.598357413949881156e+01,1.606105583908601631e+01,1.590810678072422135e+01,1.584856055116132900e+01,1.605411276226726258e+01,1.594063601076208236e+01,1.593057220541480135e+01,1.602829375747205631e+01,1.591261345411075645e+01,1.605925101460409010e+01,1.575400974265718723e+01,1.604484221487474471e+01,1.601714823133337617e+01,1.602269112696208708e+01,1.592908252232446920e+01,1.597048591475197199e+01,1.595473951806258484e+01,1.586359798010492561e+01,1.596695171405255032e+01,1.588280902367334058e+01,1.599204486937239444e+01,1.593500437682523518e+01,1.587833580052418192e+01
1.583323653140588050e+01,1.591942381537251627e+01,1.595331843719160858e+01,1.589527384022181522e+01,1.580762585042244517e+01,1.586008914819906934e+01,1.600153473646394175e+01,1.597363570640367314e+01,1.596176400096236137e+01,1.598383437656005235e+01,1.602365915740916691e+01,1.608213895561763351e+01,1.596416778723705754e+01,1.581924958210249521e+01,1.590209384979201168e+01,1.603799087868398843e+01,1.604941371175677034e+01,1.588516762945909377e+01,1.603075360523229520e+01,1.591545836905164357e+01,1.588032125265039163e+01,1.598215382038730503e+01,1.596477086267920065e+01,1.585197588110662004e+01,1.594059497922394364e+01,1.590556738843874385e+01,1.584552507756333206e+01,1.594225258054741801e+01,1.586566538029712170e+01,1.604379534362972493e+01,1.590171986437875518e+01,1.599803282761802414e+01,1.590913374740061315e+01,1.587993231325087962e+01,1.591954111355896551e+01,1.599647893853757985e+01,1.603203781227884051e+01,1.572814933950893312e+01,1.591302223541894456e+01,1.592441750535901512e+01,1.586210603565899113e+01,1.600080164724166920e+01,1.595840805855800859e+01,1.606544317852712567e+01,1.596228437321171256e+01,1.593565792854219509e+01,1.606467099441216817e+01,1.604875744019051353e+01,1.594258825100341781e+01,1.593878985685512895e+01
1.592580352642893970e+01,1.604872524011376811e+01,1.605927799148405555e+01,1.593302693749893528e+01,1.591276086876437468e+01,1.591604315802149472e+01,1.603200827615442847e+01,1.595972428398376231e+01,1.586437107934565027e+01,1.591612457025068750e+01,1.600365740800512526e+01,1.582529516034737327e+01,1.598118033434132634e+01,1.575619202457786727e+01,1.580736415264491690e+01,1.592611450187655286e+01,1.600198750965276773e+01,1.599675408991144288e+01,1.582367607739417892e+01,1.589703396834710603e+01,1.591177623858352597e+01,1.584244674329864111e+01,1.603163013858257102e+01,1.586141495276136304e+01,1.592698328797358798e+01,1.598569144723354363e+01,1.591627369842704276e+01,1.596237571812437572e+01,1.582918189115699903e+01,1.591902311684094329e+01,1.584610572309351184e+01,1.590673332448621835e+01,1.592562616815151699e+01,1.588852713249373672e+01,1.599734911690619654e+01,1.586044410912558078e+01,1.601538956158839966e+01,1.592692652139400344e+01,1.589871217323564956e+01,1.589343690463393877e+01,1.597383226326046568e+01,1.577194048555089267e+01,1.589777096405249424e+01,1.597923977960979869e+01,1.587459552171764798e+01,1.597139828257111560e+01,1.590993309837868708e+01,1.589012044027792570e+01,1.592305514940976785e+01,1.587511101663402258e+01
1.593817535479775671e+01,1.576729536305825086e+01,1.591485478404332632e+01,1.587333979654278515e+01,1.591410573456830768e+01,1.594745154359912931e+01,1.594491113039877561e+01,1.590573818156489772e+01,1.588827151104140434e+01,1.580510982796341679e+01,1.580716871456953143e+01,1.585815895743176718e+01,1.584678954686715535e+01,1.591454573773148873e+01,1.591969404151821976e+01,1.584802782251063213e+01,1.591108605862091174e+01,1.590336552471823595e+01,1.576042885836190877e+01,1.588157030170852835e+01,1.596473327515100848e+01,1.577333501208516786e+01,1.588086834772231271e+01,1.571762507914720430e+01,1.588983919148256696e+01,1.585251315034558672e+01,1.580315238604830874e+01,1.590637074044121313e+01,1.577644904322555419e+01,1.598001131619183646e+01,1.586590491213223331e+01,1.573903707073705327e+01,1.584779530127100777e+01,1.584794861738384242e+01,1.594948775155652854e+01,1.575884178431597960e+01,1.587468037601732362e+01,1.599910430478852419e+01,1.587070959982533935e+01,1.591963734341554293e+01,1.572057548591682163e+01,1.597511910660448819e+01,1.580431524530095189e+01,1.603002878650953278e+01,1.593879901983174996e+01,1.587318546743449232e+01,1.591464984683148032e+01,1.592011862452351245e+01,1.586098292963913714e+01,1.587903957164600399e+01
1.568393338644472479e+01,1.573879921768258683e+01,1.576339643257853673e+01,1.570153896173866315e+01,1.587582947856958704e+01,1.596130079992586737e+01,1.586748220310014723e+01,1.585799480700146269e+01,1.577989688222190345e+01,1.594009224425641058e+01,1.572985485015912310e+01,1.570025206794153583e+01,1.580179022152973900e+01,1.580991275303538401e+01,1.575573052004255992e+01,1.586845392174821257e+01,1.592446289951970684e+01,1.577123540202027563e+01,1.578797413484977596e+01,1.584631851426961724e+01,1.579108822053059669e+01,1.597719172192939574e+01,1.576988251857574141e+01,1.593780636936268280e+01,1.588295881245395691e+01,1.581136687728779222e+01,1.588968406148235424e+01,1.574396221730451195e+01,1.578435703362079856e+01,1.578080108443716867e+01,1.585488275904376287e+01,1.584500601865993907e+01,1.579035455554378409e+01,1.573799208242373737e+01,1.588299960322258997e+01,1.571396727392704129e+01,1.571514723210121645e+01,1.587213949331031237e+01,1.569635592315022343e+01,1.586810495090068684e+01,1.577617072587145941e+01,1.578007066921878021e+01,1.582786857331409358e+01,1.565549233986656397e+01,1.580360447573772120e+01,1.580449730131580388e+01,1.581177854830627005e+01,1.580633159450474245e+01,1.580198413974963501e+01,1.570155955489320476e+01
1.573683240858059484e+01,1.578104035573558583e+01,1.580627330174362655e+01,1.571364291425988746e+01,1.580687961770981254e+01,1.569295861388099489e+01,1.570516302644478301e+01,1.568206165019793907e+01,1.585774464552231144e+01,1.583820830675864322e+01,1.575199788072174911e+01,1.577954218934505271e+01,1.580331260744804744e+01,1.574214141218396179e+01,1.585349149597140794e+01,1.571916051935537872e+01,1.587776917658653275e+01,1.576324301674465644e+01,1.591741780817732810e+01,1.571987893428789107e+01,1.590164915775312693e+01,1.562738811503790437e+01,1.571414157900414033e+01,1.576241472566533730e+01,1.586098674760301463e+01,1.573043267135915002e+01,1.586253876727967871e+01,1.577528082565912015e+01,1.582557898178676048e+01,1.577269606751882769e+01,1.576845753875963219e+01,1.571757294368834224e+01,1.568000098857027069e+01,1.574865209173283809e+01,1.574674155613075754e+01,1.572827974486200198e+01,1.582745206344538147e+01,1.578859480119293934e+01,1.590812529332345093e+01,1.570325618233394138e+01,1.582377899730927417e+01,1.566369542589649910e+01,1.587731084534804360e+01,1.579323764858804680e+01,1.575649049825450554e+01,1.573184208032398779e+01,1.573378741417063331e+01,1.567267361397310310e+01,1.574970132873570883e+01,1.586126036229028458e+01
1.574171284930070769e+01,1.560426844949546421e+01,1.568167780412495205e+01,1.567289606915202960e+01,1.564211294888307435e+01,1.565643131929889442e+01,1.562485516500507821e+01,1.568987341933277335e+01,1.559995455825288779e+01,1.577679787403110190e+01,1.558724948540907640e+01,1.571243808718236323e+01,1.565423147551209304e+01,1.568160404656212492e+01,1.565748474926830092e+01,1.580162958559746222e+01,1.571074962348195037e+01,1.567192396301063795e+01,1.568957852977880840e+01,1.569129587832193451e+01,1.570440424254289091e+01,1.564875759150282697e+01,1.567218419748880898e+01,1.562283683319702021e+01,1.574124687187914162e+01,1.568180861444007057e+01,1.573291913753279836e+01,1.574078124925637390e+01,1.571471377959089466e+01,1.564039304046052159e+01,1.577071801303865151e+01,1.569482042396717603e+01,1.564641576901607323e+01,1.570377474396067718e+01,1.572290865639554092e+01,1.563797867081054171e+01,1.561704617618562629e+01,1.557863890841023924e+01,1.574291867063367079e+01,1.574775552229551145e+01,1.556394448348510196e+01,1.579768330473092597e+01,1.555556186996384227e+01,1.572032956837422724e+01,1.552121810599662055e+01,1.561673392677702310e+01,1.574403481434515761e+01,1.567444795012072234e+01,1.561180613071809553e+01,1.567440529915596059e+01
1.565891110286584009e+01,1.563610541658279018e+01,1.569824035451184763e+01,1.557623561715449689e+01,1.554273807208549485e+01,1.564488483073593095e+01,1.564910342583465486e+01,1.558002429712446180e+01,1.547500254219505855e+01,1.556192319521896472e+01,1.557704115481318929e+01,1.561682317074094861e+01,1.566253740507453074e+01,1.548042926160587918e+01,1.553497177917611083e+01,1.561599964415521669e+01,1.568330232822131798e+01,1.571983883418620209e+01,1.550238639833758469e+01,1.565181625803743337e+01,1.563845886798671359e+01,1.560819297913264769e+01,1.551877715553994719e+01,1.567419773757612944e+01,1.555079361873342236e+01,1.561760399308335145e+01,1.577930163746491488e+01,1.552196533639193099e+01,1.569426708242240665e+01,1.561941528614470442e+01,1.545110700500144318e+01,1.567423046197843917e+01,1.565544266133280971e+01,1.549730413252656369e+01,1.564147375653135441e+01,1.554192906760829374e+01,1.574627466865532988e+01,1.551022233275514317e+01,1.571149087753134665e+01,1.558998554431676986e+01,1.547246691871633217e+01,1.559437912022091055e+01,1.552473465075676629e+01,1.555491459886614969e+01,1.565415402185636395e+01,1.552177072755477916e+01,1.545112843280670489e+01,1.552922726064897319e+01,1.567391331388848741e+01,1.569008323830485097e+01
1.538900610961149518e+01,1.543898246376669015e+01,1.540920506960820902e+01,1.540836508163877205e+01,1.541487922183435977e+01,1.540691551452739816e+01,1.536956506122194099e+01,1.540813038142182378e+01,1.545421905136112350e+01,1.546174775494871056e+01,1.550647064844431888e+01,1.555797077859593536e+01,1.545991518015824084e+01,1.538195686697710762e+01,1.556228205447352408e+01,1.551674907016539073e+01,1.553439129174928901e+01,1.561453855381580169e+01,1.557502783220490805e+01,1.537410668367642508e+01,1.542047839325184455e+01,1.539751822673210135e+01,1.544801759159434695e+01,1.539990883867092819e+01,1.553876451401597514e+01,1.543169426314238635e+01,1.547199099231353969e+01,1.549905941671926435e+01,1.537217595786895075e+01,1.542311149021908712e+01,1.549766865106403557e+01,1.547658259811399795e+01,1.556378199015898645e+01,1.550675303740655941e+01,1.546714542574533446e+01,1.550284861439086193e+01,1.549983933379427015e+01,1.548718513089776927e+01,1.535671498874304675e+01,1.544807171711270932e+01,1.548247917459055678e+01,1.546986535761710790e+01,1.551856513406398363e+01,1.543528667905837892e+01,1.550812121719444647e+01,1.542979153819596760e+01,1.542752420617176590e+01,1.539502494988315284e+01,1.545527291362821920e+01,1.549235941491307322e+01
1.522329418276445168e+01,1.531165871451240612e+01,1.517689010826590490e+01,1.534626536139558795e+01,1.520458098648265910e+01,1.530715700789608569e+01,1.540591917787148546e+01,1.536104215487181079e+01,1.548164797239446955e+01,1.534252034015585409e+01,1.542947678559469971e+01,1.529541851355256021e+01,1.532084587541867471e+01,1.533588173915058661e+01,1.533754537514814054e+01,1.548803977315259672e+01,1.525873294541053049e+01,1.542539269203801844e+01,1.545882431702935911e+01,1.539590019103141216e+01,1.535869374650708430e+01,1.529121072149881400e+01,1.525018528585263233e+01,1.536456554020754695e+01,1.541993572670435597e+01,1.533525428041421357e+01,1.519915518999037651e+01,1.528482596006421090e+01,1.554032176144255750e+01,1.533296685712942953e+01,1.538979580948839221e+01,1.543495105779043541e+01,1.534011676012785408e+01,1.536339497938442200e+01,1.530510927530951903e+01,1.523506137860893439e+01,1.545655207661346786e+01,1.538136098304250332e+01,1.525230068246082205e+01,1.541963003707889079e+01,1.533534077750018376e+01,1.539139328349987146e+01,1.523001294017213603e+01,1.536513866809831086e+01,1.540729481787674793e+01,1.518681031187507458e+01,1.524838139064189946e+01,1.533762479116349731e+01,1.542061074140404564e+01,1.537289235597055637e+01
1.527802779040122871e+01,1.518001073987520577e+01,1.511733246975055600e+01,1.513103275004525017e+01,1.523804067528315720e+01,1.521046381640291401e+01,1.513579580144186210e+01,1.524039546203540674e+01,1.523392170118268396e+01,1.523700082757730279e+01,1.526371654592356641e+01,1.525125009590906444e+01,1.523460397701531832e+01,1.532116183861472791e+01,1.522878319637464806e+01,1.532177881815723808e+01,1.520896906126467485e+01,1.526951628021348384e+01,1.520183410324451678e+01,1.521825086287206652e+01,1.530713386692814559e+01,1.528606438864744987e+01,1.523159307351634340e+01,1.514357999481643269e+01,1.540261978406074306e+01,1.521830745000481144e+01,1.509886612712852560e+01,1.526643189398859768e+01,1.512122534346124958e+01,1.517733317551231131e+01,1.508139569920659362e+01,1.504739387238195469e+01,1.533805613530160805e+01,1.523087909705262888e+01,1.527616468288747953e+01,1.521249177226071225e+01,1.522198044852597221e+01,1.518547356711171048e+01,1.517280822859982692e+01,1.534744157338539061e+01,1.518785304672783631e+01,1.517736730301059112e+01,1.522291719414499056e+01,1.525645082170714772e+01,1.520845426104245668e+01,1.526215465382246173e+01,1.534305409395172148e+01,1.532984730552542629e+01,1.517316168946099886e+01,1.522680718595641203e+01
1.497503228551939536e+01,1.513134017009256382e+01,1.504760123583032794e+01,1.513849482870960728e+01,1.495950463558268950e+01,1.499024517697476000e+01,1.518164884846079232e+01,1.506340905710399092e+01,1.505254367282516270e+01,1.502798928045636018e+01,1.500939577603874753e+01,1.509350909039044986e+01,1.494718295879714809e+01,1.498331490619813522e+01,1.514599458892497097e+01,1.497696935986583533e+01,1.508931311658166585e+01,1.496994196322298620e+01,1.503729146241941983e+01,1.504735747598078532e+01,1.495224111225574859e+01,1.505036795730639199e+01,1.521327384722553333e+01,1.499708878863851069e+01,1.496513898406915288e+01,1.494833002489330731e+01,1.507587744254777284e+01,1.514250278814177797e+01,1.497666632633935002e+01,1.516829827545169707e+01,1.501268015043257975e+01,1.507958560474256515e+01,1.513211187852113326e+01,1.500441024689140690e+01,1.494695330198763727e+01,1.494934492053170949e+01,1.502055492814601934e+01,1.500645121574532226e+01,1.497771330777102960e+01,1.500782370574279234e+01,1.507720684985390314e+01,1.518892313767389624e+01,1.515318463495050239e+01,1.514814069761205317e+01,1.498631121900531937e+01,1.499425078213954521e+01,1.504197334500710426e+01,1.503138291422133221e+01,1.507376053863353249e+01,1.504297587836864203e+01
1.492936058816941269e+01,1.489587627831909700e+01,1.493803170185486273e+01,1.481993446228279154e+01,1.490896762435314393e+01,1.500214298736420382e+01,1.484439654993930624e+01,1.487829316297508875e+01,1.477609110124660852e+01,1.495787842210652663e+01,1.492521483609125177e+01,1.494698451641726322e+01,1.490419424552143823e+01,1.483470605095659600e+01,1.502383608426417005e+01,1.488311002915386361e+01,1.493460437481877889e+01,1.488271812865720101e+01,1.498286249767446954e+01,1.487212699105210234e+01,1.488985938635077666e+01,1.481422517891784452e+01,1.482380523735383804e+01,1.497820011738302348e+01,1.493847059588692083e+01,1.483059768105574960e+01,1.486895748027886732e+01,1.497735662354246777e+01,1.484843834853370126e+01,1.483159921147932891e+01,1.494250634623897689e+01,1.481151587809933012e+01,1.485441238108064965e+01,1.500579774031976399e+01,1.479179550266998611e+01,1.496594401828247456e+01,1.497281904987105250e+01,1.492821412887860255e+01,1.502652661294571246e+01,1.486582061327350601e+01,1.487113193550507084e+01,1.488754818275572411e+01,1.493580960787774359e+01,1.485178573692970794e+01,1.488728434741266327e+01,1.505652248894062417e+01,1.490876640923549701e+01,1.475248295504524521e+01,1.480740302367635408e+01,1.503985136329358596e+01
1.492453681338217208e+01,1.467860307544400555e+01,1.469894905255248574e+01,1.468857514365972605e+01,1.473104870138038436e+01,1.460530335761251131e+01,1.472368966090234998e+01,1.462205303099370113e+01,1.481742880655214378e+01,1.469195115113778094e+01,1.476456224113316296e+01,1.466778220777504238e+01,1.483432804398846727e+01,1.471270624139422267e+01,1.486254443119097601e+01,1.471561183679010298e+01,1.486446238005055775e+01,1.472674361182218306e+01,1.470338639685813575e+01,1.469664732557104969e+01,1.477155945692540229e+01,1.480000521025413818e+01,1.480192993801803958e+01,1.475492831631628299e+01,1.462805354446224548e+01,1.466007628150977382e+01,1.468129537346893088e+01,1.487237012045437545e+01,1.458538784722298587e+01,1.459720575946373522e+01,1.462960917429774277e+01,1.474692029781400393e+01,1.482836619821590673e+01,1.480253254950163466e+01,1.460333873596343146e+01,1.453684636851457412e+01,1.481525412725397395e+01,1.476372654920870531e+01,1.465307596447209448e+01,1.469368398690447997e+01,1.469905717344512297e+01,1.450161393994929782e+01,1.461102021371621262e+01,1.474229742839376911e+01,1.461475696470385799e+01,1.463294089711534696e+01,1.472366172708872867e+01,1.470864948009776363e+01,1.472393847320390670e+01,1.477690777916137144e+01
1.443847033773647226e+01,1.446746073343962991e+01,1.446208548608963262e+01,1.457608167647686237e+01,1.445152809720689113e+01,1.456348815194050950e+01,1.443945926858074458e+01,1.452102056354235415e+01,1.459586301160524968e+01,1.452617532630948283e+01,1.459532404252705540e+01,1.442954315409705757e+01,1.460084735394247346e+01,1.450482101678523783e+01,1.441318125358737845e+01,1.450098743070487117e+01,1.440470417925071622e+01,1.452913532372810224e+01,1.459787536080306047e+01,1.455201049661707380e+01,1.454768215628018702e+01,1.461063972694751101e+01,1.449095462890274355e+01,1.458943863036368427e+01,1.460436785101561341e+01,1.435805315070734345e+01,1.453734941648339607e+01,1.451328752308334913e+01,1.444857748640266237e+01,1.450779278982609810e+01,1.447174912652804935e+01,1.450279808243059598e+01,1.452719843918020182e+01,1.455038512656954985e+01,1.463950655858318584e+01,1.449524976930133491e+01,1.445472933856748377e+01,1.453541666018548284e+01,1.451195314289532412e+01,1.455383914270257684e+01,1.454853190585654232e+01,1.453972280257235639e+01,1.439007915223105094e+01,1.456816222568053121e+01,1.467661452817510792e+01,1.453445082714075909e+01,1.451953454971362589e+01,1.436876486594560909e+01,1.456173611728687156e+01,1.464526371170740582e+01
1.430283172477724740e+01,1.421464702251565804e+01,1.425718164257802556e+01,1.431008392314276989e+01,1.440300044570276228e+01,1.434084609407363331e+01,1.435251757593865207e+01,1.433005638230237722e+01,1.430237676201700836e+01,1.418364850518028142e+01,1.421896355188276395e+01,1.442190508886505462e+01,1.433255188382439727e+01,1.428933683370739693e+01,1.418474631924241791e+01,1.421786406560751459e+01,1.439850599200132386e+01,1.437792975996661404e+01,1.431190463766791687e+01,1.425607788204075632e+01,1.434062962823949583e+01,1.432426372968007300e+01,1.440222560947942476e+01,1.426701623723143264e+01,1.439363176943932743e+01,1.417376310388765503e+01,1.439382084876660528e+01,1.428021235564703417e+01,1.421152839586639516e+01,1.446714556334821822e+01,1.420281739389458764e+01,1.438156531215230949e+01,1.442770919370994598e+01,1.429777338110894469e+01,1.436549320867096746e+01,1.440555723852327397e+01,1.420375365568220438e+01,1.426865614708490426e+01,1.414471087820419193e+01,1.437612829671179426e+01,1.426189689107189906e+01,1.440850118030176930e+01,1.429841015313109409e+01,1.436181323793375775e+01,1.425264487776028588e+01,1.441201959528239307e+01,1.439009039919922373e+01,1.428234462008571626e+01,1.434767514434018310e+01,1.430987641891995743e+01
1.412516140092621697e+01,1.416466656367446397e+01,1.407755889491226142e+01,1.408747565234481058e+01,1.395360151422795170e+01,1.411189405360045157e+01,1.395949451934916219e+01,1.392601407773360656e+01,1.406006946365397070e+01,1.415571599698873584e+01,1.418326197070954109e+01,1.418359429735029487e+01,1.420895134721193820e+01,1.411712731603242510e+01,1.428474157604815709e+01,1.397080184881367693e+01,1.407292236622839532e+01,1.412144904045572780e+01,1.411680219822103588e+01,1.395346170776697647e+01,1.402619888341300936e+01,1.403630979293506442e+01,1.408550020227700550e+01,1.403275006905315614e+01,1.409070548685123647e+01,1.405199780188086933e+01,1.414693832159515452e+01,1.408371197809163711e+01,1.403477943583133047e+01,1.402219490430953996e+01,1.405778703454543432e+01,1.399945821445031058e+01,1.402504348774198029e+01,1.413487309193822838e+01,1.423160644207972503e+01,1.407347121347774177e+01,1.412761288314206354e+01,1.414350412431607751e+01,1.401619413667741654e+01,1.410847242135207402e+01,1.414822517717139050e+01,1.405383353389386158e+01,1.403933057197539824e+01,1.402180226712966160e+01,1.415082625954949513e+01,1.424701678699699947e+01,1.407348330415682014e+01,1.405805102799848250e+01,1.408824741365083710e+01,1.401981601091007335e+01
1.388442805525613721e+01,1.394090168776006600e+01,1.397625333946886350e+01,1.395242208244930637e+01,1.380609857252576944e+01,1.380726937687915701e+01,1.390732429631885836e+01,1.377862038025117641e+01,1.388351715912147988e+01,1.393906652176721117e+01,1.393256297018416845e+01,1.377535997918343824e+01,1.377089634733707157e+01,1.377567819562987772e+01,1.386455350299988432e+01,1.387355987124960599e+01,1.387899837045199547e+01,1.392185051241343174e+01,1.393177657239087353e+01,1.381233348288021823e+01,1.387338203129656300e+01,1.392100047055270018e+01,1.389254613101026159e+01,1.396694960475489111e+01,1.381507240470511810e+01,1.384544738602420821e+01,1.386430463716670225e+01,1.381855269258996444e+01,1.377569885014029616e+01,1.389801765490836516e+01,1.385097195552137528e+01,1.383261396986220504e+01,1.388052309619764202e+01,1.377746375464507622e+01,1.382789792193405631e+01,1.382067417856310954e+01,1.385936080164259288e+01,1.387595044645298969e+01,1.381288950725040898e+01,1.398393849381105269e+01,1.399504137230924350e+01,1.386814071924390923e+01,1.398837367989849945e+01,1.390411007085035955e+01,1.390911113768205176e+01,1.382747762228367705e+01,1.375923509773467224e+01,1.388208066402002316e+01,1.381792865582184149e+01,1.399966013851762270e+01
1.349114816729302824e+01,1.355835889855565313e+01,1.360397673930748574e+01,1.353346347799512372e+01,1.369194361718403385e+01,1.354531256458086830e+01,1.334134675867542974e+01,1.359850375255327926e+01,1.358051072210821886e+01,1.372678633928654257e+01,1.374975125551768684e+01,1.363908861259812788e+01,1.374955484770817726e+01,1.358835818105822923e+01,1.367152806043138291e+01,1.354574512949895748e+01,1.352260980702237880e+01,1.362278476660032034e+01,1.364347398733251637e+01,1.364063508766102828e+01,1.364295284205462799e+01,1.370214251555107410e+01,1.358128647231314901e+01,1.359958011804068434e+01,1.378918136949199535e+01,1.366555720688923081e+01,1.357737928113220782e+01,1.363337590220793949e+01,1.357229848563366659e+01,1.372702018016773273e+01,1.373212480561908144e+01,1.372650551996402513e+01,1.341454072978247858e+01,1.365368798453022592e+01,1.366205923483426687e+01,1.354134816061550950e+01,1.368026782016189280e+01,1.360786105047140637e+01,1.357671819527505441e+01,1.362016801003252020e+01,1.368599793857269020e+01,1.362772854584974169e+01,1.373774816111486174e+01,1.364727579078386555e+01,1.367472925160188169e+01,1.364593269646592155e+01,1.355678926389247430e+01,1.365416757600447717e+01,1.361139253998910448e+01,1.350448832174675573e+01
1.338786255323969421e+01,1.324165362968295945e+01,1.335622664510523627e+01,1.333745676463196972e+01,1.324445925967836502e+01,1.350325695129473580e+01,1.343200845491066886e+01,1.329269105772890391e+01,1.344519372335834184e+01,1.339912821689377331e+01,1.336041098859529619e+01,1.347892793310757931e+01,1.343664785527610661e+01,1.345181007799340911e+01,1.340456833193655761e+01,1.329814340201922462e+01,1.336714322347616424e+01,1.332728673591157431e+01,1.350847398614476980e+01,1.345338310632213918e+01,1.343166788898824038e+01,1.347584944484805902e+01,1.330643535549479850e+01,1.334722360110903239e+01,1.343593851046470000e+01,1.327607239141134876e+01,1.334832528759479864e+01,1.339709871863353108e+01,1.336744593788876223e+01,1.337417976001211706e+01,1.343277372110381052e+01,1.353964968897524734e+01,1.344242393955442871e+01,1.329484405159696259e+01,1.343363550863449518e+01,1.336983461591817779e+01,1.344619717616544463e+01,1.333561386762238676e+01,1.337619732095509306e+01,1.336870195810705297e+01,1.327143149184601079e+01,1.338674840859453674e+01,1.323347661401225928e+01,1.332335345910389357e+01,1.336073922982510354e+01,1.332724273664209669e+01,1.342679128554872037e+01,1.338883751823361834e+01,1.335102130262062481e+01,1.346673766464468436e+01
1.314298331043201351e+01,1.319316671305728761e+01,1.300628550142820572e+01,1.311024378471778284e+01,1.312240633159935577e+01,1.314123124340235371e+01,1.305481737864267799e+01,1.305286596122632048e+01,1.319566735353040166e+01,1.311750900156491184e+01,1.316046420470812528e+01,1.316593942868847300e+01,1.323913559857495947e+01,1.309167583269891111e+01,1.309816771810145219e+01,1.308364750448227021e+01,1.315700900286719310e+01,1.300334797597832548e+01,1.312313803805612800e+01,1.302267749417821641e+01,1.310362746495582087e+01,1.313027947582647137e+01,1.310966806236022286e+01,1.307128935433482830e+01,1.314242504968500214e+01,1.304969818793643910e+01,1.306503809579711550e+01,1.301449381037611275e+01,1.306148363950612712e+01,1.304702554225114675e+01,1.313025367325337278e+01,1.307258533468042749e+01,1.311087011715540385e+01,1.311107708441956810e+01,1.323582398273143035e+01,1.300734207633529671e+01,1.300475040274262639e+01,1.316126338291507736e+01,1.308443472836889576e+01,1.302099123373599099e+01,1.314438124961024457e+01,1.318239744249753365e+01,1.302937847451292797e+01,1.311773498575022145e+01,1.308284485236656458e+01,1.306701459579806013e+01,1.299818947574376615e+01,1.312757937711510436e+01,1.321209390930063776e+01,1.309053306235746916e+01
1.291198752728356069e+01,1.278479362845985179e+01,1.276656225733180072e+01,1.291994021040320284e+01,1.284208726671737999e+01,1.294323808652074881e+01,1.288314560751585525e+01,1.271272808092516016e+01,1.275247534037064767e+01,1.283442195020126952e+01,1.288546490382542764e+01,1.294655555994605756e+01,1.292556572024227357e+01,1.278143085585223027e+01,1.284896572748924726e+01,1.298719870043698599e+01,1.280614911491661978e+01,1.277421274192769118e+01,1.279537145001563481e+01,1.280786730156228437e+01,1.277419558834242430e+01,1.269154547911692354e+01,1.277003591276754690e+01,1.289266417675016108e+01,1.293596275372728321e+01,1.297313453202708899e+01,1.285096061113121735e+01,1.280438083031838481e+01,1.280785331451315301e+01,1.284922852723588882e+01,1.284440318263045988e+01,1.283717499053959799e+01,1.285493042206954684e+01,1.286357387028762567e+01,1.296542840629994764e+01,1.282912561910167426e+01,1.286396513378083917e+01,1.293257663713158223e+01,1.282629721982452153e+01,1.287444547252871629e+01,1.290261762697864079e+01,1.291881658027444146e+01,1.278693471632149858e+01,1.283143595822656025e+01,1.275584575535920706e+01,1.279434546166601194e+01,1.285437646047742177e+01,1.274171400325242409e+01,1.286816432383711906e+01,1.296759101854357965e+01
1.249839616990651692e+01,1.254967971308730057e+01,1.257635805561280407e+01,1.262651874009802277e+01,1.253087490923063463e+01,1.261144414098877853e+01,1.252747506863093463e+01,1.255393530436448835e+01,1.257272166107239286e+01,1.253743366969365525e+01,1.252569505777448455e+01,1.249513772877114270e+01,1.264588024473891892e+01,1.259433178566050948e+01,1.263824189355979044e+01,1.254903867435761455e+01,1.264557706619769739e+01,1.265959807519167946e+01,1.251465934103519650e+01,1.269073413417575047e+01,1.252548632758269420e+01,1.259340220555216128e+01,1.256862626823527762e+01,1.242928685222678808e+01,1.260366064302987432e+01,1.248284466327877418e+01,1.259817236209566538e+01,1.248914690299960029e+01,1.239160658591284658e+01,1.270254501524311763e+01,1.256611524258359402e+01,1.261692397074960681e+01,1.256556356789664797e+01,1.254636473983404343e+01,1.268085210640112948e+01,1.261922487424434891e+01,1.241719724003675651e+01,1.243933588252258815e+01,1.244233825089504819e+01,1.257592360597913661e+01,1.242788126334118637e+01,1.263629892059635296e+01,1.240223065640024736e+01,1.263460855719543119e+01,1.257865120182569463e+01,1.252997103889840069e+01,1.262898904388658394e+01,1.246936035420171507e+01,1.258488205718976261e+01,1.264596901389930039e+01
1.227539761071382074e+01,1.234411735252754028e+01,1.239917070546129629e+01,1.224521500474571489e+01,1.221398019157376424e+01,1.213655652211730818e+01,1.233130055670242342e+01,1.224910843103929281e+01,1.233772406264619548e+01,1.230154125023614498e+01,1.226905825196707234e+01,1.232965204358759514e+01,1.225922595604721188e+01,1.225675147536811949e+01,1.219252407040654873e+01,1.242156310641610517e+01,1.223793913892476581e+01,1.223911997997482537e+01,1.229149157275659476e+01,1.233073379708747375e+01,1.220452479715040184e+01,1.224376390256382585e+01,1.221285667819057075e+01,1.226753472492472774e+01,1.231438642475225542e+01,1.221649355079271793e+01,1.224474463564444982e+01,1.213302195890120494e+01,1.226533196830449235e+01,1.227838238986831421e+01,1.209000587498931090e+01,1.234796458706797928e+01,1.231316003412579008e+01,1.226900824174578020e+01,1.225469132846547105e+01,1.221493531243167929e+01,1.220725449734310786e+01,1.228383450234865570e+01,1.230184139747316330e+01,1.224210537384526098e+01,1.223983881033665888e+01,1.219804221892302998e+01,1.225998927924653259e+01,1.232611029524924362e+01,1.223374334854431389e+01,1.227520852999630563e+01,1.229510426325465744e+01,1.227589545138257954e+01,1.223463929834675845e+01,1.221445373667438261e+01
1.190032938418757347e+01,1.208758656447076696e+01,1.198167076040577683e+01,1.195388896447783544e+01,1.204200386662350297e+01,1.203253838578374868e+01,1.191547821143320895e+01,1.189593760318960136e+01,1.196023192154002857e+01,1.185734665098565976e+01,1.187364070518494863e+01,1.198287275408105046e+01,1.189313369203500770e+01,1.199223034429150658e+01,1.194759159883360411e+01,1.197991174537044934e+01,1.187668493230820310e+01,1.190316479791680138e+01,1.178884227035647392e+01,1.202127007279748838e+01,1.197166783523815958e+01,1.189613913369663045e+01,1.196294970937298885e+01,1.196328243492889065e+01,1.188469378992007819e+01,1.200421252351378065e+01,1.204556193293204203e+01,1.196420584217831262e+01,1.178960231412429494e+01,1.192941328726443651e+01,1.203768617919703843e+01,1.198012313645937610e+01,1.194406984818606787e+01,1.204324569758156827e+01,1.197502602762556201e+01,1.189582338482521173e+01,1.187393421877392363e+01,1.202773526031323748e+01,1.197630589955238101e+01,1.187827398400998824e+01,1.191197920615972983e+01,1.187377096497095330e+01,1.198450944617472835e+01,1.190567262140320715e+01,1.209735358679882822e+01,1.185679807039771738e+01,1.189235963665776019e+01,1.195033443212355806e+01,1.194220792035891954e+01,1.202003988565682313e+01
1.159701595997323409e+01,1.159575389380280619e+01,1.162660713669324863e+01,1.162794868211102361e+01,1.165300772211701208e+01,1.164340884842026114e+01,1.174605419774121806e+01,1.154645252134110045e+01,1.177131546790121241e+01,1.157738508033389913e+01,1.162920407502540598e+01,1.171888212742623203e+01,1.164099395794854175e+01,1.165574700533852415e+01,1.165621735192103792e+01,1.168775314951054511e+01,1.162642051670566801e+01,1.176646994577959937e+01,1.161084024901570366e+01,1.166409831151364429e+01,1.170347937289031748e+01,1.167797266620595842e+01,1.158273096428364646e+01,1.154940368171871512e+01,1.156732784463586405e+01,1.163669686558791483e+01,1.159710304743997256e+01,1.151021687080329059e+01,1.163096668818636381e+01,1.165331322852271967e+01,1.147701002690147831e+01,1.178997691928296732e+01,1.174921699873637237e+01,1.161738666246092322e+01,1.162176441754849598e+01,1.172695073649430064e+01,1.153612516854662395e+01,1.172641798203989083e+01,1.169823412681857810e+01,1.175269232939913344e+01,1.158750264340701719e+01,1.159437360653614135e+01,1.164642726305270237e+01,1.150262166927221941e+01,1.160700321526054068e+01,1.164976604490017742e+01,1.177622284953204890e+01,1.157877398627258181e+01,1.161043114316492186e+01,1.168132140552944875e+01
1.146846085686676275e+01,1.143428050308688704e+01,1.139169059351041646e+01,1.136736545760411943e+01,1.131715116731882809e+01,1.134717327939391218e+01,1.126061394461941134e+01,1.127867110750330504e+01,1.130311993225953593e+01,1.132178394580397907e+01,1.133015384843406359e+01,1.123599843565356160e+01,1.130610855644039958e+01,1.135333784708783966e+01,1.140347624086844291e+01,1.144261420116962391e+01,1.133215411449759991e+01,1.139382836867387105e+01,1.144883383759773743e+01,1.137390091574232009e+01,1.139714663737769129e+01,1.127706328038723527e+01,1.133343810135361451e+01,1.123815083550574556e+01,1.126985970148772509e+01,1.134140715118125620e+01,1.124231983342797569e+01,1.133840610631529167e+01,1.139678703264052650e+01,1.129933301741638196e+01,1.133444166563096367e+01,1.134974378810793461e+01,1.124877273458584348e+01,1.139175553412091269e+01,1.141187932768743885e+01,1.127619139674450821e+01,1.134590057818169484e+01,1.131250618549710829e+01,1.149519987563804690e+01,1.138448447306197231e+01,1.144276348003145216e+01,1.129110158494444960e+01,1.135715510794545580e+01,1.132457037760554464e+01,1.118588984035643463e+01,1.145398606072467196e+01,1.119664832976208935e+01,1.129980770094260656e+01,1.135718112582855710e+01,1.133560699473045297e+01
1.091839966091403546e+01,1.095597888224474836e+01,1.107018313571739832e+01,1.100251906932814450e+01,1.094205030163440462e+01,1.104831700988028587e+01,1.104278251916351827e+01,1.098753278393349220e+01,1.090663531213239423e+01,1.102649710519595239e+01,1.098802440520735146e+01,1.106730121894233854e+01,1.099632495996565851e+01,1.096310447639784158e+01,1.098034908574539514e+01,1.102724003053563884e+01,1.098522128782091478e+01,1.109278166781014363e+01,1.103738801361922128e+01,1.098235278816182969e+01,1.101918222689397098e+01,1.107304465867908760e+01,1.100421276037476481e+01,1.098604149462398460e+01,1.097332865440191796e+01,1.092118318161904256e+01,1.105500488615795618e+01,1.108472485675957131e+01,1.089980443705167090e+01,1.096594112619731476e+01,1.098675543312611325e+01,1.104852391219829499e+01,1.112847585305607545e+01,1.105433279278095782e+01,1.093219101098180701e+01,1.096748202131968064e+01,1.101179491987710257e+01,1.105913116523012008e+01,1.091902335276024694e+01,1.097849691544343642e+01,1.092934403652970765e+01,1.088563969079556415e+01,1.099151098811661242e+01,1.101989697525042544e+01,1.104387019086951405e+01,1.105238640180544252e+01,1.103604257620265194e+01,1.097912038021110703e+01,1.089071229107918981e+01,1.104923969714787013e+01
1.073506936970837522e+01,1.077843766883303367e+01,1.061560804676766878e+01,1.068949508984685082e+01,1.062739351898747486e+01,1.059262229429800506e+01,1.066930032551938368e+01,1.076285056047283462e+01,1.073374564509503770e+01,1.055974215023958251e+01,1.060480417848768298e+01,1.065026968193580537e+01,1.083327203232557068e+01,1.058037924118260342e+01,1.064533035555924378e+01,1.067033184587244499e+01,1.068937007662858285e+01,1.064860400002126717e+01,1.068562393640743302e+01,1.061177894002992161e+01,1.073530585664944503e+01,1.069790954585589304e+01,1.066453313146650039e+01,1.064114726878891126e+01,1.083124151455941586e+01,1.068167925585794542e+01,1.059497544204372232e+01,1.067288851263435490e+01,1.077851371230349109e+01,1.058263802764437678e+01,1.072327508316945810e+01,1.058718494858324810e+01,1.067842619099931945e+01,1.059229362709684708e+01,1.058870000917735332e+01,1.079776008933341025e+01,1.083047369977486163e+01,1.072031742407736488e+01,1.074715534955747209e+01,1.064618784766707549e+01,1.072445640586617444e+01,1.070158540916013123e+01,1.065377361941335543e+01,1.065230878695744998e+01,1.055659289656681921e+01,1.067954138747817083e+01,1.066691563189108649e+01,1.064264489941249536e+01,1.063531224279582865e+01,1.066588307209420172e+01
1.033421201215401730e+01,1.030600429923270767e+01,1.032998677418422062e+01,1.026545391070679791e+01,1.030720301024049590e+01,1.043423811279182623e+01,1.032934137646823203e+01,1.023735391038301756e+01,1.033799861940558706e+01,1.034763864658473054e+01,1.037017323253426682e+01,1.035444779951909311e+01,1.024033008885264096e+01,1.034496385716095901e+01,1.036947137591020507e+01,1.031671966364636894e+01,1.020314725794638555e+01,1.035429274873608918e+01,1.037406876950220003e+01,1.038433896285588887e+01,1.018287993588933382e+01,1.035717622646316016e+01,1.028166912321428406e+01,1.029758076838628966e+01,1.042588606280870422e+01,1.032600251847685691e+01,1.030302917196424950e+01,1.031733262640461568e+01,1.032884322080120754e+01,1.022303321904891860e+01,1.016806258200084123e+01,1.030733916638031822e+01,1.038876077855335289e+01,1.039317570486258191e+01,1.032015688611436310e+01,1.033066948592306034e+01,1.023431098964845631e+01,1.037802008642767859e+01,1.035850316227025125e+01,1.044101081491902860e+01,1.019460144076300878e+01,1.043007601623375180e+01,1.030151848325478348e+01,1.040312914570541913e+01,1.028127988434028595e+01,1.030302043183695915e+01,1.028102304456482585e+01,1.042357131620359922e+01,1.026490106999064800e+01,1.030155759622855172e+01
9.915949310553004992e+00,1.002522832957246024e+01,9.945805976209458166e+00,9.962262038485425464e+00,1.003599239844849045e+01,1.004230862035973892e+01,9.897191648954384746e+00,1.002492233442824343e+01,1.008645306680136677e+01,9.952067000610879788e+00,1.003526856660422517e+01,9.973665911756016911e+00,9.919234030997902352e+00,9.960654563889976387e+00,1.004477487619847054e+01,9.934928302307090675e+00,9.965876263521188605e+00,9.874385634609559759e+00,1.001738071833995924e+01,1.002855549200723573e+01,1.006914672461993199e+01,9.829519101859540697e+00,1.002917735994365600e+01,1.001553922514392170e+01,9.996913521669414493e+00,1.007824313795528681e+01,9.962888605110299167e+00,1.000088439943443142e+01,9.889035007540387667e+00,1.002215446938822829e+01,9.947665775445411640e+00,1.009425754012860033e+01,1.000623441562864180e+01,1.011145167460652416e+01,9.979502001956765511e+00,9.961582552668984292e+00,9.879588504790094206e+00,9.918448859337198442e+00,1.001498521770771255e+01,1.007365838962632409e+01,1.007927210220390357e+01,9.929354645016767122e+00,1.001253510493580912e+01,9.959124661120414501e+00,1.000096417654867942e+01,9.998517381913694990e+00,1.005707923485318567e+01,9.991429028387406319e+00,9.982980387421296342e+00,1.001464852508388148e+01
9.618368025792154441e+00,9.575040657664185773e+00,9.529169707345289453e+00,9.616473301495089387e+00,9.680206500275161829e+00,9.588619613391298202e+00,9.588746246989458655e+00,9.580727148159297712e+00,9.608134334545814781e+00,9.630842148951421322e+00,9.631186179667576397e+00,9.679646271621352938e+00,9.623258130389348963e+00,9.680928066292135981e+00,9.593068201499850289e+00,9.633961100082782281e+00,9.542714518736243434e+00,9.604254436050174704e+00,9.627832855266788670e+00,9.521952490425324100e+00,9.764552534197258993e+00,9.738687107397483445e+00,9.578386390551674623e+00,9.601980482987041654e+00,9.632225142469120982e+00,9.626126319575009305e+00,9.625313328698876347e+00,9.650416053517432147e+00,9.620887121161581845e+00,9.646308855813860106e+00,9.658337632273649831e+00,9.542732720421893688e+00,9.603731393446807374e+00,9.644169491150847762e+00,9.660687021898338500e+00,9.522937900803691846e+00,9.675776326296995578e+00,9.634224176080977031e+00,9.545016698059665572e+00,9.571901245053116014e+00,9.574350252734967981e+00,9.650457932054770538e+00,9.601402250762237855e+00,9.716585320116209346e+00,9.598608215955927392e+00,9.648161434413410120e+00,9.540770247489568590e+00,9.665421106036205856e+00,9.788510195689569926e+00,9.565430455978527036e+00
9.388945695060460395e+00,9.251324152899602637e+00,9.324380577790661206e+00,9.233091733289567671e+00,9.306271689468749386e+00,9.245591440610217759e+00,9.196014393163418177e+00,9.321418583920497269e+00,9.264595271520342123e+00,9.201189758553701026e+00,9.292395800009018103e+00,9.277864747734811957e+00,9.168494641075673357e+00,9.334199210047302131e+00,9.322256820115525144e+00,9.277135981377833573e+00,9.223330908654737925e+00,9.278298541403216859e+00,9.275940519218700331e+00,9.365040293011634986e+00,9.215751827353438230e+00,9.192081468605922012e+00,9.210012093193702398e+00,9.232898934511164057e+00,9.136078824008183830e+00,9.334477765677181793e+00,9.155236581891035286e+00,9.323973956417907161e+00,9.272672806171959436e+00,9.297504246741997491e+00,9.207075045244859979e+00,9.297560022701464533e+00,9.313016298941930060e+00,9.241507778082430846e+00,9.251172465248579613e+00,9.234173634305275158e+00,9.364642271519350913e+00,9.130778909964940127e+00,9.318423044460709903e+00,9.226228395399315829e+00,9.189551108800493751e+00,9.217104924652682385e+00,9.278940332394219226e+00,9.338423089146601797e+00,9.237205924143060187e+00,9.182891398915550951e+00,9.314048409387444494e+00,9.377405885102476191e+00,9.267982995591012241e+00,9.287509048960936653e+00
8.920814338131473065e+00,8.915063787690241881e+00,8.818524278837561070e+00,9.040397670619201520e+00,8.933741302750476621e+00,8.900985937816974669e+00,8.830844129914357410e+00,8.937313049642645169e+00,8.844853601430685330e+00,8.926414259697482478e+00,8.939702109702615473e+00,8.894246499615139356e+00,8.934319311815395181e+00,8.985215901210859002e+00,8.852742467708532459e+00,8.943706071677544500e+00,8.861588963404006591e+00,8.898073330814161963e+00,8.831775427160252434e+00,8.916537880744353828e+00,8.950807954694335322e+00,8.838570998081024754e+00,8.928434721304125077e+00,8.918793967764171882e+00,8.834570054069569522e+00,8.864049766892966531e+00,8.870408450551714452e+00,8.974558530296308234e+00,8.955656988708062372e+00,8.960524350424840634e+00,8.877176966154406657e+00,8.937101662390778856e+00,8.863405574604728443e+00,8.868617916129835521e+00,8.943247939737076990e+00,8.726324666450377521e+00,8.976123438425407386e+00,9.016074473823140423e+00,8.938955968905601068e+00,8.923572230418178819e+00,8.979679045071703669e+00,8.918677966102116272e+00,8.794026183413523157e+00,8.893118384207228999e+00,8.970153844683329325e+00,8.931750522462325037e+00,8.964386858632597210e+00,8.994408808151229451e+00,8.905446940297716552e+00,8.901569624685043536e+00
8.660103037449742303e+00,8.630241799159790617e+00,8.558877097894930230e+00,8.482286365603188827e+00,8.494410722902866695e+00,8.482147406651863619e+00,8.498272192724309448e+00,8.468748607332752698e+00,8.545391190476166798e+00,8.534271688605683082e+00,8.454880111486254179e+00,8.542637545688553047e+00,8.441299537047564527e+00,8.557501252209510412e+00,8.576244730160905050e+00,8.543841191939701929e+00,8.492901058050776442e+00,8.435379027219196857e+00,8.444609969142476302e+00,8.539525228173594940e+00,8.419394180642765235e+00,8.631109841967560925e+00,8.573290250960075909e+00,8.532344950322730881e+00,8.495603536254963117e+00,8.447980941547815092e+00,8.538594592064407962e+00,8.573612206999399632e+00,8.572677771425381010e+00,8.470917151825998914e+00,8.509920699544508693e+00,8.499777049166294063e+00,8.565088274032273574e+00,8.644074849413540207e+00,8.633845589423419398e+00,8.465958948052357158e+00,8.566613041957811703e+00,8.543046816389892939e+00,8.540748383727366999e+00,8.634882081430939493e+00,8.632049681600070912e+00,8.584397699882824639e+00,8.516923986771335109e+00,8.573722902634694165e+00,8.608997825785390745e+00,8.529801899766750850e+00,8.572578141293970333e+00,8.440661769490986899e+00,8.542148499258665595e+00,8.518721451469739137e+00
8.258827431828160925e+00,8.133132200773177445e+00,8.255893731551864789e+00,8.159739677761308485e+00,8.095856097248459449e+00,8.227484414045290961e+00,8.122623829468864187e+00,8.235882145244866948e+00,8.148220597499518547e+00,8.338568251343351889e+00,8.166559103321041846e+00,8.235874247589650921e+00,8.149577326792003973e+00,8.163680059511202458e+00,8.109206307572161876e+00,8.214658833700813290e+00,8.088767547862840246e+00,8.303408601366772501e+00,8.135791721338623717e+00,8.085820730202222251e+00,8.233921951997180244e+00,8.276766858808793259e+00,8.229522635532820374e+00,8.122105720087361647e+00,8.141815795615496398e+00,8.195724112102071857e+00,8.141818485371389968e+00,8.180791059809864763e+00,8.185309113818961535e+00,8.202737192789637533e+00,8.276611350502266262e+00,8.103755612358947147e+00,8.180251284509294507e+00,8.115688093639128908e+00,8.260661812544984883e+00,8.069057358784929690e+00,8.174594390614309702e+00,8.168743515778189135e+00,8.283422616292725138e+00,8.101388002806684696e+00,8.234909244565313813e+00,8.172218989600597894e+00,8.156364005289448826e+00,8.129957813831779845e+00,8.090407166439591791e+00,8.238063818607489708e+00,8.058216568745669051e+00,8.099167466319832087e+00,8.113483694021008219e+00,8.182430418211891876e+00
7.767356621796843719e+00,7.758247050816052592e+00,7.828287244551326296e+00,7.797747204822588429e+00,7.806535449489639511e+00,7.763633832440419269e+00,7.752360069751117244e+00,7.798525084072791991e+00,7.824195742201737858e+00,7.834141335720740784e+00,7.733960852715658696e+00,7.809072176650261099e+00,7.784901480891996961e+00,7.835648287509116905e+00,7.823792640593901559e+00,7.757640400363283284e+00,7.794835217430197360e+00,7.896207154839071762e+00,7.750653842177577246e+00,7.812237367887326478e+00,7.847796214766442624e+00,7.871439315348514931e+00,7.913704075483526168e+00,7.803005925589254765e+00,7.874352557848180112e+00,7.797096447120076768e+00,7.920559583302023476e+00,7.797423261114036386e+00,7.764268395135974110e+00,7.799685746516856533e+00,7.798604731683115077e+00,7.861403619942852750e+00,7.862521286652540908e+00,7.840279260468991929e+00,7.864525053509771269e+00,7.850767711535889148e+00,7.771302902131100865e+00,7.827981039658438611e+00,7.858001896139476194e+00,7.743488769573171560e+00,7.764854810183403622e+00,7.865553004131454529e+00,7.811970869680930463e+00,7.958828716133107939e+00,7.890948839960068462e+00,7.807298162251845142e+00,7.835486104773149663e+00,7.874488555786070876e+00,7.725084234442935127e+00,7.812241105867882673e+00
7.374828560366390562e+00,7.534202737905522973e+00,7.515144459648578135e+00,7.430263731257658044e+00,7.438463219283776517e+00,7.400167610462508705e+00,7.448041359479688595e+00,7.408074921981745220e+00,7.363251258876673866e+00,7.517971843772482288e+00,7.422378539272570741e+00,7.498553842738252762e+00,7.377452190422144618e+00,7.455637552344906105e+00,7.424489953196650838e+00,7.504786152660636311e+00,7.516352233943163874e+00,7.460446025580057317e+00,7.347877347148518368e+00,7.389017279325424070e+00,7.418686971269684349e+00,7.456972369638065423e+00,7.462313189744958386e+00,7.369601432253337414e+00,7.472134885169117169e+00,7.399930181586776179e+00,7.512385817479829697e+00,7.566135529904412849e+00,7.461311663358584312e+00,7.471246109959464476e+00,7.495206219035407180e+00,7.388398100029664128e+00,7.419568751024691267e+00,7.500742051338183281e+00,7.435648603410028201e+00,7.435415317157605841e+00,7.404771530814384661e+00,7.439637251905312887e+00,7.507514394216244114e+00,7.446317479074031631e+00,7.430503717038626554e+00,7.396472709630617537e+00,7.430646031250361716e+00,7.473858480074551558e+00,7.401586444568167167e+00,7.468471048323770844e+00,7.451043757004955026e+00,7.412705050331363843e+00,7.477825198101878179e+00,7.531547137945985071e+00
7.100698207042496435e+00,7.091412944360908632e+00,7.025453942597693846e+00,7.160231692295684347e+00,7.130502939520359185e+00,7.017441325869542723e+00,7.145738027785836444e+00,7.032119041682443061e+00,7.191197257354719596e+00,7.139460894357581466e+00,7.055974293124921637e+00,7.044497482748075967e+00,7.103594644980638861e+00,7.078048172755281087e+00,7.010121468697132485e+00,7.119816003600473842e+00,7.003819025780154917e+00,7.099313646027954228e+00,6.971130474743993943e+00,7.150094624523889664e+00,7.013670389373030112e+00,7.084777950954112669e+00,7.041262867204681086e+00,7.183697498007439286e+00,7.104522803995074298e+00,6.971606124653954240e+00,7.075102461409107590e+00,7.116887156176836982e+00,7.082365333650598060e+00,7.091352755025610577e+00,7.092797447376994135e+00,7.105949479673793867e+00,7.047085272848377713e+00,7.043992990833295664e+00,7.080529572024940599e+00,6.964658612860101350e+00,7.083214910262763730e+00,7.014309889522027497e+00,7.065634082956904649e+00,7.051588439202910230e+00,7.119560604467787712e+00,7.054674730198837729e+00,7.052716765715072000e+00,7.084133677510648042e+00,7.066406921502367489e+00,7.119359431240478209e+00,7.113951952554494085e+00,7.100210107910990942e+00,7.112630212082276415e+00,7.069428855382080990e+00
6.631329796104236785e+00,6.713546181622018771e+00,6.637403361955256820e+00,6.816288440462067832e+00,6.701912676692906246e+00,6.738381804488930982e+00,6.705225793233981157e+00,6.644491396482942847e+00,6.696725973708542057e+00,6.645514625144777199e+00,6.729866479258295620e+00,6.718672166400094348e+00,6.746112029589641068e+00,6.739317740182860561e+00,6.668104971714612361e+00,6.713745137111377659e+00,6.684643513986630481e+00,6.804946568107127725e+00,6.611994182067317816e+00,6.707697097209316617e+00,6.621414524174984884e+00,6.785200377827388607e+00,6.662727982072130573e+00,6.685649945743962874e+00,6.663067384760696044e+00,6.711166940661946967e+00,6.672580743791655777e+00,6.706091003003884055e+00,6.743556885565686443e+00,6.747792432976977395e+00,6.641974128381907150e+00,6.721322112637126089e+00,6.726083246235643465e+00,6.606906996601167315e+00,6.665590903148867596e+00,6.658198400366175385e+00,6.736519707287810022e+00,6.794590503421646055e+00,6.693588611891049922e+00,6.704437140064586131e+00,6.754396879071957294e+00,6.703099677670417478e+00,6.726183231185795641e+00,6.783402243259622821e+00,6.717419373195200549e+00,6.663825978774698733e+00,6.717781778316436636e+00,6.736178308717294172e+00,6.537890353634835172e+00,6.713644964009485960e+00
6.335479871491212833e+00,6.378973618517126631e+00,6.277591754720773132e+00,6.346837954114503688e+00,6.389849014782593706e+00,6.338123990399078700e+00,6.355003947524924257e+00,6.320787242024987762e+00,6.346744368025883709e+00,6.355033273088193546e+00,6.321032873513073191e+00,6.331661095342061785e+00,6.410547685441911447e+00,6.361344565242539772e+00,6.235315686301983185e+00,6.318383178420727830e+00,6.259578086809571396e+00,6.365091305108139252e+00,6.215264287306975888e+00,6.358501346394111131e+00,6.263239198459357837e+00,6.333744921184238486e+00,6.354505346194042836e+00,6.375885656201540463e+00,6.310263517345142681e+00,6.218919307349427328e+00,6.332063508330032953e+00,6.376729847200423684e+00,6.317079455269993815e+00,6.354484397166864085e+00,6.276078754110067770e+00,6.326961181582933413e+00,6.355124902152526900e+00,6.302156148321168772e+00,6.321028835830777126e+00,6.318188892678346491e+00,6.326206276370911041e+00,6.263069430496724266e+00,6.319554637095332161e+00,6.250461851125209911e+00,6.333690782652446671e+00,6.391442376620453558e+00,6.381611358812985024e+00,6.357893254908794312e+00,6.280221404795300444e+00,6.247324752194368891e+00,6.405896114967457144e+00,6.253340241770962926e+00,6.365809667751991086e+00,6.323355641086573442e+00
5.927063548095523160e+00,5.938663116227377081e+00,5.946581045484818695e+00,6.043478752401537868e+00,5.980464446065029804e+00,6.046544727337742842e+00,5.941488513746526756e+00,6.011450815268057468e+00,5.974371056303639627e+00,5.941903059195163372e+00,5.990677249947317762e+00,5.980038236418756981e+00,5.947167695325886072e+00,6.041223904063141248e+00,5.931326923754541625e+00,6.012252764305292096e+00,5.948456304541862139e+00,5.963175258396590017e+00,5.928332962006408913e+00,5.977475466499621248e+00,6.003508485599299505e+00,6.039407364256082822e+00,5.926543422099163294e+00,5.930530321257400317e+00,5.926174064316459322e+00,5.915338837364423341e+00,5.903860812274232650e+00,6.016998567880208704e+00,5.983185219947000810e+00,6.037572433974014885e+00,5.970597604537740466e+00,6.048002136193826317e+00,5.943316763339513642e+00,6.001914209197707351e+00,5.914023424210944846e+00,5.990277225266668282e+00,6.039818759825146266e+00,5.940262506941114573e+00,5.997128787566992969e+00,5.976417607990881287e+00,5.886828087454814451e+00,6.015290345644999981e+00,5.920050521518617437e+00,5.963919931366520544e+00,5.973110566350215755e+00,6.031190607918764712e+00,5.992608300719686198e+00,5.987588323076965757e+00,5.927072785283753475e+00,5.885809835991141270e+00
5.662224260390433805e+00,5.544959114352356444e+00,5.623837395279842610e+00,5.537391322348273803e+00,5.607691703425682128e+00,5.574795518348638623e+00,5.629651042768741398e+00,5.524959598240433145e+00,5.552358217527737949e+00,5.516254071303158035e+00,5.649210227054779487e+00,5.606069978939538956e+00,5.631100864678708184e+00,5.609596667176097284e+00,5.648368465629808099e+00,5.654599271009458583e+00,5.657036760038057110e+00,5.598972423751988892e+00,5.605974919472147100e+00,5.619262758924454815e+00,5.637663040743977838e+00,5.586317025564074612e+00,5.570404369544218248e+00,5.625648433677388205e+00,5.643039208341419588e+00,5.681068665204223045e+00,5.631713502483644440e+00,5.561311168525986837e+00,5.605340617025400540e+00,5.583105830157034433e+00,5.566195179974341656e+00,5.552292867545720156e+00,5.589143575776469142e+00,5.565143665065356515e+00,5.575506728439552973e+00,5.570371806986578633e+00,5.609848594023589818e+00,5.610082352921841320e+00,5.594415744458047790e+00,5.646047918894738338e+00,5.661242634004469920e+00,5.563555897562140196e+00,5.572520556044950446e+00,5.597379553526367069e+00,5.641312487487876837e+00,5.572301984939431740e+00,5.587072405821024823e+00,5.564652148179365376e+00,5.652290094144591492e+00,5.541566262263538434e+00
5.179125927461906365e+00,5.302960698775657455e+00,5.333080231703928753e+00,5.363869238965912167e+00,5.228859735957692934e+00,5.207805354070264237e+00,5.217669985234695496e+00,5.218074041008009978e+00,5.238242839602332168e+00,5.216152563156946975e+00,5.189083885931761841e+00,5.305090481746435493e+00,5.248113882702494237e+00,5.248566303726228455e+00,5.255305815044835960e+00,5.235966791970753320e+00,5.266247075841206993e+00,5.267376131188573396e+00,5.312538925453001326e+00,5.269045095927619826e+00,5.239336451730213895e+00,5.310894076940190445e+00,5.210383609858054044e+00,5.223858111447507113e+00,5.334634772300818284e+00,5.277564176599975454e+00,5.247762904965151520e+00,5.283094098641829106e+00,5.310266192705514143e+00,5.271869268008150478e+00,5.195995139112386418e+00,5.224650608624761716e+00,5.210190450014713370e+00,5.244483895932052775e+00,5.328059624698657792e+00,5.234707019299722930e+00,5.211438641677579753e+00,5.293647750283998477e+00,5.189732432099617654e+00,5.224175329239780119e+00,5.238897006458487660e+00,5.223116916779040331e+00,5.300538080660681217e+00,5.235127156505047452e+00,5.233786240834382930e+00,5.255319686326637374e+00,5.158605112951152094e+00,5.327387553302422418e+00,5.274182185191296668e+00,5.218075766411781835e+00
4.977669405991562712e+00,4.863249803790758996e+00,4.876301837867712763e+00,4.861819085167167209e+00,4.903803072081604597e+00,4.828970627090160228e+00,4.902997335208329588e+00,4.892888924972424114e+00,4.856833371565916657e+00,4.942633777673064444e+00,4.858162778245746161e+00,4.938354775408063446e+00,4.869594915486007203e+00,4.819290236965327878e+00,4.869280649260159244e+00,4.856962998330359937e+00,4.896970632456457473e+00,4.874753355483099071e+00,4.912258930603015550e+00,4.885565984667709749e+00,4.827756362780930566e+00,4.862393878571171335e+00,4.825002141613641271e+00,4.887390905464616964e+00,4.909597900278587446e+00,4.837988973140156190e+00,4.783753639033238692e+00,4.815071951092748215e+00,4.961177173948586372e+00,4.913958958949764089e+00,4.784856527419451666e+00,4.845278140155468094e+00,4.915558167433203174e+00,4.797226233654971139e+00,4.832148727256430298e+00,5.001714474103122754e+00,4.891607871775621064e+00,4.974898088830442155e+00,4.893547090916077202e+00,4.941092207481851517e+00,4.912763979693098193e+00,4.807329337297225003e+00,4.934478253775259837e+00,4.836103848955092488e+00,4.911038167597943094e+00,4.889659301821715154e+00,4.848938271256593602e+00,4.884090318008515119e+00,4.844915305379234205e+00,4.871398960595762162e+00
4.549584760032321817e+00,4.541589213897434085e+00,4.481114958536572601e+00,4.516317069054098354e+00,4.508596263423949146e+00,4.516548378471020087e+00,4.562259887641136658e+00,4.515431884889478553e+00,4.546040903772029296e+00,4.530446746476672004e+00,4.562821065226336792e+00,4.480295108831836792e+00,4.580659019383872987e+00,4.587821649859125550e+00,4.532059358258648807e+00,4.521764351332720366e+00,4.587608111786382281e+00,4.505315401727137292e+00,4.475645523758778666e+00,4.542059107196448231e+00,4.560632651242055857e+00,4.563936872745790296e+00,4.481548356812806944e+00,4.521028254889357001e+00,4.570950327386892553e+00,4.563172815866568754e+00,4.496371282321482532e+00,4.465207564908750371e+00,4.547602006830937960e+00,4.477680690634763927e+00,4.505871158145515309e+00,4.501803828443462052e+00,4.526430004241993821e+00,4.517840096210291811e+00,4.460391273678005142e+00,4.541335819487890113e+00,4.619693711647647305e+00,4.583224118504117151e+00,4.509408293343587282e+00,4.520488301162274070e+00,4.523652364544654247e+00,4.545598671158254334e+00,4.528267004126065309e+00,4.560480606470694198e+00,4.620298691542120473e+00,4.605970176963540830e+00,4.514713419308243658e+00,4.593406754380180423e+00,4.504046496325427640e+00,4.589160891022059374e+00
4.209765546986243834e+00,4.149989393870703758e+00,4.240894648555170399e+00,4.245725187471914630e+00,4.174982914316665905e+00,4.125163574764485475e+00,4.198781719899493226e+00,4.141163346453616612e+00,4.228425155865108032e+00,4.212960728506437214e+00,4.213536342079545527e+00,4.147486705993363998e+00,4.162439003668036541e+00,4.079303007739984110e+00,4.171594259713194752e+00,4.195750443895474469e+00,4.153766225594182515e+00,4.159057760902873824e+00,4.152343215109720376e+00,4.249195090306398193e+00,4.216703074657234929e+00,4.160479573953037580e+00,4.145738848983660851e+00,4.156388612258207438e+00,4.280954524810415052e+00,4.175316822257700622e+00,4.128505195774536674e+00,4.097130411761496838e+00,4.169448430844031606e+00,4.210333579126344539e+00,4.205709620524928916e+00,4.186743931511522021e+00,4.201297244210444148e+00,4.123694820464572253e+00,4.196275303068643936e+00,4.209812627974273802e+00,4.301356465856528644e+00,4.178442521488954675e+00,4.136924306809860674e+00,4.254670217783648845e+00,4.231155672076180707e+00,4.182906185015932365e+00,4.246791311518334666e+00,4.224174599391086637e+00,4.172198710039629610e+00,4.231857330774166037e+00,4.224558014666851768e+00,4.126472215218193185e+00,4.184004286228310221e+00,4.232154674045236042e+00
3.875215274449131275e+00,3.842460724231653746e+00,3.856429967887804899e+00,3.905499745063803374e+00,3.848074331179395458e+00,3.900677878038925517e+00,3.858146802742712378e+00,3.872021420937406422e+00,3.904414931272832234e+00,3.813589494754853426e+00,3.868168912194846154e+00,3.812512150830062119e+00,3.880035177218521980e+00,3.811690430857781031e+00,3.814807228845567888e+00,3.844320739272150789e+00,3.785067938097313345e+00,3.864152434793797219e+00,3.829746661021313781e+00,3.927952146522242671e+00,3.792734316581584331e+00,3.885632796523607269e+00,3.824433901563697891e+00,3.861685163348751004e+00,3.806053581227955451e+00,3.855867364661734076e+00,3.852909276999196386e+00,3.777181905968799658e+00,3.822664351729370580e+00,3.901743768860338690e+00,3.858023201976310990e+00,3.828930743008355453e+00,3.868189290147367121e+00,3.830384221257281840e+00,3.839630454939958248e+00,3.864879069483039054e+00,3.852597045807024223e+00,3.859648810538194752e+00,3.850538738198389765e+00,3.870792883449694965e+00,3.901765699974273804e+00,3.830006037186564516e+00,3.901523463871189534e+00,3.843627347233058877e+00,3.762805095588568793e+00,3.817307110854202712e+00,3.864404228380923012e+00,3.829437235099718784e+00,3.872375793339486449e+00,3.896169576574847415e+00
3.481506875731081418e+00,3.514731572242138391e+00,3.450450711865843623e+00,3.495446303697963941e+00,3.552610083532180774e+00,3.498352531167281843e+00,3.539815866792592303e+00,3.525933289583395247e+00,3.458889201398901658e+00,3.508869266957016286e+00,3.532921242140004470e+00,3.500986821672813498e+00,3.551496776057345706e+00,3.536806346513640786e+00,3.477924903606168350e+00,3.523356725347586149e+00,3.479194280644696935e+00,3.558329373094653914e+00,3.509390512467069456e+00,3.461563553118521597e+00,3.518639543127672908e+00,3.559371542715016989e+00,3.500558554465141192e+00,3.481494304434462173e+00,3.584463272633421127e+00,3.512814966345443324e+00,3.522382182649181459e+00,3.560791436155514855e+00,3.545351620544793914e+00,3.549130249574800278e+00,3.452128230239851714e+00,3.511876066026050847e+00,3.451960372115550513e+00,3.511368291568343292e+00,3.479512388141106527e+00,3.554296220488478930e+00,3.473716503369733033e+00,3.559009977043048334e+00,3.548760244854114898e+00,3.500803008607346722e+00,3.527772256587177413e+00,3.573520922395472699e+00,3.513119518374059336e+00,3.483770918629448321e+00,3.530044756405693374e+00,3.550167499327613996e+00,3.495644408724349006e+00,3.569116039868330592e+00,3.512855467879099525e+00,3.493481811124435232e+00
3.241083259166516406e+00,3.167851991385652433e+00,3.199772342272902304e+00,3.202780238694006520e+00,3.172393439039682850e+00,3.209795011064794146e+00,3.168175755434865959e+00,3.154541714611633907e+00,3.175368657717434484e+00,3.194619666498168975e+00,3.223805393546384845e+00,3.173327786261584738e+00,3.215270254402996297e+00,3.148389815178679552e+00,3.173860723510742776e+00,3.136341054962347386e+00,3.153223294253721498e+00,3.197181016922624242e+00,3.245829366901638480e+00,3.241306934306769527e+00,3.131653431228603512e+00,3.201497634062988151e+00,3.181424005102322816e+00,3.179087998944920557e+00,3.154088319432020615e+00,3.156605477538529048e+00,3.218161747015466201e+00,3.262898391188731040e+00,3.206355412586013198e+00,3.124760180326861647e+00,3.144348194359563919e+00,3.190611335038777252e+00,3.199641714892829114e+00,3.181942883447956838e+00,3.251708046255319395e+00,3.130453953652192922e+00,3.270274240691303458e+00,3.200161914861361812e+00,3.215713479430291066e+00,3.116252053600180094e+00,3.200335733838322039e+00,3.189878657378629079e+00,3.185734824936794052e+00,3.199097856365348491e+00,3.130291274342374752e+00,3.193878454645636022e+00,3.174475808629092288e+00,3.207943816496511058e+00,3.192058395054830910e+00,3.184267839944075362e+00
2.906113476222602632e+00,2.823519158881013791e+00,2.912985725962331518e+00,2.841882540758637443e+00,2.884206596319743188e+00,2.871994532993422222e+00,2.837439526118243460e+00,2.956615243778245805e+00,2.897043346000666819e+00,2.858158857737672420e+00,2.857236178176447261e+00,2.889102478627439741e+00,2.956736802114122042e+00,2.887958855760867305e+00,2.882168768603301956e+00,2.846210737220801423e+00,2.933747102960241104e+00,2.858225723425098952e+00,2.934908746763116749e+00,2.810730071559684795e+00,2.860667134629518049e+00,2.916538609095031376e+00,2.830548345846180425e+00,2.831775263909765084e+00,2.861934904719331652e+00,2.864356052573618250e+00,2.905384492591587708e+00,2.888490015944835676e+00,2.850584314890740600e+00,2.861221170931032010e+00,2.865755011996291568e+00,2.908419408148109397e+00,2.844367104006255254e+00,2.858551992062838387e+00,2.903317392457534396e+00,2.838615778531965006e+00,2.873019089548779270e+00,2.857992763274857406e+00,2.882144265666965577e+00,2.895231236478945647e+00,2.848022367430817159e+00,2.921207677858121521e+00,2.920898875698143993e+00,2.902677861221063527e+00,2.869532073538930472e+00,2.925796965165417429e+00,2.837994970329942745e+00,2.902596315941716298e+00,2.860235199334253409e+00,2.898910813065370018e+00
2.507172130117044428e+00,2.600228413046114184e+00,2.581138491321341988e+00,2.563433316325971489e+00,2.584760493325171549e+00,2.616911133139108614e+00,2.565204727857027134e+00,2.529550523834566356e+00,2.633359625071759247e+00,2.612498804714167289e+00,2.542236226065034632e+00,2.627579408996854937e+00,2.579240793073708460e+00,2.542756458948602027e+00,2.602384327433857614e+00,2.577612567058723769e+00,2.618704556852313736e+00,2.510667679805897112e+00,2.565925031930170519e+00,2.598876504090107620e+00,2.567481961947096103e+00,2.576201729856490541e+00,2.543127567285924151e+00,2.530771264870440351e+00,2.522227093707960943e+00,2.562397735136713983e+00,2.597789597809964768e+00,2.500669816530269873e+00,2.559269711928749746e+00,2.556133343658797408e+00,2.538199420066545642e+00,2.603843114522408353e+00,2.647685388847311305e+00,2.561470692930055026e+00,2.584008069516503969e+00,2.525712694509348655e+00,2.567884636582608238e+00,2.591127770950432563e+00,2.595007517201345593e+00,2.605743787556483060e+00,2.508694788029447675e+00,2.559418134360611941e+00,2.584686974053897579e+00,2.554989659350825892e+00,2.516139932946336089e+00,2.570696567292005241e+00,2.581373123241224921e+00,2.587562537126176565e+00,2.494678865436166237e+00,2.552378682898551077e+00
2.236929311321511182e+00,2.235699827992813749e+00,2.228042864693419389e+00,2.255866058159720744e+00,2.276296999320812198e+00,2.298157776256054330e+00,2.255997530704780818e+00,2.257169150104311850e+00,2.259165811370276611e+00,2.299523786096647093e+00,2.326217276379404009e+00,2.299453811981870821e+00,2.263110647489344540e+00,2.285649745042005687e+00,2.316046984514259943e+00,2.269289562338822730e+00,2.273839246969490357e+00,2.266017699634590876e+00,2.328782483950731397e+00,2.229861290387897821e+00,2.225356844096685105e+00,2.330926749213827254e+00,2.238691505824156991e+00,2.319399063557392004e+00,2.299529389338154317e+00,2.311819590238072042e+00,2.236203076665622458e+00,2.316811096639884937e+00,2.299567040514997718e+00,2.225117376220439702e+00,2.253318844821577294e+00,2.245262258212507689e+00,2.332502228713018155e+00,2.269211030074504087e+00,2.249068638354713379e+00,2.257060773438253509e+00,2.315899119304650533e+00,2.248301349272669114e+00,2.298978122710912952e+00,2.344037123761458563e+00,2.271592948938152112e+00,2.281161941841098439e+00,2.304774474385642424e+00,2.320015978159359893e+00,2.296330373221578736e+00,2.273352266616078143e+00,2.316846082033088727e+00,2.234330227183958684e+00,2.300186625536062124e+00,2.257578153625139361e+00
2.024601598910720224e+00,1.996844242723178287e+00,1.955873448718769003e+00,2.005676493516012293e+00,2.030535448785287578e+00,1.994574879175735393e+00,2.014386406497686632e+00,1.959371060330304504e+00,2.013567006690303085e+00,1.960087151016929763e+00,1.985240947218052998e+00,1.982361604756410767e+00,2.045705247353029055e+00,2.025497630800374704e+00,1.979617733332939222e+00,1.990404064909067294e+00,2.000484875016009134e+00,1.995718177166506013e+00,1.989616849899583872e+00,1.959040345675490569e+00,1.953183233729261170e+00,1.963033300075009313e+00,1.998181715743184927e+00,1.997991113125527685e+00,2.025243477051866137e+00,1.991982174042156606e+00,2.013090181426341552e+00,1.990714747083737413e+00,1.989554510282783184e+00,1.978497758889143476e+00,2.033599910479709116e+00,1.969135386490629136e+00,1.998800863088131097e+00,1.980045282568238418e+00,2.039236176157666502e+00,2.039150973302808367e+00,1.998199891309463849e+00,2.049453542499709346e+00,2.026907936194767945e+00,2.017823043574507480e+00,2.028770123257275682e+00,1.992994786711905997e+00,1.983215367569951093e+00,1.952685128261219205e+00,2.013144046264018439e+00,2.020427859424603678e+00,1.991092181699978259e+00,2.021595063620416965e+00,2.002164975697364735e+00,1.969748168505493613e+00
1.741566783147813213e+00,1.727407980582926994e+00,1.736588905410078043e+00,1.732631879244366235e+00,1.732730384293515558e+00,1.722308997744105730e+00,1.724932225907205519e+00,1.705590540956440471e+00,1.736603604794882072e+00,1.715753662918994671e+00,1.696549796832262036e+00,1.669981226279855901e+00,1.708728125634117134e+00,1.705936848087204805e+00,1.754154304310890922e+00,1.726221177843735077e+00,1.768038026253017092e+00,1.730990789590487688e+00,1.729704251210501198e+00,1.745339838974057756e+00,1.753593104172109784e+00,1.712864392338532715e+00,1.722393448935336746e+00,1.717600051635789438e+00,1.740395474617128624e+00,1.766489333089308111e+00,1.693783707975345498e+00,1.698762039811231084e+00,1.752090875866499253e+00,1.738897638082143704e+00,1.677500255831164022e+00,1.745495278929474647e+00,1.749335209356328580e+00,1.754796488741024341e+00,1.724834396366438316e+00,1.714021759058240946e+00,1.726548980250147913e+00,1.749920634662198493e+00,1.707497613265776204e+00,1.719756664215702724e+00,1.718076934487293927e+00,1.730788222053747161e+00,1.731888325347266777e+00,1.690938564479975037e+00,1.719228766349879756e+00,1.739127873670544444e+00,1.722414818942418435e+00,1.738330469404803402e+00,1.736225538308068028e+00,1.742808734772327783e+00
1.449968835424933156e+00,1.488679238155406592e+00,1.448053284593473045e+00,1.462547982743109154e+00,1.479801236992418501e+00,1.499698598072595201e+00,1.441524527914316067e+00,1.472554683272210507e+00,1.469107861143706950e+00,1.497862180253435316e+00,1.446056405053850469e+00,1.474520441514173053e+00,1.498836549754273273e+00,1.480598611261835229e+00,1.440496022201320336e+00,1.463821082007000562e+00,1.423160855082361564e+00,1.472124319882713861e+00,1.478562204434091365e+00,1.459044778060540892e+00,1.466950982631231470e+00,1.447436156327807977e+00,1.540669540774656232e+00,1.456146673692866989e+00,1.475098706793325221e+00,1.461055117168354567e+00,1.468685197498422745e+00,1.483007783171785610e+00,1.465883384847715520e+00,1.496171667849212294e+00,1.492849947475707983e+00,1.483750802668137192e+00,1.479114260010649051e+00,1.494560662279818875e+00,1.487662919112227478e+00,1.457133153391929392e+00,1.515313255800036174e+00,1.492242469236199964e+00,1.458394300404477706e+00,1.461185612743562956e+00,1.467267924214343600e+00,1.488569294986866076e+00,1.483513150350228349e+00,1.494546921751865654e+00,1.472988921048903110e+00,1.462788428313684497e+00,1.442524900072256644e+00,1.454191738902642195e+00,1.511124000526577360e+00,1.507469619847456643e+00
1.222000327065527969e+00,1.222047786937904723e+00,1.233390391924523488e+00,1.233398795968132511e+00,1.235170649566745826e+00,1.241749161396558332e+00,1.235433362469421814e+00,1.247418571060862291e+00,1.239699152628075174e+00,1.254516577976037439e+00,1.251589461300097739e+00,1.245921912426706690e+00,1.190375322704675609e+00,1.228816043642009026e+00,1.229914104435886335e+00,1.234913731341450660e+00,1.198759060730793191e+00,1.203486251712830857e+00,1.209474178478917583e+00,1.223012309558813682e+00,1.223305047929992284e+00,1.251371552182684699e+00,1.270485320369925786e+00,1.229608310933746562e+00,1.219554247345255416e+00,1.235852445815061262e+00,1.257048623372505114e+00,1.242033000968191025e+00,1.218395501693602556e+00,1.258105614728866284e+00,1.255469816367661640e+00,1.228142779656462569e+00,1.221644622852866346e+00,1.236211715153363144e+00,1.221169889822631749e+00,1.229043922572514269e+00,1.228389495760851213e+00,1.243522662228492726e+00,1.216924585531467429e+00,1.202943691330285558e+00,1.231840153343757294e+00,1.238157280923365633e+00,1.220501948138750459e+00,1.226988061066959901e+00,1.221722390306941852e+00,1.228478199562410556e+00,1.236261039593828048e+00,1.213994739054198524e+00,1.214739551332359557e+00,1.227275767093826353e+00
1.017374177785806078e+00,1.005734044841028352e+00,9.949308109403257605e-01,1.001712689993452532e+00,1.027012640855462733e+00,1.009226587598257563e+00,1.023585197957347592e+00,1.034564697770828934e+00,1.007577613382822701e+00,1.015447864658923560e+00,1.023724493641905875e+00,1.032798715261048050e+00,1.034091609521893274e+00,9.861541248394886106e-01,1.024160711679420688e+00,9.957618707920905532e-01,1.009488152256189819e+00,1.035451416975076810e+00,1.020121195476971554e+00,1.016738153493414121e+00,1.048191361379266162e+00,1.011492714345338939e+00,1.012437292740887562e+00,1.019433380552408952e+00,1.024979655368811748e+00,1.006873677726218386e+00,9.856550659673438686e-01,1.005170400411564469e+00,1.035827621686596700e+00,1.004559788854178182e+00,1.020668189635321577e+00,9.897038467670010720e-01,1.031170018724046455e+00,9.876743563067537091e-01,1.027554368218600134e+00,9.941835666416326545e-01,1.029893803948449982e+00,9.958924007124412281e-01,9.987400637705865503e-01,1.015201113986216930e+00,1.002344538396038764e+00,1.018871490715585582e+00,1.017404752336208862e+00,1.018092092905937163e+00,9.646069984606553405e-01,1.002729082773055058e+00,1.007773732204604533e+00,1.009478343093050734e+00,1.002457747867182780e+00,9.776920586234106869e-01
8.014753203772371215e-01,8.155103388082409754e-01,8.126915357567869869e-01,8.018847807658059379e-01,8.360991665922773430e-01,7.890615254303614545e-01,8.125064862941833166e-01,8.327067285762962401e-01,8.077621227373115165e-01,7.942268136763463993e-01,8.161953338294660742e-01,8.145161377416572090e-01,8.057491401194604164e-01,8.159497724730258028e-01,8.262994905711591453e-01,8.043674090533246002e-01,8.403196641343190221e-01,8.358795698583699751e-01,8.226539237299286267e-01,8.318849838369107852e-01,7.998249696932507868e-01,7.937882522517289985e-01,7.979987915721166170e-01,8.077673102617474177e-01,8.031710266258867970e-01,7.931820967664358069e-01,8.002010714253426915e-01,8.240518827993011941e-01,7.913144040547941405e-01,8.210326541462847905e-01,8.366847349976130888e-01,8.253083936092786566e-01,8.146760526343903575e-01,7.981424649712723918e-01,8.159060359328900169e-01,8.050771397149101283e-01,8.124019985700511315e-01,8.099048192193351037e-01,8.011008960798140510e-01,8.091553637801203180e-01,8.160833160752037907e-01,7.750244080422457049e-01,8.140109558261003908e-01,7.902754295006945151e-01,8.017863992334237633e-01,8.122621161386331945e-01,8.103020398895263154e-01,8.064784419833944673e-01,7.946382995310363739e-01,7.964821380740735313e-01
6.231330335450718794e-01,6.215684804104030237e-01,6.291259751129913980e-01,6.252941404967203853e-01,6.415212102193359467e-01,6.534015785253133313e-01,6.433209824190102566e-01,6.312174897494016168e-01,6.180248723174492920e-01,6.323640603667102233e-01,6.305957635774942505e-01,6.373943673945680066e-01,6.196908736620078129e-01,6.288686798116505106e-01,6.381290706544169300e-01,6.221172005182552533e-01,6.224874963131854511e-01,6.428311636937804607e-01,6.440581418489047527e-01,6.462035692266097087e-01,6.496870711581644864e-01,6.246819907726585130e-01,6.184131687544405231e-01,6.438337441146794182e-01,6.104673344294009318e-01,6.242931705287574351e-01,6.246660641695772620e-01,6.360374300626797650e-01,6.367802104468609503e-01,6.288377116437176007e-01,6.251340652385750651e-01,6.356119157833323152e-01,6.464935895466095150e-01,6.281971687537627469e-01,6.413066849023137950e-01,6.267615070893812756e-01,6.346387420001421420e-01,6.273412146074489604e-01,6.364106279400717492e-01,6.429920142222658175e-01,6.361270557286045069e-01,6.542539835153100558e-01,6.360095551062859842e-01,6.472395573428475490e-01,6.151399370105414821e-01,6.308423118484465242e-01,6.200982057195882913e-01,6.378081271092874704e-01,6.258201523718023296e-01,6.397073341056344065e-01
