6.309270366713553457e+00,6.256732258554197124e+00,6.285030678586963404e+00,6.221833414235818260e+00,6.325400813849663351e+00,6.253118869850840866e+00,6.243521220601516042e+00,6.305719528807377294e+00,6.227087327577462084e+00,6.240330873768259679e+00,6.303838081927314541e+00,6.248958855457359185e+00,6.303694535448752134e+00,6.285560889625201320e+00,6.258692113538763202e+00,6.313037717991602626e+00,6.243954315460904070e+00,6.264627005009500316e+00,6.244025931366447679e+00,6.334523039118864496e+00,6.267179799678626928e+00,6.294426933444669636e+00,6.355050469734130125e+00,6.237846392852181232e+00,6.297362434415929577e+00,6.224647237904875396e+00,6.284608552015361838e+00,6.274769004559668240e+00,6.333225559801067384e+00,6.282966356750987913e+00,6.285409762756485996e+00,6.324150951772691265e+00,6.296358401952740991e+00,6.302423709618205194e+00,6.322737682966305783e+00,6.266459954220223949e+00,6.297816429463697574e+00,6.313636536862572868e+00,6.285227171838264404e+00,6.284176861760506050e+00,6.271927967246409885e+00,6.306050919243505248e+00,6.298706789334948652e+00,6.306257245822881607e+00,6.249869941772029591e+00,6.318499409498471664e+00,6.324340362485140865e+00,6.249809534132495514e+00,6.287789764106059387e+00,6.330980334050547498e+00
6.245753509088700639e+00,6.290884531854523232e+00,6.246000414235554743e+00,6.312361507531121241e+00,6.257156785506704288e+00,6.255279195149276106e+00,6.316688185029608604e+00,6.281395970768908654e+00,6.251521651476146246e+00,6.285904668241401261e+00,6.284058561628468098e+00,6.301254023519091696e+00,6.246021204481969846e+00,6.259979026709574512e+00,6.239001606773505237e+00,6.305173892354095422e+00,6.296819169515776693e+00,6.287182703845185294e+00,6.328086803699142671e+00,6.253016661537352583e+00,6.265987275091545072e+00,6.259526096900338565e+00,6.281644786370431888e+00,6.268569370765784576e+00,6.271255010241373107e+00,6.231670161899093507e+00,6.277927030768755579e+00,6.281847314086029144e+00,6.272206939087504374e+00,6.299427255542695114e+00,6.274036166095798173e+00,6.294318197805878867e+00,6.241526533892590933e+00,6.292615084332470410e+00,6.237149661909699105e+00,6.287546439253294039e+00,6.281135535331533681e+00,6.266733556339977973e+00,6.249622840688267011e+00,6.268437471278478057e+00,6.256707760765079840e+00,6.259941354333252939e+00,6.298090117236130325e+00,6.305264573491801805e+00,6.291303257496679180e+00,6.290898588480039244e+00,6.347445569804801124e+00,6.340697203639065194e+00,6.245468474869275255e+00,6.277583196139005395e+00
6.237041619067277054e+00,6.275717110445127034e+00,6.256079862911164469e+00,6.336138747110509506e+00,6.328052558338675304e+00,6.247952940377299313e+00,6.277779228597718308e+00,6.293013750935706696e+00,6.244364421264884335e+00,6.330439536669721257e+00,6.247439454406374715e+00,6.305980377894210953e+00,6.349171818668404299e+00,6.246844578336594012e+00,6.281209032275683946e+00,6.289467754633280450e+00,6.287895510618970896e+00,6.258986243472442368e+00,6.331991848550311275e+00,6.292619253494780018e+00,6.248273769927449095e+00,6.232575662361681701e+00,6.246802847707643380e+00,6.231203571851589906e+00,6.312137443299639550e+00,6.278215877530143096e+00,6.257006856609137024e+00,6.306691555537049076e+00,6.320576627928710778e+00,6.305757271474953463e+00,6.284173359754457344e+00,6.293944860274063302e+00,6.277597168128300709e+00,6.240040542763670928e+00,6.234046755663591455e+00,6.240560674329106661e+00,6.236747715536628434e+00,6.258440602181427614e+00,6.230668565352811328e+00,6.245124987597308497e+00,6.221146221789562780e+00,6.273192731175009307e+00,6.243216891394014034e+00,6.267289204919973322e+00,6.313588202374080360e+00,6.256378262054955286e+00,6.309905395314304499e+00,6.227003768907926506e+00,6.292946971922646071e+00,6.255181419361417028e+00
6.369626929486727818e+00,6.238693416882253651e+00,6.241476757073474602e+00,6.239496844831564637e+00,6.248974493114329398e+00,6.225460143856775375e+00,6.281537980602466931e+00,6.259658120601863551e+00,6.323311040910505554e+00,6.291688910238654842e+00,6.305721434657034941e+00,6.298350128743813947e+00,6.218418616288108325e+00,6.198328194725155171e+00,6.281757789739786269e+00,6.204619835353399893e+00,6.291499685948290121e+00,6.226884756311540592e+00,6.234579968318036514e+00,6.195864789170623332e+00,6.290550319281267733e+00,6.417299171583132456e+00,6.253316089054488991e+00,6.236458794438044961e+00,6.292426601806067055e+00,6.320977660159554645e+00,6.202033775130542992e+00,6.271971087517954402e+00,6.283385283694140178e+00,6.262561069483975729e+00,6.274659131797050371e+00,6.267848639543878164e+00,6.253672357864635600e+00,6.223203513849512980e+00,6.236037985977725739e+00,6.309000043330759588e+00,6.240645096050123186e+00,6.311407873440792571e+00,6.348617401021095397e+00,6.248122466347818538e+00,6.231992787619730301e+00,6.225509540960868726e+00,6.261908458030217339e+00,6.272656530118345231e+00,6.248978542629018307e+00,6.274901787821722365e+00,6.262131322510413156e+00,6.253851070554076408e+00,6.210147710614612571e+00,6.249047455652313232e+00
6.287706596565756811e+00,6.267080120153410761e+00,6.249930617074845429e+00,6.197592516463371837e+00,6.235520223484980029e+00,6.189265054545792566e+00,6.223846186207512510e+00,6.239204162854369073e+00,6.236596049855469559e+00,6.245473182018246305e+00,6.253135685884601003e+00,6.218919489970916814e+00,6.244753342598913903e+00,6.197313458014297005e+00,6.214542849173295025e+00,6.263041410534568421e+00,6.236134606812957060e+00,6.228632767092186384e+00,6.212578625778346186e+00,6.267419614910792802e+00,6.224213449027510947e+00,6.240000508435520565e+00,6.243161772307066926e+00,6.279632370589177448e+00,6.301638047967557554e+00,6.292103082541940395e+00,6.222840574298939664e+00,6.202731441576691651e+00,6.244565272173709047e+00,6.273614066111550258e+00,6.235270736927723156e+00,6.255563779595481932e+00,6.217700379714521830e+00,6.191058831143449126e+00,6.234477194174036896e+00,6.238771829675088476e+00,6.271188157250509931e+00,6.289047393281486542e+00,6.274494996066563246e+00,6.245542339808610954e+00,6.206140211067686430e+00,6.270386382831948602e+00,6.287004061001154831e+00,6.289541166030578445e+00,6.234683880876462858e+00,6.228717779148863265e+00,6.260029931468328535e+00,6.245218873280779626e+00,6.216797531257492793e+00,6.225742831639107244e+00
6.286372718900641310e+00,6.206416594889541116e+00,6.269619174230670389e+00,6.207741105770253398e+00,6.278622943241580323e+00,6.285183224730655382e+00,6.208229570269456765e+00,6.225765062180136589e+00,6.203080138199585924e+00,6.262423885152681002e+00,6.261794868245865509e+00,6.229331013307089826e+00,6.209315585871242327e+00,6.240586749728866955e+00,6.202720944624283028e+00,6.357267225244084052e+00,6.221980107884887090e+00,6.231589256580185143e+00,6.208635044526776170e+00,6.198736592540203816e+00,6.283876242673759549e+00,6.248935791788643890e+00,6.242287034599097062e+00,6.279188831855184283e+00,6.216002237313485779e+00,6.241126184200095572e+00,6.293303378908112755e+00,6.224222432414442174e+00,6.259245577952630590e+00,6.200413757381173063e+00,6.228663835838097462e+00,6.247568447268410985e+00,6.232227919534646610e+00,6.177043462039342181e+00,6.216246549275714628e+00,6.251467203766027048e+00,6.188325193257020906e+00,6.284602053229884966e+00,6.261624193590313858e+00,6.188723520441732795e+00,6.270594015171835345e+00,6.206664739920759288e+00,6.252613219856563376e+00,6.166749770318119772e+00,6.213288124679505309e+00,6.213414888140200709e+00,6.231788550184822917e+00,6.243737988696852703e+00,6.214419660134844925e+00,6.227472146366062056e+00
6.252214767460667844e+00,6.216718602522028903e+00,6.194087230429981439e+00,6.177687348406433188e+00,6.194946400368863237e+00,6.162403868668478779e+00,6.194240195255785508e+00,6.256839892590894792e+00,6.200788899418138378e+00,6.273564866277355101e+00,6.205604871279296830e+00,6.166090608929939876e+00,6.220295794145663137e+00,6.248949733441067522e+00,6.259534950356722582e+00,6.241004199334313718e+00,6.194390009822339671e+00,6.190606305592340597e+00,6.212354964629736465e+00,6.181298251685132250e+00,6.203225692690182314e+00,6.263300079966507283e+00,6.278197936755128161e+00,6.207422596279768001e+00,6.197943783124859607e+00,6.238968517828267224e+00,6.203629130722681850e+00,6.212857855141698415e+00,6.207214679980275207e+00,6.237796026881575528e+00,6.169325901946258739e+00,6.224480004964159541e+00,6.196164861082491093e+00,6.215396941552448595e+00,6.181343151762232146e+00,6.243755905846601451e+00,6.198744111016641689e+00,6.244647969773139629e+00,6.230920368825793254e+00,6.201825129016050653e+00,6.242274199082437747e+00,6.194596464772358146e+00,6.197179805245327522e+00,6.222436819379347561e+00,6.202449387286654847e+00,6.190634974924765110e+00,6.234758139765901319e+00,6.146462008144207623e+00,6.207362606491405366e+00,6.291493379588541934e+00
6.147217437661236517e+00,6.165835508682247834e+00,6.214232539220106766e+00,6.197386602274172596e+00,6.192845893701677262e+00,6.192782408640306713e+00,6.237605173487461130e+00,6.190275501259058899e+00,6.262865463330368421e+00,6.160148218822744326e+00,6.191650091247824506e+00,6.235558405622234623e+00,6.177793208588866491e+00,6.148917681443069050e+00,6.171446601527390108e+00,6.203764174855606051e+00,6.172660977086634304e+00,6.211958171810866958e+00,6.182351359846807171e+00,6.253415128582530791e+00,6.188671111628093691e+00,6.177575707448006881e+00,6.230109628776799191e+00,6.187867971719917648e+00,6.332149194469250730e+00,6.251132563489013805e+00,6.139347344348233371e+00,6.252986500279391180e+00,6.224876119195479340e+00,6.239032559181103998e+00,6.161915823157433358e+00,6.212966392338282517e+00,6.174656195910690926e+00,6.132986862874251877e+00,6.199570377621005157e+00,6.264725886732918525e+00,6.241441874479786378e+00,6.254094901999752487e+00,6.188602717547740717e+00,6.173479612965712349e+00,6.201392423802451148e+00,6.132078150692255925e+00,6.218193968143223671e+00,6.192725378634839295e+00,6.178245443254497538e+00,6.217481820507686940e+00,6.160947002731132827e+00,6.208680612248281605e+00,6.199796500456950632e+00,6.236703224719764016e+00
6.196008219692885177e+00,6.187590613116518590e+00,6.174325528706580357e+00,6.183579194358992837e+00,6.141680135480328317e+00,6.147344304272760240e+00,6.176644480070756060e+00,6.123370527847148637e+00,6.163474402708578381e+00,6.192491934032005929e+00,6.210535201226152324e+00,6.138106796832961898e+00,6.142980561654724170e+00,6.141459771988710514e+00,6.182967037412463007e+00,6.169823639058824583e+00,6.185924914497820559e+00,6.186467996409329650e+00,6.182416257417497896e+00,6.146629090103624016e+00,6.155339571848839064e+00,6.166679369559492585e+00,6.150997019715160441e+00,6.127063341001210972e+00,6.137821301652860662e+00,6.110089988292398466e+00,6.118523320189646952e+00,6.193129396672477860e+00,6.123143956881214045e+00,6.213228186866381009e+00,6.234107445070950604e+00,6.142133216986436217e+00,6.180962845254690308e+00,6.164734339355497639e+00,6.219288306680600620e+00,6.180285813862758104e+00,6.215943492087061983e+00,6.142756822372804848e+00,6.187824474966117982e+00,6.196901040033272245e+00,6.187486055303511812e+00,6.231712555593145630e+00,6.202485222907202278e+00,6.185632715329928644e+00,6.268122897984282460e+00,6.157539768603062846e+00,6.162812127718265032e+00,6.167356864307786957e+00,6.184354043814733082e+00,6.285502324881497849e+00
6.086971935991053684e+00,6.163436139963200056e+00,6.130435901648755070e+00,6.170924975652012812e+00,6.595090146124189978e+00,6.145663768432699570e+00,6.114955842284152787e+00,6.187688560216193068e+00,6.203060467219168039e+00,6.103306311583211574e+00,6.132546161237922178e+00,6.160791111761298566e+00,6.099431938793796526e+00,6.095748559746233752e+00,6.087339576095026850e+00,6.109520710524793508e+00,6.215711332517743770e+00,6.212136587704867097e+00,6.136501200532034517e+00,6.071427226889213102e+00,6.153038379838362104e+00,6.113505773270609289e+00,6.253317134569836178e+00,6.135849601342763471e+00,6.188411620853310424e+00,6.355715122928399019e+00,6.149011789922125715e+00,6.131050695503919457e+00,6.069990715810745563e+00,6.084949572160626374e+00,6.175407441097150674e+00,6.157637312737279878e+00,6.162667296082152468e+00,6.185660922478489532e+00,6.122370430322298773e+00,6.113816884420653075e+00,6.159192749932535627e+00,6.084336759342013679e+00,6.058127480966364331e+00,6.121812600582547503e+00,6.122215164554480005e+00,6.144217255919828702e+00,6.116222566546471562e+00,6.166547404018809964e+00,6.123596705444537491e+00,6.141729142046164824e+00,6.141036621011553898e+00,6.146246146126836507e+00,6.128775432438188453e+00,6.137521333471891438e+00
6.097117639552141810e+00,6.126754235373146784e+00,6.134600224370013954e+00,6.093645131207705568e+00,6.106480457263218753e+00,6.083070583578884083e+00,6.128470384580216646e+00,6.069426113577281789e+00,6.079257814660874004e+00,6.057076637694485122e+00,6.129651682152085890e+00,6.064132471531355151e+00,6.058421066639575692e+00,6.032134925954520277e+00,6.067187351872650680e+00,6.102782408119633573e+00,6.103417044265730951e+00,6.187735542859274851e+00,6.133782544537454307e+00,6.048796210604358237e+00,6.127469959100687369e+00,6.082202078405173573e+00,6.063976469961556148e+00,6.055252239238160250e+00,6.062302269731985938e+00,6.121704745527813962e+00,6.032381263210774058e+00,6.153536492973320726e+00,6.091914229512909174e+00,6.082656819926518743e+00,6.055714272338152071e+00,6.113039806500601969e+00,6.085873123268306095e+00,6.129403426372986630e+00,6.121536033716168390e+00,6.135323122668032703e+00,6.084743266699182307e+00,6.127356450275774691e+00,6.086153998170904522e+00,6.109358991454883814e+00,6.091839030927834742e+00,6.108845668677873597e+00,6.104027833288020233e+00,6.120991493994631938e+00,6.057718325606884946e+00,6.127193504899189236e+00,6.078627160212468183e+00,6.092005342913522803e+00,6.098371479160969777e+00,6.130259847242489180e+00
6.097641876177833709e+00,6.045316532081900895e+00,6.057227930233986868e+00,6.064108791363168827e+00,6.015476767082682308e+00,6.051555879021945472e+00,6.023432060890461237e+00,6.062464259050709181e+00,6.086618200454619654e+00,6.054885816810272381e+00,6.063396992229314719e+00,6.009249363066952121e+00,6.122192336270449786e+00,6.061395477331001480e+00,6.082399294649261101e+00,6.025017404327546622e+00,6.114565915069145596e+00,6.054422081668811906e+00,6.087162306792964550e+00,6.033250580757413495e+00,6.018236402318466460e+00,6.117891308991444177e+00,6.064394040461086988e+00,6.050749298083250238e+00,6.058246070933024363e+00,6.060701552149282634e+00,6.077274332423857395e+00,6.044604171056943365e+00,6.021142286026131885e+00,6.073534290132121427e+00,6.032839578214804099e+00,6.077174299165184479e+00,6.033974591734694748e+00,6.057190214576989362e+00,6.035303348130706347e+00,6.020116131412739158e+00,6.055396604122462278e+00,6.042979360783363063e+00,6.072873298473880688e+00,6.001816877991784871e+00,6.064901373652883620e+00,6.023944544730369444e+00,6.066229999088967872e+00,6.045227715998716000e+00,6.051527591924528160e+00,6.015970532357511225e+00,6.077830567485450253e+00,6.040597161003334215e+00,6.051633378043608680e+00,6.078438088767167180e+00
6.009875816941651294e+00,6.022656369418249334e+00,5.968159354173082853e+00,5.980002369232844117e+00,6.033302216313860988e+00,6.020239017530668590e+00,5.978979830419956620e+00,6.046198101018326554e+00,6.073199463105162899e+00,6.016160829160503987e+00,6.065686033644064779e+00,6.108868310848476035e+00,6.020517966886759886e+00,6.001946891350175228e+00,6.042689458797594781e+00,6.023570211112185824e+00,5.986025229587147223e+00,6.022070551581067299e+00,6.017128236131793706e+00,6.001650300729919785e+00,6.015303421772616232e+00,6.007446651345889066e+00,5.994434878902833219e+00,6.014005455129426636e+00,6.039400589350106152e+00,6.005032889383955741e+00,6.085084602714005086e+00,6.069251945366313628e+00,6.034572080652906401e+00,6.005150517656054454e+00,6.011379386523877599e+00,6.037761922430987305e+00,6.039268280014322698e+00,6.014504246296499268e+00,6.187187747342390409e+00,5.984230788422204128e+00,6.069109299099689103e+00,6.008167317530675788e+00,6.003414229391523804e+00,6.005893689914586275e+00,6.030896340696732416e+00,6.002681314839905191e+00,5.947047368087657659e+00,5.997414366621379500e+00,6.015080098418537524e+00,5.992165636165019293e+00,6.029087288986212378e+00,5.985956651378081084e+00,6.027737029111721156e+00,6.024859386698166119e+00
5.922492431542190516e+00,5.996411159825711934e+00,5.961960324648708287e+00,6.000072790104926668e+00,5.973323587534967061e+00,5.958146252644057839e+00,6.003357867891607746e+00,5.951469387802339028e+00,6.000980275683437171e+00,6.024150594002685821e+00,5.985586253929558787e+00,5.946239445853529482e+00,5.979191980805769191e+00,5.933583963530143279e+00,5.986137418033370849e+00,5.904507271581423744e+00,6.004480634691008234e+00,5.937893844924344577e+00,5.964547194210533476e+00,5.967772779833120822e+00,5.932270684519544979e+00,5.999821874656858789e+00,6.015288222759893166e+00,5.954865069635085995e+00,5.923628327169375929e+00,6.049148904067039645e+00,5.949934155900330701e+00,6.040189660410803185e+00,5.952984965574380283e+00,5.977402086070132015e+00,5.937226391761488919e+00,5.974491053248950578e+00,5.998776773802834583e+00,6.003860955583752990e+00,5.970628630155248473e+00,5.933392051078764773e+00,5.973845771536367089e+00,5.951066512592012359e+00,5.990098473488509434e+00,5.952356129448314270e+00,6.071083353913514280e+00,5.899039372461330366e+00,5.974444134050588495e+00,5.945041822413366539e+00,5.975213913538700794e+00,5.983790235349681019e+00,5.972538547798755815e+00,5.963190079258175125e+00,5.916469207532609076e+00,5.954163859107027612e+00
5.914363101477261964e+00,5.937266583412987409e+00,5.918738670961531056e+00,6.033771589295527704e+00,5.950806603834162267e+00,5.959820263101375026e+00,5.927592669395721714e+00,5.978841489694666222e+00,5.945049804729392484e+00,5.943466417686940062e+00,5.924965578706081537e+00,5.927805198824158239e+00,5.988867459103901503e+00,5.951411279406950250e+00,6.149924413712960281e+00,5.960547211347019925e+00,5.919706458893594814e+00,5.995170552425640231e+00,5.950018542470949079e+00,5.914249702067613690e+00,5.910930908334802503e+00,5.898746675952218688e+00,5.938818983447427868e+00,5.992208150498505859e+00,5.921366724670731330e+00,5.939875821624286623e+00,5.910678134927221272e+00,5.951759936086303604e+00,5.954414623780125204e+00,5.902674230154280721e+00,6.042237095214220588e+00,5.959457215560791887e+00,5.922510738271509645e+00,5.921382839917683327e+00,5.970783111608367832e+00,5.920940055894656773e+00,5.931982053653618969e+00,5.929790813305480413e+00,5.913806490261241500e+00,5.951098357295060204e+00,5.903797689549724836e+00,5.976119738208828025e+00,5.909148372834851060e+00,5.949622241816261869e+00,5.910213980346636475e+00,5.926343054524234155e+00,5.950158232500586841e+00,5.927523784376616867e+00,5.899397319066007839e+00,5.889296325970025947e+00
5.895364776836346188e+00,5.878123824044494405e+00,5.824175267342488915e+00,5.853518694003039258e+00,5.876909801265922439e+00,5.849826643339854471e+00,5.855131845688689829e+00,5.883952976026651349e+00,5.865437270895522026e+00,5.854383940163580213e+00,5.893772911792609648e+00,6.383597516643922276e+00,5.882923258117106258e+00,5.873912127586084608e+00,5.889958296143150918e+00,5.849241179496781129e+00,5.823228340709253992e+00,5.836989016672976760e+00,5.882285731202723689e+00,5.918717654715203835e+00,5.873477333981610649e+00,5.824735400021159748e+00,5.921438818929414261e+00,5.881567990067365415e+00,5.848145019001850464e+00,5.852109886244695858e+00,5.854858145893030219e+00,5.871121333571431400e+00,5.873602977432454075e+00,5.931590756212148818e+00,5.873052016858134827e+00,5.867335153915195001e+00,5.896798839481268928e+00,5.870958348573932284e+00,5.885698871767574225e+00,5.847246664035634645e+00,5.872218221518843428e+00,5.834509275117662597e+00,5.845894275468822343e+00,5.861297214521260734e+00,5.848639282160182695e+00,5.918671125759065177e+00,5.864486587512686810e+00,5.893682645397226416e+00,5.845777697370968973e+00,5.865466311933596799e+00,5.939151668124020844e+00,5.896113947982771109e+00,5.887791437197362754e+00,5.831499279339234398e+00
5.828757604096923117e+00,5.875548888809844605e+00,5.865095678472080465e+00,5.768941157794971630e+00,5.744410956357346443e+00,5.800701323078182980e+00,5.829432939299371341e+00,5.831995884977638767e+00,5.798136746671119113e+00,5.861900811186473881e+00,5.825941963355027120e+00,5.816198430814019993e+00,5.848246267757220451e+00,5.794734015902857749e+00,5.774310569986855768e+00,5.770014247866741997e+00,5.818712328338609296e+00,5.797640401896763329e+00,5.832534343346160277e+00,5.810890659489938770e+00,5.816646042050369836e+00,5.883122258930312931e+00,5.821360299006568262e+00,5.842933029913419674e+00,5.784300761033557059e+00,5.850196280764621726e+00,5.874539348659723714e+00,5.788692723445763910e+00,5.789928339182326411e+00,5.768878042692096919e+00,5.829069090304793477e+00,5.825051889375184366e+00,5.837973928201513729e+00,5.822084628967502340e+00,5.816803982142884522e+00,5.813736220353857398e+00,5.787716315968493674e+00,5.806486293505418672e+00,5.838978691167493018e+00,5.843834468521732717e+00,5.793313027596111553e+00,5.834561293932741144e+00,5.819985993584546158e+00,5.824118211713105175e+00,5.735913151591994996e+00,5.797248944945752491e+00,5.811864677041167937e+00,5.820978092785919600e+00,5.821064869642360584e+00,5.780002645277947160e+00
5.761889835359768952e+00,5.760624900229956324e+00,5.738407560633961957e+00,5.802471939421094405e+00,5.796754446327046395e+00,5.754685561947679773e+00,5.732676982270403343e+00,5.760146882199672191e+00,5.779960392386148449e+00,5.837845383781704811e+00,5.754182339821055869e+00,5.780680750766129528e+00,5.757266078966965850e+00,5.725080487657736583e+00,5.756101095949075486e+00,5.774451274844932591e+00,5.733131268450321727e+00,5.773522936181708864e+00,5.777147343624258191e+00,5.773391929240653475e+00,5.756486766525500620e+00,5.757774408479717110e+00,5.766469126735057849e+00,5.760952501266407566e+00,5.843018684453878286e+00,5.755516748928658721e+00,5.800897858149958175e+00,5.716194981389350005e+00,5.715947908632561969e+00,5.875956990361700605e+00,5.733926072624919712e+00,5.741814508316192445e+00,5.798214141014185863e+00,5.713084027072814486e+00,5.747963254538396960e+00,5.800843128722964259e+00,5.805024825322929516e+00,5.762193655397980230e+00,5.719153739575989270e+00,5.767038303753137640e+00,5.759104295783883387e+00,5.841298984357592872e+00,5.814197855586396457e+00,5.746327169729180007e+00,5.770100969981851513e+00,5.739608231842457720e+00,5.780566720621626686e+00,5.724260175530983652e+00,5.753952585604077186e+00,5.765161246505559944e+00
5.667001732174322015e+00,5.618330252377594647e+00,5.711229809342736274e+00,5.700968219276182580e+00,5.698637455690076514e+00,5.668398437791482891e+00,5.656983443420153357e+00,5.720546969391929970e+00,5.660952823897824615e+00,5.618277853948048239e+00,5.703769367059234874e+00,5.648870453204936304e+00,5.714167144092148654e+00,5.682603621987159848e+00,5.761641292479713350e+00,5.694217560902146147e+00,5.741500573971776156e+00,5.697677002382851796e+00,5.738375908543076775e+00,5.713973357506748840e+00,5.728401499773140948e+00,5.731035897611477026e+00,5.681868091596469661e+00,5.701877584284904543e+00,5.768101120199291110e+00,5.730703661613315347e+00,5.681239464015794383e+00,5.705171030587205649e+00,5.692348822602041558e+00,5.655151751863435550e+00,5.727950356781062347e+00,5.686714675347801951e+00,5.747197112253167539e+00,5.679629199729097522e+00,5.674634700943188115e+00,5.721779676305294160e+00,5.668265030084561396e+00,5.755480839428165574e+00,5.757350243390602529e+00,5.685093404101510650e+00,5.735953129947003681e+00,5.691391403715041264e+00,5.772098712655416186e+00,5.759796782773896062e+00,5.639491838424971704e+00,5.708422539765670045e+00,5.760511718091579247e+00,5.644270499610589908e+00,5.671804119697941182e+00,5.670572392307671628e+00
5.601644220588197776e+00,5.625740051614193327e+00,5.605487377533135529e+00,5.640168410891510220e+00,5.616631489523050469e+00,5.616121067627178221e+00,5.632497406236363524e+00,5.646861846084750169e+00,5.658510452924677914e+00,5.626779963778482774e+00,5.603837194926054366e+00,5.634827740957780939e+00,5.683144964679426536e+00,5.621318861699912794e+00,5.616121579735715130e+00,5.589124142910851134e+00,5.630779813537183820e+00,5.627059075975987312e+00,5.607927968915620731e+00,5.761865205610845919e+00,5.652164658600056235e+00,5.713429456706266230e+00,5.594654597772629856e+00,5.602347090256773576e+00,5.685991277557262080e+00,5.763097781964576782e+00,5.586440233871885042e+00,5.633194993809562234e+00,5.739383414857008425e+00,5.722238633625917004e+00,5.592839024033044559e+00,5.650733640887912301e+00,5.649213273514121170e+00,5.602489198006106896e+00,5.566705686551724597e+00,5.636708201063207468e+00,5.600550068415422800e+00,5.577682770329227324e+00,5.605315363986010269e+00,5.638869977855632598e+00,5.662069897887818115e+00,5.581754428231795906e+00,5.607256127312698624e+00,5.616856775508801469e+00,5.599068280088236982e+00,5.607889708602646905e+00,5.593956293781152667e+00,5.609464165547691117e+00,5.607848413292518153e+00,5.625040933662979192e+00
5.642033886594146175e+00,5.724686809659880637e+00,5.568827070089990450e+00,5.555285828310407403e+00,5.571234404071478075e+00,5.540491775960785681e+00,5.572481751102465353e+00,5.554786110888236372e+00,5.555694285872448290e+00,5.582128445168819120e+00,5.552972683597103831e+00,5.558893546401533214e+00,5.619140106271017565e+00,5.490963710667058351e+00,5.594491881770245811e+00,5.592960940999163633e+00,5.600409683630510393e+00,5.559437231714030148e+00,5.553801270880083685e+00,5.553754377681235255e+00,5.558055131695454065e+00,5.535863974613256744e+00,5.650962305819508202e+00,5.564247324116434967e+00,5.565788040049892693e+00,5.515807004657193424e+00,5.549582083489732476e+00,5.580107869465298798e+00,5.584849885676327119e+00,5.523807810097792093e+00,5.594672826672377752e+00,5.534610208863309566e+00,5.548327409524433484e+00,5.555613428776637441e+00,5.575518346941416681e+00,5.575719557057892573e+00,5.599151671226643145e+00,5.545799466188370275e+00,5.543196265427213554e+00,5.716868770268338729e+00,5.536043274889496324e+00,5.587235357766634714e+00,5.588917976645825014e+00,5.516904957655843766e+00,5.557877608131593483e+00,5.557567095245473432e+00,5.620372464798218282e+00,5.524203339740923369e+00,5.546509802575152470e+00,5.589253048815562508e+00
5.475674137298207178e+00,5.468347631146724730e+00,5.441598076134144257e+00,5.510070076044510046e+00,5.451628434796744749e+00,5.428647909868948851e+00,5.477086578742573764e+00,5.467039151937806096e+00,5.544898275972226287e+00,5.487157857741058464e+00,5.482727928812169971e+00,5.420337948316237053e+00,5.544654377006486001e+00,5.460124330518290492e+00,5.471071848631906320e+00,5.510354529129392276e+00,5.482015566966494724e+00,5.518606245889842832e+00,5.496669533357361637e+00,5.514684539539962849e+00,5.516014193473784744e+00,5.504228157258202359e+00,5.483022471250828644e+00,5.499208557438403311e+00,5.443178539792672410e+00,5.505917943521677849e+00,5.507238810038402654e+00,5.572548338754811148e+00,5.511871020700856327e+00,5.482666965426603589e+00,5.497918270657883966e+00,5.470224090203338108e+00,5.454685812959275459e+00,5.504075111743297555e+00,5.456050616589924296e+00,5.549382407046069332e+00,5.474188343804802237e+00,5.439045717471156394e+00,5.486509943352643859e+00,5.492751782626237755e+00,5.482212535346052462e+00,5.540976433371814558e+00,5.604453003525635246e+00,5.551440287965568210e+00,5.485831415933482447e+00,5.480061858757424353e+00,5.524364999820989830e+00,5.442639975982556777e+00,5.468522324330284512e+00,5.517147162708908148e+00
5.482265941856625524e+00,5.406321319785255319e+00,5.444457142948378348e+00,5.429961353228788035e+00,5.435557472456864936e+00,5.396619766916601613e+00,5.497211210930794678e+00,5.488244027036321526e+00,5.441309180771759735e+00,5.386995440287314807e+00,5.398562134537827184e+00,5.443275816488124086e+00,5.644841658606643442e+00,5.433621293177258060e+00,5.366043959408854036e+00,5.418658462162192713e+00,5.368021644987884144e+00,5.415900371945856051e+00,5.389819940202525750e+00,5.382090346965506811e+00,5.427661288203157852e+00,5.453506273433431417e+00,5.406979541839557868e+00,5.514836234366252476e+00,5.401692114037852654e+00,5.378596977220289510e+00,5.362669399825660932e+00,5.386376562993389960e+00,5.457008410098425522e+00,5.440612548418198635e+00,5.392075809397329778e+00,5.441001830447722121e+00,5.407392434200136044e+00,5.376978198062985825e+00,5.434913791015531181e+00,5.416065168603178215e+00,5.422391324666936185e+00,5.400902585230372921e+00,5.379876221520311752e+00,5.445405005359421402e+00,5.364586199137358236e+00,5.432250820764803478e+00,5.405237404780027788e+00,5.397617562533909563e+00,5.375297556199156723e+00,5.393385459979455732e+00,5.480717625134918336e+00,5.395940659750309898e+00,5.453419618553525972e+00,5.404866042332538534e+00
5.290710920865678624e+00,5.320291418890541912e+00,5.331542644256546559e+00,5.320994533322635611e+00,5.338517020857300288e+00,5.259239237217538054e+00,5.336282330697599718e+00,5.281776932441461625e+00,5.299774758743265757e+00,5.334505965932173410e+00,5.305283525688576418e+00,5.306213128740933094e+00,5.339915193109407099e+00,5.312448032351659855e+00,5.285445168195908039e+00,5.331791653061864089e+00,5.392667833349938711e+00,5.334489627630342845e+00,5.326648900198433623e+00,5.279280368409300372e+00,5.397383968655401709e+00,5.356986857988454531e+00,5.360987610007945214e+00,5.263691069816594847e+00,5.322572726393698161e+00,5.320436273753069933e+00,5.325626204155348375e+00,5.368126631957037986e+00,5.360592707683948355e+00,5.297239808227469204e+00,5.314047424818002519e+00,5.355554189334083226e+00,5.319365989057650346e+00,5.278432007430311934e+00,5.343291056779652770e+00,5.316326403218390340e+00,5.315784981358834926e+00,5.311213358392993911e+00,5.315333141247152504e+00,5.317126695678802584e+00,5.303663033509018021e+00,5.382151474280066239e+00,5.240359037067544357e+00,5.344545992863209527e+00,5.321918312586262800e+00,5.350939658848343328e+00,5.316998333151692790e+00,5.313203754973553572e+00,5.291873891563717791e+00,5.413441246449004929e+00
5.286137248444110703e+00,5.244022368119964028e+00,5.245244389348364678e+00,5.227603255830636897e+00,5.267897038935801746e+00,5.212783882610670716e+00,5.228499924472692406e+00,5.225749422011372047e+00,5.217305995605783231e+00,5.318320545709458003e+00,5.261237244428093263e+00,5.267893470326131755e+00,5.227213478050945383e+00,5.266783142938937345e+00,5.313614545912630938e+00,5.225551505488507331e+00,5.267112001031998503e+00,5.260481392857645488e+00,5.208541124907157815e+00,5.289826044681692707e+00,5.248915257147034552e+00,5.256457230000787462e+00,5.297807657983363505e+00,5.258345649593112903e+00,5.359107335655937554e+00,5.304841154935444614e+00,5.238983353568303691e+00,5.235021969369356043e+00,5.300703632446962743e+00,5.245446651049669562e+00,5.270550753200835103e+00,5.232529238850144537e+00,5.257280404821440101e+00,5.237043103731434002e+00,5.313781407776567711e+00,5.193039500345910220e+00,5.249871808467739598e+00,5.178798385054752984e+00,5.267295510871854880e+00,5.227802143633543785e+00,5.198108187115956902e+00,5.213072541766864632e+00,5.249237684631689937e+00,5.262126669857633665e+00,5.166571682998738702e+00,5.208378515942327702e+00,5.237438516056501570e+00,5.255491287585308591e+00,5.282990035410590757e+00,5.190289583159015230e+00
5.165470979481550984e+00,5.095628166162157413e+00,5.192917838702245881e+00,5.139209595388114948e+00,5.145896775051177485e+00,5.176535891022077784e+00,5.222963248831211658e+00,5.163217846594390537e+00,5.141014446113165270e+00,5.152433985840136899e+00,5.136604480693265806e+00,5.130574075671789913e+00,5.157141147859674035e+00,5.162668392952827645e+00,5.157325659149597286e+00,5.166617375331690631e+00,5.200963454504572425e+00,5.127750932057627331e+00,5.135871825944830604e+00,5.170452547333019844e+00,5.139568929530896391e+00,5.150449635398467230e+00,5.179884263615578632e+00,5.104894117582580826e+00,5.230382301868541362e+00,5.173091242601535633e+00,5.098039871922892985e+00,5.168793846830162408e+00,5.122215364535395388e+00,5.187708867704662552e+00,5.174388501997595036e+00,5.181217996343972843e+00,5.169084491867997677e+00,5.140217474078175641e+00,5.164369876801115034e+00,5.132007358212943515e+00,5.155339426222729671e+00,5.159755830348649042e+00,5.133467572013308278e+00,5.136417210035806313e+00,5.149156857020833478e+00,5.219367931621604839e+00,5.118451738710136922e+00,5.188987364304570526e+00,5.182203738087520328e+00,5.140292825139227695e+00,5.104760574801573192e+00,5.189251482039836993e+00,5.124379506155621655e+00,5.222719648462636144e+00
5.036376840476939343e+00,5.068142214129845335e+00,5.092892640413090533e+00,5.077229062685092664e+00,5.070805458793820719e+00,5.052792224376690733e+00,5.016379882219418107e+00,5.087386483846338514e+00,5.054023049817234714e+00,5.227363321513356809e+00,5.060531201012141267e+00,5.058761196739228971e+00,5.032594004148561950e+00,5.024988218668727136e+00,5.060292278824346290e+00,5.034774970252023252e+00,5.092406536484397783e+00,5.114812591732853519e+00,5.066289398411665701e+00,5.069880697871410824e+00,5.032965079546030118e+00,4.987518563463450683e+00,5.009310130610499456e+00,5.001611571953422875e+00,5.069999316911134812e+00,5.019423858487809476e+00,5.043449607397118228e+00,5.115891553927060187e+00,5.054940090158865473e+00,5.060496686793834797e+00,5.030854855890250832e+00,5.073301489608872394e+00,5.085179554521977785e+00,5.056280567594595432e+00,5.001302638811419676e+00,5.090124243164236617e+00,5.033116537998087558e+00,5.092077019153358641e+00,5.056245402762119312e+00,5.134535144584815747e+00,5.025450615755322481e+00,4.990283708096663773e+00,5.058827768475945064e+00,5.036982983317679796e+00,5.058063505033890017e+00,5.066544745880649181e+00,5.026260903313898076e+00,5.040455504594872238e+00,5.002379918509128665e+00,5.081784258022461920e+00
4.983630350467620040e+00,4.898172309145060410e+00,4.959534390294379591e+00,5.076465367205932999e+00,4.993087374450015936e+00,4.920040710017007157e+00,4.963463740987828388e+00,4.962013805997065319e+00,5.021626337183832334e+00,4.978550158764617706e+00,4.924144064819386379e+00,4.971156034127367285e+00,4.934095372850600292e+00,4.989936546285532515e+00,4.978662048980791788e+00,4.910799686482713255e+00,4.961399895669861948e+00,4.996355469290715945e+00,4.932515734479553160e+00,4.986810766931890626e+00,4.943483940479689309e+00,4.947506778749393597e+00,4.957022064270071304e+00,4.927841775631286225e+00,4.974486651855301922e+00,4.947371389006305797e+00,4.983111859562369794e+00,4.961805839703272270e+00,4.962938693670041701e+00,4.995658727965535562e+00,5.080312682608368213e+00,4.974236812063330682e+00,4.915956687730635544e+00,4.971435600067875882e+00,4.971076969722987293e+00,4.931517761187667048e+00,4.927748732389046538e+00,4.935403043354128272e+00,4.977131150186334452e+00,4.948666490404077578e+00,4.963519054099856831e+00,4.888748948008167616e+00,4.935568067751002097e+00,4.954061576616784812e+00,5.006182399814453454e+00,5.005733863232763703e+00,4.908461520399024280e+00,5.021175564798576296e+00,5.004779905239833404e+00,4.986925790095377842e+00
4.888483882783948964e+00,4.830758770529378410e+00,4.845746622328812592e+00,4.881495948329347634e+00,4.877885814158635647e+00,4.853283002692386994e+00,4.858128686480308822e+00,4.889240551839694859e+00,4.842392604065103967e+00,4.818375162458151451e+00,4.880829224004839872e+00,4.816007999909356130e+00,4.847822951527174240e+00,4.849817292645129285e+00,4.906972647280382738e+00,4.922449743247518938e+00,4.861747680377837000e+00,4.872691754876760761e+00,4.862130070967431550e+00,4.907411434519440618e+00,4.879396689949341948e+00,4.802933037891380152e+00,4.884640120608736424e+00,4.927698958968563581e+00,4.815827675153316889e+00,4.904615358444100792e+00,4.835324121458445035e+00,4.876171517507651210e+00,4.794558798309982883e+00,4.871845133101857073e+00,4.821445831038917440e+00,4.894947805165759114e+00,4.856614029926869414e+00,4.821737777642076672e+00,4.901787518607960692e+00,4.904691473464832363e+00,4.926316675130524736e+00,4.909420270514572415e+00,4.853118589211867118e+00,4.880950331216456384e+00,5.014346061561025358e+00,4.882826598484625080e+00,4.876884628355514728e+00,4.848756910966297795e+00,4.841626903239235169e+00,4.815542176273673647e+00,4.872497396988065610e+00,4.853286652579777538e+00,4.875647237023207126e+00,4.861305427710542304e+00
4.717849347399494242e+00,4.731638730160796058e+00,4.861741172184120607e+00,4.784765908370617105e+00,4.783931656173046498e+00,4.708859133214712500e+00,4.802664222425542029e+00,4.826026651015271618e+00,4.710332873890730632e+00,4.707740355842696012e+00,4.704207799478183460e+00,4.739139496802389218e+00,4.747888134081144074e+00,4.746537744759605992e+00,4.787697449854419141e+00,4.789588155395741786e+00,4.737633303897401227e+00,4.667772584318639062e+00,4.767242862406424031e+00,4.769857105173749723e+00,4.766170869892263795e+00,4.776003432334068322e+00,4.771586196923711221e+00,4.750945136153936765e+00,4.772251101659501948e+00,4.748635170175509401e+00,4.761251380470630679e+00,4.778060404073091405e+00,4.769306944701240170e+00,4.762783838773283485e+00,4.794611981826045977e+00,4.739747383393218882e+00,4.778705602183186407e+00,4.726221173038016587e+00,4.760543356858956798e+00,4.758280012936572767e+00,4.772394339118928741e+00,4.731205985622252363e+00,4.780028500376719336e+00,4.812176144345281514e+00,4.715754371788201560e+00,4.708443955479100218e+00,4.768449455783844826e+00,4.752478172044768634e+00,4.763100289096793283e+00,4.727238155967476096e+00,4.805090100759888294e+00,4.718653247021128649e+00,4.862452656396771822e+00,4.729980028852535767e+00
4.633218461535735244e+00,4.684929898314001306e+00,4.620005810473394980e+00,4.606913735686386069e+00,4.718034887753542073e+00,4.653753417714300511e+00,4.671779219565068253e+00,4.777132980338439694e+00,4.636530831479473314e+00,4.719339437055954711e+00,4.627345893151786349e+00,4.636385071144456305e+00,4.679379123317527700e+00,4.661877309582205697e+00,4.667898047492876401e+00,4.670042263116995329e+00,4.641233364964558739e+00,4.657123329390956634e+00,4.708513341576024303e+00,4.656072529950034955e+00,4.660613583213541133e+00,4.637173612284257729e+00,4.594636238238765102e+00,4.650025815040421229e+00,4.707690210995058244e+00,4.641367048966083431e+00,4.625882427910616990e+00,4.633783439712733987e+00,4.759592393274002298e+00,4.649230533499210338e+00,4.659713411808636074e+00,4.590693572399031197e+00,4.653322921699619030e+00,4.662043474823011735e+00,4.685445092715694315e+00,4.654989437351243708e+00,4.658989441033464907e+00,4.764527756340576126e+00,4.577137019667175899e+00,4.609601245577361617e+00,4.642805572145976001e+00,4.629873409824097230e+00,4.665752879211302329e+00,4.646789074385374363e+00,4.669421328342396649e+00,4.620857346353253625e+00,4.698522256900758087e+00,4.698886695018268611e+00,4.655576744506158882e+00,4.651951748966697053e+00
4.591778745442440801e+00,4.560883004875538660e+00,4.506632223755542732e+00,4.566050579092161499e+00,4.590291648446002348e+00,4.559027694980628986e+00,4.560567660661225098e+00,4.526923383762268216e+00,4.519579252071377340e+00,4.533726100514536839e+00,4.553098220251989403e+00,4.518910213214054394e+00,4.547234250460881810e+00,4.557824878843491412e+00,4.533825122228547500e+00,4.564227265209976458e+00,4.534897693458467494e+00,4.503061646115797956e+00,4.579962697449931674e+00,4.543870715105637892e+00,4.577490142109791549e+00,4.491572203702571819e+00,4.635291985417193672e+00,4.618727545466545514e+00,4.534055794609103351e+00,4.544959316069327571e+00,4.582038801149145968e+00,4.530138824110455431e+00,4.524836639141249783e+00,4.533582128935575994e+00,4.569216765890436349e+00,4.529887923341217260e+00,4.566430140196787946e+00,4.540134364770371356e+00,4.555574700038929947e+00,4.567993204518824513e+00,4.564240790868423936e+00,4.538658641867889365e+00,4.552044221231104970e+00,4.537196460741370174e+00,4.646925147362195752e+00,4.561126078938578132e+00,4.565744601895104893e+00,4.538321481243286826e+00,4.493365699940553348e+00,4.622749225362565717e+00,4.599481460232239804e+00,4.496332668520692799e+00,4.518639846887675837e+00,4.512003124106216845e+00
4.466310287095041964e+00,4.429233585512571736e+00,4.394615764512198375e+00,4.452360852223797849e+00,4.392396595606490095e+00,4.445025726182247006e+00,4.473009538610242863e+00,4.401449469008628768e+00,4.418952160208972302e+00,4.417945697037212405e+00,4.395734890640003556e+00,4.400196942025694113e+00,4.420826892383419526e+00,4.390355005317890580e+00,4.430210598743681949e+00,4.434408513637909444e+00,4.418330620154637067e+00,4.392565343295396829e+00,4.435456047775910626e+00,4.493789055931578069e+00,4.427837650197412600e+00,4.412561277690382866e+00,4.443838214913167661e+00,4.450132323793871691e+00,4.476115114866485278e+00,4.453384877189360047e+00,4.493143271772496838e+00,4.370036613461323327e+00,4.485929803497207935e+00,4.388713931920621647e+00,4.472192185659187302e+00,4.388585856870792057e+00,4.362346793583005145e+00,4.416220827255945558e+00,4.503372425113594701e+00,4.434629641501835806e+00,4.386313558095135789e+00,4.378024341886927573e+00,4.565283756134432380e+00,4.429207269292091631e+00,4.486192032622415837e+00,4.393037049105417147e+00,4.418157822962908376e+00,4.436690195877144305e+00,4.445656313994075681e+00,4.394398145122480059e+00,4.383954229586334073e+00,4.460242831834325017e+00,4.460657942313444480e+00,4.405712413500016744e+00
4.312899344713963856e+00,4.304148903107162916e+00,4.293522232006765194e+00,4.305654424541620173e+00,4.288477431781491767e+00,4.325554022868134396e+00,4.352526668286481382e+00,4.261703445591801476e+00,4.325963729533577329e+00,4.296359506558907526e+00,4.332944747763006532e+00,4.368186086153770908e+00,4.347614671470571679e+00,4.234046382354129889e+00,4.368498022651920998e+00,4.289877649715082342e+00,4.252380804293462546e+00,4.304449603065081398e+00,4.310496663130697570e+00,4.330048773200501522e+00,4.287086176297636442e+00,4.361001736258164563e+00,4.373110884809894294e+00,4.331775154414343909e+00,4.345937132469706476e+00,4.332052901982617499e+00,4.366782957689830269e+00,4.304597632487630499e+00,4.269981776636979198e+00,4.270186627144624048e+00,4.255430010075889946e+00,4.356215570776850399e+00,4.307508863701815294e+00,4.395791074198164061e+00,4.369879681119549275e+00,4.314317640558581246e+00,4.304981647526316735e+00,4.303095213948465059e+00,4.314223172855687238e+00,4.272459820890691873e+00,4.282091385804991823e+00,4.337456501533611508e+00,4.277084542467318506e+00,4.318891592419498160e+00,4.258754061288043680e+00,4.277918349201418557e+00,4.366882314265343012e+00,4.352441632971184582e+00,4.290636881375514911e+00,4.361747225215226287e+00
4.230360115538259969e+00,4.164419520963630994e+00,4.148260047347111623e+00,4.185464340424215557e+00,4.150179921663370131e+00,4.209384014430656684e+00,4.116821314770008122e+00,4.160020137287360420e+00,4.178447601601465777e+00,4.254246324034432369e+00,4.197535275815798883e+00,4.149641183776509479e+00,4.195809050019703612e+00,4.194381656363683319e+00,4.180785578702688632e+00,4.244652054745055025e+00,4.194285902474401695e+00,4.255723451786796119e+00,4.244849392471229166e+00,4.189847484514586995e+00,4.201516526330761891e+00,4.222781557994516710e+00,4.176996565960864771e+00,4.276942284993442200e+00,4.205892382536537966e+00,4.227372792646043820e+00,4.165046348789354980e+00,4.248704341439229815e+00,4.202506886597711322e+00,4.195379316119963953e+00,4.221386191776322683e+00,4.170780906899482332e+00,4.246402686868705700e+00,4.166170993485176055e+00,4.166953977393119679e+00,4.151915849058982921e+00,4.258963978218973878e+00,4.209477340874807183e+00,4.169707893515049335e+00,4.230295541297328654e+00,4.212151390517595573e+00,4.242173856343308458e+00,4.233182100490670230e+00,4.209609629436759981e+00,4.192301595287058369e+00,4.256059842402268423e+00,4.198744704167737929e+00,4.147624891224872101e+00,4.245270459214226300e+00,4.211811206681153941e+00
4.073790496652639703e+00,4.066217789441240349e+00,4.100903534904640324e+00,4.056830668387988226e+00,4.007512701379057241e+00,4.044796296805032831e+00,4.221607691577145438e+00,4.088104996566879201e+00,4.123241439234752725e+00,4.060064141117142533e+00,4.091412859358777077e+00,4.140882402590201572e+00,4.060433153088962577e+00,4.055602374206982219e+00,4.070951182185675421e+00,4.070186354363785064e+00,4.111393327620883831e+00,4.115711873329434667e+00,4.049337550489640947e+00,4.066171560755373449e+00,4.120275040198937866e+00,4.099587641105190805e+00,4.089512913241929226e+00,4.098870988566791773e+00,4.073007914884517966e+00,4.083952929562056688e+00,4.090458938099701847e+00,4.080052909201997480e+00,4.055687932707649601e+00,4.200376908812025967e+00,4.044641401877513864e+00,4.090937494340330716e+00,4.080864856033798560e+00,4.061598192115322803e+00,4.084668460161894110e+00,4.100596688916090748e+00,4.084828679469361568e+00,4.045691460744517798e+00,4.084405925061889597e+00,4.062915896114673409e+00,4.109515806284552042e+00,4.092622714171176845e+00,4.036660534701527858e+00,4.076412519134409607e+00,4.054628427590020401e+00,4.055677925532945594e+00,4.085648877168566173e+00,4.045562494817242616e+00,4.088771643667316269e+00,4.146636260347295710e+00
3.904465846006627938e+00,3.946196747685505990e+00,3.986925689960232333e+00,3.977957768926046800e+00,3.963218888125235484e+00,3.924295715635077730e+00,3.906052152245115927e+00,3.977887128081805557e+00,3.958291224576608869e+00,3.932045495080297659e+00,3.886529674659700007e+00,3.934803183787948022e+00,3.902687606020138311e+00,3.991354779658174756e+00,3.977041624718904433e+00,3.954854613645581551e+00,3.882237118551044031e+00,3.923443822261951208e+00,3.917432845386603635e+00,3.971429798392207111e+00,3.917134353610168152e+00,3.959560686972242394e+00,3.911320793385833827e+00,3.996492855946125911e+00,3.916088568809729331e+00,3.981545862571001848e+00,3.910158997482531262e+00,3.918913499193491745e+00,3.944659045172103085e+00,3.977789694411276944e+00,3.936871151701080151e+00,3.919075520606058571e+00,3.952283088320401205e+00,3.923183322471556433e+00,3.957926083122844663e+00,3.922715181545581853e+00,3.992518594418869249e+00,3.989025548509491426e+00,3.895626401919873860e+00,4.020019988079990725e+00,3.958221869695363271e+00,3.907904830610825719e+00,3.927500254097638255e+00,3.952513370051383035e+00,3.935446917710415438e+00,3.953173855267655856e+00,3.934691625817201999e+00,3.951974118037174133e+00,3.910331336815057401e+00,3.906142688776630401e+00
3.823547672457572766e+00,3.851212797400832333e+00,3.854948260721693387e+00,3.817714263706196043e+00,3.879053009689222620e+00,3.842610739779044771e+00,3.803017409202475552e+00,3.871933315449987756e+00,3.843408933768835745e+00,3.815753082137168128e+00,3.828011975397116018e+00,3.732624548910744799e+00,3.837901482907593920e+00,3.826442833925446152e+00,3.838118041648835188e+00,3.791808513638454503e+00,3.832053637017176939e+00,3.826173710132424244e+00,3.721142106214441192e+00,3.800142878313755190e+00,3.769709114508269732e+00,3.842484854523216420e+00,3.855714475083074522e+00,3.776876446155680966e+00,3.839363699329555235e+00,3.828080448818894421e+00,3.799401218939222780e+00,3.817608931590897203e+00,3.792978077166511142e+00,3.826790822403966619e+00,3.813225723563645087e+00,3.815799812170318273e+00,3.754374011664771693e+00,3.886661665118660736e+00,3.810237533717306224e+00,3.844517290053645286e+00,3.827420840017231818e+00,3.839821792338466544e+00,3.799572027106363326e+00,3.820070416492619358e+00,3.829981969866187885e+00,3.798177448550292823e+00,3.840527690910541025e+00,3.862265393413526038e+00,3.834043634258169408e+00,3.788805537761930964e+00,3.746272284995303181e+00,3.827585561365387079e+00,3.873705852315557863e+00,3.818213379732363411e+00
3.660757602612914052e+00,3.659109214698271106e+00,3.651361212547521440e+00,3.669773327218945003e+00,3.681766072055796535e+00,3.756671125129777522e+00,3.684837921224460633e+00,3.667935696889393249e+00,3.689806306078072140e+00,3.690848173493796125e+00,3.738341558698685230e+00,3.667748477168652599e+00,3.631039393857018904e+00,3.694610730700272239e+00,3.668583464081652590e+00,3.713911823099084408e+00,3.625891242857365970e+00,3.680012919335838184e+00,3.720068607713003850e+00,3.673102137389109512e+00,3.697775448639680551e+00,3.668907704872129916e+00,3.825237072620297774e+00,3.656487962073170284e+00,3.675898106994345049e+00,3.677184272466169190e+00,3.700573309194108873e+00,3.723173220675206174e+00,3.687670354852906840e+00,3.656059770579113799e+00,3.680649444536199244e+00,3.655631793246096439e+00,3.728981407048840957e+00,3.653612435182941542e+00,3.623795193708996720e+00,3.686976041909655333e+00,3.669515132262249235e+00,3.674442947981423568e+00,3.634699647981644688e+00,3.712606313359380295e+00,3.630606189214691693e+00,3.645954576654984347e+00,3.690497089274805464e+00,3.609315263569209176e+00,3.671445691342675843e+00,3.697139592059678126e+00,3.679749133709028008e+00,3.664170191751501271e+00,3.630095800427300734e+00,3.635028899673214742e+00
3.515918719282666860e+00,3.578141440200835355e+00,3.537881261148511314e+00,3.529114259549227306e+00,3.519366331879264287e+00,3.551355708030308644e+00,3.552212538825606281e+00,3.575381513470848205e+00,3.594464369300688578e+00,3.493071872834558000e+00,3.547230474230361086e+00,3.507300215696961931e+00,3.545749183330873855e+00,3.533729465999971175e+00,3.514823011400648678e+00,3.515710392605751800e+00,3.552654085443647691e+00,3.539354582285322071e+00,3.551881360652904274e+00,3.575752421915314283e+00,3.525143305495695767e+00,3.547530783547257371e+00,3.535128645671573810e+00,3.506633095571388026e+00,3.519897795853382139e+00,3.549526837536286727e+00,3.604505794851488698e+00,3.500799523340267339e+00,3.592701142759763933e+00,3.551387021426983370e+00,3.496514059519963968e+00,3.561530037209025945e+00,3.547329899075180482e+00,3.539914437509266154e+00,3.555274709818411871e+00,3.531508275334036107e+00,3.497790761055603159e+00,3.517008557651718714e+00,3.532867670667073412e+00,3.534971639538492916e+00,3.492402295818587188e+00,3.547495617151176450e+00,3.522389849031828835e+00,3.489899468644928504e+00,3.546023965946877965e+00,3.577741406353281750e+00,3.468179341685687866e+00,3.519447004837415793e+00,3.546359444732392063e+00,3.510503292745758230e+00
3.372874812342925743e+00,3.394424949815146419e+00,3.391008971348977941e+00,3.457973223144055641e+00,3.417375206043537617e+00,3.443333878473931797e+00,3.443381555204722666e+00,3.347684487780733686e+00,3.396726498617998580e+00,3.333704837888323169e+00,3.397085583005292619e+00,3.376902276253972435e+00,3.385910275359285126e+00,3.339606574948422946e+00,3.443745291738869341e+00,3.425312102862830166e+00,3.354753298366457859e+00,3.416157811354548546e+00,3.410969953119003417e+00,3.389864763829923078e+00,3.342668653244532440e+00,3.440093581498593789e+00,3.361420938074071607e+00,3.393986238403587041e+00,3.326725046514026118e+00,3.363768621946080728e+00,3.348978453683800538e+00,3.400488515843949955e+00,3.367325252952993342e+00,3.481237777481549500e+00,3.376881131438878469e+00,3.401276272537752110e+00,3.380695467087427186e+00,3.333572185273668609e+00,3.377010218167685540e+00,3.335057792386137532e+00,3.357407898836508142e+00,3.349513282289651617e+00,3.394572299951660099e+00,3.380094656807030251e+00,3.356502860980730585e+00,3.375273044121020583e+00,3.380833191696472895e+00,3.403034994283398174e+00,3.387129545847441303e+00,3.433689659198882804e+00,3.404989402416856770e+00,3.363514576603580775e+00,3.415646341421848309e+00,3.441360362620218272e+00
3.255453381423649706e+00,3.235491374988624713e+00,3.287911584641515006e+00,3.281900532184553132e+00,3.280523343399477820e+00,3.206084490580112689e+00,3.264991317116714864e+00,3.263806697265327017e+00,3.282700147470157592e+00,3.220193540441085744e+00,3.232826402115041020e+00,3.212650252995458366e+00,3.281409833442023416e+00,3.212221907539815735e+00,3.191411444750446691e+00,3.222766459321351640e+00,3.240267148866057489e+00,3.256215095122770631e+00,3.188955998466218578e+00,3.238930605386930228e+00,3.171940749047669872e+00,3.248798169868494679e+00,3.199350814540874666e+00,3.234457044211894061e+00,3.243115375814837886e+00,3.236757792544171508e+00,3.244468399275384662e+00,3.310793195385218546e+00,3.245153337227202339e+00,3.241861782447327034e+00,3.258802828243914096e+00,3.215008016063053642e+00,3.254236257111275510e+00,3.216060551923485722e+00,3.213109335940724787e+00,3.233433799626215244e+00,3.208447698376040158e+00,3.229983782704371365e+00,3.206601166598670005e+00,3.265341799257529765e+00,3.255236520388379073e+00,3.301230783995678042e+00,3.232905791674230311e+00,3.242086954917376307e+00,3.271904068733841431e+00,3.297431426354331840e+00,3.265521760674071405e+00,3.216213729398641696e+00,3.268316561137686094e+00,3.236727774029486859e+00
3.103236480202246295e+00,3.112932381674747173e+00,3.059863420125189304e+00,3.099125239861335146e+00,3.070288292143522391e+00,3.087256704086158265e+00,3.146714455270194666e+00,3.081222582411806243e+00,3.104585875228878411e+00,3.056135263788041456e+00,3.079717775188091533e+00,3.090166444458005035e+00,3.102246478468055013e+00,3.113657220888262689e+00,3.072463918633408397e+00,3.070084525019673549e+00,3.133708476484736050e+00,3.065935047493671295e+00,3.089955495621611981e+00,3.065411688093684361e+00,3.127433107052406847e+00,3.038527982445363929e+00,3.120900035289770891e+00,3.112847319486233832e+00,3.048895556425488707e+00,3.927966382269090673e+00,3.129841588201114355e+00,3.010942878261023470e+00,3.085237021121721046e+00,3.116264665777925380e+00,3.055108425125920402e+00,3.114541095475582555e+00,3.066993236544238943e+00,3.040468732393497131e+00,3.088067350930570498e+00,3.086223315011112689e+00,3.053444762499408771e+00,3.020540042034027373e+00,3.095364085575924129e+00,3.104316901065068190e+00,3.110952589022792036e+00,3.108531590593702099e+00,3.145556284523113089e+00,3.082750084897855292e+00,3.079938815772814920e+00,3.098090692934638124e+00,3.092066962107256067e+00,3.090176433610659856e+00,3.066874271376279548e+00,3.078715273033719502e+00
2.913427649710245149e+00,2.976819216768083809e+00,2.917145236635977579e+00,2.964833544693688872e+00,2.954359540053177913e+00,2.937347097346512115e+00,2.972788906685261967e+00,2.886717412641637726e+00,2.946492983903470364e+00,2.938705922132752058e+00,2.945998998090820553e+00,3.018694804496976136e+00,3.009582909361177006e+00,2.935909612222360465e+00,2.912526753246178046e+00,2.891841534932802826e+00,2.915173552323417461e+00,2.932863781151259452e+00,2.931846232582901557e+00,2.912427734526124912e+00,2.970732660177876294e+00,2.900677047810083398e+00,2.969561530959259343e+00,2.959760622756942627e+00,2.881289527400701100e+00,2.949401549868765571e+00,2.978371564636949298e+00,2.962825802493695093e+00,2.979286048257511865e+00,2.924075145924032615e+00,2.959298176497387800e+00,2.894613019622425121e+00,2.949364537706385292e+00,2.952891817908467775e+00,2.934620287180129239e+00,3.042185654437340236e+00,2.897321263981104789e+00,2.921296414342598791e+00,2.970835220754041828e+00,2.930134659209339354e+00,2.958308774678553910e+00,2.950653680558882108e+00,2.890973322350498087e+00,2.945100932514232994e+00,2.931710950359975865e+00,2.952129641036307817e+00,2.897621148725470164e+00,2.934921742706171788e+00,2.969958995068012975e+00,2.894929020835101952e+00
2.727235733481307545e+00,2.783049583334242350e+00,2.777691150625040351e+00,2.804907730503379160e+00,2.774834517382020138e+00,2.776263879346617003e+00,2.775781090152773078e+00,2.766788029913906044e+00,2.745005367780042782e+00,2.794740869117323001e+00,2.820867115865465014e+00,2.741711999661525123e+00,2.757046826021284591e+00,2.837587116092569861e+00,2.732802251176838837e+00,2.768901962730653921e+00,2.739360924392033159e+00,2.851831971753288730e+00,2.786002748308345378e+00,2.747170585842416468e+00,2.779380903484308885e+00,2.802126582654738129e+00,2.708823009151861250e+00,2.794706779416341380e+00,2.833696279995103762e+00,2.803342721375239321e+00,2.791492197709469103e+00,2.833985095339540017e+00,2.766800385042363253e+00,2.760007509657356195e+00,2.754091393765103479e+00,2.746448486869774719e+00,2.822372452821073185e+00,2.804073067537400821e+00,2.773457347862312350e+00,2.781311437153877186e+00,2.738609964268479580e+00,2.793105043379016106e+00,2.846893014612575268e+00,2.783479878836694343e+00,2.774229656322934723e+00,2.826402055208248498e+00,2.726161099736084115e+00,2.803313437859149992e+00,2.774315636806402807e+00,2.782080739161686633e+00,2.821161176056884212e+00,2.744828622850556510e+00,2.781778505861429274e+00,2.869642873540002359e+00
2.615475900103150231e+00,2.574006542378551643e+00,2.599434780211482110e+00,2.631061276136937632e+00,2.607538449965705940e+00,2.671524895921455478e+00,2.637326515270811633e+00,2.620282656594853599e+00,2.637213738508242145e+00,2.569894980986155986e+00,2.624981633987681473e+00,2.649008348710624183e+00,2.693900497855478804e+00,2.587633126564562236e+00,2.632601504594187514e+00,2.656727520469507109e+00,2.604872059568236864e+00,2.644675377063220090e+00,2.628223913614105012e+00,2.626316491050459501e+00,2.561101825377271268e+00,2.592362911444104689e+00,2.706464545789253329e+00,2.589234499002582179e+00,2.623965185412861167e+00,2.653980290555609134e+00,2.590340682846870024e+00,2.679762554830133592e+00,2.648027940972801808e+00,2.681534581181366672e+00,2.609366565131698845e+00,2.627812689918135103e+00,2.540070252367407910e+00,2.660420227239409741e+00,2.618999769199184424e+00,2.604206104159541901e+00,2.606282733851161826e+00,2.663562732739029659e+00,2.642107902137950326e+00,2.594082031066808014e+00,2.677023089969394753e+00,2.611219334630670019e+00,2.632577958748334002e+00,2.635092255420476537e+00,2.615769537403576095e+00,2.619519582376828915e+00,2.634569903753249509e+00,2.614255606270396548e+00,2.618779033901281306e+00,2.627549523717948254e+00
2.468362100541760196e+00,2.493173240571325167e+00,2.551052307546717302e+00,2.440261416131181083e+00,2.443710794041031864e+00,2.444265688878787035e+00,2.429637545819000266e+00,2.414994858102585518e+00,2.446243513726427565e+00,2.479606375991509903e+00,2.427684708413511139e+00,2.484355298270736867e+00,2.437779560116932753e+00,2.435597275204706591e+00,2.410399266822575104e+00,2.486560807155866470e+00,2.457426737553242369e+00,2.510960285720307272e+00,2.487555567822050229e+00,2.403212306667679599e+00,2.435770334732279885e+00,2.456152320273681244e+00,2.447400782375031447e+00,2.424231971413145725e+00,2.448782372588446332e+00,2.460889715518527865e+00,2.457005547057229844e+00,2.476168315729134317e+00,2.474081836080122443e+00,2.515755302790962489e+00,2.417636908448890232e+00,2.503343472779976153e+00,2.480420544779295966e+00,2.433644515417836551e+00,2.450205283966638170e+00,2.415890187929668365e+00,2.474913123678586846e+00,2.407630698846777051e+00,2.520365796639311817e+00,2.417316528498158590e+00,2.457177887481468037e+00,2.449087383200300394e+00,2.480040474464888955e+00,2.452427187180862944e+00,2.428655753917628779e+00,2.477107878908595850e+00,2.502580566210483415e+00,2.458616845272737716e+00,2.429946279669959353e+00,2.457006373269309041e+00
2.275888950107812114e+00,2.257720884886175394e+00,2.345769978303586800e+00,2.267538255940422687e+00,2.301518485816259840e+00,2.301156631093308036e+00,2.318016428665605755e+00,2.298175966597893360e+00,2.293847331715291205e+00,2.247598920743894890e+00,2.273488810689168194e+00,2.286999495232456603e+00,2.279429053589995036e+00,2.337530925233231915e+00,2.336531200950029863e+00,2.280586657482329027e+00,2.246842344780784817e+00,2.289975672612546642e+00,2.312645345880951719e+00,2.296070652222216069e+00,2.299803629941718164e+00,2.305795531702335754e+00,2.273882368255270681e+00,2.274978801488597213e+00,2.263477132170578443e+00,2.345187929900684587e+00,2.285982014201935364e+00,2.263739144042659301e+00,2.348351092498506709e+00,2.276025275373136481e+00,2.293798620824280210e+00,2.308436785740123121e+00,2.257106507269031948e+00,2.295260373607141080e+00,2.314772384308648956e+00,2.275970343657198747e+00,2.296740636221529019e+00,2.277000018348323440e+00,2.232916839305990830e+00,2.278830255094085988e+00,2.292475210098661176e+00,2.284790474574283525e+00,2.214058575514212368e+00,2.236414009642084810e+00,2.292634258421615723e+00,2.299794306845444503e+00,2.282571937105376758e+00,2.288867040244892959e+00,2.291020900329351129e+00,2.318902230410152310e+00
2.063195506265470769e+00,2.126139981180499294e+00,2.084755863062849546e+00,2.142816324986045018e+00,2.130746080603980630e+00,2.136473338321590365e+00,2.114916153116426667e+00,2.130461670272880692e+00,2.157153079668714835e+00,2.158874926627717628e+00,2.127518558447088814e+00,2.222799747217954813e+00,2.102357002555574450e+00,2.068011212157463863e+00,2.105937703991365595e+00,2.115425335450752176e+00,2.077213106763724504e+00,2.114881680879335146e+00,2.125479424054177446e+00,2.155332625097879706e+00,2.185501654315227249e+00,2.122074614374755086e+00,2.075166551596437259e+00,2.108002989034015062e+00,2.146864782420458972e+00,2.117370549979400884e+00,2.135682161845259497e+00,2.123619184667160376e+00,2.132323914122771669e+00,2.092919273920145873e+00,2.243573129609561345e+00,2.080637954238435672e+00,2.219242154831782887e+00,2.112786329417723152e+00,2.117242068648939046e+00,2.112938749588431531e+00,2.144639312379369223e+00,2.109977462712829155e+00,2.093173939871588729e+00,2.119008703369364977e+00,2.125277816226919025e+00,2.102527138896155279e+00,2.151143191082926176e+00,2.136220987553368200e+00,2.125841578672095000e+00,2.154022233774889994e+00,2.126178763027135155e+00,2.132996538933825903e+00,2.134205933817308498e+00,2.157663963967195286e+00
1.960486787278037824e+00,1.962191025167705272e+00,1.951540178464927111e+00,1.999599849789785111e+00,1.966138391427084242e+00,1.918347041786115925e+00,2.163088051443305293e+00,1.984102393245066764e+00,1.996753859551718024e+00,1.964990485442239532e+00,1.988894523746802312e+00,1.936493425239222299e+00,1.902366146854912010e+00,1.946146871149267099e+00,1.928026872824988747e+00,1.928784352843130767e+00,1.947437476387825273e+00,1.950559734093939790e+00,1.903610371833031722e+00,1.943977160991719355e+00,1.921924830539034623e+00,1.986845918859218019e+00,1.934989527616156835e+00,1.970721029081780706e+00,1.938699404209373034e+00,1.944376795231493649e+00,1.933342402356488021e+00,1.941320623667837308e+00,1.987927155918694178e+00,1.974555156724331351e+00,1.966732199074003429e+00,1.973440696922110327e+00,1.925266449445288242e+00,1.940897642481124619e+00,1.964263617809149043e+00,1.999651045838215291e+00,1.934817679118874700e+00,2.020049797819486681e+00,1.989696217486832008e+00,1.909531744379270313e+00,2.014956851595755438e+00,1.930229058223530858e+00,1.920095204831464342e+00,1.878425862049811768e+00,1.863812000259466251e+00,1.980451997903965644e+00,1.965746465731707193e+00,1.994032692671320550e+00,1.982570852743777978e+00,1.950467749756627622e+00
1.744378879307043828e+00,1.739731798588308065e+00,1.858464584989821367e+00,1.765784732039856086e+00,1.709007754122143563e+00,1.793518331927368203e+00,1.730865634049713275e+00,1.769814401438372764e+00,1.748193490796110972e+00,1.746197399415496232e+00,1.783182425370490876e+00,1.806142696821088744e+00,1.747916714414851302e+00,1.787835959043407419e+00,1.767025259597294395e+00,1.765661720939477375e+00,1.764792006300556659e+00,1.734004533696643646e+00,1.762324988415935989e+00,1.798438136704912926e+00,1.805544892198660101e+00,1.816678542035774946e+00,1.817205674430501849e+00,1.720463446165522381e+00,1.725624339034018240e+00,1.722655697131571628e+00,1.781877495922271404e+00,1.829666780348678135e+00,1.785510213490545617e+00,1.838469438330383454e+00,1.767175416150894574e+00,1.745396900921230232e+00,1.781352705961595007e+00,1.760261895393505194e+00,1.779355293758969170e+00,1.744897088337248547e+00,1.699662494626583475e+00,1.813023624192315886e+00,1.757500044163412323e+00,1.764689407991395065e+00,2.452994132696370677e+00,1.725755877464550059e+00,1.744774335404379872e+00,1.782777183959785017e+00,1.794029385860491654e+00,1.725359395377463745e+00,1.755037137274158665e+00,1.768325661709216012e+00,1.757716505054412348e+00,1.803697232180343279e+00
1.550044117906732133e+00,1.508599361890243129e+00,1.548270146371631961e+00,1.629826942124588340e+00,1.554304972835536036e+00,1.560632658033037634e+00,1.553559364245278740e+00,1.607162262997654301e+00,1.542238918661910319e+00,1.599594733662497381e+00,1.681984984606720079e+00,1.611100900645825673e+00,1.579921413812237274e+00,1.599809541516261646e+00,1.640773785986500810e+00,1.568277593788641511e+00,1.595983364977650254e+00,1.580571537787183400e+00,1.584164861399009805e+00,1.610129377083919566e+00,1.644869384851967098e+00,1.610399965956349932e+00,1.561827668779416811e+00,1.614803865153868978e+00,1.553832255726965927e+00,1.567108595392979753e+00,1.606835996719810700e+00,1.592761437214027520e+00,1.541444034374698679e+00,1.611847320824250751e+00,1.559475754526251201e+00,1.596048964675530257e+00,1.540799627554949813e+00,1.568922628549891840e+00,1.568884863176183142e+00,1.600474997934815180e+00,1.625108862278556110e+00,1.601430955347671325e+00,1.622783568797619980e+00,1.605512977307915312e+00,1.502964115322992233e+00,1.602550399295564088e+00,1.564672489946059120e+00,1.578122101444245029e+00,1.637556638417498434e+00,1.627887515993478917e+00,1.545539579539561226e+00,1.560285427631181498e+00,1.594278243814941654e+00,1.584156137810767806e+00
1.340899739311677497e+00,1.411312622788498894e+00,1.373871846425827492e+00,1.382065205818308939e+00,1.411843163198953865e+00,1.396639656367254290e+00,1.446404021232168047e+00,1.418902163013393780e+00,1.445382070706312749e+00,1.372177259377554304e+00,1.392313511006024518e+00,1.383019766376939019e+00,1.354889116705586094e+00,1.470872590945141001e+00,1.400672335963823789e+00,1.436464711053556886e+00,1.390089386391865744e+00,1.404995103412303825e+00,1.375177429540508367e+00,1.385981841409628768e+00,1.465318805849507022e+00,1.371933997796371152e+00,1.335750409080175727e+00,1.424744878580441521e+00,1.414583966185574360e+00,1.378409390404739643e+00,1.398720213870316531e+00,1.437570678508313993e+00,1.387547351949745211e+00,1.414698736615799035e+00,1.440784824986198753e+00,1.421106113725786324e+00,1.439897228661750628e+00,1.452924880184329748e+00,1.376479763868338368e+00,1.339051135800435999e+00,1.448936559699747217e+00,1.417442259325685239e+00,1.374036789224140076e+00,1.393992948707658552e+00,1.412298008304670116e+00,1.399929151533951144e+00,1.395260916202556878e+00,1.352628088896104863e+00,1.408048160510929625e+00,1.450133078933588449e+00,1.440676478959741713e+00,1.389919629067575046e+00,1.502680340937204484e+00,1.425533222777103814e+00
1.254798913893291568e+00,1.182887280813470943e+00,1.188148225744195319e+00,1.221492172805674237e+00,1.200567076272050393e+00,1.207839109030686142e+00,1.266572574859643474e+00,1.167810669427402859e+00,1.227157758132074283e+00,1.204671215923900585e+00,1.240769321578536255e+00,1.245729466216785264e+00,1.208865633691351471e+00,1.211329002294680324e+00,1.191963561148982276e+00,1.217044970474952637e+00,1.197029568149375001e+00,1.159801084496833612e+00,1.377027329721344229e+00,1.258246663038873558e+00,1.177029471807348626e+00,1.212216366064156725e+00,1.233129748057213648e+00,1.226258055804968050e+00,1.195221454524290960e+00,1.166825496555685460e+00,1.154852058438812445e+00,1.204331588810355180e+00,1.238010436042398021e+00,1.259655848443119286e+00,1.203270463578351324e+00,1.265356650181493681e+00,1.197024557150114799e+00,1.232818107099558524e+00,1.214533914401099368e+00,1.262117412296118069e+00,1.189100544412699190e+00,1.231572417487977411e+00,1.252338421313313077e+00,1.224502232767454402e+00,1.170748597812634850e+00,1.190166623203318785e+00,1.232583564142851529e+00,1.181039964040412782e+00,1.212410844918306640e+00,1.209941731973436019e+00,1.202334454484646820e+00,1.160317042344678251e+00,1.230666659238542016e+00,1.192043909339155272e+00
1.004939883823798619e+00,9.944042006108592124e-01,1.016284728360760115e+00,1.019871400934266426e+00,1.052351793182626283e+00,1.018767962678017280e+00,1.008694368890791004e+00,1.014931777378510258e+00,1.040622669501429787e+00,9.612519247521464916e-01,1.005044926618314793e+00,1.030892460092249108e+00,9.932446190470098912e-01,1.024613868566693453e+00,1.007961245849318122e+00,1.017302494077597874e+00,1.041189987926058880e+00,1.060704731068078610e+00,1.009659877904749870e+00,1.054045055492001781e+00,1.057583255811805900e+00,1.001671742481636596e+00,1.005893845632642947e+00,1.062024844376054045e+00,9.765117249691870338e-01,1.008835811303036900e+00,9.968687569723715391e-01,1.005554162144407737e+00,1.038560785388047636e+00,1.031153986697895819e+00,9.757588358070840018e-01,1.006939872603444197e+00,9.791170236371460334e-01,1.032716289516513397e+00,1.086966263471506711e+00,1.019153053283297305e+00,1.122017444314941770e+00,9.994177694703089143e-01,1.012125002143703822e+00,9.966573118139778753e-01,1.083954494849905803e+00,1.033672508565500747e+00,1.036191142249734964e+00,1.008175770005937721e+00,1.024259303365298690e+00,1.029306088941845720e+00,1.058000052266229174e+00,9.947871025608422402e-01,1.024205192172084056e+00,1.038586254066007797e+00
8.029387615020056046e-01,7.954779025349671961e-01,8.356107666300266468e-01,8.119280290926806920e-01,7.769759106535698567e-01,8.458181095840020536e-01,8.272046243458301973e-01,7.964916267858368482e-01,8.340599907703962757e-01,8.258656076741384133e-01,7.838874267007782670e-01,8.205597899216119373e-01,9.632421585509750583e-01,8.211913821476567454e-01,7.924603826763781944e-01,7.604123981872662474e-01,7.986790759445987486e-01,7.969336013792411855e-01,8.141384074319664155e-01,8.480299946213938345e-01,8.150742575039988669e-01,7.844330802250356616e-01,8.379760414955678138e-01,8.007760402150637669e-01,7.989001001296731630e-01,9.041586788107344175e-01,8.319572362252032338e-01,8.021633237945450245e-01,7.777478423952388642e-01,9.597983671698747665e-01,8.512540172967909546e-01,8.578207556974674075e-01,8.512629634060921990e-01,8.518299974864278479e-01,8.976930451583250425e-01,7.808274051816153083e-01,7.853354755085634187e-01,8.496284951050707690e-01,8.228899281841616231e-01,7.816214771359267788e-01,8.370487635457324327e-01,8.135468355616058966e-01,8.672237553636606977e-01,8.211511449311302835e-01,8.377651889379005290e-01,7.929055988251143550e-01,7.785843347112079149e-01,8.220063470002854089e-01,7.798601710827864908e-01,8.310944188754383344e-01
6.303034215122111927e-01,6.091260688055124550e-01,6.310155727558401928e-01,6.070287370331060028e-01,6.460091358751726132e-01,5.983987446907772512e-01,6.108126826506908857e-01,5.867233691565835185e-01,6.282072903865740798e-01,6.307426882611353314e-01,6.163725112121141159e-01,6.410715407242103536e-01,5.936152155350827853e-01,6.199285231906689342e-01,5.780501498436718677e-01,5.926622584723210130e-01,6.056079044254262245e-01,5.947642994306149289e-01,5.862838158387950749e-01,5.832639145432019223e-01,7.309331904575284700e-01,6.208288413479526868e-01,5.410462547910810382e-01,6.004838824045271028e-01,6.815552036660286195e-01,6.332104605234799566e-01,6.213303378200666360e-01,7.918871796969060295e-01,6.047809189076055469e-01,6.189759740280206257e-01,5.799059974965985464e-01,5.725243492317295679e-01,6.264847907346438038e-01,6.078865496370994270e-01,6.083300448632482649e-01,6.051234242413513487e-01,5.690297594168013395e-01,5.624057781663838185e-01,6.539118910833201515e-01,6.242144233551932819e-01,5.930322544285436814e-01,5.900565561120924007e-01,6.134530473039143672e-01,6.052656612296134497e-01,6.503142328511377634e-01,5.730635606705116736e-01,5.845863614038280254e-01,6.420153848638031624e-01,5.644245993711151099e-01,5.664788082625010768e-01
3.757823501163506386e-01,4.502193165643367245e-01,3.578761536612031779e-01,4.092839425590641400e-01,4.520160701098530076e-01,4.697724356287610314e-01,4.039679772244853528e-01,4.232912190398901431e-01,4.098357744023042315e-01,4.206810330494533678e-01,4.197974128233172286e-01,4.197830788333944962e-01,4.094874547209556570e-01,4.025231853389560910e-01,3.865639674419804050e-01,3.774325444344265867e-01,4.192505762712162576e-01,4.133630798425378949e-01,3.831895553811716093e-01,4.091024478934887076e-01,4.596548721303025942e-01,4.410390670519997447e-01,4.155630307974821913e-01,3.736766193829821336e-01,3.812510213169905682e-01,4.232339007656704122e-01,4.134611903542251832e-01,4.028476022760151265e-01,4.170932628461908043e-01,4.472780731086596351e-01,4.347841277122533876e-01,3.975487861717365567e-01,4.166728336421002266e-01,4.154080070698936145e-01,4.144184761281897167e-01,3.793478380841937003e-01,4.025744769536859780e-01,4.006218992353599018e-01,4.457226811465676009e-01,4.271142179765010094e-01,3.924109176114253805e-01,3.923159844062506507e-01,4.157914831438552783e-01,3.980931419240875679e-01,4.038164866011317300e-01,4.165430274799263866e-01,4.228233632736445036e-01,4.070254019678413160e-01,3.976006292114713236e-01,3.824996497958808028e-01
2.309685775933495444e-01,2.361354766660223037e-01,2.126656756842575935e-01,2.392135735867531032e-01,1.928636304225150866e-01,2.112396701363474794e-01,2.135731220269696529e-01,2.505070040644669094e-01,1.895656051788383034e-01,1.990500498932374907e-01,2.055383171468725678e-01,2.173448217755439282e-01,2.085101095110562519e-01,2.276935852677759442e-01,1.919897553863749162e-01,2.316312954388749512e-01,2.018816510936100872e-01,1.796923568177621333e-01,1.910124128743143357e-01,1.741051667915962664e-01,3.013361576348466686e-01,2.343669291588869330e-01,2.119514198870113275e-01,2.303879966079613872e-01,2.080468222328712147e-01,2.310548970446545947e-01,2.636314781512298921e-01,2.090566871269571858e-01,1.904971326353052108e-01,2.274023084561486441e-01,2.870767124763883293e-01,1.919563749828244736e-01,1.655206806132629715e-01,2.124989348420056601e-01,2.578559573363000124e-01,2.807230756983064013e-01,2.272740997138745500e-01,1.988913320945999152e-01,2.351101873831464295e-01,2.012534872766230110e-01,2.178910395920086451e-01,2.541501131023155557e-01,1.908797154067972957e-01,2.248066152071059864e-01,2.247900413168636147e-01,2.291009462899301907e-01,2.108344745875435633e-01,2.358491553141320585e-01,2.356831810071317035e-01,2.021986894977131077e-01
1.401983621459549504e-16,5.222734288918125915e-17,9.678835081973953883e-17,3.194329485216225073e-16,7.662149516425361276e-17,1.570587184653286867e-16,2.449181259301661252e-17,7.085256066854734310e-17,1.771000108548862768e-16,2.158153511827820973e-16,1.007017392745052066e-16,4.977188346658317462e-17,8.376464984817530534e-17,1.537591948662125232e-16,1.748887022271487949e-16,2.053656971627482396e-16,3.797800492741678694e-16,3.656751090682209189e-16,2.321385757534625190e-16,5.226222157416134083e-17,3.031446026359222536e-16,3.144871509914462812e-16,8.035351445712285821e-17,9.999718983790747276e-17,1.229055101328281815e-16,3.022377568264399572e-16,1.525244894179174763e-16,8.127431174059713298e-17,3.027818643121293350e-16,6.354198829672125597e-17,8.444129633678898367e-17,3.859745037266311948e-16,1.609163010241262312e-16,3.473986781386557503e-16,1.301323736607020529e-16,5.332950933455198085e-17,2.488663930699119178e-16,1.143462808387149951e-16,1.087168610829290398e-16,6.154692751586031499e-17,3.261366317747951164e-16,4.748035386339150729e-16,2.306178650883307555e-16,1.938069009603476587e-16,9.663488460582714738e-17,8.800589794175379760e-17,4.095036646141974462e-16,3.712208199800546830e-16,1.020480565147365494e-16,1.689663015175301585e-16
