1.328168240055728477e-02,1.319126716914120236e-02,1.327580376572395048e-02,1.319078840203567228e-02,1.320179710929769712e-02,1.314412356581616884e-02,1.345794887301864085e-02,1.341954752761286528e-02,1.306604636439538496e-02,1.329914572447799502e-02,1.330794037922034337e-02,1.326174282961697232e-02,1.327668891363735157e-02,1.322876117009772270e-02,1.345547575855921864e-02,1.323570471121373292e-02,1.318066330662266694e-02,1.320797644952210505e-02,1.339920614570094121e-02,1.333723665290309675e-02,1.329735435598812347e-02,1.326048050855014107e-02,1.323216700723663791e-02,1.334396645242906000e-02,1.320421029710877082e-02,1.313650847976831695e-02,1.332525300481012843e-02,1.339197779017718345e-02,1.314567078972973813e-02,1.328493638204015712e-02,1.330051304274991290e-02,1.321540996224650558e-02,1.331941068120126755e-02,1.330714491645894684e-02,1.324408781018319645e-02,1.318397021504162311e-02,1.349463746516482883e-02,1.324187398426877361e-02,1.339373170238320095e-02,1.325954924477639081e-02,1.346213872165237697e-02,1.329657673954421498e-02,1.326514461522529213e-02,1.318445214599286291e-02,1.327471376855099069e-02,1.330740590350084317e-02,1.328770301592344973e-02,1.334472290839374027e-02,1.328747660118375674e-02,1.328717766739448240e-02
1.321742288413564614e-02,1.335210437427832020e-02,1.342728464132727367e-02,1.331997125403663364e-02,1.327232445245627064e-02,1.340696225976619090e-02,1.331871573127766870e-02,1.330995708664359060e-02,1.347979370760267817e-02,1.333826702064483914e-02,1.329529327860746318e-02,1.326732354864945326e-02,1.326591307746402895e-02,1.334377185621724374e-02,1.323978738196490701e-02,1.321043712408807164e-02,1.340915002798406808e-02,1.313246370145985421e-02,1.309349495764540808e-02,1.334160106038796180e-02,1.309966598518531172e-02,1.331593616518690106e-02,1.326164356827197639e-02,1.322454814468156624e-02,1.331606192223308387e-02,1.306445847734858355e-02,1.324077619485830061e-02,1.329258158513692799e-02,1.321334745507277836e-02,1.332343651898538345e-02,1.322457925435929250e-02,1.337301017957133985e-02,1.336341619616811249e-02,1.308400443998903977e-02,1.334564881467695252e-02,1.337095216527959575e-02,1.332760455116670760e-02,1.330216322173405526e-02,1.319454156742945472e-02,1.327408947652974729e-02,1.339380025380737527e-02,1.322242116171695042e-02,1.326688666100835773e-02,1.333779845043108446e-02,1.316577846795413849e-02,1.321140202559459992e-02,1.320705924026390442e-02,1.316835939064863598e-02,1.335939135458885652e-02,1.338198534553827757e-02
1.316164335157681345e-02,1.317181555586470661e-02,1.325669184444144312e-02,1.321496414776169616e-02,1.330948230853097082e-02,1.325888522604833260e-02,1.306513312149992258e-02,1.320111398434061639e-02,1.318098729903780311e-02,1.329933778060921751e-02,1.322351229545102279e-02,1.325210527177195230e-02,1.320479616049294661e-02,1.326344321368534522e-02,1.296939392150225565e-02,1.322002390405534709e-02,1.316683241082616113e-02,1.326935908382575850e-02,1.323666921688547958e-02,1.338849040531556525e-02,1.339483914232761190e-02,1.329448480703509725e-02,1.324003162262260731e-02,1.318428233717373194e-02,1.326125893385622992e-02,1.328993692301728979e-02,1.322624117508161903e-02,1.325143731531416846e-02,1.322090338499295331e-02,1.317028514279234251e-02,1.322392572800551620e-02,1.323326732608003965e-02,1.315496080736898270e-02,1.312473428701445115e-02,1.324497111463664341e-02,1.337075678257904771e-02,1.316881801707186356e-02,1.332367852333613684e-02,1.338404549747953046e-02,1.333331055788839793e-02,1.323140482783485318e-02,1.312454427294687184e-02,1.328962735600205079e-02,1.322077496024198599e-02,1.331676502076613137e-02,1.317025486015824254e-02,1.322469283894107082e-02,1.327607562965602006e-02,1.322203668482061292e-02,1.321760863380127930e-02
1.322433513082417467e-02,1.321365947376879416e-02,1.346356716785441707e-02,1.326529358112838765e-02,1.318474597883857388e-02,1.320538264989263785e-02,1.333730996895862546e-02,1.329605868412694035e-02,1.322525055337882977e-02,1.317587500704211871e-02,1.318953398488877625e-02,1.325049217781580288e-02,1.327807244196640805e-02,1.323641993477301694e-02,1.310911389009624881e-02,1.333666044392742452e-02,1.318404494324211008e-02,1.319802027298223358e-02,1.337634920253636360e-02,1.319020654333401960e-02,1.328061405601491281e-02,1.332392231209461077e-02,1.328765583476862293e-02,1.326278237138374047e-02,1.318868883935606605e-02,1.319421246992246236e-02,1.329478671983496361e-02,1.333984566271569257e-02,1.315078680589057934e-02,1.312445843371038562e-02,1.318473782482708530e-02,1.334505096176756382e-02,1.338687484533012707e-02,1.347985174066756477e-02,1.314550178363724058e-02,1.332639907841599164e-02,1.317971209653905594e-02,1.331212494771872104e-02,1.342703537034256947e-02,1.330544351015871228e-02,1.319644042507469271e-02,1.328571519113585890e-02,1.312343963214201645e-02,1.328266272508088833e-02,1.315599321432065275e-02,1.312124765167835098e-02,1.337860413250830001e-02,1.335100770568839988e-02,1.324722636552570776e-02,1.331808261752966474e-02
1.312057643269077742e-02,1.318266846912301456e-02,1.335811475953383072e-02,1.323629708001128336e-02,1.326296678129629432e-02,1.327302156616913184e-02,1.306156358526859920e-02,1.309365454999163875e-02,1.288379507562525603e-02,1.309374594976775788e-02,1.326688683564021705e-02,1.315201164746822825e-02,1.302748975515317584e-02,1.317828444893891747e-02,1.316465643853420402e-02,1.299334725109206612e-02,1.321502376902337905e-02,1.322284258802247994e-02,1.307664794872209768e-02,1.315593837964800124e-02,1.318632708376221187e-02,1.333199237510968201e-02,1.313548087012088653e-02,1.320417211076386349e-02,1.321343964184568641e-02,1.324337064958671858e-02,1.305732848723137156e-02,1.320166155674720558e-02,1.321047870065194044e-02,1.308650127293068365e-02,1.307512295278572857e-02,1.308643908428676686e-02,1.309483889802989798e-02,1.325002587604591497e-02,1.314219488871926945e-02,1.300686255414178726e-02,1.324290739727760659e-02,1.303873348275122641e-02,1.305811816789084756e-02,1.309538961762473155e-02,1.317182856310163824e-02,1.310409687594571437e-02,1.311987562287175203e-02,1.304933328758268486e-02,1.313601640745050599e-02,1.337421807994792350e-02,1.319989219031444776e-02,1.304107108586530749e-02,1.302046733262650011e-02,1.300221918870573742e-02
1.311007256438131985e-02,1.309094177717888031e-02,1.311958191699382804e-02,1.318045752557915964e-02,1.306216841546550475e-02,1.303537780311861231e-02,1.299416600664010484e-02,1.331964281729572028e-02,1.308947133302926225e-02,1.302636949075546696e-02,1.310144279690008025e-02,1.314085478101698241e-02,1.312883348276375206e-02,1.330799837900870433e-02,1.315299292575336162e-02,1.311600695619109629e-02,1.295948706342855798e-02,1.316176129899964721e-02,1.310023625956253414e-02,1.318128982331240318e-02,1.296383212833580705e-02,1.296583841380599331e-02,1.308709451681468183e-02,1.307391249477295875e-02,1.303168602048738328e-02,1.324304159194207402e-02,1.311437818187027177e-02,1.310725039101492614e-02,1.319121598464201121e-02,1.300541685850609142e-02,1.294239647546778331e-02,1.296995296108738142e-02,1.305179669240149644e-02,1.313892854677673784e-02,1.320939195357499762e-02,1.296545588373107863e-02,1.322828901423137200e-02,1.323637949780584119e-02,1.304226610422832416e-02,1.291094964525438607e-02,1.319212183142615125e-02,1.318674818592164601e-02,1.304954992985689517e-02,1.322858842041034488e-02,1.301743805136799589e-02,1.321916567906303124e-02,1.311744056938787643e-02,1.313874393477626988e-02,1.325294377184713969e-02,1.324077742176806537e-02
1.306938819646844344e-02,1.299423531242914834e-02,1.297505648733409019e-02,1.290732440194737422e-02,1.293329027804488753e-02,1.308512430817909689e-02,1.298581317777513892e-02,1.296602874062373172e-02,1.296410724928251899e-02,1.297771919565032274e-02,1.293567690866968996e-02,1.318387326635534970e-02,1.308434251361292357e-02,1.297469838512072850e-02,1.285084748523356718e-02,1.296287163424516241e-02,1.289046102849617306e-02,1.307719726887689345e-02,1.310030117031695147e-02,1.296231960174377452e-02,1.307343824346361531e-02,1.299331009226868325e-02,1.304634788907954243e-02,1.299564952856174620e-02,1.298784535509795758e-02,1.306066985019884580e-02,1.299951693035649412e-02,1.309087419404665088e-02,1.289685598829837763e-02,1.298320937519428266e-02,1.309493423541121040e-02,1.316103911816066813e-02,1.312859195462398251e-02,1.294355371512625683e-02,1.300368639472863561e-02,1.299797000448010310e-02,1.309436587909613807e-02,1.304306319456403039e-02,1.294606480985543637e-02,1.302054907714537621e-02,1.304955931134433450e-02,1.295021388697970184e-02,1.296495990486459457e-02,1.303758789298079847e-02,1.290661759884548752e-02,1.299338977025083289e-02,1.302084734213461263e-02,1.284945411588606437e-02,1.292175723126511890e-02,1.298328228599870612e-02
1.290495777836421845e-02,1.314151929648963574e-02,1.289652676579959925e-02,1.302240250751228456e-02,1.295367273514212193e-02,1.283779092316824320e-02,1.298338560563757314e-02,1.284764464378275635e-02,1.297704557164935761e-02,1.310687749653388808e-02,1.288656671530227088e-02,1.297818299188638336e-02,1.277115884183635877e-02,1.296226829314882714e-02,1.299318703190699420e-02,1.289863664572719372e-02,1.296390237607485292e-02,1.292352591200408678e-02,1.291659262550597619e-02,1.289338701450529374e-02,1.282211547410371313e-02,1.284414698489341755e-02,1.284279618462504276e-02,1.292871623420377425e-02,1.303592997066983783e-02,1.286108168225230837e-02,1.288003002362422822e-02,1.288526169140025678e-02,1.299235673865756398e-02,1.284271293618354133e-02,1.301877421235369398e-02,1.291670883774721605e-02,1.276856760275365404e-02,1.278917892789272447e-02,1.298624308954156835e-02,1.290907843212829240e-02,1.287428147777603012e-02,1.292397865836181561e-02,1.314144804632202089e-02,1.274385745864358051e-02,1.280781385794858319e-02,1.281877627285959650e-02,1.303400525018740853e-02,1.292802599825961136e-02,1.294450518821189076e-02,1.294832790772368347e-02,1.294351908929155213e-02,1.294111915112425640e-02,1.276294821011731730e-02,1.296669919655715764e-02
1.278179014723984826e-02,1.281874974185017238e-02,1.287808024038434793e-02,1.292250371065742538e-02,1.271164780545735486e-02,1.262708287202153265e-02,1.284354346988621914e-02,1.273064416655191392e-02,1.277211634589061305e-02,1.271099006889904286e-02,1.286551832465478509e-02,1.289672878278272199e-02,1.297633404949824834e-02,1.299051555083311459e-02,1.284272029237705851e-02,1.283656750513207344e-02,1.287313829814528722e-02,1.289653150695936439e-02,1.290375084952429668e-02,1.299487669908309419e-02,1.280546971672375488e-02,1.279344633569161338e-02,1.292043778126971548e-02,1.290021912906099723e-02,1.297401321076508199e-02,1.290591941084482004e-02,1.285333909870919541e-02,1.280731396867477133e-02,1.278349393738613740e-02,1.279821699273160467e-02,1.282194847540877453e-02,1.295576735461499186e-02,1.269039188997482526e-02,1.290654336054953069e-02,1.291495028098599632e-02,1.271024251185227244e-02,1.289249749408313307e-02,1.273205057761255671e-02,1.280853391506036124e-02,1.273717411089006837e-02,1.278597440153440325e-02,1.295797241463493739e-02,1.286626376429601988e-02,1.263151467810747115e-02,1.283180427110145426e-02,1.280492820394887356e-02,1.280658749847441401e-02,1.270076774968634248e-02,1.296966155959368254e-02,1.274879734592217380e-02
1.259177204250698685e-02,1.262141118611596197e-02,1.267043131157628323e-02,1.266974714152997207e-02,1.275489772834726386e-02,1.255294961740782353e-02,1.266004670072894134e-02,1.260904981805258986e-02,1.255656488538792366e-02,1.263718878226875557e-02,1.267433472305314057e-02,1.271116939174503878e-02,1.285837620968469097e-02,1.258673433262100932e-02,1.278739343989472761e-02,1.272211589069532217e-02,1.270698304908076184e-02,1.265721633023750466e-02,1.293721820832141600e-02,1.275260445777332344e-02,1.252479495807255587e-02,1.279969230583884870e-02,1.269138708089266772e-02,1.266209515270485392e-02,1.277784290816126253e-02,1.260546952413209819e-02,1.269846850421135938e-02,1.268850480852379281e-02,1.266908206168992912e-02,1.263688351739540063e-02,1.257543949167732288e-02,1.267528289913306440e-02,1.271264306357854958e-02,1.256613207161501149e-02,1.256042598833890557e-02,1.272636157755165955e-02,1.273646143513719985e-02,1.274298721232674202e-02,1.256818369919861927e-02,1.263743652743584862e-02,1.270037768702909908e-02,1.275823074009919088e-02,1.258410965232093295e-02,1.253754117476351022e-02,1.274057241216209474e-02,1.257211627313798569e-02,1.289630071692374202e-02,1.260820923617521003e-02,1.279911590207280341e-02,1.268936252536590793e-02
1.259835154703310353e-02,1.268696187772071389e-02,1.263749227628726407e-02,1.258837707305256355e-02,1.257719335891134549e-02,1.251280623343852851e-02,1.243639791713828380e-02,1.251063549408346423e-02,1.255212574996160922e-02,1.258914668497176752e-02,1.249009791372376887e-02,1.250704694379114676e-02,1.254454452150779130e-02,1.252351010398685890e-02,1.259928978257014373e-02,1.256713747777609726e-02,1.240269697920801627e-02,1.250995216242453516e-02,1.253060927608819035e-02,1.265425101034848079e-02,1.254322999105213221e-02,1.242278637475073555e-02,1.253839724095500915e-02,1.243881629308891262e-02,1.249178495257375308e-02,1.250026178335691442e-02,1.259923658589929239e-02,1.261938688138566737e-02,1.244773987637778738e-02,1.254681810522091136e-02,1.268027292078549237e-02,1.256948297130156510e-02,1.264973156260309518e-02,1.256847777142021741e-02,1.265976997359069718e-02,1.258031597196881783e-02,1.264115566099222564e-02,1.274230105554582590e-02,1.267798269785820782e-02,1.258604801654524506e-02,1.249913698417444256e-02,1.264256067902550830e-02,1.246192944006297224e-02,1.248515992934036770e-02,1.256415917091415618e-02,1.227464871627020893e-02,1.248408342371877360e-02,1.255928139832278474e-02,1.248321954409063912e-02,1.247776449864113762e-02
1.243658774182866168e-02,1.242717473740815801e-02,1.236567396185079236e-02,1.245670869281030428e-02,1.231154671320140899e-02,1.228705651425677364e-02,1.241882582848395471e-02,1.230431903730227171e-02,1.238115229923042633e-02,1.232175203586926421e-02,1.241414767547650150e-02,1.229805002549774415e-02,1.251419180876712535e-02,1.226472397743856059e-02,1.265110963070684678e-02,1.244767951813662878e-02,1.229301557210749594e-02,1.252642588291387471e-02,1.237993304455115191e-02,1.235482757544230717e-02,1.235769215705391846e-02,1.225633035265347691e-02,1.233751070609683496e-02,1.252783233093202747e-02,1.241791363133946946e-02,1.238367544337258194e-02,1.242466000071132393e-02,1.226042041000700161e-02,1.231217764313614384e-02,1.236457575241801769e-02,1.234927996455152839e-02,1.240173350956347981e-02,1.246382188291587922e-02,1.246394514646227691e-02,1.239263252333072142e-02,1.236045595410138233e-02,1.239950842227015813e-02,1.257208392899979502e-02,1.240300946089945879e-02,1.248213206596729234e-02,1.245798384064524672e-02,1.232384561696468588e-02,1.242466697148676517e-02,1.251402311875093876e-02,1.261153005396489259e-02,1.241145213860679955e-02,1.251316003922963750e-02,1.236433136145306984e-02,1.245781909317240053e-02,1.238397842280818117e-02
1.239748460385890587e-02,1.218896179017368332e-02,1.235587390306446855e-02,1.243757435304138764e-02,1.209013459519375777e-02,1.222439307502152205e-02,1.217120257299853826e-02,1.217486548110530489e-02,1.215136613912925871e-02,1.227763399350422814e-02,1.237461186767279536e-02,1.235558521319749317e-02,1.235314265877826209e-02,1.226633540064276870e-02,1.225918801447053834e-02,1.223445630995401850e-02,1.220482601850790029e-02,1.216523562988046370e-02,1.229268717846115043e-02,1.227921692311612425e-02,1.224682499524931689e-02,1.231109334351873814e-02,1.228765920116776586e-02,1.206198616929024872e-02,1.237216595072130644e-02,1.223778807873924547e-02,1.228991185301924263e-02,1.228241878940254141e-02,1.228685137173678339e-02,1.215630402774983340e-02,1.224055740820156543e-02,1.221096143788949831e-02,1.236706439179668417e-02,1.238077256280546538e-02,1.230503634583351644e-02,1.230234599807851839e-02,1.219957503596287747e-02,1.222786957511743169e-02,1.218393215187024703e-02,1.237209123969295124e-02,1.196664151420292685e-02,1.239054600815668594e-02,1.226715663385468183e-02,1.222378321841695314e-02,1.232328015664092315e-02,1.231084735012720824e-02,1.226372062028554741e-02,1.216127220985488075e-02,1.243339104397155059e-02,1.236995720556585167e-02
1.218158804209405581e-02,1.212984750185657629e-02,1.214396037868559729e-02,1.216677007592125402e-02,1.228499586854819338e-02,1.210830220624733999e-02,1.195674337763033904e-02,1.211679833920099696e-02,1.211455262130667863e-02,1.209916061527053360e-02,1.209909527467298296e-02,1.199359170003883902e-02,1.203511375072483999e-02,1.207382341557559219e-02,1.210387860248349906e-02,1.202320508502113805e-02,1.205386112515976528e-02,1.225693260204032027e-02,1.204888621555667838e-02,1.200444462519944036e-02,1.207011104346440711e-02,1.193964126790020633e-02,1.220580753088448302e-02,1.220325047707661835e-02,1.228138170144691538e-02,1.214380787743623083e-02,1.208071258787119309e-02,1.200105445474582665e-02,1.204360890094172999e-02,1.207773446122509080e-02,1.213757563356260977e-02,1.203883983501409689e-02,1.226864052809447173e-02,1.223241022515816380e-02,1.223149897660124989e-02,1.207205387473822555e-02,1.212112232146383105e-02,1.204659331823305056e-02,1.190133157559931064e-02,1.204342257307869021e-02,1.216451982211292152e-02,1.212736485369597488e-02,1.214578403893450294e-02,1.206022817662849751e-02,1.208349065395629592e-02,1.204448577856104957e-02,1.204587052757547828e-02,1.203728558466849417e-02,1.196269862172755390e-02,1.228817943451099987e-02
1.182925584567222008e-02,1.192212876931907431e-02,1.185282058711612831e-02,1.194141783773208093e-02,1.186988269654269852e-02,1.197258089536300252e-02,1.178435667218394323e-02,1.187851882770757893e-02,1.176844350608113529e-02,1.193854933833275213e-02,1.179644355361978911e-02,1.183976436233107228e-02,1.195770512595091886e-02,1.187049658133333858e-02,1.188942156973422579e-02,1.171686290523436119e-02,1.195311362818625954e-02,1.194349566184144812e-02,1.198471327279262283e-02,1.181233948819737471e-02,1.173582473757957614e-02,1.191932414815452534e-02,1.179169929798090655e-02,1.199132187490050891e-02,1.186414853502899998e-02,1.190131728029796346e-02,1.190893627705440737e-02,1.183277293653940167e-02,1.180315713144076788e-02,1.181111555279398817e-02,1.178517467822919745e-02,1.186896959812037446e-02,1.184058484013671836e-02,1.165954558094018691e-02,1.195125675115728085e-02,1.197132476960974939e-02,1.194795956460688313e-02,1.190780504801575851e-02,1.184060055800039216e-02,1.174531346388243622e-02,1.177891787958856851e-02,1.196095620444054264e-02,1.194742655694283444e-02,1.191543686293103713e-02,1.168362548697079312e-02,1.192496562697249046e-02,1.191710839496306490e-02,1.188181808391255978e-02,1.189341618487201567e-02,1.196928930606933061e-02
1.157363214585449204e-02,1.174159179973891139e-02,1.162948073186572361e-02,1.174550991483144097e-02,1.164623350400900009e-02,1.173694790870798838e-02,1.164511756639048656e-02,1.172934403524965828e-02,1.172441018249219431e-02,1.162543627780574830e-02,1.165718232986475561e-02,1.153051663764054387e-02,1.155687567887271963e-02,1.161081647569165570e-02,1.171037504927621709e-02,1.171746521396149592e-02,1.173827314618732659e-02,1.170499906689870077e-02,1.158005988432771888e-02,1.172112064375618705e-02,1.168976678297113832e-02,1.169178724039814272e-02,1.175797353682783188e-02,1.170591383160841763e-02,1.152668794183064026e-02,1.158963912161572671e-02,1.177982010718776201e-02,1.167510840049842263e-02,1.175897722725267186e-02,1.184330182598298219e-02,1.183872852139142284e-02,1.167803366611613533e-02,1.159382502292128844e-02,1.174868330979565376e-02,1.171691149377280736e-02,1.169988661817261688e-02,1.165426473525423001e-02,1.163900894949783903e-02,1.157234974374704399e-02,1.159244857677061910e-02,1.172444635311625447e-02,1.159080027000617373e-02,1.164122155630723486e-02,1.174854200315788438e-02,1.183211463162596282e-02,1.166323080065978859e-02,1.184926741285077453e-02,1.171468833236272329e-02,1.175757329474577846e-02,1.168786070999970964e-02
1.135347432059231193e-02,1.142036805703547028e-02,1.155783027477681746e-02,1.153230681664289825e-02,1.156312804440538973e-02,1.163693240743796271e-02,1.147984966978956266e-02,1.153130908935488981e-02,1.139363621742453363e-02,1.154421743335434444e-02,1.150602889596900359e-02,1.157959081367343317e-02,1.154733715877511065e-02,1.148646098564591773e-02,1.126591220575885385e-02,1.157081472689680708e-02,1.146558224689415983e-02,1.145807860316222331e-02,1.161778968587640244e-02,1.151017090767521289e-02,1.145974637913222197e-02,1.150559932159044528e-02,1.153811706984211177e-02,1.145678144273818908e-02,1.147115259921152076e-02,1.148044112789403659e-02,1.152581266912418648e-02,1.161575930607183782e-02,1.152658793311203689e-02,1.143620990046934245e-02,1.146429361875175856e-02,1.143554323177030374e-02,1.159307527548706328e-02,1.157409801000065797e-02,1.150375414364606698e-02,1.139947399050581130e-02,1.137292871376066952e-02,1.146969578137606478e-02,1.145145202067863500e-02,1.146591516866052318e-02,1.136520134016516699e-02,1.136027386869031298e-02,1.140038272052817415e-02,1.149635420176107516e-02,1.154473979858288389e-02,1.152674348010844507e-02,1.150485345740025200e-02,1.149690147726831028e-02,1.147542331119420257e-02,1.152026748748517619e-02
1.131338671489396687e-02,1.123313238585883431e-02,1.125873341337340315e-02,1.126401685817882831e-02,1.124367463634071487e-02,1.131829814778361268e-02,1.123295436982070343e-02,1.127880682411782493e-02,1.138849746527413088e-02,1.119731875336582409e-02,1.132042482771600765e-02,1.125914751359257011e-02,1.127067480836960005e-02,1.146537045181017164e-02,1.113117636864983939e-02,1.133901559065238727e-02,1.122991585338044794e-02,1.137714359812257332e-02,1.120452007452318183e-02,1.115042188898541717e-02,1.128549499937114842e-02,1.123218072681731079e-02,1.127784389693993299e-02,1.135847554913483638e-02,1.124279204929194698e-02,1.116076170271707371e-02,1.117597793545310053e-02,1.142786150928644905e-02,1.129991175364845370e-02,1.134138477450587906e-02,1.126636201957100306e-02,1.135057376186874786e-02,1.122843913709971851e-02,1.122876910872256002e-02,1.123668434902287162e-02,1.135873296125011235e-02,1.116909985168523280e-02,1.133345524964475895e-02,1.138252496648516944e-02,1.126614545946492789e-02,1.122488060227263586e-02,1.136911725792281135e-02,1.104900944910016010e-02,1.122069870810636812e-02,1.134371988551353093e-02,1.128914570852561534e-02,1.127212921356779939e-02,1.119064794588171124e-02,1.126818642912288254e-02,1.122555859065259287e-02
1.093698903836875722e-02,1.118808137985059618e-02,1.098785325142518331e-02,1.103352927776473508e-02,1.120781875787437050e-02,1.099489421223793714e-02,1.094045292108840328e-02,1.110483709289867074e-02,1.103392274013845382e-02,1.106236472014735829e-02,1.105739428999404604e-02,1.104840264637227919e-02,1.094744768909686888e-02,1.120358790472671985e-02,1.096556850749212837e-02,1.112866799799891275e-02,1.106024399675680295e-02,1.104787450341713530e-02,1.107628570607818545e-02,1.114374901418530017e-02,1.096719701328919758e-02,1.123325076334514769e-02,1.117973142990414358e-02,1.094786638876133963e-02,1.098417299306077115e-02,1.103433425887767258e-02,1.113278312789000614e-02,1.094059383660263285e-02,1.090162842150773845e-02,1.109541035911835311e-02,1.109708403310705888e-02,1.108467492479175108e-02,1.099015419828083817e-02,1.098342612422010568e-02,1.098698664083541492e-02,1.119124085668335086e-02,1.104727213030491997e-02,1.109654488827069296e-02,1.102998223243411777e-02,1.098324345191619734e-02,1.094086154440502071e-02,1.104976337800386670e-02,1.096131640797871377e-02,1.112702291379853714e-02,1.106818765204882829e-02,1.093924557187172207e-02,1.104617882615293971e-02,1.092401287517935637e-02,1.111473141816861354e-02,1.081662546601034648e-02
1.088196673732008506e-02,1.089918849245579725e-02,1.077047565028114648e-02,1.084877649608176862e-02,1.089459552638137423e-02,1.079457665428717669e-02,1.080634894900498258e-02,1.077396743574143660e-02,1.081334478812119755e-02,1.067297847014473701e-02,1.085514264900121727e-02,1.081767361690587001e-02,1.083022854618540497e-02,1.069567111132686821e-02,1.074059208041361867e-02,1.086710958588485605e-02,1.074242924409950228e-02,1.085973561441267929e-02,1.085288735326222880e-02,1.090234676308599743e-02,1.080784792719793538e-02,1.078818171676141496e-02,1.077693069234551652e-02,1.077549187656960152e-02,1.086571923781518012e-02,1.090852524379727108e-02,1.067788312725043154e-02,1.081233822838844304e-02,1.085165089068301607e-02,1.082404471856749338e-02,1.084964359997456392e-02,1.092174386324384211e-02,1.075248618063158294e-02,1.068341297574275893e-02,1.080745715480111238e-02,1.073870586630499419e-02,1.082394418520074390e-02,1.086903992890761277e-02,1.086938804781580926e-02,1.074907201468182534e-02,1.067954558539782259e-02,1.083889066326233254e-02,1.091874951958680257e-02,1.081090003121505660e-02,1.093460151606161050e-02,1.087514271110945861e-02,1.080698695359352639e-02,1.080436156392928365e-02,1.074941138289101962e-02,1.081125941525865920e-02
1.068113787329242996e-02,1.059122517376686473e-02,1.054231962121616149e-02,1.052182556749043860e-02,1.044653388826971389e-02,1.052083402275499555e-02,1.056722975160837193e-02,1.045710763975202413e-02,1.061315533581813804e-02,1.049800697170350135e-02,1.056766227978941410e-02,1.032105769556376090e-02,1.065811011505671778e-02,1.052092681710696531e-02,1.041903496765663427e-02,1.050587220606107736e-02,1.048513193968183405e-02,1.048848022778262751e-02,1.057406903343437871e-02,1.048003604089564438e-02,1.064148904866148160e-02,1.071625264307076580e-02,1.052144497187747219e-02,1.050875010352600100e-02,1.047365784913292103e-02,1.062493256435719478e-02,1.054454151330692403e-02,1.064434410999700979e-02,1.060376151457265680e-02,1.047053127817466900e-02,1.054094993263634053e-02,1.057904015545982866e-02,1.044097339331448611e-02,1.040970934885201635e-02,1.044738150527708964e-02,1.052760041668077649e-02,1.064055817395847918e-02,1.061098920073933957e-02,1.051780601086383347e-02,1.054304072598227088e-02,1.057557571594519227e-02,1.053568884578574491e-02,1.044697126071529418e-02,1.060033935949047067e-02,1.048217420658575753e-02,1.054851282511214475e-02,1.055942100155746015e-02,1.065496065803364992e-02,1.066476712068081464e-02,1.043341360392462114e-02
1.024554682400363737e-02,1.031767250881083543e-02,1.027452436894386173e-02,1.032634782431514180e-02,1.032791527452122694e-02,1.045426576327300461e-02,1.023496003763160224e-02,1.034295821002906984e-02,1.023670808156205113e-02,1.037284062600246463e-02,1.018097082769235835e-02,1.044059474608866750e-02,1.039823649832466966e-02,1.026006902650260059e-02,1.023630975650387763e-02,1.029092716043139913e-02,1.027113832640056366e-02,1.015810092402576366e-02,1.041858262095520654e-02,1.016217996855145814e-02,1.022226531342685686e-02,1.039585520632052215e-02,1.026576245343430865e-02,1.019155630251565234e-02,1.028314674587581593e-02,1.035979079217877984e-02,1.031435739375472296e-02,1.032246948317157124e-02,1.031210974465726106e-02,1.023151960310539343e-02,1.038558559499545147e-02,1.029804375542007523e-02,1.022242057018757019e-02,1.023762558361569590e-02,1.036222953715614653e-02,1.030287694042156428e-02,1.035458585579610014e-02,1.036068718472692163e-02,1.015102567400108513e-02,1.016055363367574307e-02,1.034417157409600781e-02,1.026452757693293270e-02,1.027925756615397090e-02,1.022632416285200463e-02,1.017904287397161829e-02,1.026536570197426022e-02,1.036954584236710400e-02,1.019205054195149347e-02,1.022942014882347907e-02,1.027275233219446422e-02
9.976387266523615432e-03,1.015016434551942875e-02,1.009319968336089973e-02,9.966681968015761103e-03,1.009149059675364980e-02,9.991984067096998726e-03,1.009847057909029136e-02,9.789209454751278405e-03,9.982373889975500528e-03,9.917845438043595974e-03,9.990470317436094330e-03,1.001270261228050067e-02,1.004797209437157009e-02,1.001419850282491038e-02,9.927072492343069418e-03,1.006706357294153559e-02,9.946494455759626388e-03,1.000330749047752613e-02,1.013209540227732845e-02,9.952314073088325622e-03,9.983394106069451435e-03,1.001175781828799079e-02,9.876248670960608919e-03,1.000504790350457279e-02,1.001029294958196737e-02,9.983655406477408290e-03,1.001940907548929012e-02,9.885753276662027217e-03,1.014380992510807364e-02,1.006714426695960903e-02,1.001382751328414727e-02,1.001264039145303639e-02,1.005072906283340298e-02,1.016209638018143735e-02,1.006463357718924943e-02,1.009525658240927916e-02,1.004979956574919391e-02,9.996254860359198371e-03,9.980797214377945537e-03,1.009842143286516711e-02,1.003664945652723954e-02,9.988850199627627435e-03,1.006113418739937142e-02,1.005150946037437244e-02,9.838413117971902058e-03,9.961581848284408597e-03,9.990133119575445031e-03,1.013932297274128258e-02,1.003799807135027748e-02,1.003196610775662634e-02
9.623785724248514611e-03,9.728130378318910684e-03,9.780101707817945994e-03,9.585556489895343327e-03,9.694517978783734335e-03,9.593366661313553270e-03,9.697274249834247559e-03,9.796088694504000854e-03,9.746884622766903081e-03,9.769016190613674308e-03,9.824194817650054937e-03,9.738857550283336328e-03,9.818980863434302944e-03,9.790981689797601667e-03,9.610253641230708313e-03,9.740216609470121398e-03,9.594024078711562917e-03,9.715115546139834607e-03,9.781675313903838778e-03,9.645032478179160762e-03,9.650031686972686956e-03,9.801197224719861850e-03,9.751007325997592540e-03,9.725978254526789976e-03,9.810426497163975482e-03,9.730563335105781031e-03,9.738339852587669238e-03,9.799268125066547264e-03,9.683887166697881591e-03,9.730647403725218442e-03,9.776111221863630421e-03,9.776612194379140017e-03,9.634755724742420646e-03,9.746110658305969301e-03,9.722686299607949043e-03,9.764035070677730063e-03,9.709646722077434899e-03,9.710263818912190023e-03,9.697953791793688383e-03,9.736676202865005708e-03,9.805158257951114911e-03,9.847545280312767005e-03,9.770186062661126436e-03,9.720581933647517645e-03,9.777519289540282516e-03,9.602873910175658417e-03,9.788199298972139611e-03,9.635423070986614755e-03,9.744903328203012582e-03,9.746038366906311159e-03
9.429531953421216653e-03,9.387769910294500170e-03,9.445623845379599870e-03,9.502470105362923955e-03,9.570634204393420330e-03,9.434923679532586024e-03,9.427082192827484705e-03,9.459069345645160568e-03,9.373807008134933325e-03,9.439059251367599990e-03,9.420917703945728972e-03,9.301860631202156851e-03,9.397753050595002156e-03,9.651291124017098016e-03,9.519044174763903812e-03,9.376564494167200642e-03,9.503938681674069591e-03,9.337034324466716648e-03,9.517934165287230547e-03,9.406792586764403316e-03,9.393096546293808885e-03,9.443999207439239194e-03,9.385993095694536090e-03,9.413172769240451751e-03,9.448122657388183590e-03,9.454851309504032006e-03,9.472200230296479867e-03,9.439251518668341848e-03,9.492479037692933691e-03,9.581649456688410421e-03,9.356923740166356654e-03,9.390706264146151533e-03,9.445827536668043728e-03,9.632668240537656246e-03,9.508161265088990038e-03,9.512350564285575877e-03,9.449419271038964410e-03,9.472894091443567061e-03,9.475589103340731345e-03,9.463829980323072710e-03,9.358194155698792635e-03,9.325548202997507169e-03,9.416455130045882707e-03,9.579531303504250014e-03,9.464766114740940164e-03,9.470627142738335599e-03,9.346719161744586335e-03,9.553550288757367906e-03,9.423536597377797988e-03,9.507976676466658311e-03
9.094989098532929583e-03,9.054342142735771065e-03,9.171186050953168342e-03,9.180575979313782692e-03,9.151349057778257468e-03,9.000398315528811144e-03,9.047945232779366909e-03,9.118810229799337308e-03,9.228831319285979440e-03,9.099889184810954629e-03,9.243068157005691551e-03,9.101902905148938697e-03,9.204383935506472644e-03,9.162166001215381328e-03,8.998978742040027873e-03,9.270405427290143163e-03,9.180079090248904547e-03,9.149486021848302758e-03,9.121475521400116207e-03,9.136854543719565708e-03,9.202080528246432342e-03,9.144438554567991748e-03,9.171314372748207155e-03,9.258983945965366946e-03,9.162463625072092208e-03,9.198955865604466556e-03,9.174272720807119530e-03,9.163579705942137901e-03,9.159330374711704623e-03,9.109162357215639522e-03,9.223091522848860663e-03,9.150488326027788125e-03,9.140829451399767880e-03,9.243125396517408790e-03,9.133891403900692291e-03,9.207911250842333931e-03,9.185132385660186444e-03,9.077760806294681017e-03,9.216952696952425070e-03,9.204472267085504755e-03,9.118351331575064514e-03,9.279022060676555411e-03,9.205812255648794518e-03,9.090052470319047104e-03,9.109324034982503246e-03,9.194356134309014314e-03,9.132648481714925048e-03,9.221255507249176073e-03,9.309813835032789558e-03,9.131469903580274536e-03
8.899501093662047502e-03,8.903575034389332038e-03,8.927330622607723004e-03,8.806492061177517011e-03,8.843107234635428499e-03,8.907431935386306981e-03,8.826329574433531069e-03,8.896136959190932211e-03,8.899769596512860023e-03,8.741076880098879592e-03,8.872361465228108257e-03,8.741166683330980208e-03,8.842506558536742875e-03,8.902005615886478262e-03,8.818593286832935446e-03,8.791375664601509821e-03,8.735053228271122058e-03,8.923594042123627473e-03,8.861334292942621774e-03,8.816352588344353661e-03,8.767851413518502543e-03,8.886033248783576852e-03,8.841675886471726115e-03,8.945793507225338614e-03,8.775614100610047361e-03,8.891910225540160598e-03,8.749090549975543571e-03,8.866214359473044079e-03,8.838045132764016029e-03,8.986804546319051776e-03,8.744339284175074375e-03,8.849383802860938050e-03,9.048387446101108927e-03,8.975781186815573812e-03,8.907136576471462105e-03,8.948804688769919011e-03,8.799231355742622232e-03,8.868327023622255695e-03,8.877160344874837281e-03,8.879971958709761276e-03,8.751141970467862796e-03,8.765367155404832702e-03,8.879256436906400249e-03,8.827082257585057434e-03,8.875606847394088353e-03,8.951588213198908087e-03,8.886824933119352385e-03,8.807531886166473922e-03,8.760567101915381003e-03,8.968250565039165290e-03
8.543700569812391274e-03,8.633564017566913024e-03,8.655003295952352557e-03,8.533204675282540785e-03,8.532807694649665806e-03,8.557201537163357588e-03,8.611641797966597053e-03,8.671284078559569897e-03,8.545752874129970006e-03,8.612619326889671759e-03,8.483161730305775403e-03,8.669047126471256248e-03,8.609385528820935607e-03,8.542484455414507682e-03,8.527323130917949939e-03,8.508590160991041582e-03,8.623809695820513696e-03,8.611277310394438098e-03,8.487401541161850027e-03,8.666831926672575320e-03,8.588978575933339799e-03,8.553288836989199340e-03,8.733031568012226270e-03,8.524058246873546935e-03,8.633575747793085370e-03,8.560042438707397144e-03,8.534316446578883372e-03,8.451098760926860354e-03,8.619395178278973363e-03,8.631201043260832220e-03,8.630671602479052240e-03,8.516772636918218398e-03,8.560659034792751990e-03,8.526327563998795794e-03,8.436988771341812771e-03,8.671174254322077529e-03,8.614405582558389007e-03,8.543659982657093171e-03,8.565561429789250378e-03,8.722240341011202810e-03,8.528390637176452502e-03,8.569553797686750574e-03,8.617959958973095067e-03,8.558311600434175340e-03,8.549976106679136809e-03,8.598219976176459806e-03,8.530915361377377701e-03,8.610199728470933553e-03,8.548931478570888712e-03,8.550523556823574206e-03
8.197154856464317768e-03,8.134326391064674450e-03,8.215693256242655174e-03,8.234575138479629727e-03,8.225527743047817558e-03,8.174348828361313254e-03,8.372071761948703811e-03,8.303992859298184315e-03,8.160110718107837016e-03,8.342765421482194882e-03,8.179813226414008390e-03,8.293104027501449829e-03,8.180479898920081649e-03,8.215786877149702794e-03,8.174823547493830986e-03,8.432255457993536804e-03,8.403165919941951376e-03,8.348926961078763018e-03,8.255567105637672334e-03,8.276459675360729046e-03,8.270764150241863982e-03,8.235188518352786965e-03,8.246738011176616909e-03,8.219511006233321676e-03,8.210399423727424845e-03,8.165067085210813910e-03,8.322390056732794500e-03,8.240251941459756160e-03,8.379419226159898898e-03,8.353677712875413539e-03,8.390361244736967497e-03,8.324819379775194594e-03,8.208543662445222377e-03,8.329659553952590070e-03,8.361818417133560360e-03,8.420389038829443479e-03,8.193396773919423698e-03,8.262753860535843389e-03,8.219134852246132508e-03,8.161723354019439700e-03,8.378244152589631871e-03,8.285024261598475728e-03,8.188696741527399028e-03,8.380243177500065754e-03,8.293807426651892897e-03,8.317818499972014570e-03,8.354975694549871337e-03,8.256461366664273258e-03,8.119885685490291563e-03,8.177990564586548952e-03
7.869622893777112813e-03,7.978408861469521787e-03,7.983880114110494114e-03,8.012377622718730094e-03,7.744618252446984312e-03,7.988953436957803300e-03,8.010735831642142035e-03,8.054201591923201842e-03,8.014717290228415281e-03,7.872231041971253229e-03,7.788484610614577162e-03,7.915809059595746086e-03,7.845209774601865846e-03,7.935180167562784839e-03,7.924011157122478125e-03,7.989034374030819230e-03,7.849039022144328401e-03,7.886904806940202295e-03,8.020732146447780153e-03,7.980918796907798471e-03,8.047148390242240060e-03,8.063335643284014198e-03,7.942570372760433123e-03,7.872187405099482713e-03,7.942776754724019742e-03,7.946202137269979537e-03,7.973588193799055132e-03,7.847813951823297621e-03,7.912197660061206367e-03,7.914013016820500845e-03,8.032626897314975103e-03,7.958708152562334395e-03,8.087830827590963487e-03,7.841975804230825325e-03,7.935204313061383630e-03,7.996734320744252472e-03,7.975523620511239600e-03,7.995580244197594832e-03,7.987729686010865138e-03,7.932819545446894924e-03,7.931909411169739757e-03,7.884397181764601220e-03,8.028813344679105665e-03,8.057452506262587077e-03,7.892766274020343586e-03,8.081094355589136732e-03,7.898250667029441119e-03,8.035596091277156724e-03,7.859296046955488099e-03,7.895529595965783756e-03
7.722237260992220742e-03,7.649296796501088916e-03,7.691096427731318810e-03,7.668703328485302999e-03,7.690407454783007059e-03,7.726090012734014058e-03,7.704037998802542794e-03,7.608385824877028289e-03,7.582250150016633244e-03,7.628153700106973627e-03,7.588447755425538864e-03,7.566307114391416025e-03,7.681692466616185308e-03,7.709644344936762185e-03,7.669399120912617947e-03,7.739015910138548858e-03,7.605823028738114590e-03,7.616277347401381390e-03,7.663183211844985625e-03,7.742503872436497583e-03,7.605252870503767006e-03,7.565213697560383040e-03,7.630095181552919333e-03,7.616401514365427061e-03,7.680023554938881537e-03,7.546217877006040735e-03,7.678540609716073828e-03,7.625012177582749309e-03,7.689393949324599062e-03,7.632730753354500207e-03,7.637862217870911886e-03,7.627861223848408229e-03,7.627867441720355586e-03,7.725787587798894213e-03,7.531964309854148783e-03,7.663652892862153100e-03,7.562724583748050601e-03,7.587164883285348917e-03,7.618737151631970426e-03,7.588783477433895357e-03,7.649206346653447675e-03,7.704324385812531470e-03,7.620543920671216803e-03,7.643700608914397870e-03,7.646252742351949093e-03,7.455973624547741069e-03,7.608580463696727053e-03,7.841858733333713360e-03,7.648009075411307291e-03,7.576256085508333016e-03
7.427415085466928385e-03,7.384548337018326768e-03,7.225930108566526629e-03,7.378490610848132195e-03,7.323712347968844294e-03,7.490540588078602700e-03,7.304308061729607345e-03,7.288526697846249569e-03,7.306400452246408946e-03,7.392673025520696446e-03,7.262480068608962239e-03,7.302547792884056532e-03,7.296439297178838011e-03,7.332410880431687768e-03,7.388494770700038301e-03,7.373268727948675827e-03,7.412964848934888717e-03,7.290995577065896571e-03,7.319488301200069089e-03,7.294831872734957104e-03,7.324015549430443542e-03,7.413520853002212099e-03,7.330067240514557061e-03,7.325075025861880681e-03,7.240927844030216678e-03,7.348577094987777426e-03,7.351744473441969990e-03,7.402221760316299998e-03,7.467367422484102318e-03,7.380193862912859393e-03,7.371431948437364573e-03,7.329697483457967705e-03,7.233839510779401134e-03,7.235938720384647686e-03,7.336146802978956750e-03,7.222485911748701554e-03,7.339293463492881434e-03,7.433998223444737360e-03,7.372421460408195605e-03,7.361162754963405247e-03,7.438836604307092967e-03,7.273928453256904049e-03,7.475629542903434142e-03,7.329552346404982419e-03,7.412774740813291366e-03,7.388054413740946687e-03,7.399064784022868664e-03,7.378601773961328443e-03,7.315428344460456374e-03,7.400670226150438472e-03
6.987604714439125606e-03,7.216170404936452475e-03,6.994383397236019970e-03,6.981605925008379024e-03,7.153342976936130984e-03,7.005590599983757029e-03,7.026150358807285203e-03,7.053814755801328905e-03,6.973819365656669898e-03,7.015248742027004047e-03,6.944716237331663954e-03,7.177000226272304932e-03,7.214598780986657307e-03,7.055462894575939559e-03,7.080446211852975055e-03,7.027992098484718043e-03,6.912791201728515564e-03,7.002396920767228229e-03,6.998892389630462056e-03,6.961595632101150177e-03,6.924301841691304221e-03,7.002360946387962796e-03,7.096918896314611744e-03,7.039725402157184439e-03,6.992913810261346640e-03,7.037989820619436690e-03,6.985669150477330155e-03,7.094811103291596976e-03,7.036705468900127797e-03,7.014116348544502215e-03,7.096133522967631134e-03,7.043424738275801990e-03,6.963879609435660867e-03,6.996701145540545896e-03,6.983484008265422940e-03,7.007646453287149323e-03,7.025571480424546919e-03,6.897836723025082585e-03,7.033130889230435230e-03,6.938082111218203847e-03,6.950787424478160025e-03,7.061054188193654005e-03,7.018445695248256427e-03,6.864843161587831470e-03,6.948664532570730801e-03,7.125836371387490181e-03,6.945431422559258591e-03,7.042399201894475498e-03,7.054224570773796714e-03,7.115781815605319235e-03
6.611610032371184262e-03,6.647533978040399277e-03,6.701778984475403357e-03,6.692391689244217047e-03,6.743591037491491851e-03,6.637619695404900315e-03,6.533899380349502024e-03,6.677336449128870241e-03,6.712489483359338968e-03,6.760494685715117205e-03,6.654228134964215897e-03,6.779549274758744568e-03,6.771002470639236707e-03,6.616053776183393811e-03,6.756129677455478474e-03,6.687712955192894569e-03,6.682853537391422044e-03,6.632599957260885450e-03,6.694917628921328960e-03,6.726930814404096133e-03,6.600356634401337817e-03,6.764712987833338548e-03,6.638787062075975597e-03,6.675810746590351945e-03,6.733970151598807873e-03,6.783314900542482088e-03,6.673625102711013175e-03,6.655924181302549925e-03,6.661519614811588219e-03,6.625374090322027482e-03,6.696509103506659635e-03,6.630790485531387786e-03,6.735017917268168799e-03,6.659506258638440458e-03,6.609852024942379153e-03,6.558997787022021776e-03,6.715199728193181790e-03,6.718856130383651405e-03,6.741660265342281147e-03,6.706433699543089613e-03,6.750391357169749189e-03,6.699644747868496557e-03,6.721606292286176794e-03,6.711452521064783898e-03,6.801388842514520180e-03,6.690274264237917531e-03,6.665459568864807137e-03,6.693628552962895169e-03,6.688541070507340522e-03,6.659553039517727112e-03
6.433166209382232617e-03,6.323664440678168110e-03,6.391239456989381180e-03,6.446660381283127357e-03,6.364211008367585964e-03,6.373008205502097429e-03,6.321618413662439574e-03,6.318465363617394547e-03,6.386092209800831553e-03,6.328483606005937470e-03,6.305015212741299155e-03,6.309539054006684834e-03,6.408870157074440799e-03,6.459950700153791608e-03,6.367874000850233009e-03,6.322587075974447392e-03,6.391743099322472199e-03,6.442949237027273575e-03,6.332468951495017276e-03,6.343839694637560568e-03,6.409109845089971599e-03,6.371902821692719543e-03,6.427201723939110489e-03,6.296887909367472093e-03,6.424989005609468493e-03,6.379690275896901172e-03,6.314934659225952818e-03,6.395526852518840580e-03,6.442067257086825892e-03,6.416821561530534380e-03,6.296808996458432353e-03,6.399901460552031782e-03,6.365967347607911359e-03,6.314375259923427075e-03,6.330828763635582002e-03,6.424132108006473489e-03,6.373980856510792423e-03,6.376381104478042947e-03,6.424678291767006895e-03,6.346556932316531861e-03,6.229740087360465320e-03,6.336164877053358790e-03,6.428391283711740178e-03,6.468006473003429062e-03,6.403452865957384374e-03,6.351918146981473667e-03,6.389549152804128301e-03,6.360664685569746186e-03,6.335474978310629349e-03,6.330163716459957964e-03
5.980985520464680329e-03,6.108446794134831694e-03,6.118677987902918641e-03,6.106552940967132671e-03,6.032857596811893285e-03,6.090612928276645244e-03,6.073396262582976199e-03,6.001705579494099815e-03,6.190235685523635782e-03,5.953435973966189794e-03,6.096792153972917933e-03,5.942056203501772105e-03,6.016325494266774529e-03,6.027416971499959322e-03,6.044244852815776163e-03,6.235549028796642974e-03,6.101925635140250520e-03,6.088606962466431086e-03,6.025712480289164251e-03,6.124801603332015454e-03,6.023437118716948140e-03,6.035856816820171430e-03,6.176791880467564361e-03,6.042372631241473002e-03,5.895545678873670252e-03,6.048540154692341221e-03,6.180649208421980928e-03,6.068278308323870641e-03,6.049875576715437256e-03,6.004986194847839603e-03,6.093196747148620258e-03,5.987734977907576729e-03,5.981804330933812759e-03,6.021602016444640819e-03,5.894708969469658437e-03,6.078716832681209208e-03,5.955432795549277583e-03,6.037709419081571140e-03,6.019805955542078223e-03,5.976323189639599562e-03,6.021770273260414370e-03,6.121158834865974771e-03,5.970185638090440977e-03,6.053604548439667568e-03,6.058065731885704450e-03,6.123686246250443360e-03,6.089344041868285755e-03,5.934031328694889217e-03,6.154073135231225879e-03,6.047051415576827627e-03
5.710806457028758283e-03,5.728811464644484666e-03,5.634881956521241991e-03,5.796362716026342600e-03,5.755401119464967699e-03,5.663730952280681026e-03,5.664200741253980383e-03,5.737604808858964497e-03,5.721488096259034865e-03,5.706763622070958226e-03,5.772712281237775411e-03,5.673238618717258569e-03,5.833978080901595399e-03,5.765962344796093063e-03,5.641718705620109645e-03,5.667903505011350623e-03,5.749051621382813941e-03,5.692996428317216411e-03,5.729072478548848102e-03,5.777418557221873988e-03,5.656365965012758942e-03,5.759188266038192498e-03,5.822805014991082502e-03,5.686323576435242493e-03,5.788450392922270780e-03,5.697536933116453470e-03,5.749130950263846643e-03,5.836279352876704192e-03,5.754549324268181179e-03,5.696950011079276489e-03,5.691714592982781429e-03,5.757021141998562401e-03,5.687460239317273548e-03,5.830097545511663849e-03,5.732203588273406501e-03,5.752367926868964809e-03,5.645973164346127296e-03,5.829593343789594984e-03,5.747566190777981046e-03,5.765620730487638207e-03,5.775093599176579252e-03,5.713058151489923929e-03,5.770288882401284139e-03,5.685939822508672380e-03,5.791568722797925221e-03,5.778645286485997908e-03,5.702786578630765317e-03,5.745923684863612872e-03,5.817598607520540165e-03,5.798298525233206227e-03
5.444404241620343435e-03,5.391426228419073964e-03,5.390374819595516315e-03,5.468114772643699502e-03,5.399205376224056052e-03,5.419832234960317990e-03,5.368441780118933700e-03,5.390813602631558746e-03,5.411130582818939917e-03,5.495791938003274750e-03,5.407163327527863758e-03,5.523852041291805147e-03,5.401811092498977514e-03,5.472280026439541034e-03,5.354932741878566139e-03,5.337315772050313899e-03,5.405998964907968163e-03,5.383958558741178645e-03,5.392298277468008869e-03,5.430814050384581877e-03,5.337329593994454349e-03,5.485920073694070843e-03,5.388166044515762393e-03,5.313254705986146173e-03,5.509525433632536488e-03,5.378486688075540152e-03,5.311376021765854341e-03,5.336005265217354590e-03,5.354755003729738845e-03,5.429811991961483973e-03,5.392799560932845515e-03,5.462450351905172308e-03,5.395085742389615045e-03,5.303945436049626108e-03,5.381567752796291744e-03,5.339375613255332303e-03,5.397823490922395127e-03,5.390778014100820921e-03,5.431730818805385538e-03,5.450967530063036137e-03,5.423369023999544472e-03,5.456898003768587829e-03,5.349581605321170746e-03,5.474407660847483217e-03,5.357476554944106198e-03,5.415084408883529161e-03,5.437798309315815780e-03,5.375118400907476397e-03,5.469622181464020398e-03,5.334516419710148664e-03
5.043511612488407736e-03,4.997796874040343236e-03,5.129213323167106445e-03,5.123976870394866129e-03,5.054526966209038283e-03,5.143433654716947530e-03,5.154739481268762018e-03,5.103595408094741860e-03,5.049172025953134815e-03,5.142758518554312215e-03,5.137375000559695967e-03,5.129660134165831518e-03,5.098957851078586394e-03,5.072549405572351726e-03,5.066325045052479971e-03,5.113410581650801832e-03,5.031530747951592358e-03,5.102153449704677039e-03,5.186691906205289845e-03,5.110716100654739275e-03,5.059269222881198659e-03,5.048324665179320346e-03,5.097031964767839533e-03,5.116426649513319304e-03,5.058224310841859250e-03,5.034388670381329325e-03,5.060399382516957492e-03,5.072924831297253613e-03,5.155637810337028622e-03,4.980075855914951367e-03,5.140543309038056452e-03,5.128463677390310282e-03,5.068838823125691728e-03,5.019520949423463864e-03,5.123177029813117712e-03,4.977506930490986810e-03,5.146751709494061348e-03,5.066944417305716333e-03,5.001691787619362908e-03,5.058788041433880459e-03,5.080284147881224642e-03,5.056700584820594639e-03,5.084714705334115493e-03,5.118945501484091845e-03,5.196753492514609093e-03,5.113413728428532583e-03,5.154946577734079854e-03,5.134067227838585643e-03,5.140845799751085458e-03,5.148968437306317321e-03
4.677757719894391764e-03,4.654006367187079815e-03,4.755897038357652373e-03,4.740792234883235874e-03,4.738116558285342984e-03,4.732938625407362952e-03,4.760058638698686992e-03,4.756919817494559971e-03,4.715083175011875773e-03,4.734292710044651735e-03,4.699736902893283941e-03,4.692892636967424709e-03,4.815438099445765868e-03,4.837062706318013237e-03,4.747170566763815776e-03,4.709841391641281239e-03,4.709724255732975796e-03,4.696895648621882309e-03,4.747590055988821535e-03,4.909735498132969909e-03,4.733328422343619467e-03,4.895631577774593908e-03,4.674861162092668922e-03,4.718743864811242653e-03,4.849927585041426299e-03,4.790045667211706611e-03,4.863342525046833800e-03,4.756396731762503431e-03,4.804760387785286455e-03,4.760336842169206328e-03,4.702212518180579059e-03,4.733853771450129144e-03,4.733422960039716278e-03,4.951494655928648063e-03,4.858025575482437068e-03,4.815960753196823693e-03,4.729863368453938316e-03,4.786546221304157321e-03,4.911187773155487567e-03,4.748152455559607674e-03,4.817851115307135099e-03,4.755902296374551856e-03,4.769983515239399965e-03,4.904024111728360821e-03,4.878396020319531769e-03,4.753998987834429438e-03,4.712595110384253799e-03,4.741757099776049492e-03,4.661865157746448128e-03,4.830260184074389694e-03
4.472575395226975614e-03,4.516586422507725372e-03,4.529688324141222140e-03,4.495443460747804501e-03,4.414825407134313935e-03,4.384142389445177222e-03,4.470952710479834079e-03,4.446673521068739317e-03,4.530704376441673821e-03,4.462491108377279227e-03,4.479498040687496067e-03,4.446514875162373495e-03,4.483133494897037670e-03,4.560273722252789798e-03,4.321770235128346432e-03,4.495119047075864585e-03,4.494531108858570989e-03,4.413818401341277828e-03,4.530808553719441710e-03,4.352753643936608900e-03,4.589952185531671197e-03,4.633620804213558347e-03,4.410238356151184418e-03,4.443505152085925822e-03,4.463133877620959616e-03,4.543824750286875290e-03,4.481328264435136682e-03,4.540142554682308380e-03,4.365123527697313197e-03,4.483830524480970220e-03,4.461621432256153430e-03,4.387488897069708599e-03,4.470152698764979712e-03,4.494208880082495999e-03,4.585077281424310841e-03,4.462949474398089297e-03,4.518804087908430932e-03,4.329816927000617113e-03,4.414313105503150057e-03,4.425664350603676460e-03,4.517362149874058937e-03,4.379372590225574444e-03,4.582756362356454199e-03,4.474415551360712978e-03,4.488256616024136579e-03,4.335861310898754539e-03,4.470062352005006213e-03,4.451321158209938476e-03,4.517525076836115261e-03,4.522881273606879637e-03
4.141296556582207446e-03,4.246904355032068978e-03,4.123203647349602506e-03,4.177540371765107834e-03,4.123043169831737929e-03,4.189590445247507247e-03,4.199466943293541157e-03,4.174203025391458495e-03,4.142208109745028691e-03,4.100508874565660447e-03,4.130440973948172959e-03,4.199988292172729572e-03,4.175552870032467855e-03,4.148060027464457213e-03,4.200238899957156775e-03,4.194405127480456755e-03,4.120529198599050778e-03,4.111671239602210370e-03,4.151468747489036118e-03,4.163024520335818247e-03,4.216284709192673168e-03,4.180818088124736882e-03,4.125704262373502268e-03,4.047653764596328106e-03,4.206478729724116676e-03,4.020752604642427105e-03,4.122852231769831392e-03,4.081352468654209954e-03,4.301180454694723647e-03,4.145842665191894899e-03,4.200624659015329311e-03,4.178641599514179919e-03,4.193051883426581611e-03,4.302765779035769116e-03,4.101886160519077097e-03,4.090370757805289297e-03,4.134682618121403655e-03,4.177840561802068781e-03,4.204775180379400658e-03,4.166422599444441488e-03,4.125779704357135542e-03,4.234440920778631198e-03,4.088140020123807658e-03,4.164589172116240322e-03,4.103426188994597178e-03,4.164201463848283755e-03,4.242324519217905224e-03,4.172900592547911132e-03,4.136992342864421676e-03,4.212104905560977268e-03
3.871521637231393684e-03,3.791071193801532572e-03,3.815845216704596976e-03,3.916714986417947283e-03,3.827900173428613016e-03,3.847457903921260632e-03,3.754317475912140496e-03,3.798825892257402977e-03,3.866694704816861505e-03,3.805167149054865597e-03,3.869777893312367680e-03,3.885431877205802742e-03,3.881326525567106809e-03,3.831375340543729646e-03,3.741327350657707752e-03,3.774247169848621818e-03,3.828525229630253771e-03,3.864132356077930753e-03,3.977220441851483414e-03,3.740196956658652788e-03,3.946641372851067593e-03,3.839145184089677067e-03,3.903998124963417322e-03,3.853097402138629460e-03,3.754168185456697743e-03,3.812959627825359289e-03,3.897958006444245289e-03,3.816273815311777094e-03,3.826161985375536607e-03,3.806097245994660445e-03,3.830630443521091614e-03,3.881155705914910142e-03,3.892386751397248091e-03,3.911898849790442466e-03,3.824783708961294621e-03,3.900060804553623275e-03,3.868434072320036266e-03,3.906042634200650523e-03,3.880613567905276829e-03,3.848613277557361503e-03,3.774383525115815059e-03,3.782940700613081266e-03,3.900628384701771475e-03,3.838348387087977664e-03,3.888402726359799135e-03,3.840652360312778700e-03,3.768456586318539615e-03,4.007411918482728028e-03,3.844896754665902677e-03,3.839818207516903451e-03
3.604109701966471801e-03,3.589762081954091331e-03,3.472218999068608231e-03,3.489687294144740680e-03,3.617157304444390455e-03,3.595255110398846207e-03,3.596569693553908296e-03,3.607009695980460326e-03,3.576801719435494364e-03,3.508316891129821882e-03,3.555437996799700340e-03,3.580687210869891359e-03,3.560995439794342830e-03,3.549459435156649464e-03,3.527604682437098307e-03,3.541596847319581406e-03,3.648001409503411757e-03,3.527355297083567195e-03,3.567712944197182039e-03,3.573469440734025355e-03,3.610279227735266935e-03,3.613203085121077882e-03,3.648238909640465644e-03,3.524773331644539230e-03,3.577391082007061809e-03,3.569377416791400318e-03,3.530465532011161679e-03,3.598669967035529865e-03,3.532520995127109119e-03,3.536045177001265020e-03,3.631552517021288760e-03,3.525122273316915432e-03,3.561774269767195751e-03,3.527019991234113614e-03,3.483248024177992928e-03,3.638691425572382343e-03,3.581950096337440173e-03,3.560280147642355241e-03,3.576927032612275438e-03,3.571197032531465716e-03,3.589221760222270630e-03,3.591984273509638871e-03,3.575179599726735664e-03,3.564499088024232487e-03,3.503781282694738795e-03,3.531991444814727103e-03,3.569062562369995206e-03,3.556061904595786850e-03,3.644123998227070862e-03,3.523825472850030359e-03
3.267981904910842537e-03,3.261083750453857601e-03,3.211176124261320031e-03,3.242867763569331867e-03,3.223426671789797558e-03,3.233462819317555088e-03,3.290638585234945818e-03,3.303409547462563770e-03,3.295072748621980831e-03,3.265483524365505891e-03,3.263030507908929422e-03,3.249632904459929823e-03,3.269081152102885478e-03,3.239689748083633691e-03,3.282148303132764906e-03,3.318185509524547525e-03,3.312122556222613784e-03,3.289156199859710923e-03,3.331931168507573995e-03,3.325597975099740550e-03,3.220168881416090537e-03,3.320368279574165225e-03,3.333889311260557729e-03,3.262922138501326424e-03,3.224907744482321658e-03,3.270178589085412282e-03,3.279435427170161906e-03,3.250894903373843445e-03,3.269958460584209987e-03,3.277105613157747441e-03,3.322610272886020351e-03,3.328475190212433054e-03,3.291556301403982237e-03,3.283618105036979415e-03,3.342041272570488771e-03,3.274807124937514566e-03,3.307160589087366955e-03,3.210450578554000390e-03,3.280406034395099649e-03,3.229616707158160845e-03,3.263138812780976266e-03,3.183437590576945753e-03,3.255856155512622859e-03,3.231388116833039739e-03,3.267554390012351612e-03,3.270761350074748771e-03,3.271637147307524668e-03,3.319731876285576463e-03,3.288909569536777999e-03,3.246712286092663137e-03
2.953830603960958239e-03,3.017372350292081302e-03,2.985050430841624039e-03,2.964085147156901665e-03,2.964477273353693931e-03,3.027683956305078292e-03,2.987851401534068717e-03,2.949588718428640313e-03,2.974641059977144002e-03,2.939501487027377808e-03,2.953853876459857156e-03,2.933990021526276890e-03,2.970969147008793981e-03,2.997941465229511226e-03,2.950743722015498199e-03,3.006734060374916060e-03,2.975100784321157987e-03,3.024124545074138599e-03,3.095957941486706180e-03,2.956363048123955388e-03,3.038551546491907295e-03,3.022790016922316438e-03,3.013854123383666404e-03,3.033616786167559268e-03,2.996735844510562546e-03,2.954641317374387659e-03,2.988615762496965329e-03,3.008786114299869321e-03,3.040350213474336989e-03,2.921802682924095132e-03,2.968110725614806888e-03,3.016385720024070214e-03,3.033944658263898909e-03,2.999644564852763182e-03,2.966096574594549555e-03,2.933876424769902604e-03,2.905683632562789526e-03,3.008753717857876736e-03,2.918958984210808048e-03,2.941813741597344885e-03,2.970944511306796917e-03,2.931824943506820390e-03,3.014730137927037167e-03,2.944904187322067938e-03,2.976798177396461787e-03,2.994049695038463344e-03,2.994718830665512883e-03,2.982582590891701135e-03,2.923044483019016787e-03,2.924004381669620400e-03
2.685856857652742583e-03,2.686933211815496422e-03,2.734100999552447047e-03,2.639615755133066857e-03,2.635374806270177148e-03,2.658040611551395864e-03,2.681392545356945257e-03,2.683525351667937365e-03,2.728606338111649963e-03,2.654339467180046735e-03,2.629841787858458978e-03,2.795225835488414270e-03,2.770814209573695119e-03,2.699762909151435641e-03,2.661184782538077338e-03,2.716201823872457788e-03,2.665946821250758571e-03,2.685804233637184221e-03,2.714618020879327152e-03,2.660046412010672219e-03,2.727625292850045444e-03,2.762659251960045918e-03,2.720901447263170906e-03,2.663242056972077356e-03,2.787780356462838099e-03,2.737725102834113935e-03,2.696096647603377864e-03,2.664707523754526828e-03,2.750659493748653425e-03,2.693915921822659289e-03,2.729000683181649796e-03,2.641083365355303535e-03,2.662856716096040008e-03,2.763778235601861959e-03,2.793944218256111996e-03,2.751589010955142207e-03,2.730143492853414310e-03,2.740402997069335805e-03,2.716107566556260396e-03,2.747200072784244766e-03,2.706448408030876201e-03,2.696167452726911697e-03,2.770254306319568875e-03,2.730896201942996631e-03,2.672489756925132930e-03,2.700687203108436546e-03,2.709552603029615880e-03,2.626410225530412083e-03,2.720567504563487903e-03,2.747505462793668751e-03
2.447462853159831486e-03,2.421449037775121136e-03,2.474891186855252088e-03,2.487099474873146442e-03,2.498924294299535720e-03,2.419745237893620657e-03,2.426203457503693824e-03,2.440614686249470248e-03,2.463817165780494457e-03,2.485835837410689444e-03,2.390474811850370855e-03,2.420217175391196907e-03,2.478649839156978150e-03,2.464904377108030533e-03,2.448620963174195659e-03,2.453713673263537964e-03,2.460916151243605372e-03,2.352123134920819977e-03,2.434213542962835024e-03,2.476103712498787298e-03,2.457052786109163375e-03,2.448623747778423849e-03,2.377519624339600231e-03,2.364887688605593966e-03,2.389960372273387031e-03,2.541294036842138213e-03,2.452004447824248853e-03,2.446690714935097731e-03,2.437550488377778889e-03,2.475552351804836352e-03,2.369038789223962618e-03,2.445934919930397352e-03,2.495205279066055326e-03,2.457587147616249312e-03,2.408560882249205677e-03,2.409627313323756820e-03,2.474845087347947274e-03,2.433239027337324046e-03,2.497013795882956078e-03,2.436439644888483639e-03,2.456587184461555932e-03,2.458935616714165179e-03,2.359366558724557399e-03,2.407695035891320792e-03,2.448539390371862450e-03,2.463155696761047155e-03,2.401486674218676533e-03,2.430512510176209996e-03,2.446904993858027740e-03,2.439730755263866402e-03
2.192291716923496121e-03,2.141904075005657531e-03,2.154312405049927433e-03,2.170407019895603026e-03,2.227764942011320210e-03,2.160063820770634878e-03,2.213429508708669637e-03,2.144020307384782078e-03,2.193827919375602314e-03,2.114501659224312258e-03,2.246994483561107810e-03,2.199898550115338310e-03,2.220464964472248278e-03,2.205778010406037395e-03,2.254698046836437798e-03,2.204871267587986666e-03,2.178418374518912085e-03,2.255943581412613204e-03,2.232865466478180412e-03,2.206361708451331886e-03,2.170730275369914426e-03,2.175836549805223053e-03,2.113682124411848419e-03,2.119003701805058457e-03,2.153811316143895184e-03,2.151008037668014801e-03,2.175614143917796710e-03,2.232700689256133728e-03,2.173624273696415227e-03,2.183713143055668760e-03,2.115541821195159478e-03,2.208974628069728004e-03,2.188758250831617045e-03,2.146755098123277489e-03,2.195437707603756141e-03,2.179475025935642251e-03,2.170156905622576838e-03,2.246372698971147840e-03,2.228647092230482633e-03,2.157977930195280770e-03,2.120296137893555328e-03,2.220951934445422604e-03,2.190853134927107666e-03,2.210641833564843620e-03,2.199225530837300296e-03,2.188392038071972599e-03,2.258800836249427822e-03,2.143634720826356234e-03,2.193711565627740924e-03,2.172084139271577251e-03
1.954830735904689466e-03,1.922652937354062813e-03,1.954972465982061664e-03,1.943181154668352333e-03,1.983368190626983493e-03,1.983997063267490570e-03,1.943211440632017228e-03,1.872958646300117895e-03,1.961297155799046708e-03,1.973100035010509883e-03,1.963739344176327565e-03,1.923347764417079062e-03,1.978088302341840174e-03,1.925442060777897771e-03,1.947293358744445939e-03,1.923688548270390897e-03,1.903614327270976899e-03,1.946968963119393575e-03,1.962303244932011616e-03,1.927755076515288209e-03,1.916409948402222852e-03,1.940581306445001786e-03,1.898098249711108101e-03,1.902642079587313264e-03,1.956626924836966930e-03,1.916406952527676365e-03,1.952439306820449296e-03,1.887651166665992378e-03,1.916088172404461836e-03,1.906862417072197578e-03,1.903274579261771734e-03,1.930038266752964575e-03,1.898048840669636604e-03,1.883451662029448801e-03,1.922172608653444472e-03,1.954082263434922095e-03,1.922694159130925850e-03,1.950999043555651843e-03,1.926164964925971331e-03,1.919928365227774455e-03,1.964461205450720484e-03,1.957006816993525633e-03,1.943088548387473385e-03,1.915262156144824542e-03,1.923847286424721628e-03,1.913792379660686667e-03,1.948856085757080586e-03,1.891725182960660645e-03,1.887621557832034171e-03,1.952389663899695756e-03
1.682061397665054634e-03,1.750644218344692572e-03,1.676135351458126746e-03,1.743367318522645549e-03,1.712786058700937987e-03,1.730989783923131973e-03,1.647841386137074721e-03,1.645948395849660718e-03,1.730612725568453488e-03,1.764310060309315104e-03,1.640039454578674435e-03,1.645654602156345269e-03,1.647096643173616383e-03,1.682966623695706342e-03,1.667579246260986626e-03,1.658899382967496611e-03,1.747312301426431989e-03,1.671672070993609777e-03,1.717903834125457082e-03,1.683873445389809246e-03,1.717732292006252754e-03,1.682417820340176718e-03,1.667983256257364339e-03,1.704560723017014244e-03,1.685287545175814155e-03,1.703223970944171438e-03,1.740177064023199589e-03,1.720929798172559462e-03,1.711446483796052413e-03,1.754101769394307477e-03,1.716994623718398226e-03,1.699184077762511992e-03,1.723926777056326376e-03,1.676288403610281868e-03,1.690268811638373026e-03,1.716855289115686673e-03,1.684689488935114899e-03,1.734256295313479175e-03,1.709099014943624845e-03,1.701435422889453764e-03,1.715945461007190292e-03,1.679209379594637707e-03,1.704660442638761784e-03,1.727044974816027223e-03,1.681701715287728860e-03,1.653524067442183314e-03,1.727304455746885578e-03,1.688376172578300938e-03,1.647212443290340094e-03,1.727719785679313015e-03
1.505149858676714698e-03,1.482304270430098063e-03,1.503475185377162182e-03,1.496355711296195332e-03,1.494608838448557679e-03,1.452373409962450131e-03,1.500837648463867980e-03,1.448330713613895683e-03,1.442835141857211258e-03,1.491683247648663453e-03,1.466895415523432030e-03,1.490368401349656362e-03,1.465556740371668507e-03,1.476754341886058136e-03,1.475187665731187391e-03,1.488135242871138370e-03,1.500328561335982028e-03,1.491382210431547051e-03,1.396696168967715476e-03,1.468637982069426282e-03,1.486523249828521380e-03,1.483135788660833480e-03,1.528495432104523761e-03,1.449973947534524818e-03,1.437688992148138068e-03,1.495158361798168802e-03,1.495779919166026093e-03,1.447636616725023456e-03,1.445511964370801766e-03,1.414918541780482925e-03,1.415573288732241506e-03,1.484930501880062006e-03,1.494293111698824072e-03,1.468166772942557747e-03,1.442978703152199369e-03,1.434163032894427434e-03,1.394247023717795891e-03,1.480638273807483246e-03,1.457091491250237956e-03,1.435020905238178429e-03,1.534518683277258247e-03,1.496455773232183845e-03,1.507894971734087802e-03,1.467016438519450376e-03,1.467210400242239350e-03,1.485039501516401388e-03,1.434903684373147739e-03,1.453514541145450216e-03,1.477392945179916003e-03,1.467276472048430940e-03
1.265996521824331710e-03,1.311238771789038438e-03,1.326641811313720564e-03,1.230189117855506192e-03,1.242672742283428954e-03,1.240476122972832560e-03,1.278516319831315452e-03,1.299330656180175316e-03,1.297409046201113266e-03,1.267762279017746593e-03,1.288248841783417578e-03,1.225961850466376381e-03,1.291578611018320182e-03,1.270462543781118421e-03,1.228097408488603879e-03,1.205412213432315548e-03,1.188160891541331600e-03,1.260426302017534066e-03,1.211811362750711552e-03,1.227243849794463137e-03,1.247414993881420598e-03,1.227365679858906595e-03,1.265043988258149560e-03,1.297850880858785784e-03,1.235649170080462423e-03,1.233833385243910058e-03,1.251536140355108103e-03,1.251667928265591057e-03,1.252121720839773208e-03,1.270614347814498979e-03,1.260483838713363043e-03,1.246892207234506561e-03,1.189712084452581751e-03,1.242937621483166744e-03,1.234341719902319525e-03,1.245539735550376835e-03,1.251540217244142801e-03,1.266862752068437801e-03,1.260237628958863713e-03,1.228591547918760074e-03,1.259882627767391601e-03,1.222228523180770524e-03,1.234100195833215223e-03,1.233778167546192243e-03,1.234347592360855034e-03,1.250213368792424569e-03,1.288622108192582615e-03,1.187626918482487118e-03,1.254330363457613730e-03,1.265676398450940295e-03
1.088915422273687133e-03,1.042917899686430150e-03,1.045982067303878821e-03,1.018508229232730888e-03,1.054007016057706414e-03,1.073980376942571544e-03,1.039987778004091952e-03,1.046515818948474605e-03,1.065794594276607207e-03,1.070386412545881131e-03,1.052630035846466999e-03,1.039631418910871114e-03,1.051905932184576172e-03,1.022525467394692650e-03,1.051787059773378295e-03,1.057322252403099152e-03,1.013567753863696885e-03,1.056670866170141910e-03,1.019088130015951806e-03,1.049117632426046229e-03,1.026972346179056902e-03,1.087563228743190129e-03,1.012965921588141090e-03,1.056831644622375924e-03,1.060095816273485701e-03,1.000439909326686968e-03,1.042182901457413277e-03,1.034130654202199216e-03,1.053245461931835193e-03,1.071722424048402508e-03,1.071160446514979108e-03,1.033326734639928744e-03,9.997514919125156073e-04,1.071198316612703705e-03,1.023069870401874205e-03,1.038441793097789239e-03,1.038196800829173936e-03,1.057882034937990875e-03,1.093749202631587271e-03,1.054761564555900489e-03,1.069134902033184271e-03,1.024508154946764549e-03,1.083596620911658282e-03,1.103766496386239786e-03,1.046447966265020733e-03,1.027558638119424302e-03,1.068556728299556316e-03,1.081174441802231151e-03,1.049168307729178139e-03,1.064386113829905202e-03
8.587934575831288877e-04,8.938132644725487082e-04,8.873940912475370953e-04,8.631090132420611268e-04,8.668438272543898355e-04,8.689693439258299075e-04,8.626834809688958350e-04,8.325885929012376459e-04,7.996301451776957787e-04,8.777930621211502138e-04,8.627597616808162359e-04,8.896072306395771479e-04,8.396504840836391129e-04,8.502833313270870405e-04,8.429449236822760504e-04,8.406528069452769841e-04,8.547757846136632125e-04,8.405897893058552521e-04,8.696612100229960448e-04,8.313033799431235457e-04,9.031448973929362585e-04,8.532002814291874933e-04,8.462159094469743140e-04,8.323134775353818954e-04,8.783429747396981910e-04,8.611002172201400471e-04,8.587357449406333868e-04,8.710080170841824230e-04,8.680310133812671339e-04,8.196562868477604838e-04,8.711542223523857046e-04,8.443263884777405968e-04,8.492235557061484936e-04,8.754482740764046086e-04,8.535096568790017301e-04,8.839076674765545703e-04,8.626550590237412304e-04,8.170367342376908719e-04,8.475322589639986987e-04,8.502691362065478448e-04,8.888934575088825330e-04,8.536047641011650393e-04,8.527725115692149542e-04,8.610047062750598784e-04,8.308554058706665293e-04,9.036625386417808728e-04,8.813771390538256657e-04,8.229153946875849331e-04,8.960756014355817593e-04,8.793866252119692320e-04
6.451191583200462966e-04,6.654653193095543418e-04,6.743404014536780785e-04,7.091443042193946696e-04,6.964262092285522249e-04,6.719663453103115643e-04,6.976299214991555850e-04,6.779829822105358202e-04,6.337316660491032483e-04,6.934499287302857721e-04,6.716831744317298698e-04,6.643015834827542543e-04,7.325652566350773559e-04,6.934371489635271502e-04,6.743818370875259705e-04,6.566794488961043893e-04,7.111983466212524422e-04,6.436170721616381839e-04,6.720634080063515566e-04,7.050617552686093631e-04,6.393163863270849220e-04,6.326870477022162502e-04,6.501981082183953429e-04,6.794448184106379471e-04,7.056179768797270300e-04,6.935559515812418597e-04,6.606769752663900139e-04,6.590127754588114744e-04,6.767746929194814456e-04,6.836056859979753285e-04,6.995930445088810457e-04,6.770625953124666165e-04,7.047430228311991418e-04,6.826898392725549861e-04,6.818445965542910183e-04,6.841788977905529680e-04,6.863972291007268281e-04,6.947476089749064256e-04,7.192946954440919503e-04,6.869847197668821305e-04,6.992646799247662342e-04,6.831261580636252767e-04,6.835471629538068675e-04,6.892289231084421791e-04,6.838670165091841058e-04,7.008230979472433557e-04,6.891492256895987486e-04,7.128236325465067257e-04,6.603033678032693915e-04,6.674888994650184613e-04
5.041524056481311951e-04,5.616854920985748069e-04,5.391238729898016179e-04,5.219247775266536290e-04,5.045465294706672106e-04,4.883329368909312225e-04,5.467452791022966779e-04,5.347318028973309639e-04,5.220529947722083548e-04,5.266438235943715542e-04,5.259003040190994354e-04,5.327029630487533978e-04,5.310076490724379480e-04,5.084291348687107297e-04,5.218103818292976108e-04,5.259514592387166954e-04,5.007440004908689712e-04,5.327525376144005322e-04,5.301086398647008842e-04,5.196764987850614878e-04,5.209645162356969393e-04,5.043262102142434013e-04,5.176363431209069334e-04,5.111836589215774723e-04,5.106665796472463319e-04,5.089121080530967798e-04,5.194404817351388950e-04,5.241399711183637473e-04,5.128482962489176429e-04,5.159153301566913024e-04,5.260067753326040868e-04,5.314266343164837690e-04,5.234517987184364148e-04,5.248885978364659262e-04,4.968755015915493579e-04,5.438209914439178297e-04,5.052224492247003483e-04,5.262557922612086728e-04,4.882937017986308144e-04,5.095978777699427566e-04,5.321965965356571055e-04,5.126976454507294317e-04,5.088019440734406484e-04,5.562050185287473756e-04,5.481111435861942558e-04,5.142745992816838505e-04,5.119578874599499873e-04,5.254997094845908871e-04,5.199486740912849644e-04,5.171056996952393733e-04
3.854349300433251597e-04,3.881097775955936352e-04,3.919486521358466076e-04,3.883592018076646680e-04,3.700111405172505641e-04,3.833947031944954804e-04,3.891643892480327349e-04,3.773804639916078529e-04,3.515683354947486466e-04,3.972072834146336742e-04,3.486053853204784734e-04,3.718861954882662370e-04,3.796089642661185331e-04,3.738923463311496489e-04,3.472929066676239216e-04,3.577155457450656071e-04,3.852430530595636984e-04,3.639273769565733781e-04,3.957903889539899234e-04,3.807112834692315349e-04,3.758395483725385038e-04,3.638031265448196530e-04,3.530385529648939974e-04,3.785027271572100581e-04,3.849995729931189538e-04,3.672539200601854302e-04,3.699685501862900062e-04,3.643441182717473831e-04,3.798389562850055731e-04,3.561039184086070065e-04,3.940671464575806076e-04,3.612896207123389935e-04,3.803186616912553226e-04,4.038836553129417778e-04,3.675769836239096370e-04,3.920959374317933973e-04,3.768600173761479585e-04,3.711959993592843987e-04,3.856694491482774321e-04,3.574356121705909886e-04,3.646702347698936738e-04,3.851570625216572431e-04,3.832034900480662913e-04,3.730653268570857293e-04,3.639763151942458793e-04,3.557162994995136844e-04,3.644421502732385462e-04,3.826189850947318491e-04,3.832496140820388568e-04,3.629021717630747539e-04
2.443495795092850021e-04,2.573946162941117546e-04,2.486667970442061693e-04,2.520429089740074016e-04,2.517905757259951438e-04,2.346060247726824912e-04,2.553934428614258343e-04,2.635019130685808909e-04,2.497857459767011275e-04,2.591548536198972534e-04,2.539560089063027846e-04,2.456451394716141728e-04,2.725212455662066532e-04,2.320730584377211458e-04,2.614350391316853798e-04,2.578415438773466154e-04,2.575844983694146307e-04,2.482334803590057122e-04,2.650780923554114303e-04,2.652198166504947559e-04,2.458054637877389896e-04,2.575995407344339660e-04,2.487992809565228725e-04,2.450227115062280801e-04,2.434653822966355383e-04,2.550164936957340870e-04,2.571756582507685662e-04,2.335236930875212065e-04,2.533454400263156583e-04,2.690280646661693783e-04,2.612241003817720184e-04,2.380282534751276249e-04,2.308026597672276710e-04,2.698838734886330995e-04,2.429674408962030033e-04,2.358950490265696595e-04,2.469097956824703954e-04,2.585806115082231894e-04,2.535984006789813202e-04,2.600137582354155002e-04,2.476824636188684932e-04,2.389025138190696866e-04,2.612794524814133438e-04,2.408175265906477096e-04,2.450604296954375042e-04,2.341094120270238049e-04,2.491603641609646817e-04,2.310112563398543871e-04,2.666993957540053205e-04,2.372676300863992243e-04
1.521872626106409679e-04,1.471450861459976177e-04,1.585883276164178611e-04,1.316837366642374023e-04,1.389426631740472518e-04,1.340880177109097593e-04,1.561172314233119608e-04,1.464318893411399917e-04,1.525073533978264599e-04,1.369329277141044130e-04,1.444950298220305514e-04,1.385636700975697124e-04,1.540318328441158866e-04,1.199588756346283151e-04,1.428129794126375540e-04,1.535004971905893083e-04,1.427641433352125724e-04,1.388141744393805456e-04,1.481848317356587968e-04,1.617029835571684676e-04,1.345994609606945857e-04,1.467864568325979687e-04,1.335311791939076162e-04,1.623854086636304672e-04,1.468089477727064617e-04,1.303589620070243487e-04,1.399187192416451891e-04,1.544507733282783808e-04,1.233398298488067838e-04,1.450810190795696593e-04,1.494956883658769722e-04,1.456183977881603492e-04,1.449864358377759416e-04,1.494640788078230374e-04,1.479207781067800513e-04,1.431986637515048565e-04,1.389163307551309623e-04,1.302833649454270947e-04,1.527015742754455707e-04,1.453464858848983699e-04,1.351349358706385240e-04,1.462457280445665891e-04,1.577739208483271919e-04,1.531940833294655310e-04,1.465873088736232362e-04,1.572053526382104043e-04,1.476909122714114523e-04,1.572556437277624719e-04,1.563549413113142017e-04,1.490333216668745814e-04
