5.255127352995837553e-01,5.288170834864966974e-01,5.231671345779671523e-01,5.252270349129738447e-01,5.264115581267270194e-01,5.227498110693128419e-01,5.230241023048561866e-01,5.233835049716984988e-01,5.228771749766591981e-01,5.240875919576187814e-01,5.276075578677903444e-01,5.237374168308200906e-01,5.238586900061983354e-01,5.254339107647663099e-01,5.277968542495560245e-01,5.240798358968331572e-01,5.243722723145524123e-01,5.240820167699837828e-01,5.237236015944172207e-01,5.245195043062749196e-01,5.223982488246385891e-01,5.270709892878534530e-01,5.285020983476264034e-01,5.242399746739936361e-01,5.263936596748407526e-01,5.224459005436042913e-01,5.265646758511329795e-01,5.252226783929692111e-01,5.260214717204552137e-01,5.248818490992746000e-01,5.253053153835458566e-01,5.241097123725089180e-01,5.202487360779765035e-01,5.218550530138339472e-01,5.266463780071087841e-01,5.239261773963360680e-01,5.203373574685187242e-01,5.257030770565136457e-01,5.257449443261988931e-01,5.235942299603708605e-01,5.248999014697633969e-01,5.216142665972438586e-01,5.191655812513312762e-01,5.272848677908820170e-01,5.263886849685649461e-01,5.204852513262727687e-01,5.233882569744308100e-01,5.240380162871119962e-01,5.258687383830766837e-01,5.246371822356444836e-01
5.264494121954250705e-01,5.213346406141043943e-01,5.239392186772049431e-01,5.274700038985086215e-01,5.266936613879168450e-01,5.228361598998708670e-01,5.228854573491176216e-01,5.249745116566482128e-01,5.219472116252457106e-01,5.212266910980405399e-01,5.254153618437672479e-01,5.253015707723186489e-01,5.194415383914887663e-01,5.252095883860553593e-01,5.223208666314153037e-01,5.266578030957750345e-01,5.241383051492382039e-01,5.244339337364137821e-01,5.223123205892640231e-01,5.240668711337019836e-01,5.246836479890963911e-01,5.258570145021472797e-01,5.249473902586649920e-01,5.263364299193206142e-01,5.246219240174689880e-01,5.252192789102353432e-01,5.204357601620138718e-01,5.242951744738092446e-01,5.266451181235930479e-01,5.283573546900758311e-01,5.247448891142287852e-01,5.254314041528804768e-01,5.262093111974932569e-01,5.238799867330190541e-01,5.228495409372759806e-01,5.234747129394715648e-01,5.220008864629747114e-01,5.273967597253752526e-01,5.237239192164684365e-01,5.294761831336846081e-01,5.268151217880386872e-01,5.249214983491046205e-01,5.220091616513367061e-01,5.265389031957049548e-01,5.186375233366847803e-01,5.277258224735523751e-01,5.267693787327437649e-01,5.265682047894683082e-01,5.238031911930429718e-01,5.279013743824660931e-01
5.207480079409081419e-01,5.235130845546905887e-01,5.254070497401551743e-01,5.267198233069354529e-01,5.238062966750525185e-01,5.249875043530758401e-01,5.249308037295336016e-01,5.232174408419679734e-01,5.227643640080141818e-01,5.207003953994961964e-01,5.201374808731992205e-01,5.263636332783395710e-01,5.217109242840924921e-01,5.244816717626521463e-01,5.210011688022894161e-01,5.270410936554180692e-01,5.234574120206034742e-01,5.209037874936797152e-01,5.212709738335906673e-01,5.212471163147711639e-01,5.248357079396940295e-01,5.224910961538014043e-01,5.205758994730708134e-01,5.219767997862398978e-01,5.258686237447595113e-01,5.254415677522289441e-01,5.225248777712295789e-01,5.245983876490389886e-01,5.206230185751797856e-01,5.213790953932300187e-01,5.199144900073072728e-01,5.243459091788567061e-01,5.230969584810007955e-01,5.218821022970656642e-01,5.214798906715134574e-01,5.242239269422931391e-01,5.268865372868194452e-01,5.228033032535518432e-01,5.221324696035868351e-01,5.252460061406615255e-01,5.250463488231674747e-01,5.272879261549601182e-01,5.251020524360430208e-01,5.234696702085256392e-01,5.250839821667904195e-01,5.206961608519888873e-01,5.221112454353546983e-01,5.266063823006149613e-01,5.246078728950469561e-01,5.253553803833550528e-01
5.257897309893013738e-01,5.265407713744100215e-01,5.236116373275749858e-01,5.222329692085400099e-01,5.270716936032388000e-01,5.196019901325404922e-01,5.234335870775143063e-01,5.242732996451395788e-01,5.216943090536745320e-01,5.179654596002447597e-01,5.227712805640098992e-01,5.224495275625991031e-01,5.246114160161442497e-01,5.181608265703282479e-01,5.230694055932393338e-01,5.246294846647154841e-01,5.229115976792262366e-01,5.220734665034363342e-01,5.174140772907238617e-01,5.212389156392485123e-01,5.262200621835365633e-01,5.239315495255763011e-01,5.231836533065636896e-01,5.198532330254341804e-01,5.269910620278248636e-01,5.220812204267774037e-01,5.232038985759646099e-01,5.192093391090284449e-01,5.252539447199140454e-01,5.253368391390598191e-01,5.203568404801842684e-01,5.187701687392121119e-01,5.250867921552840878e-01,5.206392838788505006e-01,5.269643489590649654e-01,5.245672289632109520e-01,5.245744854668027424e-01,5.189510089381068614e-01,5.228907598169288962e-01,5.244122740923436998e-01,5.226356348499459070e-01,5.248482457245519095e-01,5.213746571808651753e-01,5.213653970734016818e-01,5.254392310383472209e-01,5.213865723882282754e-01,5.263729179000342651e-01,5.238157574380114534e-01,5.207832110430922201e-01,5.226547993854180341e-01
5.181762548627110165e-01,5.233599980184160394e-01,5.209302552866791336e-01,5.191602825758172557e-01,5.224651851659517510e-01,5.208243541149852884e-01,5.205976210315144126e-01,5.245528865977453492e-01,5.196146297217318910e-01,5.220198825583114433e-01,5.181754693996758476e-01,5.252282563586089248e-01,5.241404273312193496e-01,5.214806274475249914e-01,5.229928815055682190e-01,5.204827871224311231e-01,5.198398385055318371e-01,5.242768977442687772e-01,5.229173382227627620e-01,5.235702590603507067e-01,5.181471829722935629e-01,5.224109792678012232e-01,5.242733462330503302e-01,5.211317141290016108e-01,5.198867743944867170e-01,5.179396166481105013e-01,5.218376233973045508e-01,5.181956634443974918e-01,5.217529208252588147e-01,5.224523662290727621e-01,5.248388812447182250e-01,5.230949654428457274e-01,5.214347071333370609e-01,5.269327281322502277e-01,5.199032142731285777e-01,5.209531881430302658e-01,5.184432668641951736e-01,5.197308981141942619e-01,5.204506017062990875e-01,5.188840604608710994e-01,5.211409812869591818e-01,5.235112478764817334e-01,5.217515590318508867e-01,5.250566229465655210e-01,5.240779595188850282e-01,5.240293975937837523e-01,5.178312230459627408e-01,5.215182388178480899e-01,5.229206814008496851e-01,5.227754835808381406e-01
5.227025266289926364e-01,5.200237120288208059e-01,5.239733079725892306e-01,5.182741476484016285e-01,5.182761757123031110e-01,5.135833574133429336e-01,5.189023249950578398e-01,5.235645498899098582e-01,5.165058872040630966e-01,5.219437986192058121e-01,5.177134659984868881e-01,5.204879987806884101e-01,5.179571592074091457e-01,5.144019683608390681e-01,5.193482671052275235e-01,5.170794066824552226e-01,5.216485272126074602e-01,5.195850426833977798e-01,5.166965753221723912e-01,5.163786624083812615e-01,5.229443192929352779e-01,5.196842071670139118e-01,5.216855531526012335e-01,5.207797531950085768e-01,5.196561033960327425e-01,5.176885701424676078e-01,5.231675618634706870e-01,5.200405494031150599e-01,5.183290788110214153e-01,5.185371555469087124e-01,5.182023068664290966e-01,5.213342568120185039e-01,5.236708678692537644e-01,5.169858461120727666e-01,5.214322834211073676e-01,5.185495558484811696e-01,5.184338034913650306e-01,5.209872132446566884e-01,5.203687088088487789e-01,5.194423299637905833e-01,5.182552033455926077e-01,5.202947087605366283e-01,5.172758257511068658e-01,5.202802170470618437e-01,5.178227433231981092e-01,5.156624187965366257e-01,5.193688106696829898e-01,5.160299880175318599e-01,5.205188388104581287e-01,5.213673864887782283e-01
5.215123099461911327e-01,5.172750095304545770e-01,5.138732865418944584e-01,5.152234984652187544e-01,5.156887129305536277e-01,5.156893454801143584e-01,5.167352966267249048e-01,5.212825478677773905e-01,5.170078567912450573e-01,5.187205829175906002e-01,5.159181979369356075e-01,5.169360676969643187e-01,5.197000453746229987e-01,5.193634430127448409e-01,5.175508901155170260e-01,5.198649588065938909e-01,5.237256516626631608e-01,5.125969166531303411e-01,5.194948803281187466e-01,5.193592231528728620e-01,5.181925727935191572e-01,5.191513565697478683e-01,5.180347856107744287e-01,5.188362197769769146e-01,5.202822559919068057e-01,5.234028861328857696e-01,5.201847625881804715e-01,5.155849032346639937e-01,5.146316191331802292e-01,5.163085548413571813e-01,5.182310600154670377e-01,5.219090018228120798e-01,5.171871893896249350e-01,5.164721503736336983e-01,5.160696697258954080e-01,5.156228400131511735e-01,5.176656856956649566e-01,5.162151182064369515e-01,5.207262045785728821e-01,5.185939856684697036e-01,5.145953009673874812e-01,5.179703920211141677e-01,5.197141670144084236e-01,5.133633437428737345e-01,5.177914007501319693e-01,5.173803849225991902e-01,5.191935851356399567e-01,5.183572047527292836e-01,5.156260278565709676e-01,5.146840392671706566e-01
5.119839926219968973e-01,5.116940126553445323e-01,5.122282047667723326e-01,5.140182574894704981e-01,5.121497889700910022e-01,5.130418013846383962e-01,5.163898902702177551e-01,5.169616155601471919e-01,5.156365309161129451e-01,5.167522785437729249e-01,5.173676000318156998e-01,5.150967130830812479e-01,5.142943695300935536e-01,5.194840939495661836e-01,5.137082626774966965e-01,5.101547302177293908e-01,5.156128699938821169e-01,5.141853738848025657e-01,5.135597827076796573e-01,5.131690706362738164e-01,5.141921797850452780e-01,5.168999837814236553e-01,5.151332691038554845e-01,5.167560817983175570e-01,5.176597434632004280e-01,5.112782158683669698e-01,5.152492009457126931e-01,5.170650619905323708e-01,5.129128761766439393e-01,5.144398048024387826e-01,5.163212310337654820e-01,5.124096655300331982e-01,5.163465838398557661e-01,5.153167870093890990e-01,5.109347663538295059e-01,5.164188581437015868e-01,5.119961031503810212e-01,5.137473509605040567e-01,5.153950023786398882e-01,5.194970143154892250e-01,5.102109642902566966e-01,5.106926689893585003e-01,5.113145067403739308e-01,5.078300207898603924e-01,5.119307319631394293e-01,5.111758727368019839e-01,5.136131335412075227e-01,5.158469842683351958e-01,5.114860287558901097e-01,5.130397676913952543e-01
5.127146244605715886e-01,5.118223814929542259e-01,5.108321198395769924e-01,5.112709714452993159e-01,5.120473900147478608e-01,5.099466230942240053e-01,5.147307079207700253e-01,5.115718294838834668e-01,5.098034463329547128e-01,5.130696137644529253e-01,5.136638793257317648e-01,5.153108240864660017e-01,5.112855528500002134e-01,5.094416309943841092e-01,5.139223091319412573e-01,5.132086822818463512e-01,5.120172300777480201e-01,5.106337774159677156e-01,5.136820351995621259e-01,5.131846240389762448e-01,5.103372652855555636e-01,5.134522431616617144e-01,5.122785009375613319e-01,5.094998907626017148e-01,5.125130382011270358e-01,5.078658796255643981e-01,5.094972783461519938e-01,5.110001951442743051e-01,5.119396949749197567e-01,5.066961421992262071e-01,5.107153675370434964e-01,5.097009098536348093e-01,5.087884580170340953e-01,5.122773399981892517e-01,5.101908162589458007e-01,5.105416862012995827e-01,5.138067325330589741e-01,5.084596528061375853e-01,5.097029148255476372e-01,5.074017414611474708e-01,5.098532281730321358e-01,5.103961851009233275e-01,5.142176477516712252e-01,5.127851567729528881e-01,5.115405623073339125e-01,5.139818964587437033e-01,5.106084558782423288e-01,5.113599232682750628e-01,5.121828724442638592e-01,5.103089517465779767e-01
5.079923114590189082e-01,5.115868063402770893e-01,5.053873250888475388e-01,5.025461902136605374e-01,5.118335711137065314e-01,5.077715963034644675e-01,5.113071831148628954e-01,5.054283741599072677e-01,5.106166769157707286e-01,5.068279024900881335e-01,5.055652848315344006e-01,5.067458300670021343e-01,5.081940311687110912e-01,5.087193758616299633e-01,5.054277886429038302e-01,5.075310454867744125e-01,5.014475768036441572e-01,5.074763360745736529e-01,5.061149349180734669e-01,5.081550683621484099e-01,5.082237192425166361e-01,5.095757026860603389e-01,5.077906071347220163e-01,5.097668634815043509e-01,5.081333131413602322e-01,5.084655715999710779e-01,5.040119937217405477e-01,5.076219417213254648e-01,5.092086900592961429e-01,5.046896776436062826e-01,5.073590366864256795e-01,5.057814360520045405e-01,5.086696076835242053e-01,5.053335160774278245e-01,5.019035283280495197e-01,5.074743233114814567e-01,5.071906223687150383e-01,5.094127603771537727e-01,5.082003387219723445e-01,5.050354780976749058e-01,5.094381260496100294e-01,5.092899056357466092e-01,5.063760535814260111e-01,5.091294168389657315e-01,5.056006855130980027e-01,5.078797594579625985e-01,5.085390820559116953e-01,5.074450256946404503e-01,5.081840909700224840e-01,5.122758737901780268e-01
4.984068707781781904e-01,5.041978022821970162e-01,5.055311306189265164e-01,5.030224997584199498e-01,4.981904681868287166e-01,5.036146323705396055e-01,5.017689543904164662e-01,4.989573677983013544e-01,5.038888765873652531e-01,5.050852460083294915e-01,5.045520112529686685e-01,5.037232458843313720e-01,5.046861162758653485e-01,5.023615023869680840e-01,5.045425172277526737e-01,5.065367037433364805e-01,5.024434564119707458e-01,5.011160504062428522e-01,5.053905482590207443e-01,5.021035967515256049e-01,4.993424854299426396e-01,5.013481517881028804e-01,5.012566777972045085e-01,5.040105609612659521e-01,5.054281936900566485e-01,5.024240653040499271e-01,5.038383683204159524e-01,5.071983844683031206e-01,5.047574191996843096e-01,5.042844800609026512e-01,5.030147955175524599e-01,5.041873339695032152e-01,5.040120528622908935e-01,5.024644935202745577e-01,5.021605693760526901e-01,5.050421662233761655e-01,5.028250483511114144e-01,5.046091936527129507e-01,5.026414979998760080e-01,5.062138873860591026e-01,5.094998592873704046e-01,5.011884832290764979e-01,5.024736122771649161e-01,5.064158535185184773e-01,5.126846571760085292e-01,5.010980465029466480e-01,5.058469238746596819e-01,5.068009369118818830e-01,5.030875966843912916e-01,4.987186119747358259e-01
5.006274759122835150e-01,4.989162319744423479e-01,5.028221704216884191e-01,4.995217291111231916e-01,5.025139152008516463e-01,4.991235455771866336e-01,5.003996939490182871e-01,5.013290976663722365e-01,5.008921719448040655e-01,4.958505042844173483e-01,5.008639398941063803e-01,4.955940915773879851e-01,5.032295182440151837e-01,5.012820370714679008e-01,4.987269344273959071e-01,5.004002066302830620e-01,5.025697099487539399e-01,4.982284025489206458e-01,5.006146317681878788e-01,5.013415953282146509e-01,4.973046825908262192e-01,5.006036645279167141e-01,4.995137106123633819e-01,4.983667771494515453e-01,4.981540164459479780e-01,4.977662210632220474e-01,4.989106387285399680e-01,4.980787656093856874e-01,4.978280343043982592e-01,5.001487200625464036e-01,4.969465362295625854e-01,4.973430725360797888e-01,5.035944434326056207e-01,4.971741511030798866e-01,4.976124170501196597e-01,4.983499835904953157e-01,4.964448826066267806e-01,4.983084840183563680e-01,5.019922239935261654e-01,5.000289737524385991e-01,4.998641535325575314e-01,5.007944426719063147e-01,4.982560354477758580e-01,4.967191882428977356e-01,5.040148803173477576e-01,4.967282161613154057e-01,5.007670966989972161e-01,5.026118668096488662e-01,4.947831938751280356e-01,4.972814786825418554e-01
4.950006438298794054e-01,4.951039583281299783e-01,4.963715476630922163e-01,4.940843593904078457e-01,4.930059501976830627e-01,4.881683187455486128e-01,4.942983530910175505e-01,4.932106917689181302e-01,4.953283799815281774e-01,4.908792175116127865e-01,4.967219971525791422e-01,5.013173727499836696e-01,4.956273827570966128e-01,4.938255157327973155e-01,4.939981284714763388e-01,4.910274782835524765e-01,4.936247697460574568e-01,4.957782693512801653e-01,4.989833350943925772e-01,4.929917597440486854e-01,4.947390144562663350e-01,4.959354803270786261e-01,4.931987037141609131e-01,4.935712232769279284e-01,4.939776857194168591e-01,4.956450607762000748e-01,4.944819062545208199e-01,4.939794414499518727e-01,4.921789859215500162e-01,4.948893887336277553e-01,4.973391007594440971e-01,4.916160662228351574e-01,4.963791499417777864e-01,4.968387887660587476e-01,4.935167265022795124e-01,4.951790049181651887e-01,4.977467872778432723e-01,4.968680337123065338e-01,4.947686205338767129e-01,4.913697638811176382e-01,4.946298449543420905e-01,4.950475256581228778e-01,4.920805142183209968e-01,4.935814992177643412e-01,4.957573253409634506e-01,4.968301114689611664e-01,4.921895106063498559e-01,4.955763133373096152e-01,4.931191124476754228e-01,4.942530502354942623e-01
4.886664313155107409e-01,4.875554990548085499e-01,4.885938813974479711e-01,4.881668242844943162e-01,4.872006029963626417e-01,4.883257015745744445e-01,4.888465671431992399e-01,4.894011939057346661e-01,4.926145949256877099e-01,4.913473982565326192e-01,4.922994300534964673e-01,4.882858736641447761e-01,4.916543151808144829e-01,4.926917141458281302e-01,4.935993223153811171e-01,4.878918615625385535e-01,4.928094799458171971e-01,4.892948775597032451e-01,4.917077954607960710e-01,4.920472743290137951e-01,4.902469423745803856e-01,4.902471368094259985e-01,4.875934887833319742e-01,4.891300037059418959e-01,4.861673932835966494e-01,4.863072921314252062e-01,4.915078098544773955e-01,4.854103204290000639e-01,4.932763419528243265e-01,4.918078512385306578e-01,4.915390544799639883e-01,4.892945373562127553e-01,4.897261115721409652e-01,4.902095543820635948e-01,4.878184839511730542e-01,4.909640470428089376e-01,4.904043557061685821e-01,4.901991140548175863e-01,4.944187083115972881e-01,4.856707456087128727e-01,4.889203188759304597e-01,4.885517062423117007e-01,4.924224230893652354e-01,4.894528732887171163e-01,4.894291401069904568e-01,4.870143963523340114e-01,4.929727291967281322e-01,4.909398404535625926e-01,4.917510562070126490e-01,4.890670501755149946e-01
4.821429342064751378e-01,4.860794516991291392e-01,4.815665210218669223e-01,4.833471216268747095e-01,4.849549229377804194e-01,4.858925721788867613e-01,4.816690742330131947e-01,4.809680762442559709e-01,4.857649111969573053e-01,4.855978122031086586e-01,4.839132162927279324e-01,4.833154166622066206e-01,4.838782117533209082e-01,4.829995198528568845e-01,4.860912203872133630e-01,4.846890527343237776e-01,4.866242411863389572e-01,4.854158057940072268e-01,4.831543174213340786e-01,4.854295201982354868e-01,4.846563421384361137e-01,4.856282235472570430e-01,4.831473010066975049e-01,4.836042862066700088e-01,4.824368202168003994e-01,4.867129171717820557e-01,4.831640891039407637e-01,4.848337121788985349e-01,4.818829186745305360e-01,4.792860365978457993e-01,4.857808947685377521e-01,4.817400319519536400e-01,4.868865876506301982e-01,4.834989031405637627e-01,4.847416124271441418e-01,4.815337316160883674e-01,4.860401823800250543e-01,4.803847402251672505e-01,4.807620052753567297e-01,4.853388102998882347e-01,4.804956633601624172e-01,4.801351557249226576e-01,4.825629151955364571e-01,4.829331965412713701e-01,4.823659858803220901e-01,4.836343548723434083e-01,4.829955858529252355e-01,4.890988454714059186e-01,4.835652513375487405e-01,4.860522546997615434e-01
4.783308606449471201e-01,4.802100818107312707e-01,4.814140880376632237e-01,4.789262140769718346e-01,4.774712258740360649e-01,4.790737112920058216e-01,4.806325659287176699e-01,4.729274250278839298e-01,4.853310052735880231e-01,4.766868031190231725e-01,4.792154128210826536e-01,4.801324613045078737e-01,4.780587491005528489e-01,4.797391808691769954e-01,4.778559081722520974e-01,4.782743451748177055e-01,4.778166162660362759e-01,4.811200397011679009e-01,4.726309568881947309e-01,4.776623526665174091e-01,4.779225280166137235e-01,4.772278957739783389e-01,4.799626345770932612e-01,4.759088381087413500e-01,4.737718179837153154e-01,4.758244448035851559e-01,4.766467226696702864e-01,4.802988225856168469e-01,4.784316289285462931e-01,4.783023205403663658e-01,4.783727742973623576e-01,4.779349907997973990e-01,4.816000456661837514e-01,4.802878112712578029e-01,4.789820343528788937e-01,4.787652493234733075e-01,4.781810435412168214e-01,4.815311884282760801e-01,4.742856978696490811e-01,4.795052262443744717e-01,4.723905007163662906e-01,4.764846806579534078e-01,4.778914334732825009e-01,4.796891821199804062e-01,4.765326362041044095e-01,4.826456579660295954e-01,4.771509938600263512e-01,4.798587692254510095e-01,4.766387051701240218e-01,4.802539914107347152e-01
4.747219075326780668e-01,4.712490788667248465e-01,4.716093083321434287e-01,4.701310412016346807e-01,4.713635163923135529e-01,4.740056645228467591e-01,4.743410447447418687e-01,4.749102992561251568e-01,4.753139315658624908e-01,4.679968804839562679e-01,4.664667368948402504e-01,4.714427052634566073e-01,4.723277925315665371e-01,4.704594507990708663e-01,4.709261418125434973e-01,4.750454599042155390e-01,4.724621567920270215e-01,4.722440687689412608e-01,4.715323859383142024e-01,4.714563265840960304e-01,4.730838563659665041e-01,4.699999099902900657e-01,4.750500524482649256e-01,4.710934409395223232e-01,4.713738818002214948e-01,4.703874546775434484e-01,4.686085937275319968e-01,4.733655741814564166e-01,4.711244219781048348e-01,4.750593387817641511e-01,4.741496402508035835e-01,4.696027506234877191e-01,4.661346419072588954e-01,4.714884651886688260e-01,4.683088277505445540e-01,4.732434035724681354e-01,4.680025674867854257e-01,4.702808498754895705e-01,4.695082770829391294e-01,4.718910254240802349e-01,4.664454167399775253e-01,4.704647687396366074e-01,4.750886646938644042e-01,4.733015166828583031e-01,4.682451620592694708e-01,4.706744813720547538e-01,4.722641066067764237e-01,4.704146622763549224e-01,4.693155850900729287e-01,4.732754561229540191e-01
4.689694557790227702e-01,4.670934492405592331e-01,4.629365527840385575e-01,4.672066986512596887e-01,4.637309465925860130e-01,4.669472949406573981e-01,4.665270601873935385e-01,4.665093211849904442e-01,4.619196837586734272e-01,4.665803478811261229e-01,4.606457425969386343e-01,4.651686262012146300e-01,4.608413721013666642e-01,4.653084111181317040e-01,4.618994215630858879e-01,4.649541536806028330e-01,4.641453797807342796e-01,4.675002915061720055e-01,4.631420788240677155e-01,4.609949027902778274e-01,4.648828611875464034e-01,4.639650687647106642e-01,4.638010886315437342e-01,4.647391656363979440e-01,4.687329519816568202e-01,4.612096931414093604e-01,4.657282695428016650e-01,4.608140310232247683e-01,4.624998059145880025e-01,4.584171081239018508e-01,4.650958665185942476e-01,4.628208384077822091e-01,4.686069565851496144e-01,4.673951742936329756e-01,4.625546281777351276e-01,4.622136938379304838e-01,4.629157613976340180e-01,4.664263056940204377e-01,4.645077631442231514e-01,4.627090236367823461e-01,4.637097677528336792e-01,4.626555266996088545e-01,4.671572506884126841e-01,4.640758993910018559e-01,4.686731247968449754e-01,4.673695516354659518e-01,4.681099878440111439e-01,4.620531337452244425e-01,4.624130063977991978e-01,4.661128755027712511e-01
4.573744320905877014e-01,4.575752002862673029e-01,4.599086535045996404e-01,4.592967327590774529e-01,4.581291074144063780e-01,4.571577648400564908e-01,4.624743976706270354e-01,4.614305179646150945e-01,4.563808457162770726e-01,4.565131926320279976e-01,4.571563368792358473e-01,4.591239665395695502e-01,4.613580650063832111e-01,4.598357071691372977e-01,4.593117341268488363e-01,4.590412797336851369e-01,4.642794606634262355e-01,4.609992989143471553e-01,4.561212720597129233e-01,4.584989548614445964e-01,4.600169606961964086e-01,4.565848468390540371e-01,4.547469114398841050e-01,4.581816299822585870e-01,4.558845188134244553e-01,4.602639351879344587e-01,4.599321640847365833e-01,4.588282345106679538e-01,4.571491791805042948e-01,4.603082573604143080e-01,4.606521175298300963e-01,4.585381107105336307e-01,4.558204711653121577e-01,4.580283547574958147e-01,4.573433977085649693e-01,4.566079463804673111e-01,4.592226635842161508e-01,4.540836576542446323e-01,4.580300002384936064e-01,4.612285990736680330e-01,4.568044638550621817e-01,4.571715755365590161e-01,4.618515902787104221e-01,4.595468446197421564e-01,4.584267921142051727e-01,4.546839536439536422e-01,4.577073162762691494e-01,4.584060127602904156e-01,4.570972965570373470e-01,4.566862525510072546e-01
4.505025061769022954e-01,4.476568249178419223e-01,4.534296195389546091e-01,4.464848277567615709e-01,4.527677875106149163e-01,4.545939601268326191e-01,4.523522541020094656e-01,4.564496969210462551e-01,4.528804669609781675e-01,4.530054853450166119e-01,4.526664742584411982e-01,4.499904362564922100e-01,4.555723367470923546e-01,4.473415997416401724e-01,4.528455538966781324e-01,4.508618626692285636e-01,4.529640030503342407e-01,4.504910282107592590e-01,4.526638124836159793e-01,4.519359101272965584e-01,4.522496738526974869e-01,4.484789747025931805e-01,4.473352648088597117e-01,4.529245385557298942e-01,4.499682013465848840e-01,4.544001466691919844e-01,4.499839722797749353e-01,4.545045103070451953e-01,4.485378261372771069e-01,4.511233836894930627e-01,4.512994943224823419e-01,4.543342733081540130e-01,4.539253567047123461e-01,4.492748451867129567e-01,4.507808104080484601e-01,4.489884895021903910e-01,4.470980053747092842e-01,4.503107271587200033e-01,4.523083412315032081e-01,4.512403029798526810e-01,4.528633597992221538e-01,4.543661138290876478e-01,4.516957282823202413e-01,4.534466629703852725e-01,4.479556412483188255e-01,4.502367133533527466e-01,4.472461206169746073e-01,4.487128239533857976e-01,4.526458028481205043e-01,4.477607956653495425e-01
4.430075932767127411e-01,4.425978676212733998e-01,4.468299916529182014e-01,4.412220158270637738e-01,4.430936559233484839e-01,4.419817530140371931e-01,4.431052421851039980e-01,4.466058060262479423e-01,4.473417797380549454e-01,4.436631531482107538e-01,4.422299155945063065e-01,4.417118945897199889e-01,4.403573785169665467e-01,4.426670679263388086e-01,4.416807288757298999e-01,4.429477785053744232e-01,4.441322095986512397e-01,4.472710134636528334e-01,4.435894301415078678e-01,4.461238095319046693e-01,4.443969139825366677e-01,4.374520006948912076e-01,4.456740826222790330e-01,4.429583858613356795e-01,4.467795684836355363e-01,4.390945711847177302e-01,4.454346510983035468e-01,4.426231468666095847e-01,4.462975242475292204e-01,4.447444331106825133e-01,4.445060071540077873e-01,4.453405264933526508e-01,4.428257684251112880e-01,4.443127938877664551e-01,4.441654095071316255e-01,4.438290009672257175e-01,4.414109834746762773e-01,4.417455605763848658e-01,4.466306782435294775e-01,4.392471911250593331e-01,4.391224538717258818e-01,4.445657798876782585e-01,4.381463212843182409e-01,4.407354516360754704e-01,4.436762942465146686e-01,4.436608703168947176e-01,4.410985940602419331e-01,4.450059031620240968e-01,4.422984073943219685e-01,4.423182939961372018e-01
4.382993327750140389e-01,4.382468747267906362e-01,4.352462380979276180e-01,4.337258204917414650e-01,4.396761044408319941e-01,4.338398004315636158e-01,4.372373416740431007e-01,4.371567825344671032e-01,4.343461424497887524e-01,4.383000217884527872e-01,4.374765503467753502e-01,4.330636979701628642e-01,4.349345413286125339e-01,4.350807896336420511e-01,4.347846414048124886e-01,4.373540985228463462e-01,4.339781049173362382e-01,4.354952082379190403e-01,4.342626086782646055e-01,4.364120353044768086e-01,4.346276112259491731e-01,4.371943782438574289e-01,4.357742018189891819e-01,4.334128420864450937e-01,4.304780528222498237e-01,4.379880887728856420e-01,4.386628550817154859e-01,4.357699618559840449e-01,4.318831068336121404e-01,4.343341904982246371e-01,4.367989787610864760e-01,4.359724394258969182e-01,4.331116978726548550e-01,4.343517067540247911e-01,4.393543402274194265e-01,4.311505810326653476e-01,4.414012171579521082e-01,4.357668244212038466e-01,4.370972529458993505e-01,4.392902522440217949e-01,4.389366596584550195e-01,4.358835356032945141e-01,4.350472387031510957e-01,4.386345392942121446e-01,4.344492980715888297e-01,4.334749659370219499e-01,4.361232356871572180e-01,4.346045265803298863e-01,4.402614391037171782e-01,4.328232737514875472e-01
4.283529241547991417e-01,4.307826582303864171e-01,4.283219637254624956e-01,4.238971565725151436e-01,4.243974726269155173e-01,4.281929169398314694e-01,4.250239786930089525e-01,4.245365813603754757e-01,4.223477330641369765e-01,4.200402803110032668e-01,4.252515318674215394e-01,4.260503786561361528e-01,4.288535490363228342e-01,4.315080717057552806e-01,4.292408265443432569e-01,4.303777035074914381e-01,4.273585230793154333e-01,4.299228601258574534e-01,4.303737819655472086e-01,4.274998480409964996e-01,4.279125541662976984e-01,4.290405595746600853e-01,4.260494153099310677e-01,4.251580203446389539e-01,4.258373662120196190e-01,4.295419408731675492e-01,4.245640577152999251e-01,4.254825763295692620e-01,4.247902810653601535e-01,4.298564450982283458e-01,4.262821347206469658e-01,4.299711356046788668e-01,4.259816495961394889e-01,4.266543790253161661e-01,4.285537224304860060e-01,4.294253153051596494e-01,4.286907720692191837e-01,4.270221033553615042e-01,4.265905721047712484e-01,4.280330464949257396e-01,4.290065347205395674e-01,4.273649778426380497e-01,4.290843717242635025e-01,4.266543071932787368e-01,4.285527185359272462e-01,4.286588577024879054e-01,4.255459622540171960e-01,4.298704498240671912e-01,4.280427216435371274e-01,4.276511867218776297e-01
4.168129423993093274e-01,4.175359311836613907e-01,4.187813017603309595e-01,4.202715937092159626e-01,4.168093268568086041e-01,4.223477706192813597e-01,4.189851815143172398e-01,4.174524434863686184e-01,4.181949236977930973e-01,4.201741066933911695e-01,4.183686879442839457e-01,4.181405167875545392e-01,4.130992339630762955e-01,4.212510227382907368e-01,4.196963048206840408e-01,4.201025595180362671e-01,4.204419828718978791e-01,4.197653962786447313e-01,4.208639055018154607e-01,4.199499000974092344e-01,4.190667244491314003e-01,4.172341497078845274e-01,4.171109439353763437e-01,4.158016437688206723e-01,4.203204575674168719e-01,4.184990917154538526e-01,4.184220327803697126e-01,4.219738934672062625e-01,4.189592146195704747e-01,4.198577681590979216e-01,4.189736396744602742e-01,4.205141970559194142e-01,4.184491746126581257e-01,4.179733488979493483e-01,4.171381786178804396e-01,4.168700936821185254e-01,4.186080504376995526e-01,4.206192260010944706e-01,4.201795825804828244e-01,4.186463976394005360e-01,4.189674960658433811e-01,4.186960083059623750e-01,4.182113989300605961e-01,4.147176900806886501e-01,4.190522944254003734e-01,4.145023691300359636e-01,4.181306968058857709e-01,4.156374326825708621e-01,4.186285028649133211e-01,4.211654768313986552e-01
4.099929189250844930e-01,4.131234398861216017e-01,4.072963361198226329e-01,4.110679630126723438e-01,4.125178148263214939e-01,4.056764319482139003e-01,4.087716495591859345e-01,4.137355888659469128e-01,4.111278237606953989e-01,4.102592673002311008e-01,4.113680571588321233e-01,4.110831159292941406e-01,4.107837235173704693e-01,4.085282184603591382e-01,4.107568128737740243e-01,4.128306334232931252e-01,4.089952145729021660e-01,4.137663859658706755e-01,4.083340090392725830e-01,4.108812920224595988e-01,4.064328159570936849e-01,4.079174546123409129e-01,4.126241202236400896e-01,4.102157070892704649e-01,4.098693764010346574e-01,4.101831589165048642e-01,4.089404755103397404e-01,4.099230263784142125e-01,4.113517471709196571e-01,4.135559851674460718e-01,4.071986771240457825e-01,4.087840193040203074e-01,4.104126285884518444e-01,4.087225573625931641e-01,4.082309395093076665e-01,4.106786379319039004e-01,4.124569652130289921e-01,4.100736425362099258e-01,4.112335312147842870e-01,4.106215111581105193e-01,4.075441717634502581e-01,4.088490742838772896e-01,4.083159538315601078e-01,4.125096020446709089e-01,4.090200497359969267e-01,4.146832902049112923e-01,4.156811351382073139e-01,4.112765758075481726e-01,4.112696290471580252e-01,4.122564852995048157e-01
3.997856645604496162e-01,4.006664570622336941e-01,4.041483285188797736e-01,4.035845150879943111e-01,4.008602112007206841e-01,3.990624403947088394e-01,3.996102512415261598e-01,4.017305294121356063e-01,4.052201657788046529e-01,4.020034387507156470e-01,3.995962647554783809e-01,3.998055895761396528e-01,4.006339843392444644e-01,4.037439312125900015e-01,4.009356337904315115e-01,4.027795925589354176e-01,4.008081665247664183e-01,4.031385770306972760e-01,4.011168454236067604e-01,3.991680952897194157e-01,4.053627825390266337e-01,4.024362730911474895e-01,4.026065336123903493e-01,4.001733350971332648e-01,4.022755940897841942e-01,4.005198869171127107e-01,4.004663349048191434e-01,4.053380874084826502e-01,3.993629595367249596e-01,3.975864366249603488e-01,4.020709590287218083e-01,4.011396069635894679e-01,4.007778227374346747e-01,4.026628955574445001e-01,4.016642897126425638e-01,4.040848149063981931e-01,4.014368205996782790e-01,4.016407309722013208e-01,4.015950481957657470e-01,4.017572576762651337e-01,4.024485369346478270e-01,3.994080142932069366e-01,4.008869346683264223e-01,4.004314284357509135e-01,3.991715891224468238e-01,4.001035431377715224e-01,4.035264987708728768e-01,3.981646379591526341e-01,4.000189729866160948e-01,3.999973933115122393e-01
3.918954923046757410e-01,3.919255630022799863e-01,3.956127212833414619e-01,3.940676614154043356e-01,3.947304261034291217e-01,3.923072930830732163e-01,3.910856914997407618e-01,3.936045953625268434e-01,3.909105835503079995e-01,3.922549149239381028e-01,3.945938756227712618e-01,3.935664096490909536e-01,3.915487767936349783e-01,3.906493039225181763e-01,3.934058123315597455e-01,3.930775434230918686e-01,3.896048913575708150e-01,3.907253667207115644e-01,3.921094105717581879e-01,3.935249066456243949e-01,3.935062972591393815e-01,3.936072166741338973e-01,3.918223045556234463e-01,3.944943688197674603e-01,3.905955974611785564e-01,3.938373135788734714e-01,3.878137931358819901e-01,3.902498194425093048e-01,3.924740622973249549e-01,3.922830099698610407e-01,3.915716487391270872e-01,3.924148851161534113e-01,3.920553811463635685e-01,3.898976583209888824e-01,3.921437736571884991e-01,3.943826167837453101e-01,3.965422178406139975e-01,3.924174676329102440e-01,3.943850300051904290e-01,3.913796549293825922e-01,3.905710363749380076e-01,3.932301031583997908e-01,3.918301239215820631e-01,3.895953313836240106e-01,3.954001514332541878e-01,3.949120596615602885e-01,3.848780598842994061e-01,3.925899883020555481e-01,3.902188902512949142e-01,3.897856079630372395e-01
3.833141547818432748e-01,3.801677917517315430e-01,3.796535737045397818e-01,3.805246446177587005e-01,3.862694478383507102e-01,3.836475754046397291e-01,3.836951214010652089e-01,3.810636690607059340e-01,3.828680239479085867e-01,3.805492516414414328e-01,3.817700184370148020e-01,3.863531511474163072e-01,3.796352915169478037e-01,3.824260929599983538e-01,3.831823463240073835e-01,3.836450269762725074e-01,3.833799624957426877e-01,3.815970826759523260e-01,3.809301547899220375e-01,3.797816673972130852e-01,3.834487234663776500e-01,3.808478173262523359e-01,3.792237984175009791e-01,3.787560553162917509e-01,3.845203153374237570e-01,3.833574599161854168e-01,3.813721418348241521e-01,3.812506693485142040e-01,3.826661130442459147e-01,3.836341828415368860e-01,3.801037689302116940e-01,3.850708962320008033e-01,3.848175923152369893e-01,3.788920890190553559e-01,3.812608076490657250e-01,3.817500856035654366e-01,3.804165484405857001e-01,3.798237163630407975e-01,3.853701723294917780e-01,3.811465012448101430e-01,3.829210740866443863e-01,3.819350192279644118e-01,3.822005304007883297e-01,3.777293102287910265e-01,3.828906623516385999e-01,3.824593029006390088e-01,3.820626468576803214e-01,3.851642196679400110e-01,3.842509006680849271e-01,3.807937604788171337e-01
3.713610159876782890e-01,3.745690810232907286e-01,3.677853564461438518e-01,3.688933074031400250e-01,3.767374411899865883e-01,3.743505800748104240e-01,3.719978779951276238e-01,3.724550897752769152e-01,3.716746488895710243e-01,3.734928599252077541e-01,3.685439475601189896e-01,3.715586474655724336e-01,3.751797035840654382e-01,3.717586677484470137e-01,3.746478113701415258e-01,3.711109566321142417e-01,3.710294366905963481e-01,3.750653510785144085e-01,3.766383390435835699e-01,3.731961290877914839e-01,3.747145231086061457e-01,3.687877330951834787e-01,3.721685251935875627e-01,3.743370111121145927e-01,3.735387385724230347e-01,3.726559415880154602e-01,3.716728714696976854e-01,3.697599771987152284e-01,3.702166100438929464e-01,3.759854024068322031e-01,3.750857361301578874e-01,3.746858856468375798e-01,3.750618511516193299e-01,3.730628066251359121e-01,3.714725449942177793e-01,3.755044915099458036e-01,3.676575804360054378e-01,3.729606744479714853e-01,3.743603555819661755e-01,3.725847095968995437e-01,3.696752001416996891e-01,3.756770698945511855e-01,3.700093135529639032e-01,3.731756622829808800e-01,3.709414262231635617e-01,3.752484835117557149e-01,3.750754735861523970e-01,3.713664224776794254e-01,3.718086213715038335e-01,3.737504719525707175e-01
3.637217836775831770e-01,3.629108764259705300e-01,3.631439696411430940e-01,3.590976647687045276e-01,3.643352756321616703e-01,3.626664541014888998e-01,3.617982125095746682e-01,3.615826817215032629e-01,3.641922169217723382e-01,3.632914695564931629e-01,3.634476140254485066e-01,3.631175969082821031e-01,3.645102171593445628e-01,3.635658266457534871e-01,3.610688486685091347e-01,3.626550702626441525e-01,3.603249452327756397e-01,3.640733145786391178e-01,3.632399532813698206e-01,3.636480407650406477e-01,3.626043596364935118e-01,3.636628162000348219e-01,3.639428163973786323e-01,3.609392988400361157e-01,3.615276676372083942e-01,3.615425944921158430e-01,3.656591612092595089e-01,3.618736006810568950e-01,3.626002260317057191e-01,3.650033950782626269e-01,3.614923462282565447e-01,3.663480232221777988e-01,3.594460567530549100e-01,3.609730351537915327e-01,3.673047937755941628e-01,3.619524502494748663e-01,3.660612792434252416e-01,3.636279129511580943e-01,3.607684352874865885e-01,3.630975864414968113e-01,3.638991942027366977e-01,3.598308068335324128e-01,3.593110445665561037e-01,3.625875865112444529e-01,3.609891046129978798e-01,3.635514223235024045e-01,3.658633524362052691e-01,3.625022934108624306e-01,3.607276417675765456e-01,3.619547104232048729e-01
3.547804504298399109e-01,3.492109684260101266e-01,3.555807504975863065e-01,3.522150024639391086e-01,3.525104369769131440e-01,3.524458311851921821e-01,3.503570617130691844e-01,3.538895578492361471e-01,3.541711511588502836e-01,3.509350040785994551e-01,3.559576998527069769e-01,3.533271169389600175e-01,3.527475288209157012e-01,3.524543909843673717e-01,3.550815815237525763e-01,3.507252712819661777e-01,3.510472346452939152e-01,3.517036788364310551e-01,3.510062529261540609e-01,3.527528322884037060e-01,3.511104524488660172e-01,3.514621591006971135e-01,3.520372091376019474e-01,3.551667858701533231e-01,3.531447379805499054e-01,3.535064260201443709e-01,3.560260641869698039e-01,3.525318231672201486e-01,3.507354908998562282e-01,3.519652820323149744e-01,3.492003047644327562e-01,3.511660134326475835e-01,3.525522719562045881e-01,3.504631372635201303e-01,3.507529173097971298e-01,3.537122315190605049e-01,3.526153857813149051e-01,3.530158556653061885e-01,3.526610157292603964e-01,3.526157310886653407e-01,3.474921843442479452e-01,3.519510112813437619e-01,3.499570312529792782e-01,3.539641242968693535e-01,3.530294910687323817e-01,3.509716033117429856e-01,3.485623185126304202e-01,3.553322771772490229e-01,3.508457008638242169e-01,3.555432172353151787e-01
3.444792137104729091e-01,3.425956434241902437e-01,3.406029901070822263e-01,3.362299077690401594e-01,3.421424786377392779e-01,3.440816740917196359e-01,3.403293875011644820e-01,3.424110524210031703e-01,3.420536233737908050e-01,3.409176159240491222e-01,3.432699016894893984e-01,3.408234612668653574e-01,3.432094317092173053e-01,3.420480527388763958e-01,3.430166919309282636e-01,3.431345165994830193e-01,3.430462283340238172e-01,3.432533763906424618e-01,3.422407296317910852e-01,3.430910470631504672e-01,3.394051860014822841e-01,3.441878349723779262e-01,3.433537179455058430e-01,3.447813686635012309e-01,3.443148972490654991e-01,3.455067962875211784e-01,3.377158655580101976e-01,3.411558993741334311e-01,3.444884824052005801e-01,3.417140681410809067e-01,3.427995760573140371e-01,3.435640770200988903e-01,3.404127057945067203e-01,3.411980373194267169e-01,3.409906675188206227e-01,3.425875353217839869e-01,3.425449683754359098e-01,3.439631481185810857e-01,3.447300327746000148e-01,3.422223720242581479e-01,3.441896651722222700e-01,3.399361464016837919e-01,3.428135562956812210e-01,3.444740883307259582e-01,3.407225406946100543e-01,3.438718068036858977e-01,3.425745208661496455e-01,3.440132468366050578e-01,3.407471467798567355e-01,3.431485443177298977e-01
3.299333831710846709e-01,3.302585633397084885e-01,3.304552982136919614e-01,3.315877011016615805e-01,3.305660638009306207e-01,3.303531776437853007e-01,3.350015450844945342e-01,3.316933623784334983e-01,3.303213633830413554e-01,3.309298113679398079e-01,3.350202823624731097e-01,3.318990976803626869e-01,3.298086796240966567e-01,3.333316508417048518e-01,3.317957972120864629e-01,3.341901307009954580e-01,3.309799286720548905e-01,3.340711261431795198e-01,3.324833486584785058e-01,3.329692685092697224e-01,3.318768615632794461e-01,3.329216830272527239e-01,3.330759866364256250e-01,3.314528382184390720e-01,3.323429871818953663e-01,3.294312790890727705e-01,3.330228500346523735e-01,3.327633610514407203e-01,3.324736613861132839e-01,3.310922496820715710e-01,3.317945434076869371e-01,3.316025480178910745e-01,3.329282649098337377e-01,3.327522307276633007e-01,3.312863115958147864e-01,3.335049424578243049e-01,3.320188308203673166e-01,3.328740634632131323e-01,3.341240137523286413e-01,3.313186630086709661e-01,3.359061770970461214e-01,3.326490559888460319e-01,3.334313772764256889e-01,3.297470091380782509e-01,3.346137015750393906e-01,3.332153812469277332e-01,3.319594680120928620e-01,3.284903150876718469e-01,3.278713981057715388e-01,3.290867534093949720e-01
3.220113451363900148e-01,3.192171195109133053e-01,3.226265738010637429e-01,3.179745540662324843e-01,3.205448195497797581e-01,3.212111901145200399e-01,3.178294893193051585e-01,3.189172723282295840e-01,3.213583993537796335e-01,3.233189550105535215e-01,3.197764191064403905e-01,3.218918690315563658e-01,3.216623967740338541e-01,3.216072060692739543e-01,3.224738811692545171e-01,3.217984874796110950e-01,3.204040613535973914e-01,3.207946097376128125e-01,3.202526539995107502e-01,3.212468315535588759e-01,3.208830441440301828e-01,3.217561181008182225e-01,3.233808239377215510e-01,3.201559246803342140e-01,3.233257370938744657e-01,3.235948657203932544e-01,3.239191102204258543e-01,3.211167068312770767e-01,3.185628643741337251e-01,3.239337657372981516e-01,3.201860205102997070e-01,3.260666968910939656e-01,3.212556359257304206e-01,3.233368724340016653e-01,3.225965850812863578e-01,3.235674594159744788e-01,3.180716082094476871e-01,3.195585524249829890e-01,3.177993522050879815e-01,3.215072752590730776e-01,3.212166962103257806e-01,3.238354451919868704e-01,3.214455657209690509e-01,3.193345748909535708e-01,3.214559330872975296e-01,3.219609062582929337e-01,3.199273337528572569e-01,3.229679185831319521e-01,3.207959741566179801e-01,3.215611032333444141e-01
3.067133951698935435e-01,3.109620272525155937e-01,3.089826233738308670e-01,3.110072627166351467e-01,3.082610624682407541e-01,3.104060630378707719e-01,3.142721217579936277e-01,3.098214017869815318e-01,3.056291964301739439e-01,3.125042006275857709e-01,3.111901998560958615e-01,3.127174319266173286e-01,3.100716555360978899e-01,3.101746902032200270e-01,3.124808973937946988e-01,3.140016040504630124e-01,3.118736640524815140e-01,3.110141689914428520e-01,3.098017164230051357e-01,3.074274675736320406e-01,3.140587872448082907e-01,3.071819254685744793e-01,3.090771539777730226e-01,3.064015136048629517e-01,3.137091196535807813e-01,3.082428295377421801e-01,3.105462307983586356e-01,3.101545802316459377e-01,3.102956377733273041e-01,3.106002798662158004e-01,3.106133559955563950e-01,3.107379264021936649e-01,3.103809969245542866e-01,3.105739540012382727e-01,3.137084006277275905e-01,3.094426899439436385e-01,3.128586857900200191e-01,3.114428998921563996e-01,3.133933857715698879e-01,3.093744704530870804e-01,3.101298331489349414e-01,3.126234516216478965e-01,3.082286951760389582e-01,3.131637927697057955e-01,3.133343252684202551e-01,3.102109434617184025e-01,3.105911396901144816e-01,3.106544107920556907e-01,3.069584205104766150e-01,3.081816295022550278e-01
2.976240041633087530e-01,3.022322720173042376e-01,3.018228893295732962e-01,2.991821910178783517e-01,3.021371578108869027e-01,2.997085331773646777e-01,2.996807214874816494e-01,3.001875085308318147e-01,2.997959208537217535e-01,3.003585907331099980e-01,2.973888010787381075e-01,3.000626640181354721e-01,2.975128708137116940e-01,3.001594496455132766e-01,2.967615509585475042e-01,2.991397042414554175e-01,2.990691042551995027e-01,2.991187043622359210e-01,2.999099446451848894e-01,2.995620189973224878e-01,2.999578072908140602e-01,2.979216251746467092e-01,2.974326949103078821e-01,3.008167906458207863e-01,2.974433851292683784e-01,2.965668006465698725e-01,3.008348019948083873e-01,2.999538462549750095e-01,2.994364480775865145e-01,3.011003791179702183e-01,3.008444735465651276e-01,3.012488120336745956e-01,2.993285282243339229e-01,3.005200618774546695e-01,3.047073721202442353e-01,3.006871378024082997e-01,3.025337563881408953e-01,3.011138460660990335e-01,3.025336470102234498e-01,2.993703477926031864e-01,3.022233729360048748e-01,2.992777142949785696e-01,3.001897253784925890e-01,3.011124061866377599e-01,3.016195511243093264e-01,2.975738090667826574e-01,3.028472726104826651e-01,3.002751395055117123e-01,3.013444077113890396e-01,3.021948810246163353e-01
2.887897082744703137e-01,2.869999906448206239e-01,2.897877428133617816e-01,2.877628471683196243e-01,2.919448592121181574e-01,2.884096348064008053e-01,2.866411296122122199e-01,2.834804739726584089e-01,2.886535260292223959e-01,2.870325440729082911e-01,2.874563978039151868e-01,2.895768510562434783e-01,2.888489040014234344e-01,2.874994945825958825e-01,2.914839083500967987e-01,2.872140763454084644e-01,2.873797463248279893e-01,2.869823370762853432e-01,2.897676432902756005e-01,2.885517731248419260e-01,2.864055840311516832e-01,2.902319580506674268e-01,2.910838395442155169e-01,2.883529114964761275e-01,2.894995199557969801e-01,2.914030157593900938e-01,2.903451338641270807e-01,2.878993784074411200e-01,2.907355781409715068e-01,2.902385735986683368e-01,2.893209340963507903e-01,2.890467489296015824e-01,2.886853445335045287e-01,2.872087996417178601e-01,2.863491783929940637e-01,2.883717906305489076e-01,2.890523127762275601e-01,2.886616720764944022e-01,2.872509071722074148e-01,2.895305701033361045e-01,2.902060431992586342e-01,2.863550689008426131e-01,2.907470890916939998e-01,2.872693274130578289e-01,2.861038823390387731e-01,2.881484144435115802e-01,2.923327541230404947e-01,2.878722258859283678e-01,2.853354989545843767e-01,2.925243227400284862e-01
2.751879435773340044e-01,2.783118737360110728e-01,2.799954451496019514e-01,2.771324824738728987e-01,2.753569939168246106e-01,2.768964070552259460e-01,2.803926934441453578e-01,2.797526824219393471e-01,2.783768191912741607e-01,2.742104401766699007e-01,2.769385225161484776e-01,2.773618267861747144e-01,2.828736634213540602e-01,2.762251072999037382e-01,2.792855047199235274e-01,2.795626026404608999e-01,2.782669271371459030e-01,2.783111706745943770e-01,2.771473150777289396e-01,2.754071557788719260e-01,2.788980834191078784e-01,2.751281410503129132e-01,2.818247306722364010e-01,2.771612736174375868e-01,2.756993965095603794e-01,2.769456375998274877e-01,2.768413541552651735e-01,2.761988794869858488e-01,2.758349044507714121e-01,2.753984931149991988e-01,2.766524268644222628e-01,2.777825641354854658e-01,2.746989052696882649e-01,2.704653114074039300e-01,2.791771868642389243e-01,2.794665872053542222e-01,2.727829460703025122e-01,2.793688534034114990e-01,2.787285328900352965e-01,2.766356337304303192e-01,2.767573000432872465e-01,2.770600291351203448e-01,2.759894358296073880e-01,2.762584915082897385e-01,2.789739886379676292e-01,2.752952608974302828e-01,2.786371291773546144e-01,2.773516639758849545e-01,2.797724563292770528e-01,2.789914043029032564e-01
2.656868390745376618e-01,2.704979567180162969e-01,2.643677317545336525e-01,2.672628372638078398e-01,2.660568986116094159e-01,2.671817975087976693e-01,2.706541786986073062e-01,2.673374710237050866e-01,2.669393834432882140e-01,2.681743258044380074e-01,2.701687681567737087e-01,2.650837301397233614e-01,2.682365329470549065e-01,2.658117773782602833e-01,2.670761917818167963e-01,2.661906108416082217e-01,2.659889894500737095e-01,2.644086605666194911e-01,2.659593673911381795e-01,2.660247196064909891e-01,2.640386191498412805e-01,2.668381572372046096e-01,2.657594307396101141e-01,2.679884266147827265e-01,2.672560322929901644e-01,2.651854275044347453e-01,2.617589923270766117e-01,2.653168615607688352e-01,2.687289945422639548e-01,2.666493139976249260e-01,2.611648691785009024e-01,2.662726826253943302e-01,2.661317969828155827e-01,2.640514403726257342e-01,2.677585127196623338e-01,2.659258490520585161e-01,2.667801715595118917e-01,2.630063795701456097e-01,2.662018246480740147e-01,2.639382535694745902e-01,2.642933004882182524e-01,2.661924612704533177e-01,2.668109745846833913e-01,2.643889587713597611e-01,2.648643760578965889e-01,2.681710289896480082e-01,2.633519090282163133e-01,2.681011738856988735e-01,2.658260678929492138e-01,2.639779608831756552e-01
2.554284197117021593e-01,2.564335897942563447e-01,2.550101697763049180e-01,2.548251361369166523e-01,2.565605759032069111e-01,2.562569835650848060e-01,2.543579449317340813e-01,2.569381271332900063e-01,2.566391371288042067e-01,2.587157549437528181e-01,2.551381500762038290e-01,2.580466152451761364e-01,2.537064798439437885e-01,2.537131174878571316e-01,2.547377057297368630e-01,2.537537707852381974e-01,2.544026795686333831e-01,2.572119854609879464e-01,2.574952339284012348e-01,2.573187894306140922e-01,2.582291250496039359e-01,2.580412883660954670e-01,2.581093536089699714e-01,2.531860473125712163e-01,2.535569472580313510e-01,2.534791041204395579e-01,2.543722034469100279e-01,2.556296909476563628e-01,2.538001028230256195e-01,2.575612718130502188e-01,2.534509373355480211e-01,2.511033089149187214e-01,2.525373789826482751e-01,2.553187580029710468e-01,2.558201097402138524e-01,2.563888237059516739e-01,2.582327251830709436e-01,2.547923686040339253e-01,2.570001406747041139e-01,2.534163495240729924e-01,2.552043647871133913e-01,2.541547283278137170e-01,2.577734557034317420e-01,2.557147947273289978e-01,2.549061159561514245e-01,2.557346739744035813e-01,2.547387590772275945e-01,2.561693435993940282e-01,2.536844683790100974e-01,2.520197461666766059e-01
2.439785277083393600e-01,2.462311868689514571e-01,2.440025556532983975e-01,2.453900362218250641e-01,2.439686050495850911e-01,2.424537152340185131e-01,2.469156695457794815e-01,2.449760836061980751e-01,2.471233127360786541e-01,2.456647022986647722e-01,2.454284132704269150e-01,2.424412513717960072e-01,2.448515802206237546e-01,2.471654985221553302e-01,2.459016004961290525e-01,2.434102721729510255e-01,2.480900009624613656e-01,2.419790979742647841e-01,2.480321462201822980e-01,2.447296447933655916e-01,2.440844847216717406e-01,2.428236668562867295e-01,2.440795595322022005e-01,2.451965498710432234e-01,2.443348367973227075e-01,2.426189893421782373e-01,2.423362667337440601e-01,2.437440686343037566e-01,2.470509457159597577e-01,2.465197355069543017e-01,2.462464968941489030e-01,2.423910691193598699e-01,2.471594178330167868e-01,2.427783514626059846e-01,2.443608205648304388e-01,2.435502928399317646e-01,2.423547099288657081e-01,2.435553149966762365e-01,2.433194051611955733e-01,2.422830980419551639e-01,2.482587731396996567e-01,2.456062646285603890e-01,2.471580337942498873e-01,2.447811688897046367e-01,2.453635060357648168e-01,2.448526155098393609e-01,2.442921459290302022e-01,2.470857470067081008e-01,2.450115731791992768e-01,2.462868064382030542e-01
2.339688663131611335e-01,2.326293832290600716e-01,2.299296104662429951e-01,2.341109133424180422e-01,2.344835783668655638e-01,2.348561183305900579e-01,2.342104811060975456e-01,2.335637413303180143e-01,2.320871414142362810e-01,2.334238066933637945e-01,2.312022678399469067e-01,2.343024311192702380e-01,2.321884846307467332e-01,2.339354060343855901e-01,2.311674329559488539e-01,2.324974421229685784e-01,2.319260110105841322e-01,2.322050710282687336e-01,2.340091935530200229e-01,2.329577127007487480e-01,2.342092802050745881e-01,2.326878873804307246e-01,2.330916137722619241e-01,2.327682883004982273e-01,2.327451102871394006e-01,2.315948453875477098e-01,2.325953384323378725e-01,2.329269704341154212e-01,2.337816943432391714e-01,2.312280320194889105e-01,2.329551677870311255e-01,2.363407131677999207e-01,2.338977261151641562e-01,2.315048316447365362e-01,2.343734842271830432e-01,2.351756110957460011e-01,2.334586993024437840e-01,2.324392414166220611e-01,2.331057430612979986e-01,2.332329035818776208e-01,2.320916647705267011e-01,2.340286820836388060e-01,2.359054062461921897e-01,2.292444833274480120e-01,2.337227683465701866e-01,2.304818457905909446e-01,2.322818616459695340e-01,2.362482301928484074e-01,2.326881214036974899e-01,2.316027242397366293e-01
2.207799397781545214e-01,2.239967968883219418e-01,2.218229803037108372e-01,2.248464714562749267e-01,2.241439108419621407e-01,2.220668254221449534e-01,2.187445713051354990e-01,2.227764124572527982e-01,2.235186946713092759e-01,2.235752349275268169e-01,2.183619014372660538e-01,2.215579749736013293e-01,2.231008565675336730e-01,2.238820932224952487e-01,2.197336009688352076e-01,2.221422974951526297e-01,2.238731484118842430e-01,2.245198111834926513e-01,2.211580811723901918e-01,2.217522107851857549e-01,2.198527013552974418e-01,2.221811130031100812e-01,2.206688213379126295e-01,2.244879028067795768e-01,2.243689117745812089e-01,2.231994803941509398e-01,2.194681365045003940e-01,2.198942651546206273e-01,2.216597673576749250e-01,2.242529891183289992e-01,2.227402216030006654e-01,2.220924222729551978e-01,2.217986121223838869e-01,2.229314269980264829e-01,2.233372842136610303e-01,2.201850390481372433e-01,2.231528743121271863e-01,2.204962436501354262e-01,2.231125723732163557e-01,2.231311072826389630e-01,2.199059966202559502e-01,2.222022293967248208e-01,2.247205714649866126e-01,2.205969432976911115e-01,2.201142068398456719e-01,2.210212094465329458e-01,2.227408430527492988e-01,2.218708213130506368e-01,2.234992591246605376e-01,2.228831183068500643e-01
2.119213447917248083e-01,2.100173444565069936e-01,2.103849885327534197e-01,2.114056685981844652e-01,2.095935331285348480e-01,2.104543504523762321e-01,2.095513138587852542e-01,2.105651000334377576e-01,2.111690703674052871e-01,2.119553532260883555e-01,2.085559271209274645e-01,2.135597390098032955e-01,2.118719551180215654e-01,2.123933091030676401e-01,2.075306038324027658e-01,2.123812213407346994e-01,2.094106697021893282e-01,2.082436770560250061e-01,2.110472723610253842e-01,2.089534733371389286e-01,2.097071904046255708e-01,2.100937301181367844e-01,2.101190387459541953e-01,2.120898769224344171e-01,2.091484051231509989e-01,2.111476419305398367e-01,2.128294984574352344e-01,2.120361003978793180e-01,2.110122257255925005e-01,2.129406666964005213e-01,2.111825196770877877e-01,2.095637380926174687e-01,2.114399121947671822e-01,2.117124368301245840e-01,2.123180120964933970e-01,2.077299577027603983e-01,2.132865455131895405e-01,2.102061765888549871e-01,2.096323160343845360e-01,2.127959718916647425e-01,2.140155680070343625e-01,2.118801622938402407e-01,2.125446235229718206e-01,2.089576514448889533e-01,2.085171502133565113e-01,2.109466404134396622e-01,2.097584585820319591e-01,2.119504742575658018e-01,2.120896265591422358e-01,2.118602257643185105e-01
1.986047924656731689e-01,1.987791877550058040e-01,1.996377719841827825e-01,2.030610142633678672e-01,2.021904941940743938e-01,1.978616425040230775e-01,1.983863045405682701e-01,2.011577471531533490e-01,2.015824159079479538e-01,1.987165010345617600e-01,1.981345077809629485e-01,1.988191079273309292e-01,1.982200024017574669e-01,2.002988812974719479e-01,2.004129613419472211e-01,1.990070031371118098e-01,2.018673628559653765e-01,2.016495285401147253e-01,2.011375554453138925e-01,1.994502478853669158e-01,2.018055255544605742e-01,2.006538136481644252e-01,2.009058893307268667e-01,1.975039123921915607e-01,1.975859320216522552e-01,1.997416270308079167e-01,1.992006577312601112e-01,2.021611904693919604e-01,2.006118016883846056e-01,1.995669146447117681e-01,1.986652410307060967e-01,1.991471649629387997e-01,1.983927350385100985e-01,2.011428393145196503e-01,1.995159900361586081e-01,1.982725524134333617e-01,1.997719008904371429e-01,1.981230602567536914e-01,2.007499272217618258e-01,2.026146677408738328e-01,2.005757986900053857e-01,2.019539030464677365e-01,1.988663508894054910e-01,1.999615480188560446e-01,1.995556417957359274e-01,2.001661852172502420e-01,2.001548609766223563e-01,2.005856035094387146e-01,2.011052016608254334e-01,1.972526407965896622e-01
1.858414386426377740e-01,1.871300140922991795e-01,1.919815246727958891e-01,1.882510672462477108e-01,1.893225913882157219e-01,1.894065274386126929e-01,1.893322129775729390e-01,1.903275504932173123e-01,1.890653889399601106e-01,1.865866978285980471e-01,1.865974774181808904e-01,1.886050267860172325e-01,1.890122928353336895e-01,1.869124317129771951e-01,1.912505706143269313e-01,1.872638998241975827e-01,1.895598395036638961e-01,1.920774461590009641e-01,1.886465729920028811e-01,1.910702035606046401e-01,1.874097526957888560e-01,1.885557219927367634e-01,1.914694323600721892e-01,1.867621049471388517e-01,1.893964079942722645e-01,1.891949596153542357e-01,1.884985889897381750e-01,1.880254596565379688e-01,1.900932563325299918e-01,1.894244821566732073e-01,1.875736401264615771e-01,1.886358391577451221e-01,1.916709992051553457e-01,1.860585433326917004e-01,1.910050102793996174e-01,1.910238016951635864e-01,1.894072547907666160e-01,1.880958397086715805e-01,1.883966419433880934e-01,1.899331988395040194e-01,1.898165303915223534e-01,1.891077941152517761e-01,1.858438523069340376e-01,1.907451807052471804e-01,1.901394996657269354e-01,1.896613309143785342e-01,1.923497431017600345e-01,1.922183916122453817e-01,1.889640966596320415e-01,1.877339503631178519e-01
1.786730018864776115e-01,1.798716425527162321e-01,1.785062694586724008e-01,1.771301424001266167e-01,1.775730781262410407e-01,1.766778591857292302e-01,1.791894013503140259e-01,1.766136146739505641e-01,1.768503022071912512e-01,1.812664805621796438e-01,1.779545019998297339e-01,1.767996474605225965e-01,1.775855463272870971e-01,1.793250959420887580e-01,1.775704813328947695e-01,1.756641192665190365e-01,1.797987649335866245e-01,1.806923084234450527e-01,1.788700307179018067e-01,1.801999295696050940e-01,1.795626177806432799e-01,1.775514502442614440e-01,1.781207262597988561e-01,1.793838695324914134e-01,1.780383480219137893e-01,1.811026040867740883e-01,1.780095997306182787e-01,1.786818692614375592e-01,1.778469257301360240e-01,1.786948517805230230e-01,1.784305989871690090e-01,1.779046304986689198e-01,1.794787182166210360e-01,1.795244176138854897e-01,1.802610444522369793e-01,1.756976677223237859e-01,1.799704650105952985e-01,1.768746155473796544e-01,1.785668784807231124e-01,1.767270757024570205e-01,1.785533477990565998e-01,1.765163804824819715e-01,1.770424466150496978e-01,1.783458886839830448e-01,1.774229156789309259e-01,1.785826038070337518e-01,1.772643766422889733e-01,1.787020044535344021e-01,1.779547285023192205e-01,1.809563514760010039e-01
1.671658120975801909e-01,1.677654376579145179e-01,1.668285283978878930e-01,1.692872465619749689e-01,1.655984934252429930e-01,1.672504718219607334e-01,1.663163793599128082e-01,1.666391447312808305e-01,1.681148958170962937e-01,1.696382870906213425e-01,1.658865474048782929e-01,1.680067876925112058e-01,1.681409957386469645e-01,1.663519284163625933e-01,1.671337954440772211e-01,1.667799633534826631e-01,1.676739919191863049e-01,1.669715777824065939e-01,1.682041899041248900e-01,1.688749936392788253e-01,1.667187828873909761e-01,1.656959527949403432e-01,1.676923511852434767e-01,1.661716705922508808e-01,1.655519819594633846e-01,1.705658966125446208e-01,1.691548992595665601e-01,1.670039159462019251e-01,1.679185276149925132e-01,1.690241120302796163e-01,1.668327889909639872e-01,1.674092317433926724e-01,1.657898955239386907e-01,1.653945530204859182e-01,1.670624864931926357e-01,1.706189524433861238e-01,1.688535684652466839e-01,1.669842454012433197e-01,1.674379161337246069e-01,1.655140897635754282e-01,1.672284337345117944e-01,1.683453386400592111e-01,1.669450579332940887e-01,1.665212576163277447e-01,1.687814176927991683e-01,1.678283148396265412e-01,1.695067261873760556e-01,1.705971680520958489e-01,1.695172930908866449e-01,1.688513862084588535e-01
1.553154827405762717e-01,1.552356202958117271e-01,1.582787171477096633e-01,1.567043348796977598e-01,1.576142533173427451e-01,1.579243886209367453e-01,1.587244409722994576e-01,1.560848355704350932e-01,1.574587272063774079e-01,1.566673350086124072e-01,1.546995209795190285e-01,1.561967728715985548e-01,1.564534359180433931e-01,1.562543131475838121e-01,1.572687521153688650e-01,1.570196774963848463e-01,1.549090524037073369e-01,1.578477138294285820e-01,1.560223483898529329e-01,1.577070138470888228e-01,1.562603738366519501e-01,1.564103530615564008e-01,1.561610807903143494e-01,1.569206294789153577e-01,1.562791954815610507e-01,1.576682228674799457e-01,1.555788386204834950e-01,1.581837834918117525e-01,1.572109449754419408e-01,1.585134757956025153e-01,1.555982617587765571e-01,1.576026115637182701e-01,1.557025662547522615e-01,1.551627007636534328e-01,1.570381571897848660e-01,1.578441068910894363e-01,1.591825677456825405e-01,1.566864428791734376e-01,1.575835866003546526e-01,1.577164948434997549e-01,1.567066851379589343e-01,1.552326418387011964e-01,1.556964760536350967e-01,1.555609824225016591e-01,1.581603820727529308e-01,1.547433097741260921e-01,1.563971604453575359e-01,1.555913106467433360e-01,1.571053164790498502e-01,1.543538845339192389e-01
1.460984481227864396e-01,1.451921812592747163e-01,1.484701492152926405e-01,1.455885669344090527e-01,1.451174170040776257e-01,1.482260639263331958e-01,1.463738836756081352e-01,1.455600669435315464e-01,1.478407054986850822e-01,1.460994810205185623e-01,1.471087648809971116e-01,1.449880755657299847e-01,1.460561629859687405e-01,1.456571968172923892e-01,1.478890334440318421e-01,1.463238417338001973e-01,1.484563218110647731e-01,1.473536469053910725e-01,1.470550761991023248e-01,1.461345661470641044e-01,1.463232169420805862e-01,1.475703154772633197e-01,1.461261803729032860e-01,1.456289058740334597e-01,1.464120938993467569e-01,1.444326960278388139e-01,1.461150469385148198e-01,1.484931437044384184e-01,1.462225723907757402e-01,1.479174370497357283e-01,1.481340425901867264e-01,1.469452498605113011e-01,1.465239569123173713e-01,1.455175999106149975e-01,1.449823069249310259e-01,1.455580482463655345e-01,1.467574298382551545e-01,1.476388636046097325e-01,1.452639894629805528e-01,1.455074969469635215e-01,1.455693236300221460e-01,1.468899592668624909e-01,1.479591264730439892e-01,1.465110866635638553e-01,1.454869830289069466e-01,1.465044009118846025e-01,1.462355853690852636e-01,1.472395188068488792e-01,1.460994245950269221e-01,1.458100110602956467e-01
1.349091093317308365e-01,1.350452670971003244e-01,1.359096646746943138e-01,1.389292012668071341e-01,1.368658198262663883e-01,1.379542651098701889e-01,1.362581765532393796e-01,1.349245110673143733e-01,1.363014792601294767e-01,1.365208983851527447e-01,1.343538018561866720e-01,1.360802386804847441e-01,1.352387073485713520e-01,1.364211451635252981e-01,1.341280048972913475e-01,1.341662208820303959e-01,1.361162821153176772e-01,1.363273005114603587e-01,1.344793949314519177e-01,1.338466658793995290e-01,1.358849318546298535e-01,1.351449876581450604e-01,1.357849449669955022e-01,1.362087125472650762e-01,1.358911109754071811e-01,1.360346764254909691e-01,1.352270133756925952e-01,1.357835724672326327e-01,1.374165952843869887e-01,1.355334897694745744e-01,1.359224857118978835e-01,1.351133074948125679e-01,1.379075624831719304e-01,1.359313708844739899e-01,1.357363247886174407e-01,1.351974889710179095e-01,1.340460331066005706e-01,1.335486902548774779e-01,1.356915193245825657e-01,1.354860679366365894e-01,1.368924228653380371e-01,1.354686161806618883e-01,1.361586948990821111e-01,1.351327692603413178e-01,1.349411261942209117e-01,1.360681461581833007e-01,1.370197076114027523e-01,1.361319672765449462e-01,1.363685034022592835e-01,1.364152111658432365e-01
1.279169160321020071e-01,1.276474679940270696e-01,1.244126937693049856e-01,1.264338021924901745e-01,1.234144696802244173e-01,1.267687401808223757e-01,1.263609366572985004e-01,1.250440459495967827e-01,1.255353619307312540e-01,1.258322498406762857e-01,1.253005912409872469e-01,1.251632530065703297e-01,1.258061739005821023e-01,1.270478879638388681e-01,1.265656673768757456e-01,1.266939116845156588e-01,1.270852891842711718e-01,1.254458752553148371e-01,1.269351199442913802e-01,1.243588821879071937e-01,1.255521625034165256e-01,1.252857804559028843e-01,1.253010074312248257e-01,1.261661407029055493e-01,1.251559983624965233e-01,1.267114978134749048e-01,1.248602987326981606e-01,1.267133453290454070e-01,1.263413229695859730e-01,1.275490476486019764e-01,1.257860013188340786e-01,1.276135442044946111e-01,1.283673480089607966e-01,1.255361840419546293e-01,1.252312184898768943e-01,1.253492279197011006e-01,1.262179712772726059e-01,1.248629304510580906e-01,1.257911543273765032e-01,1.263056080581857199e-01,1.260601261035596554e-01,1.246975578147234281e-01,1.256598345592429278e-01,1.255471443174514812e-01,1.260632485878158959e-01,1.266882184883850737e-01,1.256083753791586710e-01,1.258728734681179018e-01,1.263020067713023498e-01,1.254214081565831196e-01
1.162138477940654058e-01,1.162522206927055768e-01,1.163626831010232815e-01,1.163271339316904324e-01,1.161962534676238973e-01,1.170300835562386454e-01,1.172714048211650761e-01,1.163155716446489102e-01,1.161815236367094023e-01,1.178531868994938253e-01,1.160202024362851775e-01,1.144524473813999660e-01,1.159415903594065989e-01,1.172382679109046782e-01,1.172194324585983799e-01,1.141521178516869822e-01,1.167836718608064039e-01,1.159556776596069178e-01,1.145510888237749603e-01,1.141838537722144747e-01,1.142599513457005500e-01,1.162139255148526978e-01,1.160963764420854250e-01,1.151201157622347426e-01,1.150371174766782606e-01,1.177225751015829464e-01,1.175432321691521620e-01,1.152140759403666725e-01,1.155998937660456388e-01,1.170584836111041860e-01,1.176670129307118146e-01,1.143542619360317231e-01,1.161613607335650195e-01,1.157866882971542305e-01,1.172843424568091042e-01,1.174349762302428074e-01,1.168675461090894069e-01,1.142367188145001211e-01,1.153152572593574565e-01,1.160726721201566641e-01,1.158545900001863582e-01,1.162140598227564964e-01,1.145120379958441542e-01,1.170355034934093819e-01,1.159659903797512492e-01,1.168095251690545872e-01,1.166630377509290106e-01,1.156315439507773074e-01,1.154429488700914608e-01,1.173061822522946246e-01
1.055919124510994039e-01,1.063460471876685604e-01,1.074159704453539893e-01,1.065041771818196481e-01,1.060958435109764786e-01,1.068841295803313052e-01,1.067154534732212556e-01,1.076743991216755902e-01,1.053678046571116661e-01,1.048108407911942097e-01,1.070151882244046448e-01,1.051704792099907998e-01,1.058894800003442327e-01,1.060848938011342557e-01,1.078890146004276435e-01,1.055774146858939333e-01,1.076740306097497824e-01,1.058195494296501338e-01,1.069722180241344522e-01,1.068402091480391974e-01,1.063797752605874225e-01,1.070581683239219400e-01,1.049241880566526008e-01,1.072030536395759404e-01,1.074971393151375049e-01,1.075541098640975107e-01,1.053256818951988916e-01,1.040262152987578986e-01,1.048710128638746242e-01,1.067041485244477478e-01,1.064646328998835045e-01,1.056877704612294994e-01,1.065403133011117720e-01,1.057323072753857812e-01,1.074648192319738876e-01,1.053203137252453625e-01,1.052964989514981325e-01,1.054580700614570626e-01,1.066860998176343001e-01,1.049888558935117150e-01,1.040132202065971595e-01,1.047161295554428218e-01,1.060365554825354328e-01,1.055140626522766134e-01,1.079454867842482846e-01,1.082177299010042004e-01,1.053397689758953787e-01,1.072620017505294676e-01,1.065376908579193233e-01,1.058674640480964241e-01
9.575997952339564134e-02,9.707493944667520969e-02,9.762120947505184554e-02,9.921997886922868937e-02,9.573977077319602291e-02,9.639366076829630758e-02,9.535714092937222497e-02,9.659262473063408294e-02,9.755706889086945832e-02,9.530346768282563219e-02,9.786640283637504378e-02,9.626531773439851725e-02,9.631946015692884056e-02,9.741925103642774808e-02,9.544371278005039927e-02,9.613825895038016767e-02,9.809941941495008144e-02,9.409237134353150289e-02,9.776754992460824634e-02,9.865803955643036305e-02,9.798228177801600325e-02,9.792255362462609636e-02,9.545144286668266753e-02,9.559156348202373088e-02,9.664373540562870568e-02,9.691802671034591143e-02,9.861339710626540467e-02,9.769962272300711237e-02,9.599108069014376798e-02,9.734507271243678095e-02,9.537153652259595937e-02,9.589642341711775153e-02,9.695392228879122498e-02,9.730512030257008893e-02,9.652152233643117307e-02,9.761068974838511825e-02,9.353918504469486972e-02,9.620974416548215558e-02,9.630943801599929632e-02,9.736924408767498595e-02,9.669796037579103665e-02,9.654342912734568960e-02,9.780640004513546648e-02,9.570112975244664255e-02,9.725218177516715967e-02,9.721331665424391699e-02,9.701693170304845348e-02,9.756134477705113994e-02,9.690752869714740203e-02,9.695083342774371560e-02
8.648717170889758110e-02,8.873732436580859806e-02,8.964478007419791894e-02,8.921661743100078867e-02,8.871125942941102127e-02,8.704766728804309850e-02,8.753390795916798917e-02,8.781750435329531423e-02,8.824241092229766215e-02,8.708520784721508756e-02,8.776220174210054570e-02,8.722977770049626656e-02,8.697433199412193949e-02,8.779062228231106213e-02,8.915308265266458365e-02,8.684109643928808464e-02,8.758299313761944149e-02,8.811812942427846296e-02,8.714838001767323539e-02,8.610032175461748705e-02,8.929437045575329412e-02,8.800781117690098521e-02,8.597785204471006248e-02,8.755290804435802987e-02,8.840415888979905046e-02,8.712690223984097260e-02,8.592238708966630500e-02,8.687993169975576080e-02,8.681253655926671198e-02,8.783289263104512856e-02,8.655325009195308228e-02,8.902227816106239588e-02,8.774071279067360840e-02,8.893184841595583312e-02,8.761826083183120450e-02,8.758978190729084512e-02,8.883148972108112496e-02,8.801276303598637440e-02,8.773183041634882717e-02,8.772124507732778631e-02,8.656444602323279391e-02,8.788728056433917080e-02,8.766881496626183212e-02,8.788800835290361269e-02,8.705884896454499366e-02,8.731112322453130070e-02,8.857958133275768697e-02,8.626567531582449155e-02,8.625759005437290405e-02,8.898059778090861016e-02
7.736648188810490989e-02,7.824257605044286634e-02,8.013044282850406708e-02,8.075322357659985018e-02,7.833422197922952634e-02,7.864768485613019000e-02,7.921842622305691473e-02,7.971672156751127836e-02,7.932214274734689097e-02,7.803425394063161213e-02,7.862842887802182212e-02,7.898539466779078144e-02,7.933470075796111853e-02,7.911983340031759904e-02,7.983217717473536923e-02,7.929179585522713736e-02,7.953758192550849926e-02,7.855803882716204389e-02,7.881665677697272110e-02,7.956009149387388568e-02,7.914287972006653349e-02,7.933123364597113869e-02,7.982366724443443196e-02,7.907741839258675132e-02,7.925742188824218271e-02,7.860367037794906142e-02,7.856083887617490435e-02,7.915007005060431533e-02,7.945571360628599089e-02,7.903280022261735538e-02,7.914835075809815990e-02,7.613021780511808334e-02,7.845013986123086647e-02,7.847162181650757518e-02,7.860230646767078777e-02,7.972136529573220498e-02,7.714901847001105761e-02,8.036119889155637908e-02,7.864580127269304999e-02,7.792116565765284941e-02,7.918900120436848933e-02,7.971216833893793319e-02,7.805483301271307073e-02,7.932974050467848925e-02,7.909814173290050099e-02,8.072524052871682398e-02,7.781115172548877523e-02,7.891018898008712867e-02,7.976750900990402238e-02,7.900819887933981100e-02
7.053116663036178291e-02,7.002099803246146503e-02,7.090121630723719703e-02,6.875314962095606386e-02,6.981245964140160576e-02,7.031857130931197519e-02,7.073863840054392393e-02,6.999558226014691853e-02,7.228843703556525613e-02,7.176446464711716544e-02,6.960889115440856145e-02,7.083853601740855432e-02,7.110533686179293378e-02,7.074021047134690376e-02,6.997843957010176086e-02,7.201013851231613527e-02,6.993096771238388465e-02,7.047271976694183260e-02,6.999804913320420430e-02,7.054225925335445846e-02,6.904320902948415939e-02,6.963649068658113450e-02,7.091299437236697756e-02,7.102068824172461103e-02,6.966605812040037315e-02,7.056483345908391713e-02,7.032324670003389788e-02,6.998379271590138284e-02,7.094873222727733630e-02,7.175513987915985159e-02,7.269770865373743896e-02,7.040384152943007789e-02,6.947689033278581228e-02,7.113658916259868459e-02,7.010999911181570177e-02,7.063094743375922246e-02,7.180908004538266720e-02,7.130038653273559901e-02,7.162782878176307544e-02,7.130448927412699756e-02,7.145655478426994611e-02,7.048826426133816825e-02,7.181074993077328494e-02,7.079922977054582678e-02,6.956745888414113399e-02,7.005542072935078135e-02,7.099561100777031231e-02,6.911155227551464553e-02,7.014350101322519571e-02,7.044813527258689256e-02
6.217057568262809170e-02,6.183245334380817193e-02,6.301463476234207828e-02,6.475863617793499449e-02,6.208244198432600475e-02,6.254102881977591233e-02,6.165967921114572786e-02,6.237786049082519324e-02,6.219206137205340185e-02,6.118538588369121928e-02,6.235005966546640355e-02,6.244987516006513667e-02,6.189525957527521050e-02,6.212070766240026382e-02,6.336215589326359143e-02,6.273749052181687436e-02,6.210504011384987422e-02,6.223319805388888987e-02,6.233609399247180827e-02,6.137723749685087410e-02,6.062458483266437714e-02,6.316208644837507935e-02,6.301292599977414977e-02,6.162787832287248968e-02,6.287154448208806534e-02,6.311396680321887387e-02,6.294625550685059578e-02,6.209725339227384344e-02,6.243232452096539320e-02,6.138842663235024449e-02,6.109182928325648798e-02,6.261849953157710980e-02,6.283141045606256692e-02,6.353723338006284083e-02,6.214215106306811287e-02,6.287353074215237814e-02,6.090485168822404316e-02,6.230567358178375204e-02,6.230031381965057263e-02,6.241125381964190977e-02,6.304782706570805084e-02,6.203285789069903911e-02,6.250660518500326945e-02,6.307816079305796075e-02,6.149325017170526736e-02,6.226079271041089908e-02,6.370878770422895576e-02,6.244582440216674135e-02,6.158037688059096043e-02,6.225344194674025528e-02
5.466862304230991898e-02,5.372868550218471567e-02,5.520328800245814793e-02,5.446664785846597190e-02,5.565649432772804689e-02,5.425099994077366844e-02,5.495009764708443795e-02,5.544674643510808659e-02,5.707393345464861073e-02,5.533265712542365100e-02,5.459427951490396919e-02,5.498896018138509090e-02,5.507655470925613972e-02,5.536582303519257953e-02,5.497501205471384128e-02,5.512265082082670742e-02,5.515945768250053727e-02,5.554789595314772038e-02,5.416344408651967840e-02,5.535081548286782671e-02,5.473078367550363726e-02,5.550342085885629634e-02,5.541162094332067328e-02,5.610458004157161532e-02,5.505187681568850938e-02,5.355805635462849296e-02,5.443307754805250948e-02,5.545796027613382473e-02,5.490516449572901275e-02,5.461637872100983532e-02,5.484090754370231358e-02,5.457194650077044212e-02,5.456911262742020902e-02,5.446529119822807186e-02,5.494151096234078241e-02,5.524463428160740486e-02,5.533607944911553278e-02,5.463479058497743013e-02,5.457700495109903821e-02,5.381940577946361937e-02,5.615697083757400371e-02,5.432472175005534365e-02,5.435788314742814875e-02,5.431549778736570466e-02,5.542732014260597084e-02,5.371641806933779434e-02,5.483978087779940724e-02,5.599562315501439846e-02,5.491172240227203127e-02,5.504994827034577487e-02
