9.881564549078568405e+00,9.922469383353876182e+00,9.903137765445126917e+00,1.001809683162764664e+01,9.927061740787507915e+00,9.817168092861741968e+00,9.745807550252438389e+00,9.821246033582900381e+00,9.965156393194872564e+00,1.007087029416599933e+01,9.797514207912932704e+00,9.765541916553541313e+00,9.805907214911197656e+00,9.938129488131627554e+00,9.889221646735949278e+00,9.821078327859058987e+00,9.936128909365644191e+00,9.956293593838250189e+00,9.841504878862004091e+00,9.839508119757578442e+00,9.871691128280934535e+00,9.985530134288797655e+00,9.873152172324275000e+00,9.885777272478595279e+00,9.805905759802563182e+00,1.001424123234843933e+01,9.916270928007239860e+00,9.906025771551263404e+00,9.944605183672850401e+00,9.913165362042203554e+00,9.794188436067074122e+00,9.680807512260924952e+00,9.903366324217556027e+00,9.913922602784673188e+00,1.000622098029484519e+01,9.995191278751049069e+00,9.845767929395021767e+00,9.822537431072179359e+00,9.933517051714284563e+00,9.733778711476560375e+00,9.988062995721286086e+00,1.004160654424269694e+01,9.885038941125548817e+00,9.804370726335978503e+00,9.857660375322476298e+00,9.894992470610720403e+00,9.852969947460108457e+00,9.932264993714499113e+00,9.914664631947402995e+00,9.949314946044287566e+00
9.930638221271617994e+00,9.713204935206983137e+00,9.912343977814821017e+00,9.873930675026631576e+00,9.819937721609599990e+00,1.000111548854021493e+01,9.975441840692205631e+00,9.776184602804114832e+00,1.006618526468760599e+01,1.000697295170630596e+01,1.002472550871919665e+01,1.002534456711966193e+01,9.844765041874895317e+00,9.687854102388589794e+00,9.925943919052917508e+00,9.959672745208747457e+00,9.824602851633617462e+00,9.786161597539919654e+00,9.851508915031129021e+00,9.916211824501816707e+00,9.882503255494498262e+00,9.906567069633403833e+00,9.819487957758395780e+00,9.873274512743552833e+00,9.814415665357634211e+00,1.006076764871595408e+01,9.825215186280223278e+00,9.993950212352933349e+00,9.828729011444254482e+00,1.001012948629786514e+01,1.005011673342086986e+01,9.782772671836616141e+00,9.854447083724394929e+00,1.008710507771973042e+01,9.690549488700501257e+00,9.869296407839174279e+00,9.991563082316268662e+00,1.004449423682831188e+01,9.827913797131227369e+00,9.922426959067202290e+00,9.931514665883785398e+00,9.774788066256279606e+00,9.955604873449912517e+00,9.920564524141299856e+00,9.878479462483980456e+00,9.875176109844268524e+00,9.938280497674833569e+00,9.868359906965489259e+00,9.856702080534935462e+00,1.002849124718765772e+01
9.802291741109234735e+00,1.007908966334837508e+01,9.905943212595749614e+00,9.730373825656249309e+00,9.805505665522767700e+00,9.945943027778463730e+00,9.978833211840770545e+00,9.898334207803170415e+00,9.887283429864652362e+00,9.913022489397377512e+00,9.956297403627633713e+00,1.005654988233520442e+01,9.912580299887343571e+00,9.871006473234475109e+00,9.799784704930733170e+00,9.921520700221304168e+00,9.993758309361533421e+00,9.871208019832240055e+00,9.879783021512187347e+00,9.952650388733522036e+00,9.756035963261529886e+00,9.783225073689816753e+00,9.900924831645212976e+00,9.890684123265263139e+00,9.759555715580761515e+00,1.000742984854824869e+01,9.860109349935763490e+00,1.002191121535731533e+01,9.759889867584570666e+00,9.856598770528146147e+00,9.796517250711765712e+00,9.765693116914764715e+00,9.886200410182512499e+00,1.003838632620295002e+01,1.003357265857215808e+01,9.804877823878081600e+00,9.912540981886463598e+00,9.915071995961715956e+00,9.824854838741119423e+00,9.953971754073224432e+00,9.808771027905697437e+00,1.006926353637644844e+01,9.927478546828245598e+00,9.942391738226216802e+00,9.808429636458980028e+00,9.929165628604723182e+00,9.919756315713641470e+00,9.814417562722027810e+00,9.906207134286210803e+00,9.795733882941846105e+00
9.941887996976102926e+00,9.789965153308509471e+00,9.902770077352400335e+00,9.941793892846773062e+00,9.863432380091156304e+00,9.700923993082627206e+00,9.986913943439395425e+00,9.810465969902761429e+00,9.756514191643697487e+00,9.913679094226043986e+00,9.734713208795094275e+00,9.686141057370637242e+00,9.928276425130718508e+00,9.945406405697905683e+00,9.861125945594801934e+00,9.915408312585427097e+00,9.842522333564600601e+00,9.904663273565658344e+00,9.943212432363090159e+00,9.839883664405761010e+00,9.878116648962402380e+00,9.803076343704484330e+00,9.928396187988710153e+00,9.838470243951499938e+00,9.863864300947311037e+00,9.852022418375915080e+00,9.858503653439134595e+00,9.721817153109036269e+00,9.879572458498159904e+00,9.803994684075197696e+00,9.936628344888157827e+00,1.003460247459875099e+01,9.885942456700052006e+00,9.953298014226987789e+00,9.694989490216798345e+00,9.945401946076449562e+00,9.997964116764105569e+00,9.882547202752437698e+00,9.771345029108639224e+00,9.925878064239119780e+00,9.694989159066336626e+00,9.718546445308893666e+00,9.753353416329755277e+00,9.932311187137710107e+00,9.916601724625207837e+00,9.956239192207114286e+00,9.886026117574330030e+00,9.727139721539153072e+00,9.932111794218608125e+00,9.729835610900128273e+00
9.873276951409659219e+00,9.860964496036768168e+00,9.838590117954087333e+00,9.902171093922715883e+00,9.836840969742146612e+00,9.833549643911489113e+00,9.730058738158652076e+00,9.756122722198394825e+00,9.947464629153703441e+00,9.869856113543391984e+00,9.856893631449072046e+00,9.788015920866033781e+00,9.877512631092672635e+00,9.870442208068860523e+00,9.890056122383695580e+00,9.831070274539019493e+00,9.812745532963631945e+00,9.859309330880840605e+00,9.786363088320136683e+00,9.720372897190955541e+00,9.857609477874708759e+00,9.808991782133858806e+00,9.820859835376127833e+00,9.832995258546946005e+00,9.875974535923642605e+00,9.872375549782837822e+00,9.711571646819725956e+00,9.769686725849087594e+00,9.853824684993520933e+00,9.862130258789358450e+00,9.874373604697312956e+00,9.802654477092490382e+00,9.821312846009808695e+00,9.599902273829606258e+00,9.882257843149600873e+00,9.725240032268002821e+00,9.857460226846864515e+00,9.881057372499537195e+00,9.787307216860233083e+00,9.750292801719863789e+00,9.810473058405891678e+00,9.931448990451437808e+00,9.782950358879759278e+00,9.816567155412847967e+00,9.956345521476508864e+00,9.744615163840554928e+00,9.913193540884483568e+00,9.595572975766010870e+00,9.665195005083305091e+00,9.753858016651573593e+00
9.807369772186515178e+00,9.831107217665296716e+00,9.762779188529306040e+00,9.722738117965333160e+00,9.763839160026728692e+00,9.803340425215269605e+00,9.840748244945348944e+00,9.578255922799321809e+00,9.823670919038793414e+00,9.900322260880827230e+00,9.611885327340901952e+00,9.802453532214673970e+00,9.860686309466521138e+00,9.681278955662028451e+00,9.742658618004739424e+00,9.861472129047553992e+00,9.842243783779773381e+00,9.745867112830183032e+00,9.760305333778388714e+00,9.883125964867319979e+00,9.772153601325076266e+00,9.649906141553517003e+00,9.742088224771622507e+00,9.524316136867964744e+00,9.793697712668018696e+00,9.805902657488298146e+00,9.846988986442584135e+00,9.744305316120488669e+00,9.660802383576479357e+00,9.666397690984995350e+00,9.700595320340134720e+00,9.737614876714882683e+00,9.648224011363732089e+00,9.583488247654042169e+00,9.783410239553932186e+00,9.753355959499726779e+00,9.846170291147497977e+00,9.734630980791315835e+00,9.822004812345417335e+00,9.873356294533936151e+00,9.730039081473895735e+00,9.887021652246033909e+00,9.897146017608292823e+00,9.776255047615874716e+00,9.830054201367580902e+00,9.682585705738855353e+00,9.570832379873831286e+00,9.680392554314503073e+00,9.818151945380240164e+00,9.789954489539454130e+00
9.740093706378363692e+00,9.601181649981386457e+00,9.851291698653037443e+00,9.698219783659247639e+00,9.782822843936616053e+00,9.881745221674888668e+00,9.670783735769912681e+00,9.736101486094185020e+00,9.653013418712617977e+00,9.993644097744006416e+00,9.628470522523079111e+00,9.819145395530627596e+00,9.703365815395970984e+00,9.732626503652388905e+00,9.684358563511183959e+00,9.744809610060199745e+00,9.636325051213596282e+00,9.770540157574435725e+00,9.676805718202457385e+00,9.671085738552374522e+00,9.633295932575416387e+00,9.768179834560749342e+00,9.904056861245223331e+00,9.721138098928205906e+00,9.570860105383518501e+00,9.700859570980952640e+00,9.900363666445661792e+00,9.673012043951558780e+00,9.706005639018972175e+00,9.495247204846139155e+00,9.672952990175732069e+00,9.681474200157584420e+00,9.695444824000009731e+00,9.670431249521591610e+00,9.524429658396295295e+00,9.921081854286002866e+00,9.755017717480411577e+00,9.758131156323708311e+00,9.789765569553990687e+00,9.696403439629113663e+00,9.791083919549024017e+00,9.728152214369957917e+00,9.743199146395502552e+00,9.846416402091934472e+00,9.753129114371155595e+00,9.753695512579886540e+00,9.641187583034703579e+00,9.634576304420775728e+00,9.766222441322014447e+00,9.709614785395947578e+00
9.524192883485682160e+00,9.711307613321016774e+00,9.608597150967804978e+00,9.629772954447494371e+00,9.769144384549427684e+00,9.617697189199367003e+00,9.496282828638449303e+00,9.679758839735690401e+00,9.723006399308056658e+00,9.667510789745350053e+00,9.617248832664591518e+00,9.713027308127863080e+00,9.569709438924487444e+00,9.637490683631677157e+00,9.567903743728203736e+00,9.750820692607872431e+00,9.623672573484542525e+00,9.761310326838296803e+00,9.575791599586899849e+00,9.582721372066318466e+00,9.584606399616026451e+00,9.676836224058595448e+00,9.698688952898727678e+00,9.354287935153857703e+00,9.492409450580256092e+00,9.709470971667405692e+00,9.708964902739076308e+00,9.696632840253116115e+00,9.620352931739782676e+00,9.507635966461627675e+00,9.844708686840190737e+00,9.622000021592915786e+00,9.905103187763566908e+00,9.601029086691813319e+00,9.594702873392837006e+00,9.648706771476566857e+00,9.761869728849177363e+00,9.665052056628551824e+00,9.773226477355679620e+00,9.742859202333205459e+00,9.555074826865608273e+00,9.601600864892846587e+00,9.583009033075596150e+00,9.649699584370498684e+00,9.706180436451882443e+00,9.801692363736782099e+00,9.622868873891787800e+00,9.665229988804716399e+00,9.551512494369557515e+00,9.707071228145849773e+00
9.683338583321573267e+00,9.498170508839228532e+00,9.447056995513314348e+00,9.599373889525896431e+00,9.455742420991363417e+00,9.617021331628999192e+00,9.386635033693087493e+00,9.604321654294306398e+00,9.497532486052957523e+00,9.597099353484741968e+00,9.702102192573009987e+00,9.663428524017058763e+00,9.483504436998178022e+00,9.569965553986921947e+00,9.595640249486258710e+00,9.571900629858426157e+00,9.642421959973184187e+00,9.727602725385828819e+00,9.511939319051450070e+00,9.592572352043822193e+00,9.517010369131563507e+00,9.456112495881251689e+00,9.530858615862674910e+00,9.615344322864469717e+00,9.490310523438337142e+00,9.561026580131008146e+00,9.606817086398759642e+00,9.494215387188674526e+00,9.634332771203652612e+00,9.330045181276437560e+00,9.578068152767299281e+00,9.518428288653886682e+00,9.574458458571415420e+00,9.677716757586120266e+00,9.647943603852224825e+00,9.515686351773558371e+00,9.536448591933826435e+00,9.555590459644225376e+00,9.505785554131374937e+00,9.473472967874570827e+00,9.492575762706955800e+00,9.597297806286320565e+00,9.489326557749484081e+00,9.671580924604414875e+00,9.509118901720325923e+00,9.651973942907870807e+00,9.586379045920788045e+00,9.452540341678279390e+00,9.511753172746972851e+00,9.668247703742933297e+00
9.504396130611617366e+00,9.311894470866345586e+00,9.385577248881855184e+00,9.609273066019948573e+00,9.535785445672525285e+00,9.600588749629183738e+00,9.273625197754002514e+00,9.467882235180404393e+00,9.589510529545915318e+00,9.578721734014354894e+00,9.482642047755422965e+00,9.389719677486239036e+00,9.379668123563186910e+00,9.461430373550031803e+00,9.443824666019215996e+00,9.365496153761414533e+00,9.379458503744659836e+00,9.519528227093582373e+00,9.348733902605900425e+00,9.614355596361447098e+00,9.354773709962485029e+00,9.535419307408400158e+00,9.356852986221047885e+00,9.604757075179879422e+00,9.499605780465209648e+00,9.461243098914462024e+00,9.571517858501174203e+00,9.393308101205407823e+00,9.387198919506030137e+00,9.349612621302492599e+00,9.378694173446424642e+00,9.472910793051923406e+00,9.607150869016441774e+00,9.574415171531382995e+00,9.453207662452678406e+00,9.360356053256191800e+00,9.390870216321076214e+00,9.562944399995993550e+00,9.510342417928816516e+00,9.674637100041140414e+00,9.501854752451357911e+00,9.441578248133090767e+00,9.441732799463979475e+00,9.526790327006661840e+00,9.593774293874094639e+00,9.562834595637145441e+00,9.641557668215620325e+00,9.419406731631610796e+00,9.614929071127656712e+00,9.458018472421219514e+00
9.440304726034460359e+00,9.553430949462349275e+00,9.508041749885711269e+00,9.397623136405520938e+00,9.482553777462921829e+00,9.434208272111652249e+00,9.394490476002804513e+00,9.353413881897893134e+00,9.335144330557923809e+00,9.203721685174190981e+00,9.309234061855098830e+00,9.309694037238854136e+00,9.338391167648422808e+00,9.357798275426089774e+00,9.523850868290029581e+00,9.429810790647987773e+00,9.380947447920284787e+00,9.639689593418987457e+00,9.438317237456185893e+00,9.365603883335046120e+00,9.370034234205093071e+00,9.391007870886502573e+00,9.556241367627068328e+00,9.449379767964430243e+00,9.501722245803073008e+00,9.475801067454096227e+00,9.419932294343153600e+00,9.342995050011023039e+00,9.354973159923789083e+00,9.431146322020531159e+00,9.485121889519179561e+00,9.325213073287640597e+00,9.459922931243115229e+00,9.411004863128130893e+00,9.425470254564443096e+00,9.387821437732931429e+00,9.295326597323049000e+00,9.539983267518017840e+00,9.337065061367887608e+00,9.287705208021700187e+00,9.319992139883016335e+00,9.438183636112382757e+00,9.550045421229656384e+00,9.299481113456579351e+00,9.250959817325425050e+00,9.451556527912039485e+00,9.518064656949924540e+00,9.481958214415008968e+00,9.297283490613423851e+00,9.348979928827022334e+00
9.285921758254442437e+00,9.316008508349371553e+00,9.245272528292503011e+00,9.162096517977492027e+00,9.282002569534139269e+00,9.033255330424639240e+00,9.233968774788364087e+00,9.328459804314924497e+00,9.477424579782562475e+00,9.218847303896128054e+00,9.173703601784788830e+00,9.143866890995722585e+00,9.273463852307239463e+00,9.432645316939449742e+00,9.291406975768634169e+00,9.212347115851951429e+00,9.206430065110696503e+00,9.351202752011232633e+00,9.258589391694128423e+00,9.328964287173951320e+00,9.208649256320251553e+00,9.299921937496330671e+00,9.192982244517880375e+00,9.120147925704962688e+00,9.373396631868274653e+00,9.266418026033173660e+00,9.132124520594876671e+00,9.160342006388852099e+00,9.137551724936733066e+00,9.337651077559323554e+00,9.293913699640075521e+00,9.394999539802427080e+00,9.386089498524111008e+00,9.220998782086949674e+00,9.429860898818708037e+00,9.290865185250746450e+00,9.308437265767343760e+00,9.384820381382192878e+00,9.253387326156506276e+00,9.349942491702897485e+00,9.131089048728059154e+00,9.213764000630822792e+00,9.108721415725929305e+00,9.278396479031778554e+00,9.423562932136714920e+00,9.332397835131770236e+00,9.335712993031089368e+00,9.271302032942035254e+00,9.285982036322767641e+00,9.345882323947028780e+00
9.185204534179257863e+00,9.195631287612707538e+00,9.195746385835207093e+00,8.978711369114099838e+00,9.067341304532511970e+00,9.087542431602198434e+00,9.178875494309059135e+00,9.246787660212540061e+00,9.085207728897620072e+00,9.156489633533102079e+00,9.052131580108520481e+00,9.058144331952616923e+00,9.049594486494655143e+00,9.115775395671741776e+00,9.224649009134303412e+00,9.342928815299508472e+00,9.244755044132688226e+00,9.380176505882023008e+00,9.284326184073067978e+00,8.981141931939962575e+00,9.240110910227107510e+00,9.215130639117287359e+00,9.189288875479423524e+00,9.080531974145097607e+00,9.260708436574926594e+00,9.378356266917959871e+00,9.251673580124148089e+00,9.151217811881403819e+00,9.206769435187094786e+00,9.278649842208260168e+00,9.026554490969491695e+00,9.351360079591374941e+00,9.232394580217517799e+00,9.008128123655447794e+00,9.176738420405795793e+00,9.009440674860732301e+00,9.201652936575669628e+00,9.024136407912122237e+00,9.111327577389451093e+00,9.195319782014514942e+00,9.161055654667283221e+00,9.167592429103933682e+00,9.344014072761117617e+00,9.205393941647860956e+00,9.172735965746781517e+00,9.177943059659911640e+00,9.110024046677656528e+00,9.233431136660321670e+00,9.333018398014102601e+00,9.195926353190969849e+00
9.101558594797358737e+00,9.089170590247135806e+00,9.165770341555671052e+00,9.092035688993396647e+00,8.986129941697001300e+00,9.157755593257387972e+00,8.905351702784718881e+00,9.119369252644803581e+00,8.983921807964275530e+00,9.088875920327938118e+00,8.982893107980791214e+00,9.111730396262466058e+00,9.171946563785660089e+00,9.023592362479528006e+00,9.195135270099484615e+00,9.130332409771085622e+00,9.110022858469747575e+00,9.002963476859811465e+00,8.963501692036279778e+00,9.198124032977030851e+00,9.151090487715078936e+00,8.961682418833772701e+00,9.135927869419829150e+00,9.103781902409389559e+00,8.918210919987432206e+00,8.976281423077963950e+00,8.974877195393084151e+00,9.095470446967292233e+00,9.081361631806736057e+00,9.124581241088211669e+00,9.075769182007256575e+00,9.084797951356929246e+00,9.099821794650578610e+00,9.011107284841344267e+00,9.022319359782841275e+00,9.076391117795045815e+00,9.020035450264201060e+00,8.835459777467129072e+00,9.129974066153824452e+00,9.011878811959741498e+00,9.025964070048519972e+00,9.051491684467523058e+00,9.090672876222823717e+00,9.072664805717240100e+00,9.118784733732967496e+00,8.926702402176221796e+00,9.087105755358761527e+00,8.951023487891069053e+00,8.937977673735817419e+00,8.946625270267048791e+00
8.863445418840978363e+00,8.897288879531327410e+00,8.871704591320506594e+00,9.067940456189596432e+00,8.837131707185777785e+00,8.838955714619041615e+00,8.888300085080059532e+00,8.878152819909203686e+00,8.931797744066409805e+00,8.973408041150303660e+00,8.778835296324764670e+00,8.901165404270052761e+00,8.862494273690309399e+00,8.952401180421661664e+00,8.951383740575915127e+00,8.974279693479987330e+00,8.856409342647442173e+00,8.866386870171035994e+00,8.932366565104709721e+00,8.896772646376494009e+00,8.857533031460473438e+00,8.765979667643490458e+00,9.029121789195084347e+00,8.886661569774458869e+00,8.962620416164336135e+00,9.019012589876274077e+00,8.953808794887040179e+00,8.972818087113664021e+00,8.989209633094809249e+00,8.807918449692174079e+00,9.060110578694336780e+00,8.870151936386625025e+00,8.989666150627417807e+00,8.821460325862396701e+00,8.823519763246260084e+00,8.877724122086164016e+00,8.893323711614149474e+00,8.842466918837564194e+00,8.877476961759054319e+00,8.751222671325539437e+00,8.989127100532938286e+00,8.884428062545858040e+00,8.891115869847942221e+00,8.686521005984555899e+00,8.927686330040986107e+00,8.905470719531674462e+00,8.780991289547568357e+00,8.812992009189613896e+00,8.909737398598748470e+00,9.046406949682490151e+00
8.784861819235201708e+00,8.837228754857550328e+00,8.824823350241816300e+00,8.697775023639588099e+00,8.818230285784458999e+00,8.780372790905683900e+00,8.637548850488592223e+00,8.805237971389468399e+00,8.656352949008629949e+00,8.730202414906138131e+00,8.686960463646432373e+00,8.881102097164095710e+00,8.610957112926675094e+00,8.762106624936688348e+00,8.810138539293305371e+00,8.678132927906734295e+00,8.807932844115828885e+00,8.798248272945949466e+00,8.818122774015320076e+00,8.916169027316682261e+00,8.698485830679311803e+00,8.752143731753655231e+00,8.743737828286221259e+00,8.787217693412573638e+00,8.875087711407696034e+00,8.799936011077301501e+00,8.708648910915817609e+00,8.850413782521945549e+00,8.925855364410058002e+00,8.759983086210894498e+00,8.818481791515175416e+00,8.934789814123593743e+00,8.692563008311116945e+00,8.832252002645518019e+00,8.823068509586136088e+00,8.723126252624970434e+00,8.828199268013625201e+00,8.873093017378591796e+00,8.557274482215364131e+00,8.646998807364374429e+00,8.763674449665208144e+00,8.689359287523142683e+00,8.666361808024674929e+00,8.699256550171272195e+00,8.795258503966074670e+00,8.872674277724664549e+00,8.765617578089127448e+00,8.699048044717020645e+00,8.607046832826574345e+00,8.722244421247729917e+00
8.564055676881434209e+00,8.632048466743347248e+00,8.773147087941902456e+00,8.692023503723138589e+00,8.504805802687720018e+00,8.630297405075802786e+00,8.660964741939679357e+00,8.569525212212761645e+00,8.581472778455232486e+00,8.546826666744255618e+00,8.547779701213841008e+00,8.548416843453393810e+00,8.627252912038031241e+00,8.632754985119245106e+00,8.549690546840590599e+00,8.373841942618268419e+00,8.527910790254537687e+00,8.650637428378258775e+00,8.545065107507715751e+00,8.650621436865229441e+00,8.593083781758700468e+00,8.581472349491439999e+00,8.767198518654668149e+00,8.593678639203849556e+00,8.671864456333734594e+00,8.602014702627137410e+00,8.631844740055855780e+00,8.540831334095813077e+00,8.665433695997752039e+00,8.658620615356664274e+00,8.609184012095312255e+00,8.683509936841570465e+00,8.750996915220106587e+00,8.739635343006145973e+00,8.539860333847698826e+00,8.695411793737926942e+00,8.543156968002531215e+00,8.561580244429105591e+00,8.535262456878029980e+00,8.705570096303370420e+00,8.560304075668147661e+00,8.601109097229485911e+00,8.624866084114930942e+00,8.515194645746360536e+00,8.690926148608189905e+00,8.526674433338552461e+00,8.634165536425053133e+00,8.628146046183156059e+00,8.814062418501206864e+00,8.744133934988132850e+00
8.461027674943846222e+00,8.178707306103024877e+00,8.548122699482084030e+00,8.676488200889091118e+00,8.576528426843134767e+00,8.554940803058702414e+00,8.405961066832622564e+00,8.539228772525806477e+00,8.344538601311663584e+00,8.422606568096270507e+00,8.369727345374307959e+00,8.475218821663814239e+00,8.428970449448298652e+00,8.520645648932415384e+00,8.500726102653555216e+00,8.395116459665041830e+00,8.493337305397078651e+00,8.460553760129135625e+00,8.715046369503728130e+00,8.429246372312022118e+00,8.398270101599170090e+00,8.568815486570908746e+00,8.417950269246409434e+00,8.480787323847099657e+00,8.265922866260671853e+00,8.416387373446999831e+00,8.386625343287558820e+00,8.571951758180047065e+00,8.448203705084344151e+00,8.409923021753169081e+00,8.603946204285009003e+00,8.543209771565299704e+00,8.482750889842479936e+00,8.353636116719476590e+00,8.288021957546453322e+00,8.443232688267888975e+00,8.302022952627392982e+00,8.404515622183856394e+00,8.427671062572532179e+00,8.494928878834429042e+00,8.480114925278259719e+00,8.472946701934720437e+00,8.623590952075666394e+00,8.612428006145744774e+00,8.603862721500242117e+00,8.607625402640508128e+00,8.446260048093954254e+00,8.365578813018668569e+00,8.477710998602097092e+00,8.573669860605956927e+00
8.360663350061038557e+00,8.129428382723412838e+00,8.236297852762103133e+00,8.192826583256685780e+00,8.345308262894526763e+00,8.246604184933209680e+00,8.186061361994573460e+00,8.347386168495519954e+00,8.209051460194711325e+00,8.369508439528884125e+00,8.295232999499431159e+00,8.338934822799863866e+00,8.300479568523471130e+00,8.230344027414417951e+00,8.299987847028376109e+00,8.168795258198695564e+00,8.345333674909001687e+00,8.281504388703883279e+00,8.241371240138093412e+00,8.266607982760351803e+00,8.351609988812354501e+00,8.317568251701453974e+00,8.381828757574243838e+00,8.410078391081963645e+00,8.399419318476937235e+00,8.243059800777867707e+00,8.302059104230780306e+00,8.394567564203521570e+00,8.225751712903891288e+00,8.308794235920432314e+00,8.262733654013151963e+00,8.249500144252545297e+00,8.236467087018931821e+00,8.325147181330482482e+00,8.328667131096358034e+00,8.286730947850220019e+00,8.218630987697741475e+00,8.374819918590532097e+00,8.487413460184292546e+00,8.280018957588053397e+00,8.261669508810571827e+00,8.430406460793301804e+00,8.370194036114284586e+00,8.259404067589873222e+00,8.372997552301013613e+00,8.312037350731737106e+00,8.375078062570095128e+00,8.494458898737555330e+00,8.213098687281888743e+00,8.396344118121270128e+00
8.171471900311594538e+00,8.167304183933003614e+00,8.049903249164596986e+00,8.287750395350469645e+00,8.149940366131717795e+00,8.181942191341194714e+00,8.002974403935866121e+00,8.027733219362730210e+00,8.144056130739617316e+00,8.006497394765039743e+00,8.285369278932634529e+00,8.106237508091625799e+00,8.113688364717010160e+00,8.187001638498808020e+00,8.170902618845993004e+00,8.039449987612060866e+00,8.062370614787026213e+00,8.069714032738378506e+00,8.085064975826096401e+00,8.112807466591631211e+00,8.082030036457560129e+00,8.057603017226647069e+00,8.129296038072027386e+00,8.103251239924862404e+00,7.904808755219308480e+00,8.097860095009011161e+00,8.098950064297062212e+00,8.010771795380978944e+00,8.075941901338405060e+00,8.259831756876526043e+00,8.048504057978608017e+00,8.085271893666657661e+00,8.051042160349021870e+00,8.056426043593843289e+00,8.159555688239167992e+00,8.252198036411355631e+00,8.214369783531347835e+00,8.139199548702693576e+00,8.078737764629778439e+00,8.127440804888660608e+00,8.220234555703012091e+00,8.004252259561544847e+00,8.093180722589609744e+00,8.206115307834602746e+00,8.020461528797566686e+00,8.145056062112667306e+00,8.105214960449186989e+00,8.077532670223634526e+00,7.997357353397497981e+00,8.189845448045650400e+00
7.987206606513053586e+00,7.874918804371183079e+00,7.874831380453252372e+00,8.007903057252249823e+00,7.856131355151611650e+00,7.882625929093292072e+00,7.958423831098172307e+00,7.997069658085425914e+00,7.915745334530862820e+00,7.886727296450219526e+00,8.174630609729241826e+00,7.921794838028802133e+00,7.944278892476476450e+00,7.896302491460184036e+00,8.007851762234910353e+00,7.947847436680973487e+00,7.782792666617742938e+00,8.017378989732607764e+00,7.913408643508498486e+00,7.952512953064423407e+00,7.916433513290336954e+00,8.009800943082499458e+00,8.064148782601359144e+00,8.052029436285950581e+00,7.911693457370475357e+00,7.954020108494671781e+00,7.710593663921193830e+00,7.897937724369448631e+00,7.938335151013788504e+00,7.904175917503527771e+00,8.007438099864202741e+00,7.938243226952256038e+00,8.005143042701783784e+00,7.887158593468659440e+00,7.984672084938411629e+00,7.915078668224713176e+00,7.958505549882477936e+00,7.971051569693385908e+00,7.998102497311669445e+00,7.902100629007605015e+00,8.108466180330399453e+00,7.819487727123251020e+00,7.911032297011080239e+00,7.824486872849757191e+00,7.949763195105128410e+00,8.058920188699762122e+00,7.949028457879971477e+00,7.935312905541178630e+00,8.035725212771836823e+00,7.902184038183778902e+00
7.865000050913211638e+00,7.820214737814011663e+00,7.672798624883919949e+00,7.750499454137606214e+00,7.754470517516828032e+00,7.718316067786778589e+00,7.677996471612792639e+00,7.773483917954369105e+00,7.817798383841545018e+00,7.749090395044396118e+00,7.638557991634307598e+00,7.619727860422823795e+00,7.670147584738495006e+00,7.767167863072268474e+00,7.864033500219520967e+00,7.792744955089488279e+00,7.809053575523233981e+00,7.799206099109104784e+00,7.635588106154901133e+00,7.726185962815261377e+00,7.664289155271882592e+00,7.757176448876235142e+00,7.727435517780323337e+00,7.872983563523546557e+00,7.657293217517829653e+00,7.858004694952207991e+00,7.861567828585008577e+00,7.812851409433292815e+00,7.656928284458730971e+00,7.879697920713443438e+00,7.737712480697815920e+00,7.685939990885672479e+00,7.696371959847186695e+00,7.622397791743438233e+00,7.722244065364688659e+00,7.890888596494557206e+00,7.802957811237845931e+00,7.858712803207199116e+00,7.822487558328228729e+00,7.750293347472346106e+00,7.694395529101119457e+00,7.687661811134825385e+00,7.560558805956314465e+00,7.765347469228100152e+00,7.787966181279949218e+00,7.883719393542218512e+00,7.873944457159550936e+00,7.846895957393824617e+00,7.860558067107170643e+00,7.781227256193835373e+00
7.416940873689751079e+00,7.566702029692896403e+00,7.381270351999936530e+00,7.496748996113999475e+00,7.606579233785429217e+00,7.585208304436577897e+00,7.639497667251921698e+00,7.466950140916608802e+00,7.505702623229144166e+00,7.539710236031525348e+00,7.618813590318428197e+00,7.627388011250029187e+00,7.580791510011090750e+00,7.479976587372966002e+00,7.506141537561889621e+00,7.334366294350805227e+00,7.589968551632352067e+00,7.558176073271739348e+00,7.640773626241594840e+00,7.291199749164676724e+00,7.489621137673688089e+00,7.492261435223461774e+00,7.699821796745382585e+00,7.608984107299238353e+00,7.590638713856228570e+00,7.563896852154059935e+00,7.439145130489791313e+00,7.523012524021996938e+00,7.553309731260739568e+00,7.453312507143111887e+00,7.557596481071380268e+00,7.607223539771774234e+00,7.422829120269813785e+00,7.602478504654925473e+00,7.547327323676368493e+00,7.656357075978334592e+00,7.481842776947190465e+00,7.413789222583750949e+00,7.578018025085396125e+00,7.546512799459103249e+00,7.486064852048050611e+00,7.611461210934427513e+00,7.628780916073357510e+00,7.600608927799481052e+00,7.481349571213000260e+00,7.546169304595852445e+00,7.524136862988081376e+00,7.601751256175961480e+00,7.592621496241627632e+00,7.557927826347895284e+00
7.486720194836385289e+00,7.467843285931814457e+00,7.258071322522789970e+00,7.217148717443024886e+00,7.426145627038256869e+00,7.312679106308919152e+00,7.295664549344203387e+00,7.343783368194355177e+00,7.370606984723911737e+00,7.335415451065299131e+00,7.261683719959337147e+00,7.333523579997895503e+00,7.332707931476006635e+00,7.197257907996348791e+00,7.304389755438095655e+00,7.211846033367027786e+00,7.483472409372407874e+00,7.358586319581730706e+00,7.434477359600868418e+00,7.341557510472356718e+00,7.292910536990334869e+00,7.453465412971385540e+00,7.312806245407370120e+00,7.346631754493412103e+00,7.162140242240393917e+00,7.374745801791655175e+00,7.315744489579458332e+00,7.303175143152961901e+00,7.360579663904514014e+00,7.222270630507191314e+00,7.336606838732706137e+00,7.462711474166794368e+00,7.403441839088135801e+00,7.308128313331559767e+00,7.153602096921162001e+00,7.204633775304020382e+00,7.446536573334720188e+00,7.334979263847571929e+00,7.310916462083175027e+00,7.156284412982402365e+00,7.293464269631814823e+00,7.477034157316547969e+00,7.285991237833869150e+00,7.316225815281617528e+00,7.465805926754478961e+00,7.332044649238340206e+00,7.250642409372896502e+00,7.358397372963078276e+00,7.227838991655496592e+00,7.411568349617239093e+00
7.116552690299564610e+00,7.175107168744344399e+00,7.215407980191097082e+00,7.040725158912586323e+00,7.210359958898210131e+00,7.080727017561073033e+00,7.117001243244900799e+00,6.911744193997957808e+00,7.111693013040368605e+00,7.083898211583444571e+00,7.194539846780764414e+00,7.399956743849123164e+00,7.359903071611085146e+00,7.163382616139495340e+00,7.095153213376346635e+00,7.163143218628282405e+00,7.078126170866309685e+00,7.031405062255919880e+00,7.001768620786605446e+00,7.094644541774446367e+00,7.124271881927688455e+00,7.072139446274694485e+00,7.117929719020360757e+00,7.448999181457915952e+00,7.262083839423793208e+00,7.346175083319304022e+00,6.993798524887592905e+00,7.284084980325818748e+00,7.186708112700917361e+00,7.038168370775020222e+00,7.102126168145394658e+00,7.095091267362867882e+00,7.129428579233312746e+00,7.228858366830804627e+00,7.122881716316174838e+00,7.075634055853820215e+00,7.057824812455143260e+00,7.094005166365023207e+00,7.121095314022415579e+00,7.176024977889005285e+00,7.152858813024812079e+00,7.053109094664582912e+00,7.023198037686633199e+00,7.100467541241666680e+00,7.054230588197250462e+00,7.223479257253016428e+00,7.127201316697705735e+00,7.076640088862279576e+00,7.356567190286786406e+00,7.159976119879125633e+00
6.797359316552164188e+00,6.848053240120135499e+00,7.023412547201641765e+00,7.045567022361056253e+00,7.055740612554146196e+00,6.978530799306612131e+00,6.900415047449158124e+00,6.840073776379691495e+00,7.045906611363176530e+00,6.876347160147673776e+00,6.918070833629120564e+00,6.797992631747971970e+00,6.988934865809235397e+00,6.913731350391516983e+00,6.876278477669618638e+00,6.804912436990107061e+00,6.876620874247030279e+00,6.864295933856745968e+00,6.848305060177583670e+00,6.939372013469440326e+00,6.950210407170154703e+00,6.857587542582231244e+00,6.893114767513158547e+00,6.921269419866055372e+00,6.943898088660534818e+00,6.843412177644401240e+00,6.727601407046866377e+00,6.989855765510228913e+00,6.785371930889664505e+00,6.904707222891585339e+00,6.797538450445337332e+00,6.881462152269241628e+00,6.792273249709522176e+00,6.747957871960112541e+00,6.888195335885121118e+00,6.954390869217762727e+00,6.875467941403700323e+00,6.960653775706791890e+00,7.108952353779799616e+00,7.021512646959328308e+00,6.859496166097416747e+00,6.925242040364579132e+00,6.986315105648211343e+00,6.888929957845817853e+00,6.945103738813313221e+00,7.013183278412484789e+00,7.066648725241662987e+00,6.931065659081980357e+00,6.793573143812519533e+00,7.021616944214217781e+00
6.668126598490024648e+00,6.774593063272963178e+00,6.640404247010505578e+00,6.779992078914482079e+00,6.704534633279727984e+00,6.594441184586711024e+00,6.663212868297793356e+00,6.688208798824059720e+00,6.738635326274536652e+00,6.664704925385048995e+00,6.600430900876720131e+00,6.684796292537517282e+00,6.813906117979048993e+00,6.650958591676457310e+00,6.678966856155261311e+00,6.745110720024094952e+00,6.716447747931953316e+00,6.705850447285382820e+00,6.828543407686340494e+00,6.649125035444475529e+00,6.813932429064339047e+00,6.717574848759873873e+00,6.744774419537175270e+00,6.591570935895410877e+00,6.892002128149257167e+00,6.605801940676799155e+00,6.709050949353430049e+00,6.645545776994920217e+00,6.758275305132376509e+00,6.700681824230739103e+00,6.790028572653537431e+00,6.672477208608271759e+00,6.857517290771978580e+00,6.686120234153684727e+00,6.777914866744191080e+00,6.615037583090327189e+00,6.632157628344991451e+00,6.785155062158850114e+00,6.744720464344466038e+00,6.715152880582078154e+00,6.614846128298025540e+00,6.461340549435297120e+00,6.672954889241935028e+00,6.734490393409318543e+00,6.657289409308082995e+00,6.656374934129718035e+00,6.711759455827054133e+00,6.670870045826040595e+00,6.644645025384302350e+00,6.721777946794430747e+00
6.430262129675767824e+00,6.403426502909188578e+00,6.458164390904091334e+00,6.595649115249905492e+00,6.460835526796004480e+00,6.631513851347804689e+00,6.495814402285599698e+00,6.654998675079888848e+00,6.493196128390111177e+00,6.592319285754733471e+00,6.511315903230058488e+00,6.502485809092494407e+00,6.532642238127953860e+00,6.416873738255108428e+00,6.498366398089228113e+00,6.506782496645370450e+00,6.491178972118688328e+00,6.398571187935646165e+00,6.542277473059102455e+00,6.544054444962383421e+00,6.540435962566243155e+00,6.488658200280332800e+00,6.453047580292987639e+00,6.454820288880820378e+00,6.624341079622790396e+00,6.585794468735639562e+00,6.483286356027207376e+00,6.514440085136265601e+00,6.481595980744319974e+00,6.361845659514728801e+00,6.477548857402462446e+00,6.532536063529124526e+00,6.419587492297470277e+00,6.489069366518307902e+00,6.491594479730347089e+00,6.609904787197489640e+00,6.422379585852841188e+00,6.562212233957827046e+00,6.545640138432054833e+00,6.552663325423637275e+00,6.367838234189679092e+00,6.447429505007496786e+00,6.339354086232063423e+00,6.428385698675556981e+00,6.578540850535609330e+00,6.353922849488797375e+00,6.454129282182673677e+00,6.562890041532853047e+00,6.560627344025580676e+00,6.648698993019530157e+00
6.257320167112764508e+00,6.268246240888312393e+00,6.188737576633958959e+00,6.271624781681792271e+00,6.257337867446421065e+00,6.251971563217414207e+00,6.237171928352376327e+00,6.191605871788830484e+00,6.249489241478872970e+00,6.159573663662692766e+00,6.229505205597797968e+00,6.190694852706122298e+00,6.348161215266622470e+00,6.310127982694536009e+00,6.186695071199165064e+00,6.272431451837409355e+00,6.237340766515627521e+00,6.382900779102448574e+00,6.262433736021606911e+00,6.373785677069214728e+00,6.301596306279381388e+00,6.387078619898042042e+00,6.332123996566272339e+00,6.325340868354646595e+00,6.296076683600492885e+00,6.149209414621102709e+00,6.250497599946611693e+00,6.235914436341258416e+00,6.249313803132853451e+00,6.159661124502283869e+00,6.303654404676958478e+00,6.293488838655373563e+00,6.178952586231295285e+00,6.250606426976246688e+00,6.263580191723380430e+00,6.212344982594193432e+00,6.120495504515307772e+00,6.279865783788552314e+00,6.342443434575649519e+00,6.200278902464156694e+00,6.376409978413892787e+00,6.279279290267406388e+00,6.288146358686038440e+00,6.241195043856097691e+00,6.299361834015392958e+00,6.358268995444788629e+00,6.288571206379948819e+00,6.289740612513162077e+00,6.239133893905650652e+00,6.384117614568382670e+00
6.041984325350727048e+00,5.915081898506800329e+00,5.991978921733161378e+00,5.952983506410073566e+00,5.902529132058780270e+00,5.984197092502435922e+00,5.974296838149173006e+00,5.983195618870941423e+00,6.156582614088760508e+00,5.947926779655356100e+00,5.950544238164377830e+00,6.062945379919166378e+00,6.012564085272569692e+00,6.045188878331031468e+00,6.072796627341414677e+00,6.004265953546411794e+00,5.985018761689601341e+00,5.932134431375565953e+00,6.085895353809054775e+00,5.973118419559268588e+00,5.987371837108130812e+00,6.039480308105109607e+00,5.992149857516202438e+00,5.946625087574857638e+00,6.017131795962523455e+00,6.088527880351755961e+00,6.034674145074473195e+00,5.975444617897071709e+00,5.999276919673045327e+00,6.105212782031212981e+00,5.839615934144788412e+00,5.960701527479185913e+00,5.985716949882809779e+00,6.103077968196472192e+00,6.052498644950740747e+00,6.053977465855469475e+00,5.976163774333979717e+00,6.025785650678741945e+00,5.895595050130343573e+00,5.975929933964547303e+00,6.081113843543056063e+00,5.922162985151501857e+00,5.986036770554388653e+00,5.998646124533316026e+00,6.106917877343421175e+00,6.048598044403010299e+00,6.115159635860519138e+00,6.014788620287701448e+00,6.015843978327413133e+00,5.984360480395973347e+00
5.887122931482291932e+00,5.724144014993621354e+00,5.872871821574013218e+00,5.716893077405966750e+00,5.828690225493107668e+00,5.907678057893292589e+00,5.834462976671169976e+00,5.820888292488888283e+00,5.835256886568864765e+00,5.808833532681614287e+00,5.712531394659360551e+00,5.804198595511757652e+00,5.913716962872389793e+00,5.917975757188740360e+00,5.742323250627848985e+00,5.611231150535069823e+00,5.715079077415238018e+00,5.789027088910405183e+00,5.701346315152863831e+00,5.701846234811900338e+00,5.831629800906744876e+00,5.765026754783048268e+00,5.876463300026798287e+00,5.715408364232147598e+00,5.754085477612243871e+00,5.821126302919863882e+00,5.795225055634895206e+00,5.878785019400276646e+00,5.700576729747262483e+00,5.870471791163865305e+00,5.788124736910368107e+00,5.739769345538131340e+00,5.835110584198727857e+00,5.916496810290475139e+00,5.723050448428658399e+00,5.746782164482721278e+00,5.779710985974177540e+00,5.866753628925203579e+00,5.779830649361567652e+00,5.834165369151500080e+00,5.796868473571155533e+00,5.860051298473231363e+00,5.758206485703900590e+00,5.711979698624671364e+00,5.753945834178767704e+00,5.801574863413288874e+00,5.789439698272183854e+00,5.700358570074446796e+00,5.712893996700757704e+00,5.830719672509934171e+00
5.615821376020755373e+00,5.493398590622132538e+00,5.596023268333737199e+00,5.517845341108865043e+00,5.542787065529179991e+00,5.534722253000483150e+00,5.571045520004737739e+00,5.598023317585119507e+00,5.525412957759693100e+00,5.325272653936206524e+00,5.551469287582738055e+00,5.671834551514153056e+00,5.484762055802107739e+00,5.596700791692648558e+00,5.439180884816424033e+00,5.533830099959109461e+00,5.543054751284654635e+00,5.470144570931375405e+00,5.390736164133302033e+00,5.433841707760192818e+00,5.611809454808092568e+00,5.565382395418873251e+00,5.527815703198370123e+00,5.449278797286689624e+00,5.640948336968298449e+00,5.594374030538943998e+00,5.531494188921138644e+00,5.584074529724757596e+00,5.484953040064360685e+00,5.658201590747272469e+00,5.623522735732763067e+00,5.652218201564927824e+00,5.580465142571639170e+00,5.514175755084478325e+00,5.426898195702402283e+00,5.590973993206108439e+00,5.610934735275233898e+00,5.633044000723606892e+00,5.424210116354849731e+00,5.526826681409921171e+00,5.604918886180366044e+00,5.564092989497384067e+00,5.602268172107755184e+00,5.531837695272823652e+00,5.559418735890636398e+00,5.665878485836430833e+00,5.555805789586574228e+00,5.512730811981210621e+00,5.449981096855343488e+00,5.547853194197928772e+00
5.327598124612140218e+00,5.318683767704763810e+00,5.274417775724212554e+00,5.394866222482514573e+00,5.239402533636492443e+00,5.279393868515484201e+00,5.277775518658712528e+00,5.298874079890299349e+00,5.392143345782706376e+00,5.361023498881134941e+00,5.334185586727260286e+00,5.488923191897236542e+00,5.253137619088877663e+00,5.316581945197803805e+00,5.306102363999687377e+00,5.234369346012286428e+00,5.144402003334228368e+00,5.284169821778125886e+00,5.213176757043934018e+00,5.351312217711539532e+00,5.202399385957741096e+00,5.454881546929549074e+00,5.441809160317148120e+00,5.258178960222326559e+00,5.357863103237169966e+00,5.241192391782401039e+00,5.369480636510546745e+00,5.218650710252469516e+00,5.317781583441485438e+00,5.389641156508344189e+00,5.219742181650526724e+00,5.335272455902688726e+00,5.207936201126347697e+00,5.421601868418555625e+00,5.398154927795023816e+00,5.302882506267736495e+00,5.243349272689195928e+00,5.326438032489066110e+00,5.328493384923182141e+00,5.298239998430211983e+00,5.115697641872499979e+00,5.280613101213723404e+00,5.356249278702923888e+00,5.273359585921953752e+00,5.254981528666617052e+00,5.270177156046984557e+00,5.226412517497352361e+00,5.356504637182196937e+00,5.307429626770347575e+00,5.351932655650092130e+00
5.144720017753035890e+00,5.055883274599998423e+00,5.131456848598256570e+00,4.970047533247320182e+00,4.937080682906744400e+00,5.016154728937656238e+00,5.028976599821307403e+00,5.063356009249458722e+00,5.014977180509070820e+00,5.107133899447370062e+00,5.103551933136001750e+00,5.026425991147520200e+00,5.028939771487366706e+00,5.153924344110908606e+00,5.048965579076479138e+00,5.052615399928627404e+00,5.140040789078408778e+00,5.128571393853518678e+00,5.025743073458659893e+00,4.988032793305650081e+00,5.147972939590652608e+00,5.089520584461604713e+00,4.920592325378259524e+00,5.096226945441530098e+00,5.127069222509931912e+00,5.046014072277611007e+00,5.063196607029502694e+00,5.085272825782280570e+00,5.053871261110201019e+00,5.164256186000685034e+00,5.125580110696896341e+00,5.102677220510431155e+00,5.078545635191327179e+00,5.054950576793625139e+00,5.046395181544587771e+00,5.011487408835141544e+00,5.101187072018176671e+00,5.054846913229688710e+00,5.157921696677455259e+00,5.034161107470779051e+00,5.017250754417679204e+00,4.951987106380666859e+00,5.045172451670440594e+00,5.013438255383529274e+00,5.009995744495991055e+00,5.059918819031063997e+00,5.005094751333741598e+00,5.068010762406080616e+00,4.962565905761278096e+00,5.219639794314530512e+00
4.850409643249633085e+00,4.769661203085339807e+00,4.840629201742730814e+00,4.797131699421870010e+00,4.721920849570531153e+00,4.942511984474282194e+00,4.698058902735438025e+00,4.914909812108534837e+00,4.672043830766110517e+00,4.822957778983775867e+00,4.905636028693765915e+00,4.716723885573334663e+00,4.820321805259660586e+00,4.771340416303297083e+00,4.824397822072906905e+00,4.852866483796032249e+00,4.739807311062220307e+00,4.792177739183923535e+00,4.827720316300193382e+00,4.843269003602276079e+00,4.924330669458742094e+00,4.755054919010917480e+00,4.798188562255663037e+00,4.916265223411970808e+00,4.773270667147070156e+00,4.858871791550392061e+00,4.832121535695925729e+00,4.808115132478508080e+00,4.750455112610709740e+00,4.864068035653503763e+00,4.781353004991033551e+00,4.722031550549375289e+00,4.750550646109669373e+00,4.897424577461736206e+00,4.835529599975373571e+00,4.838524189166755640e+00,4.789132489665499648e+00,4.954210559830833027e+00,4.807074420341517218e+00,4.853719390886742424e+00,4.795759304209897600e+00,4.790749227696291968e+00,4.819126459882506097e+00,4.949921187502163811e+00,4.839939602622456150e+00,4.749419571501966253e+00,4.835868423855708365e+00,4.774446535447531836e+00,4.849335222000211942e+00,4.777486100525364598e+00
4.483795943425340269e+00,4.441528781517550151e+00,4.551003156291444363e+00,4.542122497805429759e+00,4.627179091074439476e+00,4.602172930875126688e+00,4.588952561487214865e+00,4.694819103984820607e+00,4.553528440444332581e+00,4.555720699051333256e+00,4.549523637574427681e+00,4.488432737780585491e+00,4.584806496563410327e+00,4.596030040472602884e+00,4.451833387450966129e+00,4.531115966279502416e+00,4.512770392691260568e+00,4.565946168569388064e+00,4.551256814827187469e+00,4.555944789326725974e+00,4.581992404797818885e+00,4.481065770257777636e+00,4.512125117396622365e+00,4.559435942972972278e+00,4.433062147608104908e+00,4.592473614092464018e+00,4.583305155267887621e+00,4.527808407509151145e+00,4.519481677950415666e+00,4.651579267972704379e+00,4.697559302982011964e+00,4.538329357454715662e+00,4.534637835731166078e+00,4.634896905587566174e+00,4.586915815468433522e+00,4.619870397319142619e+00,4.657585925241172653e+00,4.529893474150494370e+00,4.542999918647088187e+00,4.557073169112507927e+00,4.554913592399623568e+00,4.587625063430049721e+00,4.541532475252043177e+00,4.535095846726398428e+00,4.580956852434068693e+00,4.593828544992576646e+00,4.513626530673536585e+00,4.523316857556947568e+00,4.561031028829641620e+00,4.558792955229916011e+00
4.451944162522753601e+00,4.366053880427267941e+00,4.260631521771572672e+00,4.263500935045168916e+00,4.420100147067455687e+00,4.312319138315112710e+00,4.361979084757459546e+00,4.185491389927252115e+00,4.377115207744382452e+00,4.455931992270263819e+00,4.330716538822745321e+00,4.381505851181475286e+00,4.323957568194738421e+00,4.439308247718826372e+00,4.443883242542228551e+00,4.326940824478069381e+00,4.345751592185868262e+00,4.320579837612604557e+00,4.361313237224702100e+00,4.289519089945395436e+00,4.408135528852600515e+00,4.299311741594062042e+00,4.273403046758923018e+00,4.366872946916595666e+00,4.293637639133005557e+00,4.336414931264052086e+00,4.277884920809488456e+00,4.299524511901899437e+00,4.210573768789552140e+00,4.294406944088891898e+00,4.303627280508471209e+00,4.255909395502256665e+00,4.318464361533535190e+00,4.337867888432841212e+00,4.343862520719379283e+00,4.382747967607082629e+00,4.352233219173649914e+00,4.373083354787047128e+00,4.314122679137031291e+00,4.330368428553015292e+00,4.327367627064562683e+00,4.321762170449856555e+00,4.254864503741671022e+00,4.269863620102870350e+00,4.228414218181487882e+00,4.201011622292221581e+00,4.409399605578713022e+00,4.390768136727600357e+00,4.338314196901494668e+00,4.313112686564352316e+00
4.073798116444989681e+00,4.038430574770325521e+00,4.036125801005477243e+00,4.012181379563215522e+00,3.959926364363563600e+00,4.122592283765797561e+00,4.096516550422169445e+00,4.170465178322336541e+00,4.082988046423038142e+00,4.114534833872932396e+00,4.002806166340152849e+00,4.059048589577681554e+00,4.053597707902115488e+00,4.139854814205667033e+00,4.076241990329398490e+00,4.128011733814414441e+00,4.086137604636952858e+00,4.126802642037372237e+00,4.086070993675545715e+00,4.145863045332686347e+00,4.040630483560073039e+00,4.051656284036107891e+00,4.094924878122944811e+00,4.084150924859294207e+00,4.177530019729569943e+00,4.111207311334290182e+00,4.101975606277258102e+00,4.069855707741070638e+00,4.043917021792628574e+00,4.006178483738199070e+00,4.107338275412693029e+00,4.181259134233725305e+00,4.066711750634092404e+00,4.126370315995114169e+00,4.132903446020992355e+00,4.099089296248047631e+00,4.079467134311190790e+00,4.063838826531174675e+00,3.980887847195983653e+00,3.996118116450233071e+00,4.086376432458683539e+00,4.084907343730928453e+00,4.146677399921655294e+00,4.091679498932843551e+00,4.048256517324637649e+00,4.149044238183676292e+00,4.028354064699302128e+00,4.008069547592739923e+00,4.134992176870333935e+00,4.017365108352564107e+00
3.812928125325426354e+00,3.909891357506913412e+00,3.788928879471926248e+00,3.818214741881627461e+00,3.842023482396110801e+00,3.857023216012488209e+00,3.865301412719031049e+00,3.813246680595514082e+00,3.910757404416947303e+00,3.799011839012841119e+00,3.757967067972866282e+00,3.737723773151598650e+00,3.831995307677432017e+00,3.839710976489133731e+00,3.726398327670155997e+00,3.889340914102469959e+00,3.823019042962539249e+00,3.870896834359354166e+00,3.847738605935321576e+00,3.816212720696638527e+00,3.829199378415779176e+00,3.964414969031701208e+00,3.847073598505395431e+00,3.787583113054120876e+00,3.771751634413180732e+00,3.813522906702154991e+00,3.769005879044644125e+00,3.881610942864105240e+00,3.804385609211248465e+00,3.891406281465350059e+00,3.750489141258244619e+00,3.906490654345923019e+00,3.783493824662721661e+00,3.852021755868492381e+00,3.836903411599325686e+00,3.833483537523085349e+00,3.773614023795509809e+00,3.847172405895156633e+00,3.937149958523189497e+00,3.721398435217289524e+00,3.921214763485755483e+00,3.802492792089504636e+00,3.878319043869125959e+00,3.926334253511393868e+00,3.892721421440147100e+00,3.841296063010889217e+00,3.902662432225172839e+00,3.838905163846543012e+00,3.914042469497585053e+00,3.779987373417771135e+00
3.585086041575245019e+00,3.525257361441111570e+00,3.529295146917821757e+00,3.562647685362935412e+00,3.547811901291040737e+00,3.596877689420602486e+00,3.560722222081460053e+00,3.653853989130378288e+00,3.601004340563369599e+00,3.663314759351483652e+00,3.543963619923355512e+00,3.626302263595791775e+00,3.688028137433594367e+00,3.527927006498544404e+00,3.625020866788727147e+00,3.490000063778129213e+00,3.567507878217074158e+00,3.552227000241165111e+00,3.477322580702045585e+00,3.585582843738877035e+00,3.554554278761635100e+00,3.582063716467779990e+00,3.491738092974314700e+00,3.675323396593582093e+00,3.573927606797043133e+00,3.612338003470744852e+00,3.509819096070905697e+00,3.613675047596198286e+00,3.635858201781275945e+00,3.461045035057395136e+00,3.459671006585040232e+00,3.574437185086423607e+00,3.593425799994216963e+00,3.663210325715683169e+00,3.568227329384322299e+00,3.645827616274776695e+00,3.565487015632790690e+00,3.576896514413653083e+00,3.578720781451988575e+00,3.578911487351307485e+00,3.692344691222813058e+00,3.617645211451990583e+00,3.632315677663351838e+00,3.475759469387344591e+00,3.586352901177326746e+00,3.610480249167828060e+00,3.561860886754084632e+00,3.497374922499041361e+00,3.628178750465490321e+00,3.534629538968763196e+00
3.314944011869994434e+00,3.376735333503620762e+00,3.392419169935545487e+00,3.291075978444427896e+00,3.320087289229490146e+00,3.348148022646446176e+00,3.286176634726843293e+00,3.366166198923788766e+00,3.379492609399678216e+00,3.332409237831042148e+00,3.289904265626359958e+00,3.324863051108205791e+00,3.255497448187488541e+00,3.379739622530971932e+00,3.439117734341541333e+00,3.414522353635782270e+00,3.283191660711263449e+00,3.387370731072943286e+00,3.214876211305946807e+00,3.376948146122995986e+00,3.297321160362016279e+00,3.361885893993782570e+00,3.333968059541486006e+00,3.375574916394043612e+00,3.377083785929244630e+00,3.324504248065136114e+00,3.363702175669662786e+00,3.305451697701679681e+00,3.287059780443316814e+00,3.350846529002844409e+00,3.433984394137180374e+00,3.282740881270004962e+00,3.378884397711136245e+00,3.325691162879855334e+00,3.278822214118377154e+00,3.322344280071321432e+00,3.442367618269124296e+00,3.320094735600098712e+00,3.287669702519594672e+00,3.256943639160231552e+00,3.316521916702416917e+00,3.411593996010044094e+00,3.415269627949536257e+00,3.346158091776598731e+00,3.386476998594686982e+00,3.328848122166208068e+00,3.386287029698912932e+00,3.387408641450351254e+00,3.353409165460185637e+00,3.441703886836458892e+00
3.174299199932867133e+00,3.126566862291738857e+00,3.127884726979922370e+00,3.134704656639858200e+00,3.146409420700325477e+00,3.144117805762899565e+00,3.163751917724167750e+00,3.046780996898803995e+00,3.117164575304652185e+00,3.129548258131132243e+00,3.137270628453017185e+00,3.107514701247493072e+00,3.053412944335598400e+00,3.135544427745692531e+00,3.051082109940160159e+00,3.149422432486718826e+00,3.104185385551454068e+00,3.075097972111116018e+00,3.030255771286751720e+00,3.224648837904303456e+00,3.134383808593762311e+00,3.038745604354294194e+00,3.107104499321107660e+00,2.999951016114443370e+00,2.990041916051578319e+00,3.148902465579325849e+00,3.021735427887551673e+00,2.994194302911405536e+00,3.106452029166505646e+00,3.128661270820051410e+00,3.013957789239336105e+00,3.197747499290348738e+00,3.059656734908015707e+00,3.028014506140926709e+00,3.106389858605868248e+00,2.983951779462472587e+00,3.125984059670961823e+00,3.195356433753379743e+00,3.052111599122924179e+00,3.141099217476635896e+00,3.069465908205914584e+00,3.175268289054622439e+00,3.088045318333287881e+00,3.082140113928945269e+00,3.099912332819950489e+00,3.270606655666191465e+00,3.137703157871734039e+00,3.213613789689261147e+00,3.048490090564752286e+00,3.153321601970733301e+00
2.872702161751421457e+00,2.887795998214361948e+00,2.879668657789209441e+00,2.889040846376532912e+00,2.921200957987184044e+00,2.813301148191987622e+00,2.818874148638730759e+00,2.870745315401074027e+00,2.871679970751000344e+00,2.840535557431881131e+00,2.833223540916969263e+00,2.812030237389074649e+00,2.930736474153603055e+00,2.836563610802717683e+00,2.790023803874987163e+00,2.831324775690740925e+00,2.892739337703202018e+00,2.776392567794070398e+00,2.891276860729225184e+00,2.906162305095276288e+00,2.859727929144033176e+00,2.847570995374318237e+00,2.857223716692772086e+00,2.868925334367255164e+00,2.872979581793024817e+00,2.882451480849271608e+00,2.879274066199514426e+00,2.883093738764769931e+00,2.820381230650560234e+00,2.834891778490576719e+00,2.888734811192363416e+00,2.781228709533585253e+00,2.864484014137433032e+00,2.811249699100168531e+00,2.876634695842331446e+00,2.908756249324471188e+00,2.855138489046726402e+00,2.972113885443969483e+00,2.919060194846023304e+00,2.906871412332982629e+00,2.894512112100978030e+00,2.947091497083455192e+00,2.901654392053699461e+00,2.817949473887424006e+00,2.878489022593103019e+00,2.938188242146246409e+00,2.876110329264493171e+00,2.890641231383784593e+00,2.889387718245075565e+00,2.906972591230320813e+00
2.613546276782768629e+00,2.600371807573157223e+00,2.662086581808015051e+00,2.687725164271828504e+00,2.622888738363828409e+00,2.621857925347595764e+00,2.593500346914212162e+00,2.651205262717680533e+00,2.574009226619750290e+00,2.677081400181942072e+00,2.560621151815961838e+00,2.618137476699513133e+00,2.710076547843467853e+00,2.594729868333381262e+00,2.655800916158804093e+00,2.594971304663586054e+00,2.644857550691434245e+00,2.550639416280714666e+00,2.664670019755521757e+00,2.554150169560007289e+00,2.624961209036875243e+00,2.583978716203348291e+00,2.598893118365229071e+00,2.640788035346488538e+00,2.616098290868199783e+00,2.695876853892290370e+00,2.614818544213403317e+00,2.639347863251241044e+00,2.646398653907530374e+00,2.687264027006219358e+00,2.710096675317159143e+00,2.604996355815611064e+00,2.575667538279533098e+00,2.610535145463373397e+00,2.617856404461544884e+00,2.629271830166634238e+00,2.639394352585239467e+00,2.593250801483489631e+00,2.750766889313426056e+00,2.610501614756302047e+00,2.660114824892465979e+00,2.665632254424290526e+00,2.687295759482060120e+00,2.565144555644868873e+00,2.707861657242232489e+00,2.611526716882646593e+00,2.654752133975405659e+00,2.632419615254431466e+00,2.576069424135006614e+00,2.668382157746823413e+00
2.328301769060699744e+00,2.350240264489523057e+00,2.449286734667251775e+00,2.389065298968033879e+00,2.390768723462358913e+00,2.455248461870945142e+00,2.393461967975682558e+00,2.521070213409629002e+00,2.391069021306836184e+00,2.347588781334859487e+00,2.421124297577751161e+00,2.392399032774655154e+00,2.394011788463656032e+00,2.418563770525175016e+00,2.401934566309986252e+00,2.471543664712335442e+00,2.369167969145159702e+00,2.373527137889769989e+00,2.443315337505117313e+00,2.368955090945030761e+00,2.464283975236043034e+00,2.382999647430701806e+00,2.381962878553524288e+00,2.456034533317102753e+00,2.358427625874167877e+00,2.486667923019576065e+00,2.360946447300251716e+00,2.417626160242519973e+00,2.481632914121186140e+00,2.518797150410970520e+00,2.356925534173628822e+00,2.242564853854814633e+00,2.383697937062934979e+00,2.351694549259881306e+00,2.443014050203606846e+00,2.300951311606334926e+00,2.471967940454501189e+00,2.423623306147293821e+00,2.433307987320985966e+00,2.397841291952743425e+00,2.409613765864095036e+00,2.411222436862116680e+00,2.313182341331413205e+00,2.414752125211601985e+00,2.384036134136387819e+00,2.465282606815884403e+00,2.416386008697818610e+00,2.340932326709288080e+00,2.357645522436315755e+00,2.400452039530488690e+00
2.148862043643370967e+00,2.267406498462029685e+00,2.184863513267392587e+00,2.136694099938181601e+00,2.219303959068799514e+00,2.176159761336649900e+00,2.166590866332392729e+00,2.116250574799193984e+00,2.190070827973986223e+00,2.133727660234800538e+00,2.240968327601732923e+00,2.191646152907466227e+00,2.215441907854410530e+00,2.207996395842973580e+00,2.169488494895611463e+00,2.185581793453977184e+00,2.142063652850213717e+00,2.152000614935080325e+00,2.181828009158351733e+00,2.202900344803273125e+00,2.188272308581612258e+00,2.212806859829393069e+00,2.132768787786445408e+00,2.204240159605159288e+00,2.151980040039628950e+00,2.181424472238064016e+00,2.165982639103718466e+00,2.216897395117949365e+00,2.149222337712334951e+00,2.142934527268262279e+00,2.215014289881254594e+00,2.228640207752030644e+00,2.189512308689636644e+00,2.154636816271580102e+00,2.225066883576430676e+00,2.150415255155798011e+00,2.215733765086328688e+00,2.226821789239129767e+00,2.152250635648460086e+00,2.085180915427642390e+00,2.159786871753516468e+00,2.138638574144061000e+00,2.199586963312449850e+00,2.101636599701134145e+00,2.147807739249989467e+00,2.197105889632358089e+00,2.167006517817468669e+00,2.173088157264027043e+00,2.199500044022534073e+00,2.195180896499161705e+00
1.949768840226120625e+00,1.943126091145516821e+00,1.959198666550385770e+00,1.957613964901072201e+00,1.912364450552314077e+00,1.967259772759850645e+00,1.955386765656354608e+00,1.988626110130072622e+00,2.014567851437912616e+00,1.973471029862712722e+00,1.945769700960037651e+00,1.970580559037434787e+00,1.975116106399609661e+00,1.926665088706626117e+00,1.881815130454957075e+00,1.988115822592142257e+00,1.941211542436175774e+00,2.016402419427886450e+00,1.970147634268128778e+00,1.963378357257124618e+00,1.900297279276996321e+00,1.930204100667123335e+00,1.972007191314393726e+00,1.993262829063176422e+00,1.997747581605559208e+00,1.959005740495552761e+00,1.941325504573874650e+00,1.883952245633637279e+00,1.904905026321566108e+00,1.973921336479227406e+00,1.922053719864523558e+00,2.029963088390512649e+00,2.012274183722038146e+00,1.972408213672088184e+00,2.048219671299066125e+00,2.035678529316377716e+00,1.964501443946149672e+00,1.934793936134113324e+00,1.970643833335002260e+00,1.977133299488488705e+00,1.889625509497188105e+00,1.964291523963547892e+00,1.963118794726855576e+00,1.976347147287992767e+00,1.939334919397441626e+00,1.944692471451085591e+00,1.936305341606335828e+00,1.991633797207042589e+00,2.046430276453381047e+00,2.035973994872963377e+00
1.736990717444299559e+00,1.807129710661382394e+00,1.706278720988061659e+00,1.791809663187793111e+00,1.712750366043081174e+00,1.731998916258358667e+00,1.786560667452688600e+00,1.716641991435781556e+00,1.719331983641065431e+00,1.766855782881579184e+00,1.774265794693059117e+00,1.729558781781793231e+00,1.810635408238184141e+00,1.755305181556049421e+00,1.790661682782383135e+00,1.788604939642406189e+00,1.662622984460520037e+00,1.754480810482093922e+00,1.745963330202083386e+00,1.770570178188484611e+00,1.741496682005744034e+00,1.745576336066158474e+00,1.775898273801037597e+00,1.746310073262383966e+00,1.757392828564131815e+00,1.796109522178629625e+00,1.763592571998180425e+00,1.695974523651279320e+00,1.757011817663322484e+00,1.759207918488484124e+00,1.726771512166875411e+00,1.755552950646427357e+00,1.820133455056953675e+00,1.747193742702110475e+00,1.727494137067514091e+00,1.681693589942506950e+00,1.693064960327006485e+00,1.804608322469102299e+00,1.729088913760405077e+00,1.717282687649519524e+00,1.729269242368863813e+00,1.705655382613842530e+00,1.793988006271770130e+00,1.771169414033774592e+00,1.779850917165616275e+00,1.789523922915503329e+00,1.756281810591532322e+00,1.724912923587258895e+00,1.785678903249721117e+00,1.749183464315384295e+00
1.575711201767932446e+00,1.514041102295113461e+00,1.553082094970587690e+00,1.551885318514465650e+00,1.512826647832590687e+00,1.536179932421151140e+00,1.510007049828042014e+00,1.599071965330087997e+00,1.551286571098267064e+00,1.621992507592617150e+00,1.512353792090816995e+00,1.454926415861194977e+00,1.534463269174999089e+00,1.539265869291718047e+00,1.505593297530767982e+00,1.548314281651791191e+00,1.559940960575129987e+00,1.584303911817388721e+00,1.595592473624754870e+00,1.552544529848305599e+00,1.548994368945606492e+00,1.529675435526270277e+00,1.568583320563980532e+00,1.533634306098444089e+00,1.513836316881254973e+00,1.510163413511116604e+00,1.559285430227573821e+00,1.530288714028909203e+00,1.556559336743434496e+00,1.580831175065373406e+00,1.537879475574890575e+00,1.590377464882651637e+00,1.580807282331489372e+00,1.448111208199349464e+00,1.560846966902530442e+00,1.556597410023846439e+00,1.546241927025983287e+00,1.586581073720222390e+00,1.567260032976731443e+00,1.536736769565012040e+00,1.529884811614816265e+00,1.507076081657265254e+00,1.535393597289324230e+00,1.503256228202064282e+00,1.526878659226042600e+00,1.531084138732217159e+00,1.534448858104837887e+00,1.606268026243364844e+00,1.599324849039529761e+00,1.504051150570542283e+00
1.368272095453946458e+00,1.341852710755895517e+00,1.327010204251372283e+00,1.350775644945951370e+00,1.331148222951606508e+00,1.342460190144584509e+00,1.372163686536001848e+00,1.315040102342644790e+00,1.384121221632681475e+00,1.346024420371830344e+00,1.403690956979635196e+00,1.365039858250440385e+00,1.391517272815963935e+00,1.379868251803554102e+00,1.391749349990355267e+00,1.330195046606224007e+00,1.363410249019237241e+00,1.346839949162636607e+00,1.324992669154187341e+00,1.339914762961179617e+00,1.391390870106551825e+00,1.353632786320158266e+00,1.280973890125241654e+00,1.390941856877706551e+00,1.355661932904095535e+00,1.345176246855060320e+00,1.345406951058818468e+00,1.302071415627208628e+00,1.346341783010031934e+00,1.318444094304918490e+00,1.308172892640896645e+00,1.342721995989683226e+00,1.320430475434060558e+00,1.358962835707401728e+00,1.303863903888297981e+00,1.347000442138276410e+00,1.331670375838183595e+00,1.348349725221657414e+00,1.381648910594857504e+00,1.313362782009986018e+00,1.270163048672629191e+00,1.317764520127556738e+00,1.364924746632040886e+00,1.290930080737827446e+00,1.307360501597097047e+00,1.313713079102379222e+00,1.346108404674622783e+00,1.284196445508048789e+00,1.341392989887119525e+00,1.326576357085356150e+00
1.152839778863999909e+00,1.137153725553608830e+00,1.137924604862723399e+00,1.228408745753944986e+00,1.164304144023791343e+00,1.195370053027783097e+00,1.162088282919541138e+00,1.101323965593091536e+00,1.117847124620657606e+00,1.181470587774472891e+00,1.160274197998203416e+00,1.119109373301984345e+00,1.162113399895083443e+00,1.183442947869944417e+00,1.161638450421109248e+00,1.149702351747341256e+00,1.151134175466384857e+00,1.088394907507712173e+00,1.154215018560534212e+00,1.181081419904415952e+00,1.169708473550645778e+00,1.158509327067307693e+00,1.209838054655105744e+00,1.129871819717778170e+00,1.131912989124103985e+00,1.124364340838322818e+00,1.139046546228313028e+00,1.178750662914513914e+00,1.158206185968684743e+00,1.122103289653749947e+00,1.138896396961885937e+00,1.145611471764826250e+00,1.183858757895608571e+00,1.082456775839620633e+00,1.176525858210467845e+00,1.208031375894570436e+00,1.160907787205711861e+00,1.109901080837583098e+00,1.144694236722025860e+00,1.173072164179114640e+00,1.159200024459764888e+00,1.187714683797669757e+00,1.114912817554245317e+00,1.163882653821165736e+00,1.202670094332536133e+00,1.186868171842645925e+00,1.115820691007303189e+00,1.168195065321541382e+00,1.107519328208011355e+00,1.143673852581688521e+00
9.770592235947100912e-01,9.399668247764277895e-01,1.004706943277547948e+00,9.431540166870377995e-01,9.720115994250576597e-01,9.744353217986715388e-01,9.542277168312728319e-01,9.758945580121680674e-01,9.757207278741456546e-01,1.010119187622801507e+00,1.054183826558990900e+00,9.881412800679733044e-01,9.702447645420562150e-01,1.011416251532149646e+00,9.559019450949408636e-01,9.574117424449191116e-01,9.683415093990684896e-01,9.924756821851575816e-01,9.701501872673332638e-01,9.770438149262556937e-01,9.852131724564918702e-01,9.294621930416190336e-01,9.534437466680876216e-01,9.784439531354848230e-01,9.259695160656032931e-01,9.406635557637540446e-01,1.011309742320891436e+00,9.770806337393366237e-01,9.231058074611572239e-01,9.652514980444776294e-01,9.610465416864759636e-01,1.008431952724574865e+00,1.014880311784166045e+00,9.500068095768092746e-01,9.603113700410532694e-01,9.235529320740565318e-01,9.587412570096162101e-01,1.019218409278334292e+00,1.019920993301686618e+00,9.620910658205658050e-01,9.128163395941332192e-01,9.652281411084346896e-01,9.765691354580887662e-01,9.710356421305440522e-01,9.628090460797309458e-01,9.123746874312173016e-01,9.038621831960284014e-01,9.638880349852751994e-01,1.024135543165328954e+00,9.947628918892265082e-01
7.529235862845590210e-01,7.943090406461918995e-01,7.665028267976410348e-01,8.498742930201818035e-01,7.643213140684006479e-01,8.176600300544416555e-01,7.924585652442156514e-01,7.877672810029131556e-01,8.522033454466441116e-01,7.927126834744955275e-01,8.275599962459790904e-01,8.138046035701305136e-01,7.750827424533613952e-01,7.611551041037406540e-01,8.048171285621047444e-01,7.910557532688942128e-01,7.801497093267869554e-01,7.761642272313147295e-01,8.238821861568017546e-01,7.769141473616408833e-01,8.352039312858684506e-01,8.326619010813692823e-01,8.378940553214878628e-01,8.020289947069951797e-01,8.056264087031591581e-01,7.915524600178754921e-01,8.223784766788219125e-01,7.638218074524435464e-01,8.260775260305280865e-01,7.778775624537855871e-01,7.915166031272169445e-01,7.657989745564461881e-01,8.082364782427037264e-01,7.882300222814008217e-01,8.046208599003172868e-01,7.890293105598626955e-01,7.958170995439488582e-01,8.030982127452052088e-01,8.269815158815766454e-01,8.146815457637377467e-01,8.288922507554016272e-01,8.251950196305158913e-01,8.267233246183951501e-01,8.311843836277725828e-01,8.106877505552697594e-01,8.243089121461957269e-01,8.665181087116111680e-01,8.280955408821730757e-01,8.013152753298935504e-01,8.310074737214164786e-01
6.658718625661190771e-01,6.633415515661559292e-01,6.321899346743239390e-01,6.381167269341215809e-01,6.085260952152363734e-01,6.737404857838564798e-01,6.283913521707946703e-01,6.627535172424071641e-01,6.435496209225024522e-01,5.697921369298746264e-01,6.262379209303492456e-01,6.538336731011147318e-01,6.574932501459167522e-01,6.226595614694034886e-01,6.712529701917440139e-01,6.555183379617253170e-01,6.754457397557370735e-01,6.500367634731863964e-01,6.461129474855697996e-01,6.267558213587131055e-01,6.617881222610018099e-01,6.202119582234426609e-01,6.348041533627840627e-01,5.977710609437189015e-01,6.427132922120145642e-01,6.678476100887618117e-01,6.932024361466656570e-01,6.550694010574954484e-01,6.690187078351114147e-01,6.052108468146601972e-01,6.213808838255562295e-01,6.636015448013443674e-01,6.416998082940250647e-01,6.549029582785274028e-01,6.561792927815829346e-01,6.230804253699987472e-01,6.364936268001791797e-01,6.349097062030962801e-01,6.447502871525837564e-01,6.375991660434175978e-01,6.049392168747591558e-01,5.853743852619682775e-01,6.537831105882067062e-01,6.404692036426903323e-01,6.835491156414432723e-01,6.367293310343411505e-01,6.546976309535805783e-01,6.520191991270847254e-01,6.761231862955332517e-01,5.966252041729407374e-01
5.162128437447079943e-01,5.304253074259045464e-01,4.854827415329271978e-01,4.764659917932258515e-01,4.785644418552851831e-01,4.931207974129886984e-01,5.059247657470069548e-01,5.106342610205063526e-01,4.907073784668545824e-01,4.872955578220499739e-01,5.033971743931634490e-01,4.997871495387108398e-01,4.607777054986874621e-01,5.224396100744981286e-01,5.040330570091470230e-01,5.069533067382090419e-01,5.097466314418689359e-01,5.305616492516510574e-01,4.842666978491679819e-01,5.146875152991267077e-01,4.965315007106042011e-01,4.787287727147523930e-01,5.222617703899735675e-01,5.223609211640800609e-01,4.826558183550045955e-01,5.135611093895056101e-01,5.175434460713440599e-01,4.718941035676466056e-01,5.023844812168227758e-01,5.209783473151383681e-01,5.239620037588512691e-01,5.125338713863243356e-01,4.971815990210777247e-01,4.749301047597952463e-01,5.340627453439081851e-01,5.428881294904110977e-01,5.132219449736269423e-01,4.996250294281984750e-01,5.072430125096417663e-01,5.063217672737773123e-01,4.889372471919294916e-01,4.662980021637560535e-01,4.958496447970964227e-01,4.831596634245724498e-01,5.171233262720683621e-01,4.716729680415811532e-01,4.489024805440007260e-01,4.824195444554064682e-01,5.119831102528807909e-01,5.168744573464058023e-01
3.913429842707857320e-01,3.673265351300400994e-01,3.670149026131723224e-01,3.912223927137370438e-01,3.781518248781357006e-01,3.428807958610664008e-01,3.746533062707876893e-01,3.781750476137455963e-01,3.835146320361637051e-01,3.920877536520408491e-01,3.434075449245823086e-01,3.364953355772233312e-01,3.766008041605639067e-01,3.601771042647302079e-01,3.477544477624818220e-01,3.575991017499842162e-01,3.692975248347692974e-01,3.803098493234123856e-01,3.575626302962794933e-01,3.597324333622045622e-01,3.471575577268866675e-01,3.724080887067993118e-01,3.425054674587837411e-01,3.735215602261371948e-01,3.652104627048090024e-01,3.735761646180540962e-01,3.853792771437633546e-01,3.989976196719415835e-01,3.770447336237643388e-01,3.580934400334759848e-01,3.664658826163104122e-01,3.855501524393006307e-01,3.376450031458861911e-01,3.739712680663361266e-01,3.605880606240626229e-01,4.026381906920928899e-01,3.501394191553802715e-01,3.589299873413189790e-01,3.767731763333309614e-01,3.678130996516311702e-01,3.609196300275218094e-01,3.826555804631430746e-01,3.715856238882447315e-01,3.642687225855598676e-01,3.584569214812804994e-01,3.453060573323388782e-01,3.758523391616382381e-01,3.791778073823272033e-01,3.430651946237986416e-01,3.845731368026015229e-01
2.655731682480906297e-01,2.600615363490852983e-01,2.547927038451240911e-01,2.459620109950038103e-01,2.635986305718698852e-01,2.144858463269589399e-01,2.679572813322747549e-01,2.603473206485750757e-01,2.685165570494315590e-01,2.554298834043347011e-01,2.296535884502574343e-01,2.452036881519767120e-01,2.466439620568506297e-01,2.351669999222102125e-01,2.595839060081543970e-01,2.591025080271576186e-01,2.586024074254774097e-01,2.422604389933354085e-01,2.563294368223222319e-01,2.528964715187727585e-01,2.382157694314438190e-01,2.714451216117241272e-01,2.539027660360633210e-01,2.573684066193158704e-01,2.623436442907213784e-01,2.886787592523187840e-01,2.708649395555459694e-01,2.748257536841014481e-01,2.646594167903633110e-01,2.546339154653433079e-01,2.484151816583055616e-01,2.736782155422303742e-01,2.505581925038211644e-01,2.572427455769936144e-01,2.555398518967378907e-01,2.313709087989256064e-01,2.496792839086786342e-01,2.385751373208120640e-01,2.453049746294383160e-01,2.900088601986866577e-01,2.819599019296897269e-01,2.446363320359659088e-01,2.547904183709857051e-01,2.562665213891841542e-01,2.669042561631759236e-01,2.396019859267365382e-01,2.791587829242140328e-01,2.354880038889808347e-01,2.708809408690381337e-01,2.552516796183258996e-01
1.595343756021091464e-01,1.573863296199594086e-01,1.692971045674240838e-01,1.428351511603179191e-01,1.338409599825405305e-01,1.483084208929169312e-01,1.533149349474830503e-01,1.493774998533153320e-01,1.590776718219836516e-01,1.539290798318783682e-01,1.570562494566233036e-01,1.579443912072351353e-01,1.621430945050334471e-01,1.645150261519582324e-01,1.723629134866892787e-01,1.467504526748154847e-01,1.393118995021230822e-01,1.409825195858508684e-01,1.566415011201269525e-01,1.739884974025772968e-01,1.673048601535111757e-01,1.424020485796468893e-01,1.654864663192870955e-01,1.424357749256072170e-01,1.464264338134226295e-01,1.440823837125546070e-01,1.483312375804505534e-01,1.761202591930021988e-01,1.568851141505784030e-01,1.504308158201779211e-01,1.369613562004232399e-01,1.453066082233503697e-01,1.375168303539566483e-01,1.586998703994142446e-01,1.431216231969762442e-01,1.518345294303359294e-01,1.465471297018269559e-01,1.572075730965667162e-01,1.710574447824340094e-01,1.297313765337725633e-01,1.507907869127853573e-01,1.592792191863396656e-01,1.488797270742591994e-01,1.593332200419577960e-01,1.576050829230972727e-01,1.517988839011565338e-01,1.443639546323930156e-01,1.798158828611450544e-01,1.405624559656453443e-01,1.689581676330986215e-01
6.785864395675446359e-02,7.543380748139907888e-02,7.265796119766664007e-02,6.855631957289269607e-02,6.690302649944933344e-02,7.102390149048384838e-02,8.157824816171961591e-02,7.480635413339566109e-02,7.439058830768678632e-02,6.164935439700235803e-02,6.647105960398605462e-02,6.270986085522624320e-02,6.797860864747293230e-02,7.457568078799541034e-02,6.296303391330632104e-02,6.756495265352555069e-02,7.424893801957789530e-02,7.045736822828296830e-02,7.923788657630391474e-02,6.157760445967026125e-02,7.457204877275978860e-02,6.596580053169878721e-02,7.804245552352825910e-02,6.495982354812941673e-02,7.727377484169282995e-02,6.531228335759503567e-02,7.180376615595022993e-02,7.325155751560906425e-02,7.676381505885000733e-02,6.636732136085159162e-02,6.535718083224159591e-02,6.679985594488235812e-02,6.427585819122100252e-02,7.642340376715504868e-02,6.508083559169436372e-02,6.531742913577916199e-02,6.918463646506645137e-02,5.879282414152631892e-02,7.895895090902403657e-02,8.495973966601426397e-02,7.021509177508748756e-02,8.426989615469644701e-02,6.851839037871675087e-02,6.814802360526843461e-02,6.814736565065578067e-02,7.974828350027282631e-02,7.084943317250499972e-02,7.106290984703865499e-02,8.481868390714547568e-02,6.984060321318005804e-02
1.331740644208985469e-02,1.959681275802088382e-02,1.528006676039374463e-02,1.986881508202343813e-02,1.958043344216239476e-02,1.698312758682080439e-02,2.164879050242842287e-02,2.188006094481719302e-02,1.804656367329209379e-02,1.706979412664529419e-02,1.804999688923487194e-02,2.106991092230762336e-02,1.442641158306804706e-02,2.037933126554538135e-02,2.245112250493141656e-02,1.855074497847318538e-02,1.400927377693667562e-02,1.576999329664574220e-02,1.788086070273132641e-02,1.779054911673008318e-02,1.977091340276311560e-02,2.152617372191869410e-02,1.633172103093600766e-02,1.646775053790145923e-02,1.476260564963201988e-02,2.018297183035385606e-02,1.603926335297530328e-02,2.076767924308823773e-02,1.957063452673961715e-02,1.635558685858223490e-02,1.849319593395907721e-02,1.707069504163517479e-02,1.592991775693545359e-02,1.390269584972207186e-02,1.774739370029440946e-02,1.656903924802639871e-02,1.548974249946550967e-02,1.554285791687604404e-02,1.419622458170650102e-02,1.394599588099282653e-02,1.828403700888222780e-02,1.586425198610997775e-02,1.623427583082052289e-02,1.694378929376918683e-02,1.946135735487153004e-02,1.677686735011817143e-02,1.790230289362816640e-02,1.702676452997018558e-02,2.073212070857026815e-02,1.660750642935636401e-02
