4.738703281023597924e+01,4.813210688968989359e+01,4.716053067762076978e+01,4.785522324343999401e+01,4.817835302344611392e+01,4.804171839731667859e+01,4.882241246120878486e+01,4.843708201976412653e+01,4.738612342636037766e+01,4.798488428541386952e+01,4.760064697189942962e+01,4.771793948999822987e+01,4.779566745537769634e+01,4.875857665661549589e+01,4.820997187477476587e+01,4.782007674279845588e+01,4.786667561299868368e+01,4.856950491969544714e+01,4.794813859782644272e+01,4.706497149205807062e+01,4.881350036228726452e+01,4.798726277586681732e+01,4.778759668985298958e+01,4.754733824464005920e+01,4.851514755652408439e+01,4.751741829491169256e+01,4.804735109499636536e+01,4.820214938560422979e+01,4.853608882780344658e+01,4.814356626822296903e+01,4.668489696977980685e+01,4.813771308813107197e+01,4.872038674499179223e+01,4.783698896157397940e+01,4.776971075755055551e+01,4.749164614670927875e+01,4.760838641113030434e+01,4.781649907632781549e+01,4.811525197514590246e+01,4.760821751539133118e+01,4.739313079561974007e+01,4.871810708635006648e+01,4.750549560536379801e+01,4.788378881979105017e+01,4.771885077704466482e+01,4.868047927629965699e+01,4.829434429432361497e+01,4.722963933991574947e+01,4.824381053719056922e+01,4.825042314646614017e+01
4.767588200733281667e+01,4.828680446483494393e+01,4.852106346871501330e+01,4.803075438414651899e+01,4.784526139412580648e+01,4.816256573650895945e+01,4.835944103303808106e+01,4.755186257416461615e+01,4.788649118607735033e+01,4.759125338176435349e+01,4.817480148607075563e+01,4.793457253152998732e+01,4.774504336238912572e+01,4.841114689382488478e+01,4.881936630451066605e+01,4.775185202728918199e+01,4.783847710110281071e+01,4.748837875760514748e+01,4.765644597742542032e+01,4.857994517486657315e+01,4.814877522789070241e+01,4.795330832170288460e+01,4.805967663229090903e+01,4.811922089456666640e+01,4.800158322417161827e+01,4.819241946749553307e+01,4.905924256518542848e+01,4.864635379762305689e+01,4.788677489256681241e+01,4.870426366186092082e+01,4.789107023875532576e+01,4.794126314717004789e+01,4.815910334197984355e+01,4.765490886446249874e+01,4.844808529340784276e+01,4.903859022380709831e+01,4.840793704983005341e+01,4.814668106864647257e+01,4.811501815513972957e+01,4.765010009646732669e+01,4.766540190217821760e+01,4.829467850954059571e+01,4.744884521595260907e+01,4.747594648207208934e+01,4.721521948776169353e+01,4.801022094500501680e+01,4.806217491972912370e+01,4.816378340195856111e+01,4.810113231011933266e+01,4.757104881116462991e+01
4.881447221879453480e+01,4.835091456553947609e+01,4.754115363655299831e+01,4.833972926254596558e+01,4.803653931097133523e+01,4.744199066635687956e+01,4.761877046225523458e+01,4.826303108968146205e+01,4.845578075486871938e+01,4.814246499360783105e+01,4.798103975667058307e+01,4.698480861630946492e+01,4.759527063792842938e+01,4.780544647158677662e+01,4.735562039212020125e+01,4.757743089837338601e+01,4.755917461331804219e+01,4.765310185625355643e+01,4.782756306203858543e+01,4.637348898989969825e+01,4.829832258304544013e+01,4.810060327547886061e+01,4.901259371854232683e+01,4.836633158878278493e+01,4.792530811690018311e+01,4.814549772226614976e+01,4.898419305782479682e+01,4.822119433668719779e+01,4.829787500840529901e+01,4.786239724908932658e+01,4.821479385705858789e+01,4.786180432736842505e+01,4.733353030064423450e+01,4.785058756320842122e+01,4.844469917145146098e+01,4.674974121959988338e+01,4.776875750938840071e+01,4.703848542687755696e+01,4.737252163469778310e+01,4.743168521595759302e+01,4.823569884365250715e+01,4.803343245392952099e+01,4.837898683286758228e+01,4.769286589067503002e+01,4.785730671925288249e+01,4.794792616389938900e+01,4.800800435644678288e+01,4.852764658469064329e+01,4.775694139054846943e+01,4.805555678860640967e+01
4.775317452658311623e+01,4.735455035366275922e+01,4.799606341256601638e+01,4.853540161346947457e+01,4.807588847091987816e+01,4.804579592361032070e+01,4.731123123897226179e+01,4.722183079317107968e+01,4.757922949799436907e+01,4.800491782980992639e+01,4.831490963046693565e+01,4.840150243794449381e+01,4.755826294318237757e+01,4.774011556299749515e+01,4.769458116810139359e+01,4.833449265890111235e+01,4.704036521089567913e+01,4.772865116141274200e+01,4.759053570172743974e+01,4.768582682156222319e+01,4.830045318869312609e+01,4.768176490198261774e+01,4.708274480386339178e+01,4.813207967476537874e+01,4.765601222733610598e+01,4.779220604675417405e+01,4.731419273348974741e+01,4.815725908885293904e+01,4.782475802694207090e+01,4.789591567332927013e+01,4.846125326462613714e+01,4.740885414909070761e+01,4.775321382481121191e+01,4.755535604228833790e+01,4.704710248967035824e+01,4.768759681711762966e+01,4.687312821893582537e+01,4.798463070896833216e+01,4.791080320692572059e+01,4.725758360956131554e+01,4.836049155790663434e+01,4.773243076472479629e+01,4.749804065776605455e+01,4.749168564546350524e+01,4.793979685322647555e+01,4.768560608676724399e+01,4.747229224097224431e+01,4.766798187301620260e+01,4.798087935892364442e+01,4.739714327336761812e+01
4.727967647467816903e+01,4.792364670708485619e+01,4.794828352058802778e+01,4.721234997238323672e+01,4.777529016662318639e+01,4.745822107320666561e+01,4.736005782698290290e+01,4.727590792577161238e+01,4.817703162683562113e+01,4.792356413515623359e+01,4.751398480502203370e+01,4.812710223387934860e+01,4.765279057665674856e+01,4.781819240185122766e+01,4.701831247744833320e+01,4.797753839236651174e+01,4.771528945031559488e+01,4.735007095628027685e+01,4.765866747276147919e+01,4.750688311023230170e+01,4.728834209331857608e+01,4.726166827485697297e+01,4.750277241336306133e+01,4.766536041609398211e+01,4.774200555007845281e+01,4.861761977287803660e+01,4.748630732784079100e+01,4.783090669984100884e+01,4.823708947190638696e+01,4.776644648513104130e+01,4.767605463439117841e+01,4.797416924177893094e+01,4.752805624210711954e+01,4.750736871714371290e+01,4.799994663732255873e+01,4.794332130882060028e+01,4.762338157872849820e+01,4.809085833004526478e+01,4.716301002669529652e+01,4.777181778191874173e+01,4.723789057035496342e+01,4.751503953509332945e+01,4.787204777225475283e+01,4.691918447243931212e+01,4.741102228403256902e+01,4.864829496676019005e+01,4.683936470217543047e+01,4.786857053232971992e+01,4.766693939711250039e+01,4.721979809332334810e+01
4.788702648625027791e+01,4.730258428829773010e+01,4.810712189664151595e+01,4.728909278606909794e+01,4.762552823692661974e+01,4.715904420206178571e+01,4.711582453514937185e+01,4.747849034303492033e+01,4.724514480387730941e+01,4.752998410700537590e+01,4.727309167566949100e+01,4.717463976478215670e+01,4.759434900984673789e+01,4.747591657443807378e+01,4.777000595523178816e+01,4.794717412365388043e+01,4.774503290458628868e+01,4.773530462191590829e+01,4.728102602814461619e+01,4.738848658257376201e+01,4.730465716288643563e+01,4.730152116171895216e+01,4.659225156342476737e+01,4.732264245963185090e+01,4.757320969093641594e+01,4.773027167557189898e+01,4.745800816823951607e+01,4.684013358503411695e+01,4.671951336513466657e+01,4.728659629534909925e+01,4.650358165639657670e+01,4.800707759740964775e+01,4.619183639211345138e+01,4.733561460329715231e+01,4.797356254942419440e+01,4.655615675488781591e+01,4.802369796625195875e+01,4.813786856046582585e+01,4.679616597247833454e+01,4.735862069388776519e+01,4.697831850965285128e+01,4.733118923798428312e+01,4.677950711076311308e+01,4.784185790974117936e+01,4.739974606785178679e+01,4.665717330117013972e+01,4.702900662870872139e+01,4.746823156564640556e+01,4.661169412450330185e+01,4.743426904782825204e+01
4.704173358565714835e+01,4.662005915718382454e+01,4.748331584121802962e+01,4.697572006526945643e+01,4.782244962573609115e+01,4.743888054011024735e+01,4.687410577708672577e+01,4.667692309384889882e+01,4.782312463668859692e+01,4.721496233281769150e+01,4.724353719076382419e+01,4.775529393443201087e+01,4.756904448967142685e+01,4.648512612840296754e+01,4.658536421023944740e+01,4.747964084487733771e+01,4.670011555346691523e+01,4.742904683619259742e+01,4.710888795586589595e+01,4.744598536035577752e+01,4.645813136326105308e+01,4.702292429574831090e+01,4.616944339941029085e+01,4.717837004603199347e+01,4.720486305996984555e+01,4.767606195672582459e+01,4.698331617364846835e+01,4.772833401851698909e+01,4.726285628550628104e+01,4.678583249994203896e+01,4.689542890645184769e+01,4.701412595767447300e+01,4.738351249274057153e+01,4.790764290106473311e+01,4.700047255044407279e+01,4.783910942483039719e+01,4.742157489759472355e+01,4.738287293148885482e+01,4.731990060187887792e+01,4.738156291077230264e+01,4.641276263897664478e+01,4.666258342306779383e+01,4.724452360474963797e+01,4.716364826478160666e+01,4.725744195608773879e+01,4.767188084785193070e+01,4.770322561500560710e+01,4.692048932969456843e+01,4.688964714813373291e+01,4.715156240462143700e+01
4.597387718827503278e+01,4.637549858884376164e+01,4.640478432155984478e+01,4.685289279196812373e+01,4.739538657155216583e+01,4.711664773377152926e+01,4.677077548103553539e+01,4.627415471364923860e+01,4.650949769836313408e+01,4.709392551624719658e+01,4.634845806607074081e+01,4.730766458042714362e+01,4.636029291868847224e+01,4.740179768901663238e+01,4.704715439551718248e+01,4.706721431967654468e+01,4.702707103646022091e+01,4.670569254224243849e+01,4.663775086953229021e+01,4.737965532394564150e+01,4.666292301685976440e+01,4.662608273694160488e+01,4.664331232708924091e+01,4.739662991730904196e+01,4.691950149317331409e+01,4.653235355118761163e+01,4.626649530756746742e+01,4.629329183322186481e+01,4.685558018302996430e+01,4.652015275590353127e+01,4.632782117623984419e+01,4.645267576514272179e+01,4.713652264822668059e+01,4.672376196990522601e+01,4.703019642867015193e+01,4.691259892898725781e+01,4.643892226077144869e+01,4.686903739590488982e+01,4.641543668040836224e+01,4.745043501754563664e+01,4.662743875747674593e+01,4.735326689112685017e+01,4.774772105423485868e+01,4.721858611342808132e+01,4.681839361957936063e+01,4.713286546144028222e+01,4.649551440858438411e+01,4.654391131378508106e+01,4.680954107326029145e+01,4.702247739965940809e+01
4.642619084844795907e+01,4.674658873508405321e+01,4.594622851244093198e+01,4.670229448116611337e+01,4.592542660843176350e+01,4.698033742950575942e+01,4.696408629255834910e+01,4.652538235474734307e+01,4.616583969262480736e+01,4.664889141760862401e+01,4.603632807300134999e+01,4.593998392510932405e+01,4.728847364320127866e+01,4.640134104689442296e+01,4.591990255517563213e+01,4.610034123228847847e+01,4.689913956618953250e+01,4.677581014889947397e+01,4.584472725070619248e+01,4.640295661564452701e+01,4.617465658687281405e+01,4.659089707917621581e+01,4.687194186349798741e+01,4.608185412500253619e+01,4.640912856973326939e+01,4.665870350021812385e+01,4.646692552224282480e+01,4.643701716676945068e+01,4.572295039251324056e+01,4.653249685693057813e+01,4.716589716456390136e+01,4.603104280442747864e+01,4.657191830001031718e+01,4.648270429508011858e+01,4.701030981444456103e+01,4.610847761553845459e+01,4.627127425691504925e+01,4.611327348651851565e+01,4.579888602200075098e+01,4.629670082256352970e+01,4.653231195315685653e+01,4.586584788604016438e+01,4.634837367134386454e+01,4.677357447281134029e+01,4.550200250727483109e+01,4.683598682442782035e+01,4.693644207181239381e+01,4.644312772833016112e+01,4.598165282253205532e+01,4.634755588362961021e+01
4.595499437430127188e+01,4.523614104138258085e+01,4.629381868466996508e+01,4.657684216378038400e+01,4.560563811062772288e+01,4.557389566431783123e+01,4.553061507983746026e+01,4.594740230671980186e+01,4.637911164761225535e+01,4.571957152686967873e+01,4.640612250041266407e+01,4.645274402649148726e+01,4.542139587834015657e+01,4.639562883218097511e+01,4.594470862587414217e+01,4.542163344383011747e+01,4.593225837780535414e+01,4.615345876566548355e+01,4.655690877361642777e+01,4.580741728639620192e+01,4.587203780969193190e+01,4.613420954362867121e+01,4.673480737331141199e+01,4.582047807468833867e+01,4.584219525466884448e+01,4.599435527055346995e+01,4.571811495120075364e+01,4.611317405097746303e+01,4.507480995111094302e+01,4.580922639335011581e+01,4.598111350509439177e+01,4.659437052232999577e+01,4.562782500327973167e+01,4.591912054867936632e+01,4.579618213131699633e+01,4.615891203117674024e+01,4.597598817095732926e+01,4.668547115547995219e+01,4.587185117268059287e+01,4.528754282275995280e+01,4.586885069417934346e+01,4.633485927761323353e+01,4.635805872192278798e+01,4.667393810564694689e+01,4.635559613368883447e+01,4.617683607758920061e+01,4.592392045484113794e+01,4.568757823275515761e+01,4.547470496194881662e+01,4.587883000744853490e+01
4.584370209912195548e+01,4.504708977295470618e+01,4.533440260692100310e+01,4.539105436779841796e+01,4.506827297805717336e+01,4.573376117046600342e+01,4.553584209738997401e+01,4.581152279918185144e+01,4.530880791271696495e+01,4.564989208849562630e+01,4.481101629269647191e+01,4.531835081101174012e+01,4.569892305107197927e+01,4.631868596737742649e+01,4.536919646147946139e+01,4.557763212172135781e+01,4.471805653862914909e+01,4.521586244222945083e+01,4.566766046737706120e+01,4.610444973206246289e+01,4.516359532778356822e+01,4.519855620588171519e+01,4.620111716698605164e+01,4.528436853689417063e+01,4.604088753760433406e+01,4.467565901217573554e+01,4.589781318594646820e+01,4.598480154955588972e+01,4.618358271663188930e+01,4.487579777433690964e+01,4.528490846504365663e+01,4.542560663639519447e+01,4.498903984208548934e+01,4.528456606371180015e+01,4.598057590835571062e+01,4.596063883358106494e+01,4.574373135223891751e+01,4.575487229112233933e+01,4.541326871415733279e+01,4.578631261851183609e+01,4.567414150296601605e+01,4.612691396695736756e+01,4.591906183918261775e+01,4.488804493628271786e+01,4.602414036814084142e+01,4.544625539180991325e+01,4.576114150426566596e+01,4.500420296961215882e+01,4.497234611289044892e+01,4.598977300326085782e+01
4.491849442926161373e+01,4.497314132378035367e+01,4.544707217748641881e+01,4.535169335210570551e+01,4.565260850613344701e+01,4.443731268930233114e+01,4.511873161609569394e+01,4.491840778407095769e+01,4.555571335391403665e+01,4.468533974310540202e+01,4.537597924781039893e+01,4.411271189224613920e+01,4.469024544355661988e+01,4.520830463326837645e+01,4.506165141748683567e+01,4.527810371014043511e+01,4.475781340330674141e+01,4.533995096681317705e+01,4.538164981656592545e+01,4.484160670205889687e+01,4.525186536366253165e+01,4.575529264436973875e+01,4.520534057878316503e+01,4.467662464855652615e+01,4.448990807194545027e+01,4.516246447862896929e+01,4.438031109720243705e+01,4.493626259885206053e+01,4.493726457308397926e+01,4.522110003054532967e+01,4.403770406827192829e+01,4.557214995566013016e+01,4.553614982401896327e+01,4.542020821634757510e+01,4.527552147201746635e+01,4.468272776825158843e+01,4.547095086455392732e+01,4.413772204627596096e+01,4.585736875417329372e+01,4.489393082983247751e+01,4.478805789089809508e+01,4.502211489967830715e+01,4.513778572469694694e+01,4.514642249401654084e+01,4.484354113133996833e+01,4.521184747284121386e+01,4.541437540994968458e+01,4.559552690601164215e+01,4.555660258712725863e+01,4.522222279741179563e+01
4.420955529185346933e+01,4.432319100828649283e+01,4.397319494817966046e+01,4.496890152144666075e+01,4.432046454398830804e+01,4.471280866096117279e+01,4.430697712779071651e+01,4.454619695514657707e+01,4.465302838018332210e+01,4.397621114236905981e+01,4.437775653446879431e+01,4.407435947077483718e+01,4.393822290156044374e+01,4.427497178209050332e+01,4.376651631071000281e+01,4.320179516746973292e+01,4.458311681345138311e+01,4.383901308534949948e+01,4.490853116390467648e+01,4.459120355491251786e+01,4.463187986980454269e+01,4.502629266924800788e+01,4.404563431208104873e+01,4.481630254127447444e+01,4.484169506010686490e+01,4.457626460327890072e+01,4.456661209668478563e+01,4.443100629377963884e+01,4.411341679846965036e+01,4.425141363492004132e+01,4.470519646919279921e+01,4.521200351874936274e+01,4.488299516524807586e+01,4.410930713518608570e+01,4.479604558231554279e+01,4.441562800825644786e+01,4.412575379275982357e+01,4.535932051517367825e+01,4.464679918821671833e+01,4.417986162754071700e+01,4.347471655122597411e+01,4.456798448035650750e+01,4.496501073004679228e+01,4.398517451571132142e+01,4.466726606714014736e+01,4.495799775148500288e+01,4.461356322550787468e+01,4.405308106112335054e+01,4.467012111192531876e+01,4.463070078492932424e+01
4.369213195912379177e+01,4.371602883418133700e+01,4.370132574225310407e+01,4.386011630126847649e+01,4.322520881529069214e+01,4.438421204455597291e+01,4.371737986633807083e+01,4.391181490671890941e+01,4.376756604603797740e+01,4.360856634089230965e+01,4.368048141093696302e+01,4.398034345026062653e+01,4.404560768125084991e+01,4.396469456393518982e+01,4.349430993508994447e+01,4.409090270097388498e+01,4.359133906896422417e+01,4.407416468506334439e+01,4.396946194177807143e+01,4.355220823173726075e+01,4.307261315404992530e+01,4.378090844348248822e+01,4.352987165323970231e+01,4.386927256290435650e+01,4.431013537570925820e+01,4.330818592900893549e+01,4.411132574236366111e+01,4.382188439701329230e+01,4.297878469817605662e+01,4.378637052810206143e+01,4.397102439790734252e+01,4.423972813842838292e+01,4.363755921990168929e+01,4.310362130949323500e+01,4.414069859619772274e+01,4.434696910697370242e+01,4.346965757170030997e+01,4.389215802689806623e+01,4.394080911795832378e+01,4.415236387675858509e+01,4.364564741785936519e+01,4.320737204647752350e+01,4.502514459118268064e+01,4.302912807464957012e+01,4.299763359438183130e+01,4.402043672372219163e+01,4.467043228044958170e+01,4.437701039078124410e+01,4.327504574094129453e+01,4.423723742696225258e+01
4.276725238318933009e+01,4.308594608620300903e+01,4.411758794570611997e+01,4.400772990608525248e+01,4.281634081542573966e+01,4.263480186301470809e+01,4.265390996381677269e+01,4.288694042331056977e+01,4.324313087347926654e+01,4.298911169651657360e+01,4.403499385858341242e+01,4.325414711124906830e+01,4.300092695804005416e+01,4.318388427772126903e+01,4.345627645760654900e+01,4.272692490145207245e+01,4.286181724042287300e+01,4.353087683705022926e+01,4.355754523652743870e+01,4.297154360628684344e+01,4.331997542387119182e+01,4.343870492306100317e+01,4.403232890230133023e+01,4.294926841552410224e+01,4.242396247208225191e+01,4.325867373960034001e+01,4.315158596282923753e+01,4.269005431399128980e+01,4.288542337409650429e+01,4.308772101218472272e+01,4.243220582565113830e+01,4.319564705677461802e+01,4.283524779016226347e+01,4.265764254696216540e+01,4.268426974120965411e+01,4.309429583639310124e+01,4.324443921312367678e+01,4.266894788509667791e+01,4.316810615358153314e+01,4.375139816140301718e+01,4.288872310184262915e+01,4.317351789501122994e+01,4.314512958161768807e+01,4.328064867065795340e+01,4.308120187327087081e+01,4.254590862479535929e+01,4.376679742414847141e+01,4.296888475991831058e+01,4.377404183133630511e+01,4.280485734775837159e+01
4.204287675364803079e+01,4.341096974698797339e+01,4.148934496253178139e+01,4.218281306091728311e+01,4.280185389162762988e+01,4.272036874857526101e+01,4.264962857635055116e+01,4.188188945872861524e+01,4.209042408405819913e+01,4.253983691103140075e+01,4.187215154558274577e+01,4.291078223193380126e+01,4.272250902319481014e+01,4.220988534659816338e+01,4.341779891330884311e+01,4.248221670437349928e+01,4.243188801836333823e+01,4.200288553207654019e+01,4.281605938104028297e+01,4.246202488904624062e+01,4.278062207051306132e+01,4.253918340142442389e+01,4.271886256510664026e+01,4.263170619905696412e+01,4.235340277600250403e+01,4.316256464340820997e+01,4.263608507033986683e+01,4.243928630609907771e+01,4.236184795843828965e+01,4.215542880176774787e+01,4.249403095695331700e+01,4.222576050766023315e+01,4.253508130727216496e+01,4.271803932937152126e+01,4.286917395959750365e+01,4.307420438983056954e+01,4.143233638968727917e+01,4.212573736770224997e+01,4.246674000512942371e+01,4.266330074710136699e+01,4.234338333007338662e+01,4.295611557756767951e+01,4.223001421053152882e+01,4.277269730624216493e+01,4.266529988769791260e+01,4.248544770024363260e+01,4.248168333877310232e+01,4.288211933695617972e+01,4.204534194335332842e+01,4.278728018234539832e+01
4.123725164083172956e+01,4.105928715537056917e+01,4.119919615738970009e+01,4.177885007037200893e+01,4.154415820041985086e+01,4.111470478382734939e+01,4.197472361389133511e+01,4.190501672329252614e+01,4.190822519145481095e+01,4.158639150773464621e+01,4.254161136069750881e+01,4.250124847855064303e+01,4.262284521307878293e+01,4.123530490827058514e+01,4.159190418094166120e+01,4.195048738462924121e+01,4.215008776267843160e+01,4.155545646322508446e+01,4.149852856799449086e+01,4.140463547884708362e+01,4.174729320131363863e+01,4.212643402788290814e+01,4.237322210190065164e+01,4.217655873090480867e+01,4.153597995421120004e+01,4.253596692888284281e+01,4.202676532009079580e+01,4.162288094372719627e+01,4.150169003801856604e+01,4.133907687712916612e+01,4.204970585613421719e+01,4.167293830571950508e+01,4.210427506429510913e+01,4.128228131775936305e+01,4.197374148854157738e+01,4.126966080796435676e+01,4.176406789253388752e+01,4.183365180863213340e+01,4.153114324754974263e+01,4.208124716625301431e+01,4.115772275089903331e+01,4.196402194167146149e+01,4.103627390796106056e+01,4.195023619466399367e+01,4.091818522339046638e+01,4.262508703657810116e+01,4.167918095714770743e+01,4.164927249943684018e+01,4.165472970975744005e+01,4.127958470893820930e+01
4.188533139180332654e+01,4.034852227138561886e+01,4.142586459468745375e+01,4.152737377353865611e+01,4.140338915716024815e+01,4.129777776193332528e+01,4.137746411450313389e+01,4.178797968283947739e+01,4.069884396956896211e+01,4.056305885739109129e+01,4.099763377101027828e+01,4.113792286391531405e+01,4.133509122192135976e+01,4.113093463233722957e+01,4.070847507419480849e+01,4.105283114572936398e+01,4.083030840301591979e+01,4.076756693518515817e+01,4.146500131429156966e+01,4.062864868416301078e+01,4.123173398354729358e+01,4.096377078375873282e+01,4.123421645153125326e+01,4.104000016132269479e+01,4.087440089417697209e+01,4.063877843140175372e+01,4.110059871552512334e+01,4.106899495856917071e+01,4.105056172743343978e+01,4.062353402727969609e+01,4.086513010318263639e+01,4.032524463974291962e+01,4.146849930108239590e+01,4.117852061322991375e+01,4.165952608457706674e+01,4.114122302839979994e+01,4.131413382753609653e+01,4.132387106252590314e+01,4.061927086905358664e+01,4.118770662284892836e+01,4.098528322091256371e+01,4.132609357897820956e+01,4.110134425943198977e+01,4.179436107125700772e+01,4.023016706955819899e+01,4.057709635187991637e+01,4.168021947275244798e+01,4.128926879577701925e+01,4.098717736971176606e+01,4.118441030768752853e+01
4.026863266308450306e+01,4.006637286736349068e+01,3.924431052024432631e+01,4.011139915514065279e+01,3.993599027710454408e+01,4.031743651227643710e+01,3.969281908269018544e+01,4.046744639933090326e+01,4.008380095141227173e+01,3.983255043141753760e+01,4.041347184589507435e+01,4.021728828136557610e+01,4.004447231798436491e+01,3.989426795420390448e+01,4.006148430208683209e+01,4.030665933852408500e+01,3.996887439028391498e+01,4.029929542933548703e+01,4.040343135520603113e+01,4.006583358370767911e+01,4.041265415524294724e+01,4.011983636405778242e+01,4.049491346600575525e+01,3.961950312576731648e+01,4.021039863843725470e+01,4.026561087279174700e+01,3.998806141373713530e+01,4.084805935630910056e+01,4.034474625908162437e+01,4.000299054145228439e+01,4.041375991358549413e+01,4.067735215798395387e+01,3.992037631167756473e+01,3.967449890949674085e+01,3.968940840901088052e+01,4.042777742717601797e+01,4.026347272810445332e+01,4.069817065440890502e+01,3.978705522484982282e+01,4.081064034861471157e+01,4.014600073955416093e+01,3.993132446247746969e+01,4.056229505831971238e+01,3.968262195929011682e+01,3.941588960495917604e+01,4.105195705636214143e+01,4.036072313762876718e+01,3.990090178018790112e+01,3.971648077214702965e+01,4.003133970689645338e+01
3.878779412532501425e+01,3.926601178062602315e+01,3.996583937030036537e+01,3.905779082803580593e+01,3.935007268343429132e+01,3.813028606754586036e+01,3.951052335531071691e+01,3.920894504417200466e+01,3.924250349171843766e+01,3.966995818213215586e+01,3.908544980447323525e+01,3.879953976566459062e+01,3.946048152618163840e+01,3.963912205130405653e+01,3.956823324067080705e+01,3.897956069629220366e+01,3.951347666382207535e+01,3.930555308555584304e+01,3.903220712283945915e+01,3.961332715142522432e+01,3.924580491141768590e+01,3.958240783397506135e+01,3.991115585890383954e+01,3.974294942248059215e+01,3.979801617088020294e+01,3.922956200119148207e+01,4.029133918483729104e+01,3.927782890203143040e+01,3.947540837001793079e+01,3.938992137121599058e+01,3.883308017037522575e+01,3.938999238747955189e+01,3.912411890021267169e+01,3.941003197114983436e+01,3.919055826966071976e+01,3.923412876099641267e+01,3.969828904559341254e+01,3.876419783371603955e+01,4.004892799278809434e+01,3.963818695781605328e+01,3.882810997036191480e+01,3.954806680774910177e+01,3.904406934239145954e+01,3.926258204325526435e+01,3.935650072760887497e+01,3.914883501417903489e+01,3.993964189123386888e+01,3.916582917299244571e+01,3.968321124765849106e+01,3.880491269826138279e+01
3.782921499392910647e+01,3.808547611426048718e+01,3.878966994796486745e+01,3.790295323632292934e+01,3.822868742967632016e+01,3.864535303192450044e+01,3.780445532678082543e+01,3.746061231025597493e+01,3.844594172839575208e+01,3.833551398331606208e+01,3.790340994757472259e+01,3.820881998065655694e+01,3.842401944932485947e+01,3.854567984710409689e+01,3.786138200060383951e+01,3.862523270086317950e+01,3.811610465528323743e+01,3.800458748221105054e+01,3.866487070548966898e+01,3.862486329027680654e+01,3.887520735608605804e+01,3.805332032766430217e+01,3.856340828796632536e+01,3.843791418583047914e+01,3.925895944686433126e+01,3.861613704533552038e+01,3.897805294555665512e+01,3.875248675556389344e+01,3.870846517505484741e+01,3.880653704690276840e+01,3.837021641699170971e+01,3.883750939663867285e+01,3.810080848113440766e+01,3.890367135056573034e+01,3.853762913674786006e+01,3.878567900499196952e+01,3.833474896951936728e+01,3.824256732727507568e+01,3.872588948401553210e+01,3.855828185820436005e+01,3.837918060781066742e+01,3.796318577437406105e+01,3.864768182905120852e+01,3.873851619740727159e+01,3.848302159916241294e+01,3.873433657159996812e+01,3.865205400034000860e+01,3.763042825551264770e+01,3.775114145974249880e+01,3.835658253894118275e+01
3.739670635925795494e+01,3.749331534914804109e+01,3.765592938948738322e+01,3.716470999267310305e+01,3.715054592900735742e+01,3.748661799132613481e+01,3.788813258329942357e+01,3.717299062859629544e+01,3.793705491583847333e+01,3.800463565530345278e+01,3.699718835997964561e+01,3.775552902999686467e+01,3.707910377413092107e+01,3.760669344249782142e+01,3.773088313607073729e+01,3.720804320139402677e+01,3.788152350600957874e+01,3.740031969673261614e+01,3.720456582311816618e+01,3.822471242106760769e+01,3.749222856523476821e+01,3.765116219981600665e+01,3.770371925402776725e+01,3.732080356831450985e+01,3.745303212280224159e+01,3.717280466860281507e+01,3.780827145988224203e+01,3.739365007368274973e+01,3.720047986411355367e+01,3.752857671652031968e+01,3.724182522436326792e+01,3.678030923656190510e+01,3.716923938701447128e+01,3.730643091857344018e+01,3.776262261626772698e+01,3.737290413117884924e+01,3.753949117777911937e+01,3.729658952177094022e+01,3.746754511683274558e+01,3.741104257742098582e+01,3.782925664065927407e+01,3.762672467386531849e+01,3.780126581764123728e+01,3.735575702375110296e+01,3.756400700127337444e+01,3.726966525770666294e+01,3.709634727344601401e+01,3.792621443436650708e+01,3.784386739684792644e+01,3.769936082441576275e+01
3.678011311774340442e+01,3.678708600933909878e+01,3.579163751202746369e+01,3.651275784195340179e+01,3.630731574665202288e+01,3.653214693599465335e+01,3.623348012050120559e+01,3.726170695823329737e+01,3.646763162296684158e+01,3.706250951716479136e+01,3.685980710785208458e+01,3.643042856169218879e+01,3.597472536785522834e+01,3.677608445395146219e+01,3.631352711193630967e+01,3.731623302464066683e+01,3.661545943966957850e+01,3.634033012460601242e+01,3.607978879644200987e+01,3.565037131880769294e+01,3.589818670904649167e+01,3.678767196041742693e+01,3.639235354739223993e+01,3.664511865280952208e+01,3.633785727632267992e+01,3.726458151885924508e+01,3.661188711416539832e+01,3.625161472359307169e+01,3.724986864132405628e+01,3.730303166315324859e+01,3.661851897072040174e+01,3.590420816983584018e+01,3.684000649137428951e+01,3.631869320191795225e+01,3.678694067599868589e+01,3.681977352169131734e+01,3.694622404953496186e+01,3.681600969769011300e+01,3.627436075558811268e+01,3.659687587893544247e+01,3.642886135157577598e+01,3.629139219867590072e+01,3.641848261841045797e+01,3.598247499326363652e+01,3.643076634258692792e+01,3.681455839252533480e+01,3.734258880098298050e+01,3.695269088756693066e+01,3.661548876149813481e+01,3.759878929304929329e+01
3.609990634959245881e+01,3.544440673464752223e+01,3.581617362499245161e+01,3.494142826735981089e+01,3.549680008877459159e+01,3.545602630027313751e+01,3.610813392952147893e+01,3.583554337750944541e+01,3.559891892359546262e+01,3.579238358643981854e+01,3.563088127831163376e+01,3.530153197134289655e+01,3.547440155637882242e+01,3.544472261342774999e+01,3.568360542654742318e+01,3.595802430407420758e+01,3.548992822352957432e+01,3.533893231768146848e+01,3.646288083923898427e+01,3.485239246897458543e+01,3.577407541850435990e+01,3.643107262791296108e+01,3.549705484850921522e+01,3.563343748420713553e+01,3.581746013749808100e+01,3.593805489802019792e+01,3.617817560797475096e+01,3.542378549077195515e+01,3.577761316923952251e+01,3.555716003698780270e+01,3.575537074734722154e+01,3.575302945824659417e+01,3.608513461455296323e+01,3.567201885092872971e+01,3.595975664844205966e+01,3.609875093156566095e+01,3.595025470448442917e+01,3.494659749153087347e+01,3.639678810957446586e+01,3.532869426211956920e+01,3.580585312097229433e+01,3.503533849636637854e+01,3.547555670174416065e+01,3.542483580157198020e+01,3.491428384264278861e+01,3.589159727867802729e+01,3.523792828887287243e+01,3.553857529708581353e+01,3.556340739718598343e+01,3.586222984519937995e+01
3.491902687551894502e+01,3.496523149945627296e+01,3.408030904095363667e+01,3.484108392982005853e+01,3.429460332980404758e+01,3.485395058978816962e+01,3.550673008421559729e+01,3.402748392481925777e+01,3.380214920120645417e+01,3.417524501125557634e+01,3.505548771441754496e+01,3.527463512929175948e+01,3.497490671849948995e+01,3.473746976659488439e+01,3.524333023175376667e+01,3.436503019775183532e+01,3.379141430527706547e+01,3.464733440950946886e+01,3.487356113895409493e+01,3.481423437182397151e+01,3.478115733128056775e+01,3.479063655200778271e+01,3.444138345768281795e+01,3.484215826009082662e+01,3.592294979816450251e+01,3.407622657566879809e+01,3.460291094467767437e+01,3.472858182762793433e+01,3.444857933118117188e+01,3.512953874016518796e+01,3.507444680461919972e+01,3.500833145890511844e+01,3.443376914869416083e+01,3.446690099382995953e+01,3.433172036372784675e+01,3.500458723487978574e+01,3.404205549967245048e+01,3.453299232468832969e+01,3.451726080906410488e+01,3.476959544386701850e+01,3.539880097859584396e+01,3.520054550642251456e+01,3.416581918825727371e+01,3.463508594539363372e+01,3.476513718400435948e+01,3.489394168312858824e+01,3.436637259700091818e+01,3.440791637306324446e+01,3.514036420641495795e+01,3.460306820656128224e+01
3.393968728862162010e+01,3.271497364324265789e+01,3.351212601188331774e+01,3.333040787371817970e+01,3.343855928401125510e+01,3.373220702445883035e+01,3.381353632833302214e+01,3.307399779031882048e+01,3.348347969403061342e+01,3.361741177693871663e+01,3.393629064807489470e+01,3.292682489340691632e+01,3.339269147001618165e+01,3.344229737659106405e+01,3.412291886352520009e+01,3.379123613398568438e+01,3.284154464614816504e+01,3.350745779433373883e+01,3.349830178603368580e+01,3.361456641845256144e+01,3.335613312923756979e+01,3.309677074924450579e+01,3.327489863027854966e+01,3.318343451080419726e+01,3.326003061126503013e+01,3.373731286106534100e+01,3.396282459118164354e+01,3.406900695129900924e+01,3.414379903523023074e+01,3.310648240870604297e+01,3.355202412552637270e+01,3.399168056440637997e+01,3.392080442367755921e+01,3.375992298353857279e+01,3.375746883091806438e+01,3.367117158064409921e+01,3.326109510187595220e+01,3.341274035564200062e+01,3.352172582694849723e+01,3.377923369881899163e+01,3.265754956631533901e+01,3.334079574970893844e+01,3.310091300938871228e+01,3.344113809613185140e+01,3.310873962099854850e+01,3.341633770484477850e+01,3.390103966136966562e+01,3.356920530076860842e+01,3.369563279393050692e+01,3.290890899942776571e+01
3.204243231882218623e+01,3.245784776867921551e+01,3.250243224865918990e+01,3.231972266788266523e+01,3.263795846058423678e+01,3.199390738782474486e+01,3.277649766223694172e+01,3.218888777148932689e+01,3.291621902077488215e+01,3.207758619526124022e+01,3.270722376428156508e+01,3.212529911595320442e+01,3.198267848839551775e+01,3.257889584579432096e+01,3.319909693059072708e+01,3.258427489092607487e+01,3.300876644745287791e+01,3.237804196125698297e+01,3.231168275424148817e+01,3.228073374314229227e+01,3.266430309042673485e+01,3.232794162376499258e+01,3.246696029283791063e+01,3.254389968469481431e+01,3.178993601926259416e+01,3.248925488835614317e+01,3.256103768936075227e+01,3.233492262158302566e+01,3.255425896422768517e+01,3.220654629711307138e+01,3.235314065779184745e+01,3.248489348000055088e+01,3.195517651401871362e+01,3.305933021587596699e+01,3.233585227955569508e+01,3.254920442925305224e+01,3.244054139636932632e+01,3.285412396722108497e+01,3.254454764992885885e+01,3.209221854231638815e+01,3.237701518659903854e+01,3.313338002297742690e+01,3.258027142664137443e+01,3.215284929122397983e+01,3.271256276727603307e+01,3.253029508157213456e+01,3.205741887092345621e+01,3.254767248851638328e+01,3.250842042164421741e+01,3.241251433561453865e+01
3.125693032075869127e+01,3.168237033727999474e+01,3.093478961782352954e+01,3.137733940754614892e+01,3.161882711168584592e+01,3.171649733285393324e+01,3.084037421213737673e+01,3.071009689946008336e+01,3.050818672052076508e+01,3.185323725944112638e+01,3.064882424315439025e+01,3.109868321617208409e+01,3.108119189569159602e+01,3.111591433394236716e+01,3.223656596351955272e+01,3.170139724696992545e+01,3.173491418954376542e+01,3.150585408152036138e+01,3.207721254816089385e+01,3.117281021665985463e+01,3.169332995644132112e+01,3.080585376585692359e+01,3.115196929176526908e+01,3.091521564109296705e+01,3.174983547929302929e+01,3.152687427811006771e+01,3.124591695762353893e+01,3.143752150308174365e+01,3.163325723179960747e+01,3.163673466147668734e+01,3.080936387883364347e+01,3.100156861353051951e+01,3.135215926932751884e+01,3.197486495872840351e+01,3.143678751734834265e+01,3.137620475878888016e+01,3.172696603671586146e+01,3.154622571113504748e+01,3.099799794693426946e+01,3.139657412539416725e+01,3.180410579613055333e+01,3.096314079056661228e+01,3.139207916916967989e+01,3.119547825229794213e+01,3.082717029085410942e+01,3.136268309868640358e+01,3.171965920474523415e+01,3.151995395876480188e+01,3.151030354739430805e+01,3.172665003974111997e+01
3.046420346280803670e+01,3.018476374599132228e+01,3.051771076367212032e+01,3.079484130854380908e+01,3.036335084429533637e+01,2.979079202081775080e+01,3.018504530464848301e+01,3.017552209058105817e+01,3.012522247650224827e+01,2.989134136702583788e+01,3.016226634548623409e+01,2.952369046031573419e+01,3.047426587103159790e+01,3.072845191970418099e+01,3.033587333712546297e+01,3.063337990209343431e+01,3.037394338513016478e+01,3.033929657306964955e+01,3.051910960560697461e+01,3.080531810040422869e+01,3.064869197251908162e+01,3.057350682129033714e+01,3.015685760102973134e+01,3.027074269769745740e+01,3.015513874757375135e+01,2.964079601212592507e+01,3.037530667423625275e+01,2.995674104889298306e+01,2.961030631096428678e+01,2.996002908821231614e+01,3.029745396654558576e+01,3.082215606088746185e+01,3.043333987187926581e+01,3.122662545213025354e+01,3.006506760870042072e+01,3.048479872594163709e+01,3.059099350097063663e+01,3.078127098360600300e+01,3.011540477120503212e+01,3.024167892515083977e+01,3.003330059471846880e+01,3.010347702461116626e+01,2.983500037290549756e+01,3.076740015038899045e+01,3.016783738007791627e+01,3.034459227786106084e+01,2.986145550592570430e+01,3.039709336631863223e+01,3.036817795709914591e+01,3.072089831462042397e+01
2.870165104040636095e+01,2.975095839347945414e+01,2.878784488420804877e+01,2.857038509732574028e+01,2.949392490540339651e+01,2.894683695888936015e+01,2.884915730633595743e+01,2.926086770143681903e+01,2.971607899051345925e+01,2.882835531616632352e+01,2.877014838974780275e+01,2.913467977206868298e+01,2.900137966094678532e+01,2.916829372629338124e+01,2.922995749331830240e+01,2.904346032480999185e+01,2.871092925847813149e+01,2.882031624197583852e+01,2.907971610394041662e+01,2.925538864592554233e+01,2.972033870593110549e+01,2.903773943746079667e+01,2.947191979297038955e+01,2.882122015196828357e+01,2.897794967085340545e+01,2.949744695123894900e+01,2.885758727544154212e+01,2.878767881393507011e+01,2.884656589985059227e+01,2.855972199341588080e+01,2.890205815611958684e+01,2.924752169160864312e+01,2.951832849941768444e+01,2.916010269940580102e+01,2.919927691923620117e+01,2.886616396225749526e+01,2.941691034412605532e+01,2.922521933747999157e+01,2.908711368626624605e+01,2.946111718209102293e+01,2.884874130267138170e+01,2.863257148365390847e+01,2.924941730101487991e+01,2.937166416734146779e+01,2.913609912498580456e+01,2.926926929679570932e+01,3.034987097370832387e+01,2.972388638891186829e+01,2.932404540100972312e+01,2.870734669049990018e+01
2.757640589128577346e+01,2.791035917977756498e+01,2.798687228818793926e+01,2.848232239502109664e+01,2.823525747925455320e+01,2.758386096447263824e+01,2.788429091912619384e+01,2.813331069740786461e+01,2.773504828767364572e+01,2.756365887050412056e+01,2.842278539360830081e+01,2.817624265761715918e+01,2.855097643575676614e+01,2.809755129987767575e+01,2.760838154357877627e+01,2.783098425506291562e+01,2.829980245764337710e+01,2.812861422944865097e+01,2.809861802092041572e+01,2.804658482403874231e+01,2.819934281816292554e+01,2.806905321572916279e+01,2.898816217970464493e+01,2.751073047875384248e+01,2.848570451845947105e+01,2.789425294063443772e+01,2.809114637700860939e+01,2.756958954467866363e+01,2.836781320380782390e+01,2.827002705094681190e+01,2.850685793105206756e+01,2.878308674590833860e+01,2.840311021207089937e+01,2.894341227628889968e+01,2.814571209453699652e+01,2.738768488553343516e+01,2.796490994664522844e+01,2.827368297338280456e+01,2.743410787000015816e+01,2.785392428623396199e+01,2.844150202993719390e+01,2.823355367003054539e+01,2.832355199224905462e+01,2.823451297015918726e+01,2.824520843116096458e+01,2.807455199539110069e+01,2.855356881607147912e+01,2.824092969778219242e+01,2.785439078291219772e+01,2.817483447850603895e+01
2.699686052254780932e+01,2.669250225855814662e+01,2.739408873880414674e+01,2.641596304373640081e+01,2.704175044858661892e+01,2.673784284922551890e+01,2.676071785300131722e+01,2.679432342306112247e+01,2.642387315302705986e+01,2.650438730161158674e+01,2.706088073633142699e+01,2.764342599829811675e+01,2.641828557479342976e+01,2.694493760433049800e+01,2.612317175889950605e+01,2.711314892171025903e+01,2.710239980163831319e+01,2.729296826334530124e+01,2.687744752062430464e+01,2.674977969558643665e+01,2.648302681281522908e+01,2.667039857551613835e+01,2.648367729700258622e+01,2.661259830897257572e+01,2.670691349797951730e+01,2.697502655146666584e+01,2.699505383649036006e+01,2.688285398754587519e+01,2.669756848285387463e+01,2.673082855073428021e+01,2.676649297854338272e+01,2.669166924380069617e+01,2.716467082703320557e+01,2.672331778880196040e+01,2.626404356419525854e+01,2.683962265050310947e+01,2.656808080185469834e+01,2.617863659425832523e+01,2.677509750325504356e+01,2.647691991429839220e+01,2.709635744870882590e+01,2.670800953944332790e+01,2.684176714328582847e+01,2.698818797028694405e+01,2.693464555025915175e+01,2.667199968588254322e+01,2.709536095817430379e+01,2.653375801574723525e+01,2.614441342169828175e+01,2.753208464422564106e+01
2.593099830662121974e+01,2.518426950361676120e+01,2.557300013355957446e+01,2.556380302159718809e+01,2.532296815881858265e+01,2.515183170581298455e+01,2.499063391134082934e+01,2.563331824973747786e+01,2.575264524960687140e+01,2.552810509064602940e+01,2.619113527836162447e+01,2.589832323854295026e+01,2.556952307436832683e+01,2.561621776464994937e+01,2.623880846397505806e+01,2.630180311316192743e+01,2.617173545953488301e+01,2.581484544790543367e+01,2.535955402984026463e+01,2.546852656927987368e+01,2.596522066361108472e+01,2.602519062236712699e+01,2.593468354783639640e+01,2.590190588585719311e+01,2.592852506378444133e+01,2.664365848703737072e+01,2.549470205727953243e+01,2.546181995159911438e+01,2.605592855882721182e+01,2.535520795550420559e+01,2.598360875859341590e+01,2.522381152891347256e+01,2.534967160620411519e+01,2.574831441711532065e+01,2.605629815438670249e+01,2.566316007551825251e+01,2.583108947083549367e+01,2.495756292891750761e+01,2.504897844162226406e+01,2.610603544823313271e+01,2.601795725083298194e+01,2.562222265940360444e+01,2.568835413174025817e+01,2.553768418137850915e+01,2.537489296761724944e+01,2.648784802171674002e+01,2.545579462602231402e+01,2.543175880513803122e+01,2.581432352373460759e+01,2.549967621658806749e+01
2.491941660724383922e+01,2.458558689839647826e+01,2.495510857148819284e+01,2.411804175565340458e+01,2.497627960585932527e+01,2.452892687432047225e+01,2.428153947291259485e+01,2.489187756311018873e+01,2.502065727890198943e+01,2.449474061247985546e+01,2.380192109385980004e+01,2.477028035257283278e+01,2.368418444632584752e+01,2.446982239812994209e+01,2.464968126244425051e+01,2.455686597973810592e+01,2.477136267960729299e+01,2.440252764885547521e+01,2.442170709514668658e+01,2.447293579624258797e+01,2.481604374345297970e+01,2.467217537218179757e+01,2.463352664254085767e+01,2.438631152263823765e+01,2.455583924122362305e+01,2.450727547045882559e+01,2.456410182511728024e+01,2.489636094063689953e+01,2.456235784524251997e+01,2.394572890395808429e+01,2.439466397017655552e+01,2.431357299174008091e+01,2.413844686872337775e+01,2.432498827972879241e+01,2.444423616997656978e+01,2.452782208641545125e+01,2.422576889080447060e+01,2.434786437849696128e+01,2.427736437124699620e+01,2.395953102905928844e+01,2.412366301764625121e+01,2.417618610094210752e+01,2.475165753243434708e+01,2.443295359351123253e+01,2.462981672739610062e+01,2.450278189317036137e+01,2.474205091096759901e+01,2.368996035103268483e+01,2.473342253292435444e+01,2.440458141802388425e+01
2.316498991267728869e+01,2.334097094417846208e+01,2.300275443121315178e+01,2.384365168229887644e+01,2.394926642683030238e+01,2.344528928211937924e+01,2.366154837313909809e+01,2.339395992648440981e+01,2.342996253502251136e+01,2.298329827104337397e+01,2.273356527128197868e+01,2.338411006837296213e+01,2.378464412828398977e+01,2.338043366444507143e+01,2.359329818244426136e+01,2.343939156275726887e+01,2.340388167968275113e+01,2.359552869498884320e+01,2.340647642991060096e+01,2.350558138799337371e+01,2.321009856784785441e+01,2.339064462487426610e+01,2.314087436815837506e+01,2.295229485975151107e+01,2.328009273499157672e+01,2.358588626165804314e+01,2.384312721110322641e+01,2.325951562588065968e+01,2.326690032492946614e+01,2.330048501069060762e+01,2.322214212289407698e+01,2.343592826879022439e+01,2.339511533418464140e+01,2.308665679591648967e+01,2.343541137099569838e+01,2.375763198208292692e+01,2.308897639065728669e+01,2.405933748134843597e+01,2.344276491397306117e+01,2.323337434204292862e+01,2.331185726152867232e+01,2.392177638041009047e+01,2.353165423022619507e+01,2.338444582330767574e+01,2.318884590690508318e+01,2.349114933233862956e+01,2.349530733548692396e+01,2.264421817270861581e+01,2.308967505889323135e+01,2.359488580743126107e+01
2.199343237844450982e+01,2.200484995048353198e+01,2.206800270535410036e+01,2.203517569865441317e+01,2.186462648737239789e+01,2.207006807661719705e+01,2.236651520440486962e+01,2.180389946152827108e+01,2.232319626221175213e+01,2.240552795393248076e+01,2.194474812156726173e+01,2.196561818907986208e+01,2.259329778400094924e+01,2.189917602946381692e+01,2.202572102763661377e+01,2.179139734911769821e+01,2.218814511898574438e+01,2.222015585259410742e+01,2.169855504169451166e+01,2.219304802698507473e+01,2.244069889277498575e+01,2.165386616382305718e+01,2.179431380784645000e+01,2.215465717606201324e+01,2.209250756171255858e+01,2.158248001781653969e+01,2.273686364618720646e+01,2.191815582351179259e+01,2.182909234243123109e+01,2.225700920401808247e+01,2.225587860018375963e+01,2.219930094010873844e+01,2.182638608822892223e+01,2.246953226962824957e+01,2.190547057779853546e+01,2.220101342993989846e+01,2.192592361693354519e+01,2.233900098897245812e+01,2.197309920380778792e+01,2.210864279821260681e+01,2.243960519125531050e+01,2.249923697225308672e+01,2.205959428011356138e+01,2.180289810841185982e+01,2.195869478549739995e+01,2.230416101433291942e+01,2.197173257354480214e+01,2.210516821489379424e+01,2.141956716678217632e+01,2.198237096952730241e+01
2.082004183584625423e+01,2.064856610614275922e+01,2.099079192883248268e+01,2.087635071948555421e+01,2.114539571745388358e+01,2.100584726275544156e+01,2.105939898752074058e+01,2.060330799892869891e+01,2.102000424669392586e+01,2.129857408265159435e+01,2.047093584167483016e+01,2.076153809461485267e+01,2.137980196463212224e+01,2.117133185613863589e+01,2.055114948797086782e+01,2.056620547444838110e+01,2.120570155151974845e+01,2.086624924552683424e+01,2.061718255302794489e+01,2.087337323295689728e+01,2.109212037701160014e+01,2.086728085613252404e+01,2.109658105024590213e+01,2.116427888970330073e+01,2.176024830815208233e+01,2.112680059523700038e+01,2.098015714992061476e+01,2.146301947137298072e+01,2.121918897340468746e+01,2.098141987246755136e+01,2.107405224505302144e+01,2.052781737800820849e+01,2.138273046725220539e+01,2.032764896880666683e+01,2.066257153267773816e+01,2.106411341878674648e+01,2.068221696577183621e+01,2.052437490392421537e+01,2.149387622580506374e+01,2.088203040304816582e+01,2.085607081633341764e+01,2.041816491103399400e+01,2.072573388058777866e+01,2.083652896805562804e+01,2.118706853678354207e+01,2.078436282847813033e+01,2.085220389908974781e+01,2.074295783178063246e+01,2.100463026420174728e+01,2.077400206458722565e+01
1.991085080745257585e+01,2.016539329174782225e+01,1.939944384593094284e+01,1.997125790195875439e+01,1.952883640605150717e+01,1.948318554156461246e+01,1.967721816245436628e+01,1.946915149089684505e+01,1.991993558436516309e+01,1.923942688312091320e+01,1.963714306066756521e+01,1.968551697227815112e+01,2.022658999333078000e+01,1.987460434756077987e+01,1.951133963315400877e+01,1.991131232965000564e+01,1.970399687751883988e+01,2.002780609497514064e+01,2.009953105872554247e+01,1.973656450796566020e+01,1.980320595178823595e+01,1.998345313975948656e+01,1.964954416929372982e+01,1.937984602579583182e+01,2.028762805977764572e+01,1.956158485591377527e+01,1.945217658234435376e+01,1.892761046977640760e+01,1.952736635907463025e+01,1.979496900256062020e+01,1.954684552666795838e+01,1.990227577565432071e+01,1.919360041392677374e+01,1.960249258808836359e+01,1.964465784922447966e+01,1.984672212931861068e+01,1.978259867916406378e+01,1.956415262335478644e+01,1.941198477523470345e+01,2.015076515310910210e+01,1.987924958075223003e+01,1.957671014767139184e+01,1.969084958642832817e+01,1.978148546454329448e+01,1.972494127204005565e+01,1.966095870376716803e+01,2.014835008287969487e+01,1.963876873299392045e+01,1.979374851915967071e+01,1.985642416457502435e+01
1.870771089776110330e+01,1.935926125325136837e+01,1.829191729072923778e+01,1.828293907443829625e+01,1.880382796953993108e+01,1.854772301330596562e+01,1.913692208145456064e+01,1.882186866777891510e+01,1.877341871764531689e+01,1.882135954087227248e+01,1.863091742110361793e+01,1.848743218568304059e+01,1.816383676791281587e+01,1.853913020590555405e+01,1.869531405138353009e+01,1.853950103310809894e+01,1.825456404777360575e+01,1.827165652956743713e+01,1.842584400816421564e+01,1.871052028554595026e+01,1.833567515864091391e+01,1.867264194429476731e+01,1.884279235871471769e+01,1.888155990761951131e+01,1.851251661631331302e+01,1.845710956498021105e+01,1.852281704176322918e+01,1.842486376009875926e+01,1.861711432793391552e+01,1.876222396583756691e+01,1.859177008715258594e+01,1.819348886568961987e+01,1.904291685259735800e+01,1.872473240867716271e+01,1.833867753690417857e+01,1.847257437677657066e+01,1.852892213470452987e+01,1.880954429420021512e+01,1.873018618148682535e+01,1.825701648173444269e+01,1.842871554014968538e+01,1.836553059926211162e+01,1.872547490302190809e+01,1.831326504558972701e+01,1.836669607486359013e+01,1.843945212071196238e+01,1.862242954038220688e+01,1.850098571027097449e+01,1.853607011721146591e+01,1.874548285571547268e+01
1.638075694568887286e+01,1.752698872074918768e+01,1.721342988096554194e+01,1.778613434672763916e+01,1.740092766711203964e+01,1.726156880736949617e+01,1.775582170026332207e+01,1.737841687905381249e+01,1.822389718917739643e+01,1.709698643422142794e+01,1.717552596802267573e+01,1.722669274980099985e+01,1.715790369397180370e+01,1.744112440083137372e+01,1.752116970068106738e+01,1.725600364731049297e+01,1.720231095569945978e+01,1.740811646527163958e+01,1.681691074801068808e+01,1.692375265646748161e+01,1.755740819672112352e+01,1.727908856905910184e+01,1.737930328836950267e+01,1.732850266951496465e+01,1.739001545604068255e+01,1.690667596674396833e+01,1.727101766760338819e+01,1.725182404578750095e+01,1.782774563451909700e+01,1.678102374677538577e+01,1.738624151157499398e+01,1.791682654278191933e+01,1.769464648760440895e+01,1.691793042113662437e+01,1.704364884568482452e+01,1.731552381681383324e+01,1.714465461533140456e+01,1.732039560491626418e+01,1.739774361773213940e+01,1.743534479936226944e+01,1.718954716142609485e+01,1.734655044043964622e+01,1.712868728552614783e+01,1.706687652610179740e+01,1.709660774241691072e+01,1.739027209584593336e+01,1.774577680881281339e+01,1.703747238066251057e+01,1.754074111235738087e+01,1.753915801198884239e+01
1.627154637499371503e+01,1.583423149223291126e+01,1.611721292676265094e+01,1.576776303841440097e+01,1.549887468281046488e+01,1.638972394265068289e+01,1.639511803825669034e+01,1.571055131473633004e+01,1.619263673616557142e+01,1.633361386867813181e+01,1.603057527205416832e+01,1.567696740268818978e+01,1.618559757990554004e+01,1.613898947838498188e+01,1.636160055737601482e+01,1.603487338979946841e+01,1.633635155858964794e+01,1.593631258980519938e+01,1.636676475371701400e+01,1.630732660362133757e+01,1.619185628464281024e+01,1.563115364796155227e+01,1.637652364611881950e+01,1.607706703372829438e+01,1.597614186978745643e+01,1.617821967092771374e+01,1.599903299317525729e+01,1.612957228472944138e+01,1.616755809294787838e+01,1.604487543417928563e+01,1.639541589984567693e+01,1.587429515456897278e+01,1.648873085286743745e+01,1.663016992775916236e+01,1.640568389364916868e+01,1.625023337039859683e+01,1.665526768430321880e+01,1.627241325733069033e+01,1.636727021771611845e+01,1.618513923059305881e+01,1.603462281595618322e+01,1.608225920142160348e+01,1.642066553025566833e+01,1.593878891060565728e+01,1.589381556443722410e+01,1.591711770468260134e+01,1.639832746995653778e+01,1.609028115005204640e+01,1.608543258750307814e+01,1.592451033354437051e+01
1.463446763314014909e+01,1.550586369357562155e+01,1.531874394074653623e+01,1.477494946680025656e+01,1.493580909593645423e+01,1.490310277779253667e+01,1.457782684542946861e+01,1.547079414374019279e+01,1.507773031235803707e+01,1.515896146731638439e+01,1.483407603923666862e+01,1.519790811137992392e+01,1.517754028351430229e+01,1.495391551798573992e+01,1.523828763332700120e+01,1.514137429831722059e+01,1.462751421393999074e+01,1.517659227481139439e+01,1.490817845822739685e+01,1.517348507369625210e+01,1.475066590206036565e+01,1.498107891615015497e+01,1.463931304764506969e+01,1.498714111479330313e+01,1.473661332086924958e+01,1.526871086589719972e+01,1.461195833993360971e+01,1.481197466626468184e+01,1.523558694503521949e+01,1.466660936825299189e+01,1.546202626237710298e+01,1.508628486999143803e+01,1.504143763423455127e+01,1.516158178808106527e+01,1.496651669795790873e+01,1.522732147545317360e+01,1.514648798297567289e+01,1.476177317841039205e+01,1.481903917242213709e+01,1.532695304218405496e+01,1.472749918471215480e+01,1.437528481144017967e+01,1.495627809853615453e+01,1.496030602954060207e+01,1.486156930602250625e+01,1.532585145871037646e+01,1.522849070374934755e+01,1.514348165105003652e+01,1.499465974062729678e+01,1.524575896741984238e+01
1.354934617976202560e+01,1.365629710820677012e+01,1.360765880460949795e+01,1.355733419741228474e+01,1.379635232458500660e+01,1.384771207885443189e+01,1.399718648276118316e+01,1.397409164799630865e+01,1.419198548899293222e+01,1.368939718990884202e+01,1.377160681348951954e+01,1.386128339846245261e+01,1.366194059660778137e+01,1.372531810102478289e+01,1.371149708434696279e+01,1.321875262632132753e+01,1.376795134998006098e+01,1.377569939815327515e+01,1.361506217949725972e+01,1.391905605167923987e+01,1.392249733695311775e+01,1.387984546847695455e+01,1.400358693325555492e+01,1.384667527017749222e+01,1.377472636917913107e+01,1.373519782876195805e+01,1.393666229981035798e+01,1.348965271888969220e+01,1.385065979129824676e+01,1.385349467005991819e+01,1.397544992418885812e+01,1.390620307996807270e+01,1.431634963155036822e+01,1.354903718940448698e+01,1.387780188576538976e+01,1.369905913215889370e+01,1.340791403892381517e+01,1.410556669621140280e+01,1.358681663527848826e+01,1.394418484736467256e+01,1.413610725593919426e+01,1.359827662596930686e+01,1.385311759714323010e+01,1.390055033996102551e+01,1.400268458233105129e+01,1.349888588614155438e+01,1.348997950470887019e+01,1.400282146532320837e+01,1.380684484018332192e+01,1.383965209697620402e+01
1.315557825757489852e+01,1.270494351864103244e+01,1.250427160139927985e+01,1.266699406502968017e+01,1.280644677825547895e+01,1.275512769316979345e+01,1.252114992875808497e+01,1.260696796698602640e+01,1.273690170067288108e+01,1.317998551145314146e+01,1.278456218182195592e+01,1.307148931559699356e+01,1.296162146395182546e+01,1.267102437376480495e+01,1.218823409581148098e+01,1.274136164645794800e+01,1.258907777123954119e+01,1.236420320338487144e+01,1.266057757116222859e+01,1.252973688057832646e+01,1.269389318663243849e+01,1.261098382688939878e+01,1.273705013753437321e+01,1.247452563701796890e+01,1.266428387398138966e+01,1.281317496761668551e+01,1.254632531139661822e+01,1.276559767940602441e+01,1.246828903244993292e+01,1.294462755820778987e+01,1.268411162569681672e+01,1.250010416497605448e+01,1.262436502325915200e+01,1.303295143915188348e+01,1.268292780685971977e+01,1.318116710427248073e+01,1.277817992075762810e+01,1.294660301986671591e+01,1.280667555561272941e+01,1.268875271903620572e+01,1.293559049160375807e+01,1.291276848956715462e+01,1.305682366214454149e+01,1.293618742133444499e+01,1.299457918467013684e+01,1.316559991709994470e+01,1.268226990771022678e+01,1.243947801113865026e+01,1.263681075384717190e+01,1.295495591600362673e+01
1.202958386914603039e+01,1.139628386549632921e+01,1.176000125096451576e+01,1.169765911520327251e+01,1.152818621400356669e+01,1.147716964334035694e+01,1.142617319109553797e+01,1.147508053630884106e+01,1.165660387025167033e+01,1.168517378323347700e+01,1.153666442559058858e+01,1.161612803074903866e+01,1.172681850443234453e+01,1.143649597641327453e+01,1.156522684571588755e+01,1.152966047805049854e+01,1.162362101513339674e+01,1.189797274893481216e+01,1.125903196581184851e+01,1.182949078478347538e+01,1.160530622547216240e+01,1.175325071972697266e+01,1.179537785861282728e+01,1.151687682020783221e+01,1.169385884938415643e+01,1.158890112376757031e+01,1.144449692052195822e+01,1.156002799276084048e+01,1.135876300789318982e+01,1.164714113364201253e+01,1.135819997296294481e+01,1.159849029491169148e+01,1.170254001340729211e+01,1.188257080867082394e+01,1.170264992605809518e+01,1.190660303552590271e+01,1.164793970807518875e+01,1.210629135725781680e+01,1.157247618405272860e+01,1.199387830474597649e+01,1.137562668692299539e+01,1.142303426777426267e+01,1.157283696663675876e+01,1.148055446735772911e+01,1.153150431338493043e+01,1.171060164249386659e+01,1.161995535118140133e+01,1.134080548863937565e+01,1.135562212193332954e+01,1.174919124148274285e+01
1.033815472285806614e+01,1.037868790035956934e+01,1.064060828959352811e+01,1.022723944438532051e+01,1.044652191124088603e+01,1.039195416164871055e+01,1.017218734885361542e+01,1.050071407893820030e+01,1.089559977439526861e+01,1.090008983572468537e+01,1.022710223082120784e+01,1.075048598482598550e+01,1.040256532033596137e+01,1.057657238504928188e+01,1.062080872391506503e+01,1.049130437431391094e+01,1.070390016371599273e+01,1.038246550414701908e+01,1.075403139930768859e+01,1.017945062004745260e+01,1.035269770502159581e+01,1.067410074794421604e+01,1.031528789965612702e+01,1.046194714291508454e+01,1.111533455952481120e+01,1.093940219980194328e+01,1.049230136371749822e+01,1.047207662173389053e+01,1.016291286739740229e+01,1.062413927279378001e+01,1.037262134912027278e+01,1.028812077487546439e+01,1.034124120245129319e+01,1.037553858533320650e+01,1.040566487933227435e+01,1.028027448883918815e+01,1.060618510048856500e+01,1.047936644839187359e+01,1.060651595832660554e+01,1.097009608983597673e+01,1.068277459152102082e+01,1.054650199679825739e+01,1.073688983631466876e+01,1.061187326169960876e+01,1.072386581077051027e+01,1.083772344219548600e+01,1.045352304014892297e+01,1.047330425303278645e+01,1.067402132532896886e+01,1.059495740033925770e+01
9.493454607282121316e+00,9.614314715771085318e+00,9.613498440095955999e+00,9.560291649491704291e+00,9.531740984515133519e+00,9.034515573598318028e+00,9.205723210687857261e+00,9.323964072130749514e+00,9.633425291082938102e+00,9.648901898359108387e+00,9.588880430890702300e+00,9.322646837388605334e+00,9.427833666752423625e+00,9.216690204266322795e+00,9.663386861367312619e+00,9.390163264732192872e+00,9.744094949672559736e+00,9.671189695570300060e+00,9.279932270540454553e+00,9.695278123959656824e+00,9.492113072096564963e+00,9.456777285547882883e+00,9.600907215003795514e+00,9.782434523734046650e+00,9.288584826980759601e+00,9.179605410121329356e+00,9.232980169205010412e+00,9.490379360888642424e+00,9.312767847437095625e+00,9.540329378053854725e+00,9.285208767007706143e+00,9.477072251513352086e+00,9.471755439874064209e+00,9.601915443383923332e+00,9.398579160527731347e+00,9.449606825195944637e+00,9.567129586393980034e+00,9.586327278121050455e+00,9.261521005675863449e+00,9.565145406261835959e+00,9.473192908387060740e+00,9.143512567322273910e+00,9.501227642635937443e+00,9.155215234938269830e+00,9.678767135134382471e+00,9.622888945222548784e+00,9.224089200852617410e+00,9.863273300139432820e+00,9.427474196936110218e+00,9.031742832233318197e+00
8.153038191665947565e+00,8.632644551934710364e+00,8.611140030403802825e+00,8.476329907631789951e+00,7.686122728063301324e+00,8.453776863963636146e+00,8.473267844645887337e+00,8.446311195045876019e+00,8.240256837570605342e+00,8.563288844213268192e+00,8.559702302728688039e+00,8.439716452965232207e+00,8.164657763022317383e+00,8.373495219226322561e+00,8.535865286767077009e+00,8.309199927884952430e+00,8.212751757013444731e+00,8.570468994510083149e+00,8.341354893749832300e+00,8.362694995203348469e+00,8.301970846782039004e+00,8.179134937750138334e+00,8.332459079605452956e+00,8.331299916674085537e+00,8.182376127565925472e+00,8.591574681537275993e+00,7.917569765723268205e+00,8.307687285905275942e+00,8.548714421270291908e+00,8.483725282249997335e+00,8.279024246852797475e+00,8.308345102461764498e+00,8.289498199476273754e+00,8.448667642977170544e+00,8.547621459502057206e+00,8.482404376551217595e+00,8.415954092900983952e+00,8.525261074138956729e+00,8.603270550994350785e+00,8.589336523944801627e+00,8.488407817386722343e+00,8.430054713407709954e+00,8.624851632386366873e+00,8.351751569352176219e+00,8.097363054500268831e+00,8.502802523536701074e+00,8.533819137260810095e+00,8.467273552851944274e+00,8.402785178713628511e+00,8.587489014273437249e+00
7.476552933483071151e+00,7.388412907026377319e+00,7.634330752187105773e+00,7.362648989186936888e+00,7.492614061724963470e+00,7.315033780098493033e+00,7.331985462914802021e+00,7.554139697270435327e+00,7.375609829708107412e+00,7.586450510777893008e+00,7.657492551642188339e+00,7.295688881260111280e+00,7.751754836501612012e+00,7.521525580571531755e+00,7.417602209651033895e+00,7.612921286451439506e+00,7.258393273157761172e+00,7.537303179791792651e+00,7.641811996072853219e+00,7.221167102809022076e+00,7.252015027908119471e+00,7.768112039876570840e+00,7.440907590914506820e+00,7.711127049324665528e+00,7.362210834106256208e+00,7.324394859143709802e+00,7.150123672898370586e+00,7.636834601430567027e+00,7.406768880409736688e+00,7.638488859969214673e+00,7.294917719579360416e+00,7.625491103752846556e+00,7.511201206691049848e+00,7.574625169105436484e+00,7.720852623033083617e+00,7.338149275079254075e+00,7.680526903199265121e+00,7.394100513724070289e+00,7.248297745499255207e+00,7.639005121051495983e+00,7.362092593965322784e+00,7.083748878622281531e+00,7.184815059865727882e+00,7.554451940979713065e+00,7.523018122546865527e+00,7.436996331004489313e+00,7.520218390855069046e+00,7.535513783881826022e+00,7.432441512210892220e+00,7.178531674272279339e+00
6.686551918067747735e+00,6.595543803934311278e+00,6.694133960735572764e+00,6.434180014685283666e+00,6.551125758568936419e+00,6.553708939109777809e+00,6.711923798612203562e+00,6.342801773959825695e+00,6.618013588148969006e+00,6.440014315665875344e+00,6.527222495941185976e+00,6.346781129441504632e+00,6.316132945157616696e+00,6.301675312902079718e+00,6.439627403422463203e+00,6.395721109550826178e+00,6.410379287722867581e+00,6.360052402671845684e+00,6.434776451692827415e+00,6.982585175547267653e+00,6.366209798021777999e+00,6.527483662207934856e+00,6.523293398805769527e+00,6.302671508178264936e+00,6.444336971704807127e+00,6.653200161379092314e+00,6.333885781956603012e+00,6.334047770875515404e+00,6.504992804175405041e+00,6.597218010982935255e+00,6.758948012002202077e+00,6.243273448841654805e+00,6.754630274318398797e+00,6.555817804981396435e+00,6.515394423368539023e+00,6.672228433200618092e+00,6.179832141242137311e+00,6.587881667558036725e+00,6.313305569214368695e+00,6.588167356286676934e+00,6.749688731763149541e+00,6.396552040326646704e+00,6.523731803970080456e+00,6.325891959019931399e+00,6.702738043680916746e+00,6.388592878685170007e+00,6.726145831093727878e+00,6.542394209097253999e+00,6.518909025148118097e+00,6.498979878818466283e+00
5.445332918867725525e+00,5.752628972203521762e+00,5.487068831936964486e+00,5.529634461443284188e+00,5.515345740110085160e+00,5.447152824422470729e+00,5.471098114569678650e+00,5.680520008538048060e+00,5.595161116376791810e+00,5.591073824367405187e+00,5.572855067569464360e+00,5.610532700060488764e+00,5.585914544532192494e+00,5.680440476011159312e+00,5.519318145715235602e+00,5.603897923556311333e+00,5.587995336058288132e+00,5.531904907039027819e+00,5.557688394457144909e+00,5.690268540834559019e+00,5.696073154644909486e+00,5.557257169289758991e+00,5.378600297926159790e+00,5.638674488130428486e+00,5.398144979746567707e+00,5.702993786446262980e+00,5.361260127335630621e+00,5.621299506185759576e+00,5.813707200656121010e+00,5.735064005687790178e+00,5.477470719116650955e+00,5.648920392438692595e+00,5.672600304716694630e+00,5.819677020031178927e+00,5.636579400736660972e+00,5.482802413569840105e+00,5.417502447817196476e+00,5.797640728899112972e+00,5.856313067105059389e+00,5.392377126986600544e+00,5.571117380241785710e+00,5.600227710335735409e+00,5.431174919980943372e+00,5.601717326109981521e+00,5.520263376141615552e+00,5.621118303549135220e+00,5.493224154594881448e+00,5.382172649681580268e+00,5.280538928259431941e+00,5.327981751361338780e+00
4.693456629680554215e+00,4.772705678565913878e+00,4.624117039140003271e+00,4.884847769223122249e+00,4.712689127098126818e+00,4.648651936158382902e+00,4.765133290497306717e+00,4.772780181495263285e+00,4.960917189855864606e+00,4.589100874695422938e+00,4.560005172994567424e+00,4.785157121941674419e+00,4.708832809802411035e+00,4.891927890564372383e+00,4.671970420432113080e+00,4.590979698662180475e+00,4.795850465885646230e+00,4.618528673301891985e+00,4.645670631140500717e+00,4.491668666734772053e+00,4.745042241882595491e+00,4.674628268591400904e+00,4.863248040888527690e+00,4.566142319157568963e+00,4.762573392517449378e+00,4.739077348107942456e+00,4.681343887245953184e+00,4.572732163500093705e+00,5.030597137003092634e+00,4.807424122812946621e+00,4.615991476365706170e+00,4.976436206029923426e+00,4.642170881437199803e+00,4.601211677167640346e+00,4.634740092292799041e+00,4.784649286867899143e+00,4.625043098500912109e+00,4.690736597850094114e+00,4.702136419885028396e+00,4.587217466044271497e+00,4.861341573666678961e+00,4.686859697143323622e+00,4.443536137122126028e+00,4.429732841311981417e+00,4.545205752081361794e+00,4.813367632273635621e+00,4.761076078268544620e+00,4.725073382655471832e+00,4.653737558818595410e+00,4.682078380796252937e+00
3.963757819553054951e+00,3.938719488452373518e+00,4.001978057159155000e+00,3.760825095800242046e+00,4.006200973589375991e+00,3.978208948431313452e+00,3.896092073617207330e+00,3.946695330999361762e+00,3.940913796587672824e+00,3.754929747332541812e+00,4.047651952882254101e+00,4.000686379130931947e+00,3.878860007242647789e+00,3.915807478247940843e+00,4.031111958169881326e+00,3.822057439599769513e+00,3.986528861939372170e+00,4.039936118587638347e+00,4.234917834254137148e+00,3.838414478247454742e+00,3.968938080603700680e+00,3.844024361844856852e+00,3.899664458985212523e+00,3.825838512799919489e+00,3.884866903616216671e+00,3.883232164300270295e+00,3.890600930281794767e+00,3.898229482128166445e+00,3.864078704438350886e+00,3.952968937455997089e+00,3.984995278622734283e+00,4.213660959316219312e+00,3.798383790213966549e+00,3.893197532196161159e+00,3.883614431583613857e+00,3.735446763336762732e+00,4.062540567797288560e+00,3.658856431486839256e+00,3.839357193516881761e+00,4.007272481008003595e+00,3.999776527796925052e+00,3.789497475526833803e+00,3.920118621340545229e+00,3.927793551599667143e+00,3.689586858013844228e+00,3.864454353031298695e+00,4.108338278121483889e+00,3.805385926883269931e+00,4.019180420889957972e+00,3.924137916350955990e+00
3.124863979524589830e+00,3.218972813845044634e+00,2.916470412578030302e+00,3.125787609960209767e+00,3.108063963693294074e+00,3.011853204881881574e+00,3.073846495306288951e+00,3.034819317881298772e+00,3.070187757067405876e+00,3.220913806482043285e+00,3.392810657371663652e+00,3.301962228392984144e+00,3.021071448912509005e+00,3.082130367833852524e+00,3.018879020168576677e+00,3.283935687200552511e+00,3.231261524950894692e+00,3.169462809799523662e+00,3.231540117302425852e+00,3.216370872245313262e+00,3.078496811086441909e+00,3.092305877759878641e+00,3.019218821544425779e+00,3.114094432779199728e+00,3.244090351574225206e+00,3.093525545485101613e+00,3.316930901143658961e+00,3.153015077130783883e+00,3.193121741319142615e+00,3.038455964762846850e+00,3.277319463133226751e+00,3.091619143518382185e+00,3.044530807580464238e+00,3.237074682888361199e+00,3.273639330955124827e+00,3.140720202224455804e+00,3.062923014725538184e+00,3.214370399920398302e+00,3.237081170963052035e+00,3.034584683368137803e+00,3.208920125361490072e+00,3.021013595781482319e+00,3.204265218709442919e+00,3.033803190307690301e+00,3.157347817645613564e+00,3.108555743149546746e+00,3.031523350008018980e+00,3.131769775633092223e+00,3.230577272902536379e+00,3.159561950173913392e+00
2.380739538868182681e+00,2.332187507461765730e+00,2.604043202767820198e+00,2.409624923954188258e+00,2.325487611927722131e+00,2.423143943023651659e+00,2.348831749803796498e+00,2.376700925522443608e+00,2.470962038702790409e+00,2.466446027537425145e+00,2.491879175966641213e+00,2.484136116197115829e+00,2.563511135894224413e+00,2.579849971494745375e+00,2.534233460325543863e+00,2.496074732238643623e+00,2.435619882243597267e+00,2.400974098450753491e+00,2.644273723353545158e+00,2.441830748996013156e+00,2.384859298141130068e+00,2.565200371921565914e+00,2.336994344921871303e+00,2.441337452280933462e+00,2.408332749493826697e+00,2.467782159042562373e+00,2.268213259127080939e+00,2.436803908053925660e+00,2.308085868271339436e+00,2.552897197628218873e+00,2.488404559999153332e+00,2.368515614298128291e+00,2.421582979331632579e+00,2.325211887728072302e+00,2.464472968032737743e+00,2.351957238716821941e+00,2.424244802055920189e+00,2.429860526001221821e+00,2.398602842979681959e+00,2.399542677212712416e+00,2.326767226748245321e+00,2.344917955966961287e+00,2.342425678845793335e+00,2.322813943183360319e+00,2.474580026709686464e+00,2.373130297141627043e+00,2.343341086075879431e+00,2.481397133144752409e+00,2.449950857611233435e+00,2.294435045767041714e+00
1.700237383670848423e+00,1.764546667029329940e+00,1.729052072463330925e+00,1.658403868487620558e+00,1.703126745172129031e+00,1.689696514885331569e+00,1.763932653319425503e+00,1.702815417399934805e+00,1.801088753860844660e+00,1.656196574720325332e+00,1.892877343366998311e+00,1.753712440222173763e+00,1.958951403300073002e+00,1.826985950961230287e+00,1.770641489021609116e+00,1.781374449215533007e+00,1.634530731482024768e+00,1.841003104886352659e+00,1.819064165624149521e+00,1.790803600038240795e+00,1.666979133367791466e+00,1.816409351270819927e+00,1.751713440689873114e+00,1.762687593242797890e+00,1.818501991989298849e+00,1.687637570392703568e+00,1.641748827847871128e+00,1.759912665758418093e+00,1.605673738689107566e+00,1.752225034371996948e+00,1.881343148211974459e+00,1.593530803057076728e+00,1.783165893258587209e+00,1.791209800842334943e+00,1.781706801155300113e+00,1.742364646578622889e+00,1.823285332441821227e+00,1.906449635365963236e+00,1.719440591462270351e+00,1.795757731848824257e+00,1.757597465869040532e+00,1.787591293351673771e+00,1.660344957092850127e+00,1.772374299962042210e+00,1.812608324034496787e+00,1.763317957426237204e+00,1.882901642937218734e+00,1.847324964400176128e+00,2.004747343765682199e+00,1.737769638405381123e+00
1.265913641769415232e+00,1.242356949991743065e+00,1.173832067818071367e+00,1.273105394900331699e+00,1.362981872376841208e+00,1.288027718811838973e+00,1.272614640284708498e+00,1.310577275118786522e+00,1.173187586660581205e+00,1.169447822324900743e+00,1.174167797919728917e+00,1.116034835877013354e+00,1.183200044659186378e+00,1.114807689908493105e+00,1.176360161220405987e+00,1.152470547376433618e+00,1.215372722044686826e+00,1.297882101677427125e+00,1.106396830130321085e+00,1.204029431579306531e+00,1.270510924284968146e+00,1.184948135055563734e+00,1.174997290205598066e+00,1.167462347171400738e+00,1.191701384483097259e+00,1.275315123187255484e+00,1.202426706117319943e+00,1.261895604584481578e+00,1.321974881191789519e+00,1.183908535742925983e+00,1.296720148899626501e+00,1.337128872077114394e+00,1.200473673920539497e+00,1.175622318064223792e+00,1.186763162856373288e+00,1.181268842870917934e+00,1.390296149576247364e+00,1.403176228777594847e+00,1.273327808405625428e+00,1.177712601085007638e+00,1.249670991963009570e+00,1.157680738536061682e+00,1.194334862859625979e+00,1.236411252560152274e+00,1.390591110783286233e+00,1.099889572641621571e+00,1.084276682169412975e+00,1.218245114985601285e+00,1.266756107376571405e+00,1.146461387578542990e+00
7.493007787021620514e-01,7.855983319866224335e-01,8.084009702014869347e-01,7.193151263804924422e-01,7.615287811778799210e-01,7.776586328119028391e-01,7.061219003994263499e-01,8.447138755920049480e-01,7.742814202061300000e-01,7.779381161235224829e-01,7.491794022395552588e-01,7.681474919778099597e-01,6.729790416728415048e-01,8.006395515186384149e-01,7.216846056612604698e-01,7.804486692250526270e-01,7.269312400709229127e-01,8.174801442720482925e-01,7.440689270654107235e-01,7.532662685434664551e-01,7.359151423921063140e-01,7.658762154617525519e-01,7.848165507209081682e-01,7.469562519810012402e-01,6.624757889785243270e-01,8.069129861013328853e-01,7.815029951335139558e-01,6.780800382395619774e-01,7.364371711960249201e-01,7.962836440924160319e-01,7.520159766049057115e-01,7.846963591041606900e-01,8.646735351832572913e-01,7.413351321532896110e-01,7.622216544388455972e-01,7.205431910259688655e-01,7.519276487619267479e-01,7.850985414339255453e-01,7.266431140476991013e-01,7.176965395766869982e-01,6.632480161363524251e-01,7.878052813677843824e-01,6.532572310147168881e-01,7.475727277279764493e-01,8.056086815514788002e-01,7.815549731452826610e-01,8.228353420273667451e-01,7.852246682041321701e-01,8.427826827521180952e-01,6.981324101489900791e-01
3.373598968703727108e-01,3.872204477638539477e-01,3.283740147471052029e-01,3.420843801415280883e-01,3.655384946070083241e-01,3.399647553907085840e-01,3.965151998365535890e-01,3.893210109114920714e-01,3.168801992856622451e-01,3.777580067008831088e-01,4.036980301981865638e-01,3.183814065874611132e-01,3.185285279010411363e-01,3.546404235508138214e-01,3.813568671603403959e-01,3.902419911743331138e-01,3.854027997600439348e-01,3.578000899942784807e-01,3.941551751973593198e-01,3.578336903558219650e-01,3.524137844599470326e-01,3.601524728832703470e-01,3.859738683216194510e-01,3.871578734845630976e-01,3.793599263142393152e-01,3.203079413537885389e-01,3.643329664205209872e-01,3.479578844560425877e-01,3.619522430154780146e-01,3.708538716656137879e-01,3.170681461683980684e-01,4.398931632302288675e-01,3.379769175564582562e-01,3.308446816980625815e-01,4.169519596888232593e-01,3.409041948689885970e-01,4.127039670085757561e-01,3.339854436484874789e-01,4.325611508706805886e-01,3.965614972580474018e-01,3.702803629490514781e-01,3.593226146153399303e-01,3.541309211632295839e-01,3.695579242117433827e-01,3.639041011830833061e-01,4.214290737518257002e-01,3.632364127980608481e-01,3.694070579732669501e-01,4.180090962645542918e-01,3.677327752341556510e-01
8.282253963799175722e-02,8.032017305507786753e-02,8.464957073373240160e-02,9.391666413231221366e-02,8.928126286544166290e-02,1.016350061199989552e-01,7.980402524158607125e-02,8.497108276693138285e-02,9.660662694825310204e-02,9.921577365099511214e-02,9.575237265662023267e-02,8.826432452679564000e-02,1.114508268458849760e-01,1.125838067045161484e-01,1.154245702059635281e-01,1.033334494146662952e-01,9.866610501093581176e-02,8.264832950323676430e-02,9.828887067077893280e-02,1.107276837314665335e-01,1.023062349666457038e-01,1.017645664524126359e-01,1.039081963890473581e-01,1.116890665572864011e-01,1.131339674925941619e-01,8.608226698939165644e-02,8.345213934735340455e-02,1.086775197627062733e-01,9.295021872576675337e-02,8.057606445569760745e-02,8.817208759269123952e-02,9.521349691108803304e-02,1.130091768236086841e-01,9.376505275842692000e-02,8.571386698331180665e-02,7.889329845640107031e-02,1.071593409237895644e-01,1.043224355977207807e-01,6.220955771309930049e-02,9.745039982805665801e-02,9.528121857266991235e-02,1.243277562476717418e-01,8.828762893015316970e-02,9.119559758401514504e-02,9.384534665263130626e-02,8.985675326395733964e-02,8.700807569701721200e-02,9.100478491129571079e-02,8.223382232844865525e-02,8.595158413247569462e-02
