4.617733365668937040e+01,2.406613539251426914e+01,-3.492567184619040745e+03,-3.640617260173439007e+01,4.550181565249401672e+01,-1.284755144386216585e+01,2.059657221709407349e+00,2.150751926439200190e+01,-4.358014106172129942e+01,3.169214323823906554e+01,-5.851590477526484335e+01,-1.339038214406472704e+01,-4.437119684199271319e+02,-9.778016747763241483e+02,1.321813654145923920e+02,9.586696679700661861e+00,-7.808243699902904567e+00,1.806122947168531923e+01,6.858544838769552143e+01,1.962610558732422916e+01,-5.923162022162506979e+00,-1.141975444935853403e+02,-1.848880058918190272e+01,5.675405305869644934e+01,-7.122311015686449309e+00,4.544707287769436732e+01,-1.039271657181741659e+01,2.168798717870622283e+01,1.750805588415782488e+00,-6.274016053198628384e+01,2.274188835444013890e+01,2.270347107390029606e+01,-4.604108019444191768e+01,5.027293318598430716e+01,-3.017416768092849821e+01,-8.446043942977502184e+02,1.355057506717972444e+02,-2.632963346409200156e+01,-5.210018448432081328e+01,1.653879077490717364e+01,4.068549263124388027e+00,-1.475099258886495690e+01,-5.830449881895246023e+01,-1.252093220019446740e+01,-7.828525615956200001e-02,3.942392636314007714e-01,6.256940458294697471e+00,-4.231241178047528138e+02,1.360575829646727897e+01,2.638256786003961096e+01
1.535428602808229925e+01,-2.487498750410648185e+01,-1.152114916614942786e+02,6.193247835316880412e+01,-6.057659705307356290e+01,-6.018759039794334242e+00,-3.449398467624966997e+02,-1.192513593624312307e+01,2.367818454905422954e+01,5.302918705364287888e+01,4.261483968051759064e+01,-8.857235668252572580e+00,-8.917099918890220067e+01,1.875500136028024656e+01,-3.863189233263451428e+01,-9.388191793900521986e+01,2.424260094288315770e+01,-5.565276328635099468e+00,4.933271752302894164e+00,-2.785766387662636512e-01,2.504381667381593957e+02,-3.328620080169777395e+01,1.488618394150913815e+01,6.790129265242693890e+00,6.349751885934836793e+01,-5.411855525879640361e+00,2.250188832049525089e+01,1.973589122566619114e-01,-1.887125821067417917e+02,2.926498509415423754e+01,-5.427355389276122821e+00,-1.772245963352467513e+01,2.372200326815855576e+00,-1.879054140082883295e+00,1.871181911257356223e+00,-2.958688047609872740e+01,2.623750591321725167e+01,1.944700273718243125e+03,-6.211347167512776934e+00,-2.308809422889255814e+02,3.519679691896658369e+01,3.185393485864829799e+01,9.256530991735102409e-01,1.252658094730447225e+01,1.040133554130372140e+01,9.311417666558147843e+00,-1.998980264780593075e+01,1.730622116308106939e+01,4.279040481289527520e+01,1.061370414641498883e+01
1.356256574386097391e+01,1.637064548854596069e+01,-4.309730993126647647e+00,2.439548334807902208e+01,-9.840679317371602508e+00,3.791342371565910252e+00,8.706790116556508252e+00,-1.102670147226167430e+01,1.277161084636039945e+01,-9.548633491146135910e+00,1.380194682646084630e+02,1.116975251640920597e+01,1.538911699722835920e+02,8.429646986375527007e+00,1.388368800831186967e+01,2.264464384675700614e+01,1.996039374265338751e+01,7.387595227159429179e+00,1.698259528291006148e+01,1.497624620254752301e+02,6.165004554046054963e+00,1.427691958446954231e+03,9.196384168995269448e+00,1.121601566251966631e+01,-1.810036702527804664e+01,1.181697001149579052e+01,2.977386970941081845e+00,2.142281665170826521e+00,9.470461001344716578e+00,-1.889283692635930656e+00,1.451768770570989098e+01,5.528650787417710490e+03,-4.011982311669837742e+01,-4.930195825601003889e+00,5.725463685621652843e+01,1.603996034282071292e+01,1.127429972726957885e+01,1.795024952928055839e+01,-1.119594319961385054e+02,1.334136257440225348e+00,2.831700610382777938e+01,5.463729219510715041e+01,1.712053296652125134e+00,-1.588710058099786515e+01,6.113450514733952401e-01,-4.238589081240822765e+01,1.682481158278531552e+01,2.077976161668885524e+01,4.244202431163263789e+00,3.161622221934441157e+01
-9.700832450423972020e+00,2.073156550072758009e+01,-8.726937235034145646e-01,2.239151677833164911e+01,2.948852173905655860e+01,2.705540695561307274e+01,-1.393352660410428996e+02,2.589631005753226134e+01,-1.628850823955591238e+02,7.987816452263840183e+00,1.030328559622202711e+01,3.414188726452536571e+01,-5.747971105529087765e+01,1.815785847009704668e+01,2.290142876911427194e+01,1.081041327204618696e+01,1.155508517840257321e+00,-2.581837350778151130e-01,-2.474974535423183681e+02,3.166934083152336754e+01,2.774955841450177374e+01,1.525148446974843308e+00,5.114742270890858578e+01,9.307947927726184290e+00,-5.955322046116236834e+01,-3.424883131598162933e+00,-1.482623217287529727e+01,-4.469712841898784705e-01,9.051350338311443977e+00,1.118955379397315824e+02,-2.471458806950770395e+02,-8.758281891247877704e-01,2.169977880370751322e+01,2.697476643553454778e+01,2.697933918494735295e+01,-1.759212195131009651e+02,3.476266685337316886e+01,-1.766116558400601093e+02,-9.022510511887370299e+00,1.439034488544244539e+01,-6.011753684096492378e+01,-3.654487102147869204e-01,1.354710396692264140e+01,-5.663860732359363936e+01,4.006699424351297978e+01,-1.186679421642237742e+01,4.092622531620087756e+01,1.724543687588089469e+01,1.004581283685316251e+01,1.125504795117383594e+01
2.688532875438055925e+01,2.866066729258159995e+01,4.066576783518210902e+01,2.378814560175857196e+01,1.125907592698826842e-01,3.780993193836611255e+01,-3.514778132925567888e+01,-2.735647023916646248e+01,-3.531424683171455570e+01,1.034035778495056768e+01,4.182980577710944203e+01,-1.027669466961478228e+01,9.420946303847181014e+00,3.559849822485401205e+01,-6.603927774824416019e+01,4.524391551923052646e+01,2.029594687859850666e+01,2.216836547684077274e+01,1.005844519343928489e+01,6.295256622600136964e+00,-2.502257446183004497e+00,1.357598201182479514e+01,1.160512245456598777e+02,2.520597901678072006e+01,2.809524452203477018e+00,1.410477140511455829e+01,3.143623378029363202e+00,-7.522606569566674395e+00,-2.766016964327858219e+01,3.725438389626739344e+00,1.009919578229007975e+01,2.901138844376656323e+01,1.228203400904073206e+01,1.754418982688117978e+01,3.917842386573835967e+01,-1.390110951544688334e+00,-8.483074730784363737e+02,5.581409280996826539e+00,-2.207531543890324599e+01,6.420427607591884112e+01,1.754794613349087484e+01,-1.715180880288906451e+01,1.358431664603074474e+01,2.501279583419978181e+01,1.478170627298051798e+01,-2.205338957544453748e+00,-3.370637356045612876e+01,5.049520893285395357e-02,1.087549474360170443e+01,-1.741132174191855952e+01
6.141938831184122982e+00,-1.021959909701293512e+01,3.816518061333479039e+01,7.343020323966466378e+01,-1.965696805857994605e+02,2.118760338772970542e+01,5.961760801185015168e+00,-2.750925932804544516e+01,-2.922852404337030308e+01,5.201985239394061864e+02,-2.061051742179551809e+02,1.371345327814795922e+01,1.695347076893747840e+01,-7.941006162643368782e+01,6.070811425850189380e+01,6.454822941474269271e+01,-1.605768154694562000e+01,-2.725206411985692245e+00,-9.561008965831007345e+01,-2.802402536796257237e+01,-1.318045972724848636e-01,-4.041426053444563138e+01,1.352794762302645282e+01,-4.054987063724974661e+01,4.280966012697258805e+01,-2.964448832583501030e+02,-1.531138437015060560e+01,-4.644486707536692016e+00,1.062714331429400749e+00,7.015833644040843531e+00,8.432182554231343374e+01,1.064638229700037542e+01,3.704106027496778530e+00,-1.089510396438676842e+01,2.514706635724389017e+01,2.236394581931621985e+02,3.767716863049590614e+01,1.945248659773216371e+00,9.250140752704030689e+00,-1.454573429345618507e+01,3.660293796291434365e+00,-9.750088970150599721e+01,1.569101960290742568e+02,-2.130306398597309414e+00,6.822757934440021188e+01,2.714203377749758417e+01,-9.473114648329181264e+00,2.408291590430552631e+00,1.492891647451825898e+00,9.946007328603820952e+01
2.743071111384733474e+00,5.565035966465314843e+00,3.509627641794350694e+01,-8.303172133488833140e+01,3.510482053513835154e+01,2.317244230851546849e+00,1.565764895756596076e+01,1.872919608226638033e+01,1.545249448123136631e+02,-5.357652768506140362e+00,2.062262487228250620e+02,9.263088367104032272e+01,1.395063648459674255e+01,-5.342876182862515577e+01,8.902841025322457469e+00,6.222289423384143703e+00,-3.506732757437570314e+01,1.160125130490112610e+01,2.087881125866405796e+01,1.244062501577865021e+01,1.505992991326536767e+01,5.216367065389749591e+00,3.295944938028515736e+01,2.788015450514499705e+01,4.616109307017893570e+01,2.323265085368265659e+01,8.910790132838579680e+00,2.358278213796802163e+02,-1.311107380628392960e+01,1.678096836880469622e+00,2.973654488156935471e+01,1.010376964843832770e+00,1.104431023311243365e+01,6.303545497570033973e+01,-2.875275193321748546e+01,2.243020045342407798e+01,1.724146950530105027e+00,-4.880393787374430303e+00,1.811405658220833770e+00,4.137964989743923461e+00,3.303190284012362099e+01,-6.675224490309322078e+00,1.605114501692445739e+00,1.800272393032986784e+01,3.927742541520115793e+01,3.229514456419094159e+01,2.409487981712680593e+01,2.899199076297525934e+01,1.551143470212404063e+00,3.796070404339184279e+02
-3.076033612509359916e+00,6.860761483420005469e+00,-2.564598523316244894e+01,1.824039896960899965e+00,1.002106370123952317e+01,9.221141265897750827e+01,-1.426856102534894433e+01,1.802123613775508915e+01,1.204887206054798021e+01,-7.292780105629645959e+01,-1.692513862102961042e+01,2.496126710448726360e+00,2.394118929510645533e+00,1.784388894406514225e+01,2.725378036294148210e+00,1.270405565562313299e+01,1.055192456322465766e+01,4.411347466187086752e+01,-1.114497146869706228e+02,3.223538768596681336e+01,-3.866662520041191442e+01,-1.578684300439839383e+01,-3.873408326758508213e+00,2.034834950696471267e+01,4.284427950357692971e+00,-3.167306374935260571e+00,8.012285812545366426e+00,3.939049753672097864e+00,-4.642738097611036174e+00,6.254295722801924029e+01,-3.002222294437435934e+01,1.556074865785624439e+01,4.580553512704765495e+01,-4.375273624988977161e+01,1.433448718497264629e+01,-4.872304864556331694e+01,-2.945247431152584916e+00,-7.217532648661748595e+00,1.221792268009569682e+02,5.048332845969600413e+01,1.769896996064043648e+01,2.981620848697773241e+01,4.865840526156219426e+00,2.438492490402654056e+01,-5.123694577272474682e+00,3.517814641953215471e+01,4.477822204523656069e+01,1.103276705651092193e+01,-4.282740610740867737e+01,3.151623468202427247e+01
2.238967392666532064e+01,6.944860277184828234e+00,-1.408396528872648901e+01,-1.864211755541693378e+02,2.250599196067875951e+01,6.914778828952041749e+02,1.453142247638828799e+01,4.090965791874316437e+02,2.186567920566961121e+01,9.924086104649076034e+00,2.896219345579582694e+01,2.257204476620744416e+01,-3.127624622292601853e+00,1.047168188120694907e+02,8.735803973849429838e+01,3.314496337091448197e+01,5.409681683741326408e-01,6.623854142801658895e+01,1.795612303621615524e+01,1.715267277943759083e+01,-2.200760465362381879e+01,1.292971448190508355e+01,-2.063608254790974872e+00,5.493364504267293391e+00,2.827602848846512362e+00,9.116828545133122574e+00,2.864843198146619230e+01,-4.412887383572068778e+00,4.290517040300167650e+01,-2.210148667420935737e+02,1.343610438688493502e+01,-1.430454295004827436e+01,3.943516036803454483e+01,-2.032149580017236090e+01,-8.809763981788746534e+00,-1.460216903212521800e+02,1.004464410130746543e+01,-6.928446285104650215e+00,7.679612431313540810e+01,-7.671319069913477051e+01,3.480754363934084950e+01,5.481071141956058490e+00,4.838466275475259692e+01,-2.003328866193470148e+01,1.544880706697610329e+01,1.648784749916172743e+01,2.526184448923412873e+01,9.698428332333628887e+00,5.026820246572665241e+00,-1.430690143434754269e+01
5.103296627556980880e+00,1.109631141964920786e+01,1.040286477835862833e+01,-1.686946887507422588e+01,6.620950826356785512e+01,-2.704992882804274359e+02,-3.202438804735145794e+01,2.626707593135543206e+01,-1.223076424704097676e+01,4.179862221475122652e+01,1.458674506363215606e+00,4.939483219148963400e+01,1.322337696925758621e+02,1.087974858075332740e+01,3.332383567133749835e+00,-4.382308741617079839e+00,1.785018903206534802e+01,5.277004621728615064e+00,-4.953608577432326854e+01,-3.944690099560052232e+01,1.494094206055501672e+02,-1.036619310518533538e-02,-4.128077202630868925e+01,4.553578075201042630e+00,4.799857898972333459e+01,1.647074891919601924e+01,1.925968595989576926e+01,4.326756414383810920e+02,4.523468055085209727e+01,7.723071136452576368e+00,6.738003148428648004e+00,5.860228819398201949e+00,1.052208689658471386e+01,5.794476321916884665e+00,1.551753105235818886e+00,6.292526784237882254e+01,-2.298086410049079120e+01,5.036610161675549868e+00,2.284456006053069643e+01,2.175760975985168955e+01,2.622750840205851830e+01,-2.149025930990706001e+01,1.372138048171435187e+01,6.174280713732506598e+01,8.541916351261893414e-01,2.336775383434399345e+01,1.300832496333340238e+01,2.767461968597627120e+01,1.496347868141806536e+01,7.731236564747579365e+00
-8.495260152703554013e+01,-2.002353310159761008e+02,-3.125246837773032027e+00,1.600549218134756657e+01,1.919525953512873429e+01,-1.728468086815778975e+02,1.720855184681595063e+01,5.723276510406900996e+01,-6.167043845489186271e-01,1.304995399956073641e+02,-5.036999231060814708e+00,2.607894174064789183e+00,1.549337374439671500e+01,2.092931478851082616e+01,5.281226193385196055e+00,4.267093243029548262e+02,8.315024609005138956e+00,8.108271220108123956e+00,-1.407285751357509662e+00,2.411953328661658702e+01,2.586845544257602381e+00,-8.907908217599363354e+00,5.617455465318709429e+00,-8.770600668305614533e+01,2.715229921681695373e+02,-7.172136037134774211e-01,1.172197219057845174e+01,1.639546660627841135e+01,3.621765023832898578e+01,-1.958850733753085649e+01,1.710675235854222720e+01,1.234243016373723378e+01,-6.222082891541683480e+00,-3.030442696068621444e+01,-1.851769452445671504e+01,-6.704718160333964505e+00,-3.590800713803211863e+01,3.346177795697717272e+01,-1.736817376876374652e+01,1.307976992442445408e+02,-1.364470865270770261e+01,2.483795554822536644e+01,6.708323616684296553e+01,7.453681439583134782e+00,8.027552618376631699e+01,-4.979528367333820427e+01,1.315198693121992335e+01,-2.670572794364062030e+00,-8.751422209379762229e-01,4.110847593513612175e+00
8.053713046730003322e-01,7.251802536261076959e+00,-8.071412336107827912e+01,3.021174416291053788e+01,1.829211519596163571e+00,1.496627193552562929e+01,3.600373031004393543e+00,-2.577216509535135813e+00,-7.344352255651335781e+01,-9.017908060218857713e+01,3.981815022494468082e+01,1.720819584890018561e+01,6.839608258198303758e+00,1.189647236298815258e+01,6.046454585750470123e+00,1.412531576347597095e+01,1.325994005296018763e+01,-2.766256481030704890e+02,-3.751434814641451112e+02,-4.207780813250959540e+01,4.169930861040227477e+00,-1.827596792749120169e+01,1.416204220625103716e+01,9.647138353170277014e+00,6.795132948073586476e+00,9.420986590518207748e+00,-1.012922352721432873e+01,2.040795315874447624e+01,1.760459363007968037e+01,-4.155887160831511218e-01,-2.567919098171654468e+02,1.859023910080668429e+01,-2.594008407258090898e+01,-1.644176383017655496e+01,1.976408179148047850e+01,7.157498220028043256e+00,7.884653950102149089e+00,2.744026736647499831e+01,1.142589873546211443e+01,6.524413161144257067e+00,-1.554468864790455314e+02,3.868410720118230284e+00,-2.810666088254239980e+01,4.315348449403168196e+00,1.062192950248376810e+01,2.040902024409727176e+02,1.655968979269089658e+01,5.472906091440346898e+01,7.992138527152996552e+00,2.068336003201551065e+01
2.885697492735759084e+01,2.408152965976008986e+01,-6.034920010038366200e+01,-1.014355718674937279e+01,1.173867282681160873e+01,1.853778830706619019e+01,5.331133392801108357e+02,-1.182810812758943619e+01,3.797541660397314445e+00,1.268637382788795520e+01,7.686241866005775414e+00,-5.836824097129285072e+00,1.139058180386372499e+01,8.386854660531373185e+00,1.146963425794348446e+01,9.823366567526610638e+00,1.362553261139391303e+01,-6.557365808803295337e+00,1.766669537403343071e+01,5.036778856090783130e+00,-2.467550698810143217e+01,3.767044035841894623e+00,-1.754023859547152142e+01,-2.485462378160622734e+02,3.828016892258077775e+01,9.145338451200521135e+00,-2.102030249983283028e+01,5.268921186464652351e+00,1.006648769591169135e+01,6.545835488801955648e+00,-6.239291204147476577e+01,-1.154330261140044200e+02,3.894400661446721301e+01,-1.223757737808762158e+01,-2.062827243827727031e-01,2.046075988695712944e+00,2.412829699335931721e+01,-2.916755609193204180e+01,4.005909172183695688e+00,1.406720943780239352e+01,2.835717665029791590e+01,2.691555794270126256e+00,3.228495238451171367e+00,1.335982379812126624e+02,5.296596951110744556e+01,2.806041783201116502e+01,-5.458879949243664598e+00,1.792397213991680260e+01,-1.071096979325258758e+01,1.108652842734295660e+02
-1.238321352972278966e+01,1.355948704548390893e+01,2.048985534512765483e+01,-2.126245922585196269e+01,-4.603807278097973921e+01,-6.276256000875745400e+01,-2.684478445259158264e+01,1.101153200195126658e+01,-3.034759856119361743e+01,7.944244800421486730e+00,-9.104530871571656192e+00,2.126333855263415984e+01,-5.800100373197075498e+00,1.569712531944671419e+01,-4.917089893269056233e+01,-6.474195457104177542e+00,-2.969376853829741236e+01,-3.023318263338600431e+00,1.359552844638192681e+01,5.601853018842631649e+00,5.173983752797109426e-02,-8.401839883946385257e+00,8.371047926898587122e+00,-1.380209887768275507e+02,-8.707694468763692797e+00,3.751441721137960172e+01,1.023159821472907360e+01,-4.743097661064143544e+00,5.418514397116034331e+00,3.393163879779874037e+01,6.049617646921517711e+00,3.031736766486119805e+01,2.924250843302068148e+01,5.365148928771276360e+00,-2.454298639388758829e+01,-2.282252348392010521e+00,1.425149819994308409e+01,6.354048317331420748e+01,2.959499340669462697e+01,2.864817153776610681e+01,8.914610879795883847e+00,-5.185176707707546129e+00,-3.933575311933128482e+00,-6.413997050539008704e+00,-8.903180805689271393e-01,-4.367019993218738350e+00,2.430254246332225421e+01,-2.009593658790848565e+02,1.997151878834755223e+01,-7.196947146307254073e+00
8.394807157004491671e+01,6.123025191691787938e+00,7.844346359800133506e+00,6.840713320476250914e+00,1.061467049903322390e+01,3.766728461085519797e+01,1.253812635470977455e+01,-2.562246453570683702e+00,-1.182532765094954215e+02,-5.151997411753941947e+01,1.164426972986868591e+01,1.284965397148454969e+01,6.614638387285601162e+00,1.658505282848617668e+01,1.058730122340193880e+01,1.395990041332239855e+02,1.077761880773637948e+01,4.758497761441448404e+01,5.453777281430017609e+01,-1.627556840816744810e+01,3.925796201321811907e+01,-1.215453738890024837e+01,3.636539111817609893e+01,2.419018681929046011e+01,4.072075512756230609e+01,1.485566297268806180e+00,-2.809947719268950550e+01,8.819089348483778679e+00,2.112459256078559378e+01,2.563763884876231192e+00,1.058963433856035863e+01,2.471100427422429746e+00,-7.540286008942435103e+01,8.612755133996712686e+01,1.015972202155632154e+01,9.266495394457665569e+00,7.857530772535594110e+01,6.444587459952216477e+02,2.956731418184218185e+01,2.470714068215362502e+01,1.527679980253239655e+01,1.315970113699086674e+01,1.802058810899591990e+01,-6.196553225946968446e+00,-1.051060388845078997e+01,-4.109721806322725435e+00,5.731786401055553881e+01,6.134711836701873722e+01,3.543270872280183337e+00,3.591980137093014491e+01
7.589827245376038256e+00,3.294427241948451979e+01,-1.490105326063241442e+01,7.082242468118710166e-01,-3.414080945378979237e+01,5.057476899503092760e+00,8.465091123012263097e+01,2.319206974660215526e+00,-2.692758743746216155e+00,-1.525710132453955303e+01,4.178404775002888982e+01,8.271041681784952360e+00,1.600586351558917642e+01,5.393873074259434297e+00,1.435933896448717562e+01,1.077567874173395879e+01,5.089378609435635248e+00,2.345218648844721976e+00,-1.744261110053836816e+01,1.683609521771848350e+01,3.487410130850746359e+00,4.906503167488941664e+00,4.529631690115753884e+01,1.400543405053785939e+01,7.817160107823225346e+00,2.075450299011315725e+00,-1.031745369543076123e+02,2.300462943275768168e+01,2.560641932923434183e+01,-2.302793832666307594e+01,9.104353864978044442e+00,-2.071038274441960141e+02,2.654045674938396715e+01,8.106759669721068917e+01,2.939428770113597711e+00,7.777154587759369520e+00,1.623105932754388903e+01,6.396161697387975131e+00,4.174639544879116926e+01,-1.453741850445693728e+01,4.683847451303406295e+00,-1.012091905756094157e+01,1.161010500378884025e+01,2.928055638566987895e+01,4.555708209204000880e+00,3.842061402537795090e+01,2.171540788385123477e+01,-6.099525292314069702e+00,8.330101359279042939e+00,2.180967723230811828e+01
1.137895583107608211e+01,-4.510529435636189355e+00,7.716109529064836181e+01,1.355588939346924882e+01,1.825743205877220632e+01,2.541421048215034162e+01,-4.419095654655628636e+01,-1.342638879144571140e+00,1.370182591566744001e+01,2.608464207717442029e+00,1.725218181693999497e+01,8.202362306144378223e+00,3.305596207570165035e+01,1.416219285262522121e+01,1.215581868170956881e+01,6.924292291302669433e+00,-5.541186584376216473e+00,4.598649253177952367e+00,1.299478660431501886e+01,8.875936547685451927e+00,-1.243267637843555349e+02,1.996431446877399196e+01,2.316352730611738409e+00,2.912005481002384855e+01,-6.192906639960091297e+01,3.440623960575766915e+01,-7.473671398522614417e+00,1.616276050386162311e+01,-1.654979001144221584e+01,-3.064312818874225641e+01,-1.436653712761334489e+01,1.336049077240470297e+03,2.064862275646459722e+01,-1.050022522308106545e+02,1.340596100397153556e+01,3.070186724331977146e+00,6.834896697452779613e+00,7.447965050979445500e+00,3.497883916777510649e+01,-3.910409004469548790e+02,7.449357413112247528e+00,1.147966425896180453e+01,1.493788481681823299e+01,5.484601789713576814e-01,2.540814097103575619e+01,4.806280164815527201e+01,2.627354469308228957e+01,1.552155466512924420e+01,-5.484592926981007821e+01,3.769989241669655655e+01
1.011009535793534653e+01,8.682755102514204282e+01,-1.239123542700591329e+01,9.661884117504930813e+00,-8.160836253023028064e+00,1.345072337727125955e+01,-2.024686722934621597e-01,1.571901797428037462e+01,-7.223778711186129158e+02,5.361975241902198519e+01,-6.940460739342606544e+00,-1.121027652859108326e+00,-9.669805434535014399e+00,7.225634745131947589e+00,9.563609121850568329e+00,1.861813362044619780e+01,4.159225731551347671e+00,-1.263048795021110315e+01,-1.899000285298101787e+01,-1.216606994498435341e+02,3.029843226930020172e+00,7.570469518287558763e+00,1.827019510083548326e+01,6.453800053027648254e+00,-1.503075779742764295e+00,-1.010970301323959042e+00,2.405038470304380382e+01,8.434832500999421612e+00,4.112727535442785687e+00,2.132094101168345901e+01,5.043969309730390904e+01,1.007929403193291940e+01,5.048442006100562374e+00,1.863178943224919237e+01,1.708561713403977933e+01,1.842454703008490924e+01,3.854469666608109524e+00,-1.568055266822237392e+00,7.421093336467180279e+00,-1.094054843162978408e+01,9.106826140403681791e+01,1.708372856748141899e+01,3.979098578006973952e+01,8.299989395745567933e+00,6.273964749127982188e+00,-1.745648693236172733e+01,1.279431333376063940e+01,-1.331573430513316580e+01,2.759743056373219972e+01,4.393226346446531316e+00
-7.283134156503503043e+00,7.334161054774497757e+01,3.559226056826621853e+00,-9.372896121491759658e+00,1.465052053320641967e+01,1.177047782283837840e+01,-3.860254866931370543e+01,-1.278782426609164169e+01,9.349764923279732187e+00,9.324195186030452476e+01,1.736142238642671387e+01,-1.674690842149636083e+01,1.608706079334032779e+02,-3.111603810045771024e+00,5.752982981896933801e+00,4.157085170289767007e+01,-2.254996857079682115e+00,-2.909141634559161638e+00,9.786103641780141515e+01,5.053088116848179538e+02,-1.778326947391184376e+02,4.039897351515758572e+00,-2.331405186298104226e+01,8.078369272952194535e+00,1.223917543734624136e+00,2.452593330449468922e+01,-3.532668320120002647e+01,1.342585034416729250e+01,1.099449506532293341e+01,2.279099487783859956e+01,7.806015633863583325e+00,1.170963970660725906e+01,8.410602238254739405e+00,4.228391409583574756e+01,-1.413556470497020934e+00,1.260277842762095268e+01,1.538629712618912748e+01,2.321478080297148239e+01,-1.404582881486728070e+02,1.229137774127796057e+01,9.612440899076258205e+00,-9.400362225903629465e+00,1.224089240152791902e+01,8.488911671485499966e+00,8.752259914030478427e+00,1.634388931462507966e+00,6.339969228120268419e+00,-3.941481092645633844e+00,7.300283181624998896e+00,-1.175006893477027958e+01
1.512893767410147738e+01,-4.539934287261078616e+00,-8.145322145137784631e+00,1.738045473489166071e+01,-5.715461158579131506e+00,2.630384270155281712e+01,1.766272192711275935e+01,2.766147376331389651e+01,5.859554878985131943e+00,1.694624064265480712e+01,-2.478851047605667990e+00,-5.744237985378524058e+01,-6.838511337843558977e+03,2.163600241258968992e+01,2.130903820553408323e+01,-1.810035048885870310e+02,2.577546334335301559e+00,6.482408028645277653e+00,4.600306394124571874e+00,3.713758592039474671e+00,2.096452900651024720e+01,4.122653771857557103e+00,2.587809556213163376e+01,5.436946257948862993e+00,3.252232339443096976e+01,-1.626301058502186647e+00,1.943929697855794458e+01,-2.718927431410109730e+00,1.125633035955806704e+01,1.065546694837667197e+01,1.212901695922758094e+01,4.457050238336453418e+00,9.472884010989421455e+00,1.070028937811003722e+01,-8.066959869050085885e+00,2.810027449426726420e+01,8.540062463652807523e+00,8.571250059981560199e+00,9.041947098015768347e+00,-2.157694878910688008e+00,2.236083311836414467e+01,3.677102598535272193e+01,-6.410152096786522868e+00,1.397503719322023308e+01,3.062037617122062017e+01,1.108417986040833192e+01,7.356428976676737364e+01,5.407921763937289406e+00,3.192653813849566546e+01,1.831473704435071426e+01
5.287714235476301639e+01,6.940116547465166263e+00,2.382732168508507442e+00,6.704361161836497551e+00,9.948496443239378095e+00,-1.741810473729153097e+00,7.193409348162361994e+00,-2.717653863891372978e+01,4.506097820992479797e+00,7.013978334120137603e+00,3.020677359338736601e+00,7.894219580224355326e+00,9.340034553425706321e+00,3.539939744065387828e+01,5.941115351040285475e+01,7.626315365343338648e+00,2.408121527931285044e+01,1.927491828030890630e+01,8.533587188435371118e+00,-1.944728800902034749e+01,1.073794545047710614e+01,1.116514554477993748e+01,6.145690274181057333e+01,1.331417612270921325e+01,2.270086736368389424e+01,1.324208323908566598e+01,-6.658403467238520612e-01,-3.095303789279681794e+01,3.363727051793030665e+00,8.303792071062789049e+00,7.498481178710941997e+00,1.024086951379341670e+01,8.069631772500777345e+00,-4.289410022870486117e+00,-4.637232841190760624e+00,-1.147068355103947468e+01,9.913359593777718359e+00,-1.655902035692467322e+01,-6.136976472374261249e+01,5.467095915658810590e+00,1.384530893145941910e+01,-1.526570725546168816e+01,2.671068039853946274e+01,6.297404430893423388e+00,4.067830623267286505e+00,9.548401906756263102e+00,1.197225775448543494e+01,1.491404552466080524e+01,-2.786709970969392658e-01,2.242708026355671080e+01
2.754876992645948164e+01,1.088765912768686484e+01,1.834980444185794823e+01,1.000597091462883093e+01,4.202254491991541663e+00,2.359705738435784994e+01,1.465186874104280612e+01,2.360403928154884667e+01,8.813308356259071275e+00,4.036107617248553936e+00,1.232904503965816900e+01,1.034410775456170306e+01,1.319875794432161165e+01,8.515764560930907834e+00,-2.522476785013171963e+01,1.785329039338908785e+01,7.849997744504745079e+00,1.098406963055828456e+01,1.430841723805578702e+01,1.119721364896690474e+01,9.479203346505521210e+00,7.819278589433699800e+00,-5.374684455621448365e+00,1.644742761612766202e+01,1.711034785360088861e+01,8.643614521368224501e+00,1.183069460973306519e+01,-3.804868312488606108e+01,4.206760156988403310e+01,1.265712087415074549e+01,1.334523427647179261e+01,-6.965849757646940255e+00,1.222493364841879071e+01,6.519904716236672115e+00,1.939384194580715004e+01,9.061210379311837926e+00,3.176890962501843774e+00,4.253828629889834900e+00,1.757379576262502185e+00,8.420852343843487020e+00,1.054266299160438223e+02,5.569417867838748926e+00,2.217681796422817087e+01,6.456660704973907094e+00,1.703051313170918490e+01,-1.632230858695068676e+01,2.855705112119816036e+01,4.065978662161509050e+01,-6.700800683087497767e+00,8.443944867741693727e+00
1.692147006981453927e+01,6.536282335232362684e+00,9.515652320232184991e+00,-4.825649973922011071e+01,9.273065341239316695e+00,2.200201276279397433e+01,2.876611855324738176e+00,1.733212881136252292e+01,1.296188431336276814e+01,5.992377217743990236e+00,-9.399643355787485177e+01,-2.198111691025384840e+00,5.793545814675571393e+00,8.571005428831160344e+00,1.532719825657366286e+01,3.074274320477596234e+01,5.416403549437264431e+00,4.905501751176197445e+01,-6.453556351842620886e-01,3.029621819247832804e+00,5.794651030410034487e+00,8.510314083839359611e+00,1.281337416563936671e+01,1.025775847042267408e+01,4.031956929357518504e+01,1.527371305178394678e+01,1.678405274028113459e+00,1.265614102180034592e+02,1.300558049167168218e+00,1.579647527067425905e+01,1.187896846093497771e+01,-1.083070768320176853e+02,2.757985681076300111e+01,1.308913041319116566e+00,2.099280554365004647e+01,1.248588227660900429e+01,1.029349001393116225e+01,1.967349002950111014e+01,1.291868914710760663e+01,1.813153848870819118e+01,7.491022466779849509e+00,9.203872591620578802e+00,6.390233324391906500e+00,1.510841718555625590e+01,1.208231646158425399e+01,8.846214069800025115e+00,8.179500327706083596e+00,-1.744089263079795415e+01,2.243407113335738856e+01,8.552514192575086938e+00
-1.278966629900516905e+00,2.198132746679512906e+01,2.392225334468762910e+01,-6.543898126963163975e+00,2.945093962400514354e+00,-9.855349374031601428e+01,-6.199875737665232833e+01,1.243061037102191158e+01,9.378645849506945353e+00,6.421792520320408038e+00,-1.012670200768986994e+01,1.527539837020796476e+01,9.539459691199965619e+00,7.958377481656357944e+00,1.488610190267983135e+01,1.852716022243713496e+02,2.272407268606144015e+01,-2.344003357975168100e+01,8.119520424289724758e+01,2.126963453934458403e+00,-1.801911838128834820e+00,2.030831171245283073e+01,2.834692962928695881e+00,2.734517712198735140e+01,4.172904662468169157e+00,4.839372373897501234e+01,-1.030383166599014189e+01,9.318280171906984322e+00,5.336416720660141166e+00,-1.240204224578715220e+01,2.344493313634534672e+02,6.205232759176783297e+00,1.504899764671650786e+01,2.546817749113726137e+01,3.878744426423168079e+01,1.467129882331139434e+01,9.911130893025484667e+00,8.236959359355711996e+00,1.611276028320543929e+01,-1.068007422043982224e+01,2.890195625944380708e+01,-1.684573419870814703e+01,9.791974800998975326e+00,7.970282360093345453e+00,-6.418559755186233673e+00,7.581370152625528824e+00,-5.727906588603802085e+00,1.158429161083714476e+01,1.433231140675490423e+01,9.122031684875445023e+00
-8.973371044791884188e+00,2.210877007700873520e+01,7.417867588156300762e+00,-1.032802988419452284e+00,-4.206406896168712706e+01,-9.490879150589625723e+00,1.132155115968445980e+00,-7.938995404917441601e-01,-8.840299109414601730e+00,1.177653361423217504e+01,4.350921428902471355e+00,7.556912323383755847e+00,-4.572466288281333391e+01,-2.354236239019860122e-01,1.273846699699126361e+01,2.565936631980991756e+00,7.070883567686427895e+00,1.308197088100699013e+01,1.349307011625824515e+01,1.009556886150208577e+01,5.857811174524961473e+00,1.226321409200250478e+01,6.279137241083714294e+00,4.250523350086958252e-01,-3.849583447899282618e+01,-5.922951324474288182e-01,2.036571040756956563e+01,2.645123634209037533e+01,1.342460820075308270e+01,1.435284260434880999e+01,9.683963532371560490e+00,7.626662671126501758e-01,4.768851560946612445e+00,-7.362746982629854386e+00,2.459194955183206943e+01,1.996076842304176324e+01,1.689707010235623841e+01,4.579341862246104178e+00,-3.167442780306060968e+01,9.090896339207274579e+00,6.616278860660315786e+00,1.137116304145734880e+01,7.422432501494971469e+00,6.452511265903682514e+00,4.813153381079835214e+01,-5.517866990697118013e+01,1.179499569045484186e+01,1.240655166584627800e+01,1.066373327132883020e+01,1.961339741858675723e+02
1.013144115422456970e+01,-6.462696937138422300e+02,2.941249638522359078e+01,6.008878381961145543e+00,1.020999225003489919e+01,4.378127613324332756e+00,1.076673166736196308e+01,1.756168759159156068e+01,6.512347060150279532e+00,1.042644405766773552e+01,2.362477924716000999e+01,3.881530437055459970e+00,1.552069418980022242e+01,-3.563851489380367443e-01,-1.614421010085827035e+01,5.671450835835363691e+00,-4.338739831267590574e+01,7.303045054537568603e+01,2.136722385898775300e+01,1.400134391939283596e+01,1.292806582786498204e+01,5.467278586656239447e+00,8.329809764742252653e+00,4.682668507750356035e+00,1.508306053262306001e+01,1.677849175423608017e+02,4.317334473940920070e+00,7.115117870274272782e+00,9.910910815397587115e+00,-8.744764221311685404e+00,2.278084010987214914e+00,1.339066531870705212e+01,-5.683977567539492526e+01,4.956358544509260611e+00,2.723106102142701346e+01,9.606585573820787261e+00,5.737358140056496580e+00,8.777490308943862729e+00,1.796120528161644003e+01,-2.173644281716873934e+02,2.744838471906340160e+01,3.667515657863982703e+00,7.525652354311730505e+02,4.195016460943023162e+00,1.365662556241637837e+01,8.184962126713175856e-02,5.190989426363581849e+00,9.875876204939890712e+00,5.904662946788133304e+00,3.180255862745352502e+01
1.386677432884847505e+01,3.039933277206270823e+00,3.201592187099508102e+00,6.794497129549686321e+00,2.389144990675288582e+01,5.508542327798622296e+00,1.099560406203645702e+00,-5.700853252697449136e+00,2.088851967519024200e+01,6.435807397014896125e+00,7.896312448890287605e+00,2.721862444961077543e+00,1.035230289962068539e+01,6.428777105460441454e+00,-1.999242714373906438e+02,7.264178079247437303e+00,8.500166293460400979e+00,7.978743348994608908e+00,-1.678467775848823607e+01,9.493238573616958220e+00,2.055426114507196900e+01,7.171322708088847264e+01,1.252565982786522092e+01,4.012021902884206526e+01,1.681838152681833787e+00,6.988007071325741393e-01,-4.229934550755324096e+00,-2.491495276246799619e+02,-2.099623026990020591e+01,1.438962866494946624e+01,1.942524474923748912e+01,-2.511621840177654974e+01,7.773781836537706269e+00,7.441060524763093653e+00,7.093283078303953104e+00,6.000989225836233842e+00,-2.558245401860322676e+00,-4.690394559856734702e+01,8.001581180602563848e+00,-4.327138035268878746e-01,1.281900271130160895e+01,1.743130705315324214e+00,6.816936492499165112e+00,1.199093051699086310e+01,1.028882536741697429e+01,4.646428973653835115e+00,1.310655723673286559e+02,3.750576366828875852e+00,5.436917105623413349e+00,2.274784125582686389e+00
1.368753370481823417e+01,7.032917764636062996e-01,1.702104389883525926e+01,1.238476584267651681e+01,2.838179282963074090e+00,6.467367001936951354e+00,1.035706295261170062e+01,4.710688560779064282e+00,1.210719216316889657e+01,1.075232658972121058e+01,1.329804094889936827e+01,1.510372605348490183e+01,6.769873296384251837e+00,5.556012112757911403e+00,3.579622950588658625e+01,1.928842224838577479e+01,1.292603628603206367e+01,1.030785596558169814e+01,3.103566561685904279e+00,8.828963641458248190e+00,1.640146683334240763e+01,6.341104976797839576e+00,7.117590228497530092e+00,-1.836527681024391612e+01,1.034578185667781869e-01,1.958390562859310791e+01,1.629561076631414451e+01,6.284769089686209398e+00,9.972144185922214632e+00,3.603545654791285813e+01,-2.629193466248938016e+00,5.889879394024274184e+00,1.063017656244561238e+01,6.674702881878263838e+01,7.993466361185402036e+01,5.478109178252039690e+00,9.849002466612938989e+00,2.659477897199368712e+01,2.028885311035422490e+01,8.189785841586525450e+00,1.030790026568223361e+01,1.336532455448016776e+01,1.999247708287255776e+01,1.552641239209663304e+01,-1.150732078031348138e+01,4.875847093311921121e+00,1.171739264305469952e+01,3.461053790559091681e+01,3.657002150902341953e+01,-1.815405862149918059e+00
5.500618065127142131e+00,7.367389659856579343e+00,7.091521056645059495e+00,1.459125236777454759e+01,1.965137004642040885e+00,-8.896954783819086998e+00,1.213132994122041630e+01,8.334018642166849844e+00,1.271891256264382264e+01,1.686647038857757019e+00,9.199259744073284395e+00,3.620456507775610788e+01,1.741861541733832155e+02,9.045850463357581361e+00,5.366217845904836636e+00,6.332613273352482253e+00,6.007622250265590047e+00,7.277085940889480575e+00,3.920075476535887837e+00,9.433005340656736237e+00,6.334925742702447238e+00,7.547852752656136310e+00,9.757716115423633596e+00,1.251204610978794918e+01,5.393688467506797757e+00,4.964598139158541201e+00,1.027016917732928469e+01,7.992213425787573655e+00,7.052218122514082310e+00,-2.547362831319013310e+00,1.061153750309938815e+01,-4.082597926638798391e+00,-2.328590076210707949e+01,1.662589572860856180e+01,-1.317250018795086852e+01,6.890341883190448158e+00,-7.223111967806588041e-01,4.322248998895799055e-01,-3.205510767633904523e-01,1.164983091181856523e+01,-1.565927967656558373e+01,-9.360092671866730996e+00,7.087360022549763272e+00,5.062448545287688972e+01,2.974329566198474772e+00,6.455547711247428211e+00,6.638491631587669417e+00,1.065723228491451380e+01,1.104249877640844346e+01,3.985201457009463155e+00
-4.893105540855572158e-03,4.281114034661717369e+02,1.434710756433556256e+01,9.796745800200657328e+00,-1.275119158548177900e+01,7.670116996409898746e+00,1.430704775107044568e+01,9.024655631198978512e+00,3.192406726399350081e+00,9.201119960943238141e+00,1.168303476842531374e+01,-1.041422728073061421e+02,1.656971253351169082e+01,2.023050208427866536e+00,1.145772508611158180e+01,9.204023785018305759e+00,9.884632393903931558e+00,1.034454085380190413e+01,9.643006096823270923e+00,1.038872247366968260e+01,5.715549173465347188e+00,9.258662689835441828e-01,2.117253635345252150e+01,8.061687740208187236e+00,3.897812558276658734e+00,-1.254501637536545999e+01,1.006846327292915966e+01,-3.615862505810908800e+01,1.331352463818853948e+01,1.983078720262552253e+01,1.087659382106146744e+01,3.073443778411942162e+01,-7.947158327985325288e-01,1.195764149805414078e+01,7.786548721099543435e+00,9.805207071646087513e+00,1.506002065086567576e+01,-3.004714647112812287e+01,2.622551831590075544e+00,9.598639845988319053e+01,8.438336445282036635e+00,2.916975860591056602e+01,7.727288221989434547e+00,7.110610705767430595e+00,9.083080003166237759e+00,7.783002305186445646e+00,1.184571782268846007e+01,-1.216707659731938946e+02,-4.005757076636490055e+00,1.326234196746329275e+01
1.123193266865168205e+01,7.802108165300628784e+00,2.356741657575817683e+01,-6.157461042877025115e+00,1.030910956853472626e+01,1.000100840177648465e+01,7.776257900222964814e+00,9.222868138333307542e+00,-2.809316007339312637e+00,-9.822702868427354517e+00,1.253627904938932325e+01,1.340566814964433284e+01,1.207593114954715396e+01,1.763324213190489687e+01,2.663451978618021343e+01,4.724481250925204989e+00,1.158694542079650525e+01,1.506807194714135534e+01,9.670914025038849005e+00,5.545407144329478122e+00,5.333187591181172849e+01,4.708083224361923058e+00,8.943672364110659245e+00,1.109858289451038083e+01,1.155811836766039136e+01,-4.023255598444431591e+00,4.881994929673755479e+00,1.518014104660504238e+01,3.945857785083256797e+00,4.078419281938407082e+00,8.375158665058574314e+00,-5.458427233791662836e-01,3.019525418779179127e+00,7.532666721652582886e+00,5.696199510125469878e+00,9.623617034891091748e+01,7.590844887055347101e+00,3.587543847667853214e+01,7.618658908082407422e+00,1.682947019357609708e+00,1.674028289492308375e+01,1.218315723983629617e+01,5.636219370053407118e+01,2.840533675710549133e+01,1.912537777951606444e+01,6.573706006153611447e+00,2.220185333722040610e+01,1.420636681978808724e+01,3.216343267050222998e+00,7.317643217110379794e+00
1.185826916232068839e+01,1.399252009570628175e-01,1.486585341993159126e+01,1.025434863823537057e+01,1.140964842630554301e+02,1.540875778482513425e+01,1.043119068450820208e+01,6.662981445202638575e+00,6.022933698888870140e+02,6.577627175475777577e+00,2.113341264397735486e+01,8.909740440390166327e+00,6.448246814210811806e+00,9.937968231060869684e+00,-5.985690689882428472e+00,1.476998750405134686e+01,8.348127212988582357e+01,9.942705508609076759e+00,3.251107843276372922e+00,2.829524734906698757e+00,1.368518986024435158e+01,2.949527191499619949e+00,-1.628849501167132674e+00,3.415715750961795472e+00,1.172307745683289326e+01,6.934606070066063666e+00,8.436591420546749376e+00,1.109450245029346327e+01,1.330791928911239097e+01,-5.962270685228461709e+00,-2.409558420530749867e+00,3.640544082692698424e+01,1.103760105526887614e+01,-2.201173782149523390e+02,9.539192873172403608e+00,6.846243489102969093e+00,9.659772373655297173e+00,1.367434335271189205e+01,6.902133126938998053e+00,1.378084200921219526e+00,4.459976823387223455e+00,9.252662349525239804e+00,9.087277340014077609e+00,1.363718164503033670e+01,1.172274293482280783e+01,5.351032220453117105e+00,-6.743889244243093550e+00,6.618320433421835958e+00,-3.595610161181942654e+00,1.657380002067008462e+01
8.760086481159589766e+00,7.945614667286984734e+00,7.508560971763914793e+00,1.140024562547865017e+01,-1.077519888195040743e+01,8.297443173989355714e+00,1.448041902084102439e+01,7.595472684333636870e+00,1.515648927249720401e+01,1.217382094336205789e+01,1.223610355286644236e+01,7.967839650553313113e+00,-2.070161710565454172e+01,1.087447340126295892e+01,9.697249647134498218e+00,1.809868147192578647e+01,-3.063072941422929318e+01,8.159663154564842813e+00,5.778468333388762090e+00,9.571794991217144499e+00,1.283660260727287117e+01,8.537537484339782878e+00,-7.112180006428456380e+00,6.988721635118960052e+00,7.616782976922732651e+00,1.212658099685718405e+01,1.938782794079585514e+01,8.220905374949669664e+00,-1.746187704087170900e+01,1.688123203674853201e+01,6.278964505479335045e+00,9.545517488721932509e+00,8.191273714075538948e+00,-8.892736230307795253e+00,1.994218317367803905e+01,1.153278214898585020e+03,9.179580394553426004e+00,9.594503550005628156e+00,3.923436482212078413e+00,9.579350766297293873e+00,8.300060577725732358e+00,-1.864731094791744326e+01,1.885241044561329815e+01,1.267346027802780206e+01,6.431093606004585794e+00,1.123413967707652894e+01,1.761153772400679074e+01,2.650507933776535907e+01,7.976606553146349476e+00,5.704083868664597823e+00
5.273821588397982651e+00,5.863830911532426526e+00,7.317837990485899446e+00,8.527812908023168603e+00,5.600156825290900642e+00,3.872820471410694854e+00,1.998585369060659644e+01,1.173703981815957675e+01,5.016688370512736306e+00,1.287134441530927553e+01,1.303051083044956293e+01,7.300000311730929781e+00,8.315967524941347833e+00,1.460505731250532513e+01,4.485075992760059194e+00,1.961024207429554522e+01,9.919228520138869243e+00,-2.270801408838131863e+00,9.920406072262313302e+00,1.367559021004999238e+02,-1.302004032725107763e+01,9.149323607634116229e+00,8.956364557730822185e+00,6.605528964787456658e+00,1.895986771247746006e-01,7.187040133894366356e+00,3.099313731464921506e+00,1.734981556448456885e+01,2.341480425820973821e+01,5.942754458359730485e+00,-1.758699365736852815e+00,1.302555757805290604e+01,8.136186733061370191e+00,6.073781057735613054e+00,-1.949563015252479303e+01,8.282794678528295762e+00,6.977401213652880685e+00,7.519463418550219380e+00,2.421072709497771669e+01,1.727371045991373144e+00,1.629534480001841956e+01,9.935414472749837245e+00,9.159627818684347389e+00,9.033222291783658875e+00,1.419738243347177864e+01,-2.630341829159878575e+00,7.088764836460947905e+00,-1.881726877493301142e+00,8.244513083697777134e+00,1.092676720537770763e+01
7.393807649703481033e+00,2.051902097040809991e+01,1.196552831911746662e+00,6.455297288536359090e+00,6.293257765032976181e+00,1.603509940841077608e+01,1.296869813618549472e+01,1.046931620239999283e+01,9.188549762499313545e+00,2.168751914488409795e+02,2.553907381628731343e+01,1.456953464314990221e+01,1.340638324199463582e+01,9.237439097399352761e+00,8.559024056191928409e+00,8.641391868633826689e+00,7.645570954199464531e+00,6.094066322603307384e+00,1.261158413506206166e+01,3.330771512329081752e+00,7.728252595775858325e+00,3.025428291607894060e+00,9.641899166875614213e+00,8.889068143337892636e+00,1.269129809997819613e+01,-6.213447536784868497e+00,-7.551804431088373804e+01,-1.208084391551531525e+02,1.250074844062016943e+01,-5.318331248870395100e+00,1.330903745899223445e+01,9.840504540520612409e+00,4.341469195071536724e+00,6.806592918673604942e+00,8.751204574441960204e+00,1.125456593366440217e+02,-5.853373716722619413e+00,5.966293688038851073e+00,6.818750151385157388e+00,6.262455541056622721e+00,1.211039619446948379e+01,5.746795525563546647e+01,1.112524069220348366e+01,9.579388717254710528e+00,7.032636111383870237e+00,2.397368969778117176e+01,1.453692127608005933e+02,2.139500082178129858e+01,9.732916057713069335e+00,2.708977895015122428e+00
9.967156089668570473e+00,1.209343624413750007e+01,5.568703350702993049e+00,9.762652399511411616e+00,5.932054340099186085e+00,2.357091537360082256e+01,3.845665515247075916e+01,2.581367418454372498e+01,1.084272086912555011e+01,9.780706022134461719e+00,2.251652706289960193e+01,1.976713765241562371e+01,1.190714805551770894e+01,3.618169463173339095e-01,8.539370359344559347e+00,9.452354167285307085e+00,1.158725994471381959e+01,2.033618480896978298e+01,1.180562932387862318e+01,1.421412925708439268e+01,8.964117666656235883e+00,1.232557590041527895e+01,8.746586150153110140e+00,7.240424477669984427e+00,1.006605339108366515e+01,9.659540253046525748e+00,7.439813030504374147e+00,1.072663309644183727e+01,2.754380527131979672e+00,7.042309615679535284e+00,1.864418462923977282e+00,6.387581176990722476e+00,1.281403547557122558e+01,6.353631485352665642e+00,1.613736519893317833e+01,1.587517012113313797e+01,9.315325037900327843e+00,7.385534741281127857e+00,1.312359490472570478e+01,1.638580743591530009e+01,1.167959217334142430e+01,8.035180098702245033e+00,-2.936767150251122516e+01,2.056221361315636997e+01,-2.300091278697522057e+01,6.210327975112079457e+00,2.052516694981384049e+01,8.631123585333103421e+00,8.036630213080098173e+00,1.954938261601917304e+01
9.359504560749046576e+00,7.103752534134497587e+00,5.564314605597739494e+00,9.753054912110600938e+00,-1.216466301587131760e+00,1.013798024004038645e+01,7.479932954997017269e+00,1.286072782232434264e+01,8.872615817638980218e+00,7.569987442209049178e+00,-5.172319081491711934e+00,3.767471790590278857e+01,8.130346540968364621e+00,8.618093081216423812e+00,4.175611214091753176e+00,7.604318496335618960e+00,1.528179779102372571e+01,6.768323332117484270e+00,1.056853324503153146e+01,8.946162012919842255e+00,2.196348444948963419e+01,1.004603178684996934e+01,-2.620693921184939601e+00,7.667182635103204191e+00,1.259704912680836131e+01,1.391964352101194891e+01,8.761802456009414541e+00,1.405394420856646320e+01,8.107425840281365481e+00,2.964296486056799740e+00,5.027508409482203788e+00,5.786195123192469758e+00,-3.492324559063483491e+01,1.006074744395293408e+01,4.769621505856308730e+00,6.650817976999528369e+00,6.916375343024784961e+00,1.399031269391327825e+00,4.272934279566387161e+00,3.953602711654025992e+00,-2.293896148349419661e+01,8.184905741216953245e+00,1.245205970940038043e+01,8.306315277003951891e+00,4.485644318832132171e+01,6.530026676081521764e+00,-3.269693111601958080e+00,8.638275160281152054e+00,1.125309342531984313e+01,1.189944647382093601e+00
3.232443136946299944e+01,7.465772117276866737e+00,3.623961921672622211e+00,3.279811663383971165e+01,-1.226575890313425621e+00,5.604336487486986762e+00,1.672953217329030906e+01,1.237581382018053766e+01,-2.211490892697616673e+01,6.315260929364558962e+00,9.666143429992466451e+00,5.393739083399059275e+00,7.474309476635667693e+00,7.537522626826358874e+00,1.647679348741693417e+01,1.026453627957280368e+01,4.583467541511237364e+00,1.177657906064192161e+01,8.288154823281566053e+00,2.247735469904227568e+00,6.972845086901140910e+00,6.736887339580814427e+00,1.227068617852567201e+01,-4.107606746861581115e+00,5.574239731627900873e+00,7.636223688025287615e+00,7.922038169031977439e+00,1.610166037170080600e+01,3.695249701058735958e+00,4.890332365695882366e+00,1.984460369283889491e+01,7.438566380313696991e-01,9.556715910786946822e+00,1.632961665490594072e+01,2.739970463455759742e+01,1.335218389218003621e+00,3.127220123825792619e+00,3.421530853937556849e+00,8.748222671218570667e+00,7.562566995106976719e+00,8.090404290484183747e+00,3.984251218859470089e+00,5.469980083384113456e+00,6.121894907086894655e+00,5.259631033960718405e+00,-3.530262420941491897e+00,2.416875587127612413e+00,7.471836036570876693e+00,-8.348276059304802210e-01,9.301588198579926470e+00
-1.126798782687167204e+02,2.587443397531953959e+00,1.168201102374888301e+01,1.698961409601977168e+00,5.727764526357083774e+00,8.927343993302521596e+00,-1.381262438915477730e+01,2.935960526729547215e+00,5.641994443688657768e+00,1.265934941030851490e+02,4.921002278066949565e+00,8.969290632586368162e+00,9.079460495009477938e+00,5.545602192110983708e+00,1.344558870037744880e+00,7.659393966822584332e+00,7.266215090698092460e+00,4.975986500172321136e+00,7.854362145177531396e+00,1.412503275340434605e+01,1.123116900921029604e+01,3.783324113269928546e+01,6.981585790654902368e+00,3.941247433353633145e+00,9.214505244857502220e+00,8.215227433131733648e+00,3.274800712587287332e+00,7.131724392889956299e+00,9.857345233721627409e+00,8.171943576683208477e+00,6.444884566179810648e+00,3.028854883298566669e+00,5.594292666574395945e+00,7.194389222969986619e+00,8.799932101321395805e+00,1.108450504369282363e+01,8.087261764595533364e+00,1.300728249090996336e+01,-3.779668118204000837e+00,6.510768331651106244e+00,1.738792118566797384e+01,5.219088224150968180e+00,6.872739345544169431e+00,2.305007938414775914e+00,1.146194273506710104e+01,8.416412119437804984e-01,5.812806789314416633e+00,2.236706900293496947e+00,6.757128458344248578e+00,8.049536056218657976e+00
8.262688243134970634e+00,2.245321145644521010e+00,3.742372970211207530e+02,-1.020812903189710497e+01,1.694589682918294926e+01,1.256462622350193747e+01,9.168098615259690831e+00,7.488471477128191722e+00,8.191466284613037274e+00,7.601003301863867634e+00,-1.440063377918125198e+01,1.608261477882650325e+01,1.578950998581762022e+01,3.712549057534651098e+01,6.359691481449579520e+00,5.868702432331194707e+00,8.111390294722507832e+00,9.996604482434111816e+00,4.644510188876965096e+00,7.519195057039421926e+00,8.586326170216915799e+00,5.830201474016869057e+00,2.731617331658173331e+00,8.288530532136697104e+00,6.076418829315283432e+00,8.364154971446563280e+00,5.099649042586548831e+00,9.703751575985300803e+00,9.160692921912151121e+00,2.676746826454255324e+00,1.577030769916011366e+01,1.633030536039872160e+01,1.109162469818844698e+01,1.007435638142717060e+01,3.646904301960766315e+00,4.624417900101850165e+00,1.058193695416455782e+01,7.944705735681469427e+00,5.821953957943481583e+00,8.403311895408945631e+00,8.612157103327998442e+00,8.732765306002072236e+00,1.249565438635202241e+01,6.918693217774759319e+00,8.602370297932779408e+00,7.648097795503878693e+00,1.402915541923297127e+01,6.995905779060688445e+00,-2.231848771522213060e+00,4.984854963181505560e+00
7.152981209016903819e+00,5.848001699970776457e+00,5.358106068039835357e+00,5.602455385787926012e+00,1.448497175300843232e+01,9.950145771219229829e+00,7.296123022174100470e+00,3.504791140715213249e+00,8.656486927799813103e+00,8.369851898881851326e+00,4.830582804580402900e+00,5.278308328293045548e+01,4.084716873379912627e+00,3.050438472637305054e+01,2.152910814845362495e+02,1.147764746349535514e+01,9.128121178439750238e+00,8.740408369914169029e+00,7.204614295513411371e+00,8.078132480884320898e+00,9.140510452672160113e+00,1.244538917247911947e+01,8.301320557481343343e+00,4.283392449217986453e+00,-2.923209261125215175e+00,8.884928948773779922e+00,7.424747625894362102e+00,1.390491398897630226e+01,1.020820527636296582e+01,9.485239780752396044e+00,-9.677966760523101897e+00,3.942348562486591934e+00,9.419792149176858587e+00,9.467972284180893539e+00,7.472365528152665526e+00,7.671283315152216176e+00,6.124614946383564629e+00,-4.127687981440087306e+00,-1.470160935501104937e+00,7.857617241944682362e+00,-1.171126062464928808e+01,7.212025192456628098e+00,1.005144797833046866e+01,6.157014214833246513e+00,-1.207534798364131206e+02,8.010309028874152304e+00,7.055888931073639014e+00,1.771218640680013445e+00,2.001547797147909691e+01,1.123238190341726828e+01
8.148099548228321609e+00,9.188442164859585759e+00,6.167094991782381186e+00,1.137875243058851105e+01,8.690965835668244210e+00,1.120712339829830206e+01,-8.980283195494507709e+01,4.767239703813721974e+00,1.146186398424966946e+01,5.825893157592058280e+00,8.139341383875756009e+00,-2.413882253795437194e+01,1.384478272816098476e+00,5.895293012575385738e+00,1.149540326128892964e+01,1.389615403299552909e+01,3.631004425271237235e+00,-5.432838476181996334e+00,3.319495182333252359e+01,3.585834026917170680e-01,7.152464474833328367e+00,5.017965206316970850e+00,1.596770874966980536e+01,9.948610395588520561e+00,1.525581858564014937e+01,1.000373875149717762e+00,1.577987375127631786e+01,5.972346305804626887e+00,3.937807550140773660e+00,7.223298667744759705e+00,5.701812887928209506e+00,7.136996822109660243e+00,7.340914552553609695e+00,9.007787245518834141e+00,6.108552618983146054e+00,6.215707817610456765e+00,1.553950000330468697e+02,1.012168696829556680e+00,2.842082010603687436e+01,8.250204906329393850e+00,5.489541914498290431e+00,8.302878054246427553e+00,3.365081704832578069e+00,1.060340026573379291e+01,7.414501608945211153e+00,5.666308276039730529e+00,5.536836203753614072e+00,7.912544280812785935e+00,8.141855095370953421e+00,8.894111049174332706e+00
5.027005144401482717e+00,4.920642595490121174e+00,7.840627741394313510e+00,8.977589711262714545e+00,3.994380450038425234e+00,7.247084143416640423e+00,8.613804934939778946e+00,7.606872695153044539e+00,6.858655243004211144e+00,1.503022323580128017e+01,5.706600526977206655e+00,5.057275368813894723e+00,9.732634786194887866e+00,7.090004962220021412e+00,-7.315686715670791784e+01,6.877092295153547141e+00,6.920242819863239525e+00,7.372309152559742174e+00,2.116267944534395440e+01,3.325941788918507225e+00,6.389477430323059259e+00,4.041256482077437084e+01,5.092962650295540961e+00,5.417016463533652626e+00,-1.024685933397826654e+00,9.205965943969086851e+00,7.824524914774657169e+00,7.889143885989220450e+00,5.837233125209689177e+00,6.468247113028510853e+00,5.924278192806013976e+00,-1.369163861483160050e+00,6.694430465868963509e+00,6.242260708465219743e+00,6.772297494312638833e+00,7.260255589628860085e-01,2.898862343793510821e+00,8.982121808840227928e+00,1.827462492219936951e+00,6.408804469457030528e+00,2.284260358708179783e+00,4.949899584305693878e+00,9.076858009015136730e+00,7.195095061275808668e+00,4.687398885587884756e+00,-7.975121072452178161e-01,7.465561217341619482e+00,5.071168715029252816e+00,7.187287963106875566e+00,9.839026611921504184e+00
7.730626385819029167e+00,2.793911461301624488e+00,5.851939612350850695e+00,5.234928013287502679e+00,4.699095299915641988e+01,2.571225803888270267e+00,6.083878716016829280e+00,1.563546920408457908e+01,7.277922700542939438e+00,6.631149692669328743e+00,-1.567487072613716848e+01,-1.087937152384806083e+01,8.094687928450264636e+00,6.244375155575551339e+00,5.164700773581305526e+00,6.808212591366681110e+00,7.899534293522423312e+00,1.181443456481909138e+01,5.777524527626579420e+00,9.290009402165892993e-01,4.947646828830168708e+00,1.103318772140470649e+01,6.582557740416305592e+00,1.241942552765022789e+01,4.319413523317746417e+00,-4.094485028145729011e+00,1.332769768982769598e+01,5.763643707986349646e-02,8.081637842476348865e+00,7.777237539024159929e+00,5.069873825809806611e+00,7.582907352686715008e+00,1.129442839567657586e+01,1.302354723896907629e+01,9.279102856692031054e+00,6.687803028406884565e+00,8.351791369215987970e+00,1.107143619374287979e+01,5.914774602950957139e+00,5.405800723553382703e+00,1.227201097553036391e+01,6.047690431724014992e+00,8.377209110634490585e+00,7.722920490264603366e+00,7.572035717073423378e+00,9.324807648849693820e+00,6.961600975748797104e+00,5.265104139536052941e+00,5.832854950831597662e+00,-7.009886035227818724e+00
9.691452648219888388e+00,6.604744627128504852e+00,5.795520317697193668e+00,-2.235525805777529129e+01,1.264024815526922474e+01,6.889568750905464611e+00,1.009692224206958500e+01,1.004920533091573454e+01,1.553465873955189558e+01,9.571953050385674899e+00,-1.017497870605522614e+01,7.880796420559950555e+00,9.773998323701658109e+00,1.673133419928261389e+01,-2.990219963679305692e+02,5.753939074735402670e+00,9.620595653894651988e+00,1.680661076058849446e+01,7.179391633047733201e+00,7.260257516406845468e+00,7.284474440787170657e+00,6.837063683629198252e+00,1.025930047787492860e+01,7.238554419185478928e+00,-3.134724879523555607e+00,6.904754884278863081e+00,-3.727649791277952772e+03,6.763746555101528557e+00,7.812357547252751111e+00,-9.832851570099883531e+01,1.011669442181910483e+01,1.357055937795216716e+00,-6.655154235469968871e-01,5.166495594917531520e+00,6.735418237258373075e+00,1.084002313516862692e+01,6.623618480575343526e+00,1.971126316826421387e+01,7.853213293813491980e+00,7.441211281384792819e+00,6.173174632254754712e+00,-3.184925586630770766e+01,-9.989550827737165406e+00,-8.072726606122876403e-01,7.607618775880045092e+00,1.229896587916161899e+01,7.969131074689006944e+00,2.180832215135148466e+00,8.527093836167647822e+00,9.154458253954455671e+00
4.498006241653881965e+00,1.401109565869173821e+02,8.636848115189998509e+00,-2.146972965662874877e+00,6.585684244509580232e+00,5.935620385606334537e+00,6.928171994081846918e+00,8.201132775421944743e+00,-5.893600751879063404e-01,-3.413739548450760886e+00,8.371789818319408383e+00,6.577776495089236342e+00,5.324603556836526863e+00,6.134703170976845144e+00,8.270160166236061983e+00,6.167889794533529368e+00,6.872100494709211027e+00,4.969948600705696329e+00,2.542255776564938330e+01,6.877153779235854358e+00,7.106636802323653690e+00,-1.754053007493439225e+02,8.643718460278758897e+00,7.230517879493488564e+00,7.680011856468613729e+00,9.601868012919830164e+00,7.316234352720437428e+00,1.641020729620997542e+01,7.142839401453549009e+00,4.936045269666251123e+00,7.744813792289057197e+00,6.870974474338895632e+00,1.055462542157297179e+01,7.266046216190895635e+00,6.867624678304890651e+00,-4.298749090343220836e+00,7.474664631877229404e+00,-2.204476347337459075e+01,5.925425173301537285e+00,7.911541928401777390e+00,6.146837666609195949e+00,2.989053022556223294e+00,7.624777657490824367e-01,8.416989470819039809e+00,8.495358968114254949e+00,2.041413148830360846e+00,7.388551587570659329e+00,9.037064580578038075e-01,8.449177441678974887e+00,7.677601008685367212e+00
6.874611813359515544e+00,-1.674669794390928557e+00,1.094088299097702155e+01,7.926298655387961745e+00,7.349986670161097635e+00,4.426789952774401016e+00,8.177017174630998753e+00,8.114357327277902598e+00,4.722008241604379819e+00,6.764120223598450998e+00,9.942199181894745053e+00,-7.944446037457760568e+00,6.848276791599326785e+00,5.470195136504308664e+00,9.804812575525190255e+00,7.550794172703357177e+00,-6.082519427323415329e+01,8.928862338378761976e+00,3.395747705091527457e+00,1.358417987299945295e+01,8.427186950402180798e+00,6.675991755080748824e+00,8.536255674101887791e+00,9.532634818215525385e+00,1.633024374348285335e+01,2.150273853201662888e+01,7.680783919052210251e+00,1.788001502714116597e+01,1.283218306647671270e+01,8.004551996195738539e+00,7.887799697580425429e-01,1.370380668875860053e+01,6.617030369520493061e+00,7.192763440779819994e+00,1.724018003603641702e+01,7.487138348113279385e+00,7.181060215899519150e+00,1.360512145063577982e+01,5.119819055939068164e+00,6.086141398029224270e+00,6.534448647311764446e+00,7.182145284425448750e+00,5.611736451554724781e+00,7.243125746037142321e+00,8.512545526888628089e+00,8.815904249883683708e-01,7.685560213549812225e+00,6.423153647199710825e+00,3.123319413103312403e+00,-8.433428634830628212e+00
6.575954115756312390e+00,8.004398273707924449e-01,1.182260503120372164e+01,7.857394719115676551e+00,6.975424585590043414e+00,8.388098818406163559e+00,5.540901466741362746e+00,6.465334235698831478e+00,6.571376833064900502e+00,8.782434898009256585e+00,4.465786970883269369e+00,-1.334289239465768384e+00,6.853503621590498085e+00,9.696143939098504916e+00,1.226944570556712932e+01,4.965080584848119649e+00,5.409878566257424026e+00,2.833277972690282098e+01,1.205143405384989919e+01,7.980365573741969420e+00,4.757795227087163070e+00,1.300778451290545945e+03,1.018987335239306846e+00,6.590554426952765610e+00,1.706839874371524346e-01,4.731453468152006181e+00,7.498756604644799317e+00,1.200496048184979792e+01,6.336715871136205713e+00,5.492442148416542658e+00,4.718303367037082197e+00,1.756717176285389925e+01,6.829160304106175694e+00,1.092376871923359261e+01,4.312623648779332797e+00,6.751294577399966634e+00,5.916744255088656423e+00,8.565642677356498425e+00,3.823373125043912779e+01,7.499135695271147206e+00,7.401560177014427033e+00,6.283013402654768598e+00,7.412723413217081614e+00,5.580488695350063644e+00,7.207871927050420346e+00,7.067677993725739682e+00,7.592718006807602116e+00,6.045761585807666982e+00,8.309959147422045334e+00,7.755627579785565828e+00
4.884261053398168073e+00,6.284162481206034379e+00,1.636688514410642226e+00,5.902552358364702378e+00,8.377398267082448058e+00,6.225438590880210121e+00,8.672055969866665492e+00,4.206233359289488938e+00,7.514516000673054030e+00,2.699600114512519244e+00,3.013702553775427262e+01,7.865490163129471135e+00,-1.591115182586471803e+02,7.536856968451283834e+00,7.911626938270923226e+00,1.097628604012269271e+01,5.185966805676939018e+00,4.902601107328447227e+00,6.656236879372405824e+00,1.775245235173448899e+00,5.086166794236032906e+00,6.705892341845506976e+00,6.550634690527926907e+00,4.743401615730305387e+00,7.494720757862568306e+00,7.589487028725545592e+00,5.032866154660277758e+00,1.914427987518208596e+01,9.407063103976419427e+00,5.356997930283799114e+00,1.548874474119725164e+01,1.108721527908326898e+01,2.423787951397943630e+01,8.671554437483337097e+00,6.737353254487923770e+00,1.865532808243737861e+01,-1.292212175401462382e+00,5.792328198758895041e+00,4.410072717724591307e+00,1.165415563828744361e+01,5.574206784926075464e+00,9.455683833556102869e+00,2.833268942128945311e-01,1.098889583626536925e+01,6.848489115765699076e+00,7.530573821658666844e+00,7.428869754963828065e+00,7.755805299404165964e+00,-1.082503846326712882e+01,5.959691360821479655e+00
5.848700723551308656e+00,9.363261117398643307e+00,6.230240589716948385e+00,8.564101181291400522e+00,8.311859747196322701e+00,9.247166387762355555e+00,7.531272941470194660e+00,6.079450116314808028e+00,-2.102700401919546103e+00,5.658125422593053067e+00,1.683427582965298797e+01,7.489329370635760874e+00,5.683877115847269401e+00,1.620777647758371032e+01,6.427166325030620797e+00,3.183192703881893237e+00,5.065889832755886779e+00,7.295672003093104152e+00,8.530137781721743195e+00,6.040868425572658573e+00,-1.685676820384842145e+01,3.411199448488200225e+00,7.316467272766398189e+00,7.174842990427851674e+00,7.123956951729846665e+00,5.959131201318493609e+00,4.180942239159274543e+00,5.148889368931053312e+00,8.660324346588067712e+00,4.676178869043896569e+00,-1.184631531885422184e+01,6.719537823690797218e+00,7.122033343624214474e+00,3.515009197738204971e+00,1.604953165288465655e+01,6.695790277050625683e+00,5.154594707852372615e+00,7.803981718156227210e+00,5.276459577431350745e+00,1.580763951311561000e+00,7.124128000778822134e+00,8.622124793985028290e+00,8.106346393224129088e+00,4.607372910840333624e+00,8.578198729170503967e+00,5.028465080082828997e+00,6.079528650047423710e+00,5.931964348470939008e+00,6.563748102212936253e+00,6.405869613733912615e+00
9.190646649954436143e+00,8.779606649545065977e+00,7.275928172135952110e+00,5.703488078825159846e+00,5.579739505408610967e+00,6.357423632102718436e+00,6.500716238895092758e+00,5.530064031653746603e+00,-4.058687399625653391e+00,1.173292741316265797e+01,6.351057617931495258e+00,7.658826968030239435e+00,2.304194934790565252e+00,8.001729041993915104e+00,3.098323285011046480e+00,5.374379663630639570e+00,7.344723995478344314e+00,6.035910424342450398e+00,4.541858922210356475e+00,4.385945243604692401e+00,-6.463753122586100019e+00,-2.790894519960550824e+00,5.998840552563855510e+00,3.166155528736272817e+00,9.757919004616807612e+00,2.775210024537593245e+00,5.516787899525676941e+00,4.835567581440251672e+00,5.433140066506111587e+00,1.123175649402525167e+01,4.590293283066028351e+00,1.273828432047278625e+01,8.405581648631573088e+00,5.507212507365848886e+00,7.133234471746029648e+00,8.862939188467034768e+00,6.421152707057308895e+00,4.608383540605430539e+00,4.649056621312108284e+00,5.387570980634125206e+00,6.238477625677187888e+00,4.682919556397600935e+00,4.811433467650531703e+00,7.747868910906019480e+00,5.638479792511344790e+00,-6.108053112692392261e+00,4.722877844665823943e+00,6.698369944129346720e+00,8.994289616431318635e+00,6.588578921093428242e+00
5.990256333499308639e+00,6.875959747399834399e+00,5.035841865213392943e+00,6.686673234152435086e+00,6.957208401793534946e+00,6.280952919087155806e+00,5.603499693208566335e+00,6.230520327582908635e+00,5.559230908027982032e+00,2.858999072435012057e+00,3.839023182042985205e+00,6.704137416486662282e+00,2.126795764256213488e+02,1.250622048596182978e+01,6.345156837921627435e+00,5.621988444590394707e+00,5.283878972241816463e+00,1.469862883943269694e+01,6.297090979715188830e+00,5.768812592458537836e+00,6.534566966489125939e+00,5.585085754470366093e-02,7.232318359797755392e+00,5.973587753497930919e+00,6.264156422716846251e+00,5.829897411036635724e+00,5.659428278746483798e+00,6.975972377078402786e+00,5.577399652670305130e+00,6.236061307312006363e+00,4.425616290924189400e+00,5.855974708063799383e+00,7.092840076513460268e+00,6.543860927980709619e+00,4.787221439637205478e+00,6.563859678320740798e+00,9.844594445704924368e+00,5.813731925553533131e+00,7.712384026259905490e+00,3.448839683787386257e+00,6.645896636779524691e+00,5.807112935667022136e+00,4.228058207380766653e+00,8.967991490030289725e+00,4.637110459828979181e+00,6.160170745535622494e+00,6.488716454419068747e+00,5.554754869494784586e+00,9.187429796031624241e-01,5.451972196568233286e+00
6.059453702849717516e+00,7.198128419790286614e+00,5.795413889133477880e+00,5.866062329833167333e+00,4.869074009301601613e+00,7.091216840648765896e+00,5.889228502646638219e+00,1.658224661278200784e+01,4.840176332110940116e+00,8.647353683831207505e+00,7.384666915971025425e+00,4.589364929144295502e+00,1.027895052156507916e+01,5.843270412402405078e+00,5.985771432402540171e+00,4.335516389259105985e+00,6.848695377951360186e+00,4.765630425690933869e+00,-2.616545759405912719e-01,7.647862989602156603e+00,4.852773282433126667e+00,6.741007357981632531e+00,7.647247013544320460e+00,6.193513829167689444e+00,2.501834580802590136e+00,5.844777205225087258e+00,5.449931483742494365e+00,4.840158505776145148e+00,5.404848666133137414e+00,6.478048215194291082e+00,6.045495829743686933e+00,6.398880025503745017e+00,6.880009652020748767e+00,1.055511906631150509e+01,5.876646431258881087e+00,3.432735791033609818e+00,4.789226818971095589e+00,6.667382323752113038e+00,1.225498580273453619e+01,3.548022875926361674e+00,5.872059338145104945e+00,5.166375363757363282e+00,6.253803090190147351e+00,9.729582970145582266e+00,4.660676571736400042e+00,7.188762223999473733e+00,5.454321716196440128e+00,5.049719635310298216e+00,1.262406319409859634e+01,-8.136031561097881171e-02
9.626782701038486323e+00,4.027518943041836330e+00,1.020669574451167172e+01,5.059552355952927627e+00,4.235876901875008649e+00,5.225116589163693703e+00,-1.519390286038385796e+01,6.921512204704037607e+00,6.172469052833778669e+00,6.043285714765181282e+00,-1.829739826163699901e+00,5.122741476693433604e+00,-1.026054487981233887e+00,4.697306239875217670e+00,6.998701636048116015e+00,5.941814836367703911e+00,2.932695642118122947e+01,1.647574008550811087e+01,4.363061012071993261e+00,7.013497270821354768e+00,8.159902093756066677e+00,6.329993933088839952e+00,6.643481433523964697e+00,7.132262066617660601e+00,5.967626404620642866e+00,5.652063005028079345e+00,5.870706604906787973e+00,6.391791896428018482e+00,8.358196604587607936e+00,5.985070254567587789e+00,4.861798462009704558e+00,6.025579005411197286e+00,-5.404832411659537428e+00,6.261873058512343881e+00,4.068485690716288516e+00,7.134670779414130415e+00,5.870928423504151006e+00,6.029374370323733245e+00,1.157022475032510211e+00,6.473714055941661272e+00,6.322195950171279222e+00,6.025096085382542377e+00,7.518446389470891056e+00,7.404832207149772749e+00,7.295951648114441745e+00,9.028955031575746304e+00,-3.240897380624409152e+02,2.053532609939486875e+01,5.579021412697892757e+00,6.014072479937778049e+00
6.848494679759963510e+00,7.394917545179841234e+00,5.701691308163218785e+00,4.873621188452084141e+00,4.827183159516413191e+00,6.272277440802720427e+00,4.965510685667236856e+00,2.350032878484304533e+00,7.599172643891323631e+00,7.527564220294021169e+00,5.319672721262417525e+00,5.674199378863807652e+00,5.849620955520665078e+00,6.917517374847102829e+00,5.472760033341953267e+00,6.430850757964192255e+00,5.971049629927516200e+00,1.477154290040752826e+00,3.632253563544181496e+00,4.854057567252279881e+00,5.959711341778229254e+00,6.254771181449929607e+00,3.842660561403528963e+00,3.812398711806459506e+00,4.713261842960224435e+00,6.242771285277433968e+00,4.471296353100297161e+00,5.821801283663611493e+00,7.169188282491583131e+00,6.183972919635831289e+00,5.874889383568667078e+00,7.354213056736861986e+00,5.835849453116205510e+00,6.353833263171044798e+00,5.532880101612966506e+00,5.386018843344275275e+00,6.426507572391194856e+00,1.517017183626948729e+01,-2.719497908502535477e+00,-1.158901145426416285e-01,7.307501640905374352e+00,1.728382001683818503e+00,6.188592122239350957e+00,5.929116688305546390e+00,6.616290563863366891e+00,6.048352722082020350e+00,5.623734463731528521e+00,2.928598449332103542e+02,6.363370663954306394e+00,3.220677562947619865e+00
5.805197799362574074e+00,5.036303239419289923e+00,6.254419751114191683e+00,4.874258821171679301e+00,4.237518829363218664e+00,6.426707331742007590e+00,5.829866689903446364e+00,4.645393527725024008e+00,4.490633771494112025e+00,5.758509282778437210e+00,1.731896715470157000e+00,2.539171878049851783e-01,5.386861604573723206e+00,5.972813339459746906e+00,6.144955770392422245e+00,1.159343768397505592e+01,4.535966612998665326e+00,7.872258059948158859e+00,-2.304192704349540044e+00,4.872505048260622473e+00,1.195691246466351743e+01,1.232925182162903610e+01,5.825855127356835084e+00,5.886315441233761270e+00,4.432847452421659007e+00,8.248440717698189317e+00,5.665840875010649924e+00,1.969515716379230730e+00,4.303330674816447932e+00,5.707160184461748997e+00,5.261647610498420669e+00,5.981238834366738644e+00,6.852663295899232843e+00,5.039918136685806793e+00,5.339683557343635201e+00,4.263025505731735443e+00,1.486117778229803719e+02,6.123077402580021200e+00,2.211010751551186715e+01,5.244690908521648431e+00,5.008485951439526573e+00,5.060205709217250991e+00,5.532241993928908030e+00,4.743478956398949897e+00,5.997286049475078151e+00,5.371460663930555768e+00,4.571066266895698504e+00,5.419312788118293867e+00,5.182392848250633399e+00,9.413211829504827222e+01
5.009548534788515362e+00,5.738405348454249655e+00,4.904451657930540165e+00,7.896756888115095130e+00,4.501242144641553367e+00,5.034373181061997826e+00,3.534810594065604494e+00,4.913702938536805398e+00,3.715687431834237220e+00,8.003429901940611657e+00,5.606143369227370776e+00,4.915949686465932444e+00,5.611461698064011294e+00,5.275583582132357563e+00,3.874088364940134532e+00,4.939940170666084818e+00,4.387951776514014135e+00,7.202638699334889871e+00,6.925148702075915708e+00,5.978527389421733673e+00,9.856961911573291601e+00,6.726677835547690165e+00,4.906907845534972168e+00,4.270616850314260304e+00,5.775563505669324194e+00,5.319353334103772646e+00,4.033114960780816993e+00,6.146648912322411284e+00,2.293876657763408211e+00,4.739451353281173063e+00,3.899966444244998609e+00,4.659422164756047202e+00,4.791044739037144673e+00,5.333334599166160928e+00,4.981211775677771847e+00,5.437415502767985132e+00,6.374587332129333817e+00,-1.521898843035801292e+02,4.900489264246486343e+00,5.549731666692057530e+00,-5.443706748239923954e+00,5.926739455714721494e+00,4.084521475928010403e+00,4.200969056023141412e+00,5.619093253773246310e+00,5.134056696623969351e+00,4.823266300963861219e+00,1.583573462360908124e+00,8.017129189807230105e+00,7.382315618548381586e+00
-4.143800011055589039e+00,4.982035115074491927e+00,5.026155386103208222e+00,4.635135254008504901e+00,5.240547301317796780e+00,-5.520666367105603101e+00,1.080374298302654879e+01,1.405764523514859121e+01,4.620792121074366321e+00,-8.111475157500411370e+00,5.171412770247079571e+00,5.256972894109056327e+00,4.631794513096911814e+00,5.464380198939657873e+00,4.935835122062539604e+00,5.102942129151490036e+00,4.468316557695015234e+00,5.413664269039411892e+00,3.580467949437468889e+01,3.929866246367061500e+00,5.224135436147169465e+00,5.689759324555534903e+00,5.232337225971270378e+00,6.703425156251682893e+00,5.092340727531597722e+00,4.081799674554657642e+00,-1.304865672110456565e+01,4.956715978058177541e+00,4.525474205812033190e+00,5.743643558586523312e+00,5.094207097234519921e+00,5.457160743396086033e+00,4.609855530565035941e+00,6.467902749015524755e+00,5.147822886354995298e+00,4.697830997039130096e+00,5.426794337894845555e+00,2.903137934567033618e+00,3.482636362909895311e+00,5.366529754004517372e+00,6.233793971828195168e+00,5.259053251395085837e+00,5.850021826743154740e+00,5.002441474424681900e+00,5.611310847666656443e+00,8.134835310581793877e+00,4.738458293536634613e+00,4.173581868788510008e+00,4.848078297232372158e+00,4.959702875748158490e+00
4.499276795446739641e+00,2.015447445186154152e+00,7.148863232756305308e+00,6.003583552195916440e+00,4.273117137675940036e+00,1.368036726698188099e+00,4.047228520586657829e+00,3.395277062474049146e+00,5.129978042611318401e+00,5.043529178482574871e+00,4.871745936545648803e+00,5.160213675785364273e+00,4.968502248893694961e+00,6.074933975204479530e+00,4.860044456870773466e+00,5.135626488822280677e+00,4.639703949449768494e+00,4.477051929425377885e+00,3.581763035612436141e+00,4.786951424374013442e+00,5.265630075874564220e+00,4.775155724747173203e+00,-1.578991679757768329e+00,6.584789896235327511e+00,3.334738848227135843e+00,4.379234490372067690e+00,4.566155631361219491e+00,4.474264062534839326e+00,4.664892504004219731e+00,4.928149797760182693e+00,4.648598687141695329e+00,5.279922615364313288e+00,6.061752165181347074e+00,3.731834534410948034e+00,5.057938044317887183e+00,3.180405947080746198e+00,4.994497951478162001e+00,6.397340085962738954e+00,8.797003685080708735e+00,4.459355355648988883e+00,2.648298288402822553e+00,6.444430597068700806e+00,4.941061429253707615e+00,4.242401274868877081e+00,5.208297983973042555e+00,7.082516985081056760e+00,5.428868465973899937e+00,5.120129423643536626e+00,5.126363549780384332e+00,5.475937589185687848e+00
5.012981163305145316e+00,4.632212414575810122e+00,4.713800397428808964e+00,5.062421074357155604e+00,-4.621651282625575341e+00,4.699420438707988090e+00,4.400637440860184491e+00,5.926986483875372969e+00,4.944745807475928068e+00,4.499756395683960797e+00,4.477599816378480035e+00,4.878951696077455935e+00,5.244555106202583694e+00,4.168100200319782012e+00,3.106440567475904135e+00,3.909917331194106449e+00,5.433211923365240281e+00,3.841122379213080418e+00,8.308363884989679704e+00,5.096274671701507053e+00,4.026814362520471313e+00,6.477417125639403750e+00,5.006812846585418697e+00,5.168490211945480972e+00,3.903619303958148379e+00,5.811947198043747598e+00,4.463230176861606502e+00,5.260969546203575042e+00,4.338320601027763956e+00,4.632925814134757125e+00,6.507889326475558178e+00,4.527170331955693072e+00,4.628168111145417818e+00,4.454641742114761271e+00,5.167876888357539222e+00,4.087770930266819036e+00,5.270297490711428168e+00,4.912303564317942239e+00,6.745415754541100206e+00,3.768145472783026445e-02,4.613223080457632186e+00,7.055181172058618166e+00,4.367879134748528180e+00,5.522124040546322554e+00,4.602877268654171239e+00,4.556546224174949700e+00,4.615368103860646443e+00,4.223690565041931855e+00,5.911100698897875816e+00,5.912543516959124501e-01
