3.609111516845021406e+00,3.631450625424101020e+00,3.696713022744448018e+00,3.641761115238149049e+00,3.609288798364942430e+00,3.648847273412004988e+00,3.635929561911280139e+00,3.604661826232586019e+00,3.670647684252676068e+00,3.589085120364089665e+00,3.594926409685409219e+00,3.601178835607529827e+00,3.602173433111779843e+00,3.702160353214414279e+00,3.636183457251898066e+00,3.643744068583754103e+00,3.704265775389980142e+00,3.732449196027510574e+00,3.647855573562682974e+00,3.678428697578143503e+00,3.653081988552059567e+00,3.677832080510569757e+00,3.638524855743324071e+00,3.605966151712050927e+00,3.622560559539437008e+00,3.629682029541654309e+00,3.618892535891402584e+00,3.612399218361709963e+00,3.552894927597690433e+00,3.626980749088436706e+00,3.665636260338416719e+00,3.627591248749497677e+00,3.636363832777770089e+00,3.675347599812252675e+00,3.679662873193462858e+00,3.697037323740366421e+00,3.611289642480364659e+00,3.639232055268010413e+00,3.633322983320212973e+00,3.685463117279867085e+00,3.616496394595583919e+00,3.646862770341208648e+00,3.627411136428186467e+00,3.593295378314715460e+00,3.641709147209667652e+00,3.655584772217567835e+00,3.645976333683090598e+00,3.647675055775570385e+00,3.636269962793322819e+00,3.635893162510778875e+00
3.687831460360793123e+00,3.660609465908099658e+00,3.674762884289250575e+00,3.636726432350384730e+00,3.633955160842460064e+00,3.661643336796498449e+00,3.626685072987723579e+00,3.634296270473319268e+00,3.620739887692709491e+00,3.651312180296024668e+00,3.590729953945088759e+00,3.631974545231050566e+00,3.709169250506905602e+00,3.672323213235485717e+00,3.672343387289518368e+00,3.621857108501339795e+00,3.640365149635232278e+00,3.628881350262401106e+00,3.663565735161038006e+00,3.657868598123756421e+00,3.635824506391013067e+00,3.629341660996396435e+00,3.632760651403654784e+00,3.648157374861338731e+00,3.623275548625229270e+00,3.640528605980397625e+00,3.670729285897620819e+00,3.645937824440099284e+00,3.610637245040022147e+00,3.593771420918725923e+00,3.570208224999740665e+00,3.597237589994703999e+00,3.611261111161376824e+00,3.564120855465613413e+00,3.668831668770535792e+00,3.641751820913769144e+00,3.712673488561941237e+00,3.622343842301067873e+00,3.694221666355079758e+00,3.573574103946933977e+00,3.624247398507889351e+00,3.612642450447814291e+00,3.593913590855860374e+00,3.664557308920952661e+00,3.627253586189325585e+00,3.608960080467300990e+00,3.660546882257554202e+00,3.613731135830414054e+00,3.580492236052739141e+00,3.604474678815605238e+00
3.640819304475081175e+00,3.571714136695393726e+00,3.629572697915429025e+00,3.629126312669317844e+00,3.623994525791693899e+00,3.645312376511494534e+00,3.548458390155349917e+00,3.597993505786593715e+00,3.641658632076488100e+00,3.568074296542052437e+00,3.638379172572701048e+00,3.659635522159727650e+00,3.571150345813599802e+00,3.606395242663655853e+00,3.576233071370275240e+00,3.707645801722302625e+00,3.629245279247944378e+00,3.652847990554452196e+00,3.588157941764158476e+00,3.587209166320448617e+00,3.672852601773873182e+00,3.626611689099673352e+00,3.656500372116590292e+00,3.560910754195342420e+00,3.701529472928763109e+00,3.580651015185376096e+00,3.607460913487474663e+00,3.635541577006268010e+00,3.637946287633380571e+00,3.610208976369137623e+00,3.638053158183516267e+00,3.649842944174395587e+00,3.605270425456909233e+00,3.599288440827740132e+00,3.672879705558841135e+00,3.614283722580607705e+00,3.651758563488333831e+00,3.625767742140612260e+00,3.690967021839826945e+00,3.724960500819232134e+00,3.610708586111800233e+00,3.603437200363268200e+00,3.616185621508259285e+00,3.600159884400850441e+00,3.659299733541462540e+00,3.582103964388809736e+00,3.622213875429724617e+00,3.666721811078214710e+00,3.649872624881342453e+00,3.600475959191907993e+00
3.659027923196433107e+00,3.659060707957197511e+00,3.622404715739021341e+00,3.609117890514069504e+00,3.604206312100058707e+00,3.640544901627605245e+00,3.618841749426735088e+00,3.595051650194065918e+00,3.596412816489494624e+00,3.587987011500551660e+00,3.652164294272407297e+00,3.648622738343854088e+00,3.703380824490129619e+00,3.588201125956536508e+00,3.686467666840016477e+00,3.617890931742574256e+00,3.744848885209466349e+00,3.564738878146166190e+00,3.655740619289265414e+00,3.618649417692148429e+00,3.685310199453233349e+00,3.590261113690667916e+00,3.581325005862338262e+00,3.644488844228361391e+00,3.645669207875602780e+00,3.533086739281181998e+00,3.607971370969038638e+00,3.676159846910859397e+00,3.573048584892424717e+00,3.613606669942159844e+00,3.624781679434579740e+00,3.616734325083126755e+00,3.622084928348402233e+00,3.630351240670777191e+00,3.572897267100052510e+00,3.576251747662767766e+00,3.644543513622128472e+00,3.559851338125171960e+00,3.642725154950948951e+00,3.643917803658519361e+00,3.554098473284910131e+00,3.608906758384947455e+00,3.593902378691886668e+00,3.671271967755101340e+00,3.625810730533075787e+00,3.677702727823060069e+00,3.647123707621465982e+00,3.644555448896127370e+00,3.620976736034830612e+00,3.570736339693767469e+00
3.581222307875355781e+00,3.583691956216056962e+00,3.608389426137510014e+00,3.622580859683800725e+00,3.588244633599722011e+00,3.602759570399335587e+00,3.601335825115221656e+00,3.604553142743068594e+00,3.608535554641353116e+00,3.611655710316704404e+00,3.636259935725243864e+00,3.560678207547100627e+00,3.613641304733604009e+00,3.632695155564870770e+00,3.645213928678254778e+00,3.672945768056783855e+00,3.559310845433598214e+00,3.578877860001299815e+00,3.609152880714624700e+00,3.586838207535129275e+00,3.640252043880228605e+00,3.641240613114221425e+00,3.538698680118447459e+00,3.672541723758687038e+00,3.554332750789428452e+00,3.606519926913098306e+00,3.603884507710824803e+00,3.576808625443323564e+00,3.583634928010831722e+00,3.558811048242517927e+00,3.586810146216102169e+00,3.568726547766209123e+00,3.597207199813400091e+00,3.519150637547716620e+00,3.565229165781457876e+00,3.614880593044978774e+00,3.652026170197655741e+00,3.596884482603945443e+00,3.562910796838077321e+00,3.567826808408976813e+00,3.622274167338505713e+00,3.654074713565177213e+00,3.660372810614560546e+00,3.573666248247549415e+00,3.597433138802373698e+00,3.622914779432979682e+00,3.681345111820658378e+00,3.672549933398307154e+00,3.639920486330613603e+00,3.645891557760883916e+00
3.588751940669505203e+00,3.601793127052130838e+00,3.597738535196031151e+00,3.551367420938790431e+00,3.632096708708009825e+00,3.557197669053781208e+00,3.576867802262436946e+00,3.602051355510698993e+00,3.635605690440111726e+00,3.581302877306424826e+00,3.581712682755397559e+00,3.569926123493888603e+00,3.606786709117130396e+00,3.564744194121137522e+00,3.588978986377006741e+00,3.577804229003783032e+00,3.545735549626357841e+00,3.628814443397437195e+00,3.613536568858667142e+00,3.563909149050487279e+00,3.592913852688278453e+00,3.573484654545159955e+00,3.632703343270432317e+00,3.654835064675427958e+00,3.588565164435575383e+00,3.621459400902473647e+00,3.578765770334789487e+00,3.622546472906202908e+00,3.616182779431297512e+00,3.551556825425500108e+00,3.646725543720019669e+00,3.615443722086880918e+00,3.597468722177740386e+00,3.647720585020345574e+00,3.590844746138873056e+00,3.572370238140819332e+00,3.599018045414119182e+00,3.578746511206495562e+00,3.529660796269392886e+00,3.491939059955599500e+00,3.644928248111870328e+00,3.609194950634666110e+00,3.532060709942963062e+00,3.576238067387977004e+00,3.578563972651390035e+00,3.573071398468557369e+00,3.600669568640582963e+00,3.589819939515443981e+00,3.628699977217065609e+00,3.588499953315844593e+00
3.559348487264594407e+00,3.553151762714379824e+00,3.578115818024568462e+00,3.546877116232545202e+00,3.526128168235003191e+00,3.601859866554824041e+00,3.610571857644776284e+00,3.611335464264831874e+00,3.547495461766018821e+00,3.559058707338154548e+00,3.594497990776845064e+00,3.543562058813802818e+00,3.559487425636454816e+00,3.562326713968225533e+00,3.527964939009632150e+00,3.563917677022883090e+00,3.614299683546902564e+00,3.559362750677857790e+00,3.559506701568865505e+00,3.567661112474388219e+00,3.543686622483053217e+00,3.631558257093812969e+00,3.606333351215991634e+00,3.523341228750987764e+00,3.574037986382535781e+00,3.533639165851739428e+00,3.568445323443536044e+00,3.576468844473052133e+00,3.594311114721555622e+00,3.497354365516889274e+00,3.608729905936782778e+00,3.620214002195079495e+00,3.564193093041771121e+00,3.611306520160237010e+00,3.551868704752103589e+00,3.509652647095181877e+00,3.549469800438481926e+00,3.569700929109342891e+00,3.579891630240930489e+00,3.580402369161784115e+00,3.614988536260397289e+00,3.562488348911981184e+00,3.677660132736761511e+00,3.541537276051963890e+00,3.588903373910095063e+00,3.531851391367468729e+00,3.554651734140815922e+00,3.564613188379191389e+00,3.506183506644321657e+00,3.465427146805818648e+00
3.545985934041611998e+00,3.540879624939221149e+00,3.538744450948438480e+00,3.498643908077564202e+00,3.520376614109726798e+00,3.478731190392720052e+00,3.558671095526738881e+00,3.567853125769420153e+00,3.534864712303133594e+00,3.555883702600921126e+00,3.544832763129663888e+00,3.574635594277066453e+00,3.612114339890756920e+00,3.506331626789032097e+00,3.609634063058313025e+00,3.536124094108250571e+00,3.534346459912295568e+00,3.554506136519472115e+00,3.528275922193149672e+00,3.544213598617864669e+00,3.583613669149017689e+00,3.567662179131508626e+00,3.571096156467043592e+00,3.507558989276720940e+00,3.523642618222743383e+00,3.570655059207370474e+00,3.449773751922398102e+00,3.551601688989911132e+00,3.597214946435117522e+00,3.466273330998825841e+00,3.537407168203385410e+00,3.549452456763714903e+00,3.562204223060866148e+00,3.532268972741147373e+00,3.524280912532403498e+00,3.515494813843733635e+00,3.514147678824484977e+00,3.503745738203214000e+00,3.554128163464194134e+00,3.570773024921785055e+00,3.597146383901465683e+00,3.589688937104042576e+00,3.484016846303719994e+00,3.552971243707651272e+00,3.544698885226675422e+00,3.580447193291949048e+00,3.574343653110441110e+00,3.580474581974358639e+00,3.532733377986377210e+00,3.557370712000154089e+00
3.508304685198061268e+00,3.492771823405084408e+00,3.499901845187297411e+00,3.535904034641274674e+00,3.532113329962833337e+00,3.606870515358804319e+00,3.500006960892727559e+00,3.589073293663110231e+00,3.491985586782634599e+00,3.570098774990854817e+00,3.535672628119632233e+00,3.520075656935936159e+00,3.550649310858324803e+00,3.491257353679606990e+00,3.522285089081107490e+00,3.507939431653041229e+00,3.520809082565121262e+00,3.492665000459319824e+00,3.555652301709689933e+00,3.560594259807796202e+00,3.487079747628529347e+00,3.584155971974739341e+00,3.551014144905952019e+00,3.541836638108661894e+00,3.563811375774834200e+00,3.485775057646629538e+00,3.530473292242672922e+00,3.545910892594434927e+00,3.561844444683483601e+00,3.410978854320997122e+00,3.531761281217678849e+00,3.433935462809985406e+00,3.501886265821059663e+00,3.468559883401062027e+00,3.447235928742472755e+00,3.485649791352649629e+00,3.530935856069651102e+00,3.555670033773369099e+00,3.507084182161336550e+00,3.579414241443990008e+00,3.483142605859225860e+00,3.537418636246377091e+00,3.555422109851460011e+00,3.468587417793890015e+00,3.456519631167188855e+00,3.517583329081933385e+00,3.538768314902316803e+00,3.447743708551624042e+00,3.524471843051779185e+00,3.555448292256292664e+00
3.496435513108691939e+00,3.535581213668557155e+00,3.519631788378535742e+00,3.545889771882728247e+00,3.433449243780509530e+00,3.503194398002543508e+00,3.545898949515666310e+00,3.489013813290561483e+00,3.544201499691533197e+00,3.506925613662384311e+00,3.485013129820057287e+00,3.525723776116839847e+00,3.451389756251973306e+00,3.501424091013105588e+00,3.463048403428163891e+00,3.427716600797417801e+00,3.411292327460602181e+00,3.481195061894757359e+00,3.484911419976489011e+00,3.492982216053752698e+00,3.507974760689326565e+00,3.436052185498300826e+00,3.517039620557896207e+00,3.469999113512217903e+00,3.454519268758432293e+00,3.536460205054871242e+00,3.514621777733372365e+00,3.463811237562945955e+00,3.453421560210634400e+00,3.543901678591417248e+00,3.424251075301823821e+00,3.509931446634817487e+00,3.495328387883745336e+00,3.520239463018406401e+00,3.417965234663689955e+00,3.474874565954698902e+00,3.430493056263300922e+00,3.462895734831759054e+00,3.445462530726953965e+00,3.485620606672737321e+00,3.486827735207261192e+00,3.464059741911284629e+00,3.456063215645969855e+00,3.471111245401905965e+00,3.493440218846902923e+00,3.507132275271112043e+00,3.492662002058871451e+00,3.486872218722153249e+00,3.436364957783968777e+00,3.424191621680836572e+00
3.399144055607889570e+00,3.434417218222840962e+00,3.404890356003146934e+00,3.398352498127007681e+00,3.426192603789338875e+00,3.460152787861487500e+00,3.518371917335945120e+00,3.413994105049431127e+00,3.439237668917700663e+00,3.440447058582881024e+00,3.467866138372223794e+00,3.459638055008608770e+00,3.422950566266453887e+00,3.369625879367819543e+00,3.433534544037794678e+00,3.449320232498463312e+00,3.441885656551089134e+00,3.465433184198111860e+00,3.411574323656756391e+00,3.440456465728360502e+00,3.478086745747322794e+00,3.476935069355606256e+00,3.364480594794887036e+00,3.430318230396378620e+00,3.479419161328170418e+00,3.437129123637233441e+00,3.476599351836377583e+00,3.415472687356795323e+00,3.369586775641676191e+00,3.523036847710079300e+00,3.506813660367781971e+00,3.422869131427106915e+00,3.410850804718203122e+00,3.398301682979351757e+00,3.546852834824609335e+00,3.525397664140829335e+00,3.435277967306953784e+00,3.422871339584157457e+00,3.410735223434360197e+00,3.500909848669012003e+00,3.432554088856621277e+00,3.424749136548252082e+00,3.455959299951973485e+00,3.438543095838849872e+00,3.406737870547122071e+00,3.460554932480059076e+00,3.428730699848450580e+00,3.398052156423271963e+00,3.482571266326925485e+00,3.518785604289706992e+00
3.400569482404347532e+00,3.357300519986456067e+00,3.418779136816695097e+00,3.416465572938034434e+00,3.380416139339469606e+00,3.450536955103488790e+00,3.405010991739710224e+00,3.366858614628357227e+00,3.412639308165731578e+00,3.399339064870895655e+00,3.447829775708959321e+00,3.356115621981962338e+00,3.383974732160751397e+00,3.434092870972583977e+00,3.405665296718525692e+00,3.374514431643551138e+00,3.381284362760731632e+00,3.448197319230790647e+00,3.473878645157864042e+00,3.350300875153186642e+00,3.349251764674750387e+00,3.402924733180761052e+00,3.452776857509772590e+00,3.425929569122149854e+00,3.356092597310190939e+00,3.385981549465541196e+00,3.395242506847988562e+00,3.434885200866698796e+00,3.429164371982556858e+00,3.409942769115801298e+00,3.427924118468445247e+00,3.434850012072551362e+00,3.421923731287840553e+00,3.424539214314996194e+00,3.392192063909491573e+00,3.374230502831465195e+00,3.428202344031104687e+00,3.409942052078682284e+00,3.526464052524795445e+00,3.370798692657304141e+00,3.403668864850123210e+00,3.414227395087801931e+00,3.415204722363474055e+00,3.447007352140711411e+00,3.486890808867588287e+00,3.373397233107811921e+00,3.431101554458503511e+00,3.395359302559495251e+00,3.480320750244986439e+00,3.426708484945653055e+00
3.416089969392344550e+00,3.424827212611833982e+00,3.378849872485596872e+00,3.320780958656492921e+00,3.318627299561632160e+00,3.425154636669677011e+00,3.409398947841801419e+00,3.350768449184302611e+00,3.348001187837571724e+00,3.422741498275159611e+00,3.358282085376484982e+00,3.355071026873094997e+00,3.366114448220192568e+00,3.417614113119444852e+00,3.325194704642338461e+00,3.370073445023952452e+00,3.392876206662782224e+00,3.354078810522739929e+00,3.273235417174007900e+00,3.347194570034855765e+00,3.379165305320734003e+00,3.340035065535747361e+00,3.436398459328442900e+00,3.449157343543575394e+00,3.409899594963430758e+00,3.322965826982935855e+00,3.334563974862541968e+00,3.416558648006887910e+00,3.341420033688368374e+00,3.398248380128102042e+00,3.331157896389101758e+00,3.318297430471630172e+00,3.326616455029375974e+00,3.356686355706952174e+00,3.423738495423293227e+00,3.372580013454946180e+00,3.382851733616698997e+00,3.319688578604996998e+00,3.400115340144007181e+00,3.391016365165975710e+00,3.387585645364989073e+00,3.425782933142799358e+00,3.291236672363036408e+00,3.368622438886442083e+00,3.358368457168066978e+00,3.338506544399662435e+00,3.379968997825392396e+00,3.334355169294088039e+00,3.347200617634738418e+00,3.410519994191546722e+00
3.360348828264167143e+00,3.370540893515892034e+00,3.314043482381136219e+00,3.240089245123142891e+00,3.369568752738173689e+00,3.285091355437182337e+00,3.270414656868767977e+00,3.302403306150784701e+00,3.287287173747676761e+00,3.350071338930522113e+00,3.295625065910262830e+00,3.295149425338328442e+00,3.287266459317479406e+00,3.363623794417436308e+00,3.285619263410183510e+00,3.307920827570778766e+00,3.262037340697955035e+00,3.352280465811184662e+00,3.387008491718047409e+00,3.338498442130851451e+00,3.301319079309203985e+00,3.319702675563073413e+00,3.314039757673087117e+00,3.328051030766917773e+00,3.364877032354927078e+00,3.292007111253804297e+00,3.297886305659169182e+00,3.226283149770713177e+00,3.319002467730691741e+00,3.335952855357858127e+00,3.353484831324331061e+00,3.270401508780246047e+00,3.322393372494239383e+00,3.253139649020545310e+00,3.304285094305079884e+00,3.393878955747598791e+00,3.345736098923530744e+00,3.254785757823932979e+00,3.284250784817430269e+00,3.278870066505082281e+00,3.251332118255573000e+00,3.326315837940163167e+00,3.242152167325909939e+00,3.340907184160073484e+00,3.355708889334565459e+00,3.283776138695820190e+00,3.365651166503462743e+00,3.315186929146287653e+00,3.322695250854991844e+00,3.313405475724207960e+00
3.233623300386107235e+00,3.304527612332375686e+00,3.312304265890105626e+00,3.280358379883369313e+00,3.232827359085830743e+00,3.231107727187406464e+00,3.257691877734284258e+00,3.269937814350258876e+00,3.209572146811335625e+00,3.305127438129119799e+00,3.189938491984243285e+00,3.328923428413922636e+00,3.242922191445886337e+00,3.249108584734326843e+00,3.282874183385330102e+00,3.249449108067100411e+00,3.262872706101008546e+00,3.236960859107017807e+00,3.282228673252936435e+00,3.262403487663480206e+00,3.281655572158971967e+00,3.257206367675356429e+00,3.243997559951923737e+00,3.211837470779849379e+00,3.243374679173873787e+00,3.300328084152454267e+00,3.280771323472029266e+00,3.263522973727202015e+00,3.271233995644812431e+00,3.306592951501422739e+00,3.270336521918462136e+00,3.254660975660220945e+00,3.271035112049829330e+00,3.262791125089471223e+00,3.252638049491074934e+00,3.264486379464206056e+00,3.235388993509309863e+00,3.262107275282723595e+00,3.280686353951685064e+00,3.274605603813079746e+00,3.236397541999843863e+00,3.309332168933895257e+00,3.299020295469849096e+00,3.264041096591010049e+00,3.274175730763455583e+00,3.265971480614953570e+00,3.265353048979690254e+00,3.320677432742157986e+00,3.240876790390478934e+00,3.288277091578263533e+00
3.207957708036826006e+00,3.237153154174098546e+00,3.166603560824239327e+00,3.215849972959177183e+00,3.240075386823315640e+00,3.223531677615957047e+00,3.155535932876273542e+00,3.187649102770286902e+00,3.196570924751733322e+00,3.169247073147977378e+00,3.196214448984128431e+00,3.173938322325866590e+00,3.214035125669876702e+00,3.183124985920126715e+00,3.225240708140411083e+00,3.133776678753931844e+00,3.192264399246263373e+00,3.250491972618363867e+00,3.254734556953227997e+00,3.142767820902116593e+00,3.182959581291488593e+00,3.177334210009641779e+00,3.282375533103853993e+00,3.208640759479690630e+00,3.163222739943097217e+00,3.193879219553813709e+00,3.153876672085397015e+00,3.224889240394100742e+00,3.239306303322970759e+00,3.221769626021341537e+00,3.198591918083391050e+00,3.236383089875279673e+00,3.215876340059616645e+00,3.224339637441484108e+00,3.250187330848715916e+00,3.153219670913505635e+00,3.211989056463449010e+00,3.206798854908842866e+00,3.209207205340111724e+00,3.227654786327675218e+00,3.213751686656143747e+00,3.211659253607312969e+00,3.240336752128315290e+00,3.236774679491449369e+00,3.166571564788847049e+00,3.200990744151788192e+00,3.210831881973455815e+00,3.248934954723201152e+00,3.226478298764003494e+00,3.175499412760485640e+00
3.175342289223428871e+00,3.154326541077294266e+00,3.132944178178127093e+00,3.120120297683939725e+00,3.148436076746347734e+00,3.097839133261059974e+00,3.137110496013677974e+00,3.161395958912218696e+00,3.209454895906351357e+00,3.124988868559573696e+00,3.183542527118716325e+00,3.144178194603926890e+00,3.135732892993154941e+00,3.129830400677362956e+00,3.189832754537941462e+00,3.127278094815554521e+00,3.126961981382623712e+00,3.168888848105114064e+00,3.115513614574687118e+00,3.194799040583078842e+00,3.185757896658169219e+00,3.125286168479137761e+00,3.169257779645264783e+00,3.093795346779564692e+00,3.160670449294638917e+00,3.088934415688971313e+00,3.183709140971615170e+00,3.140144808163283674e+00,3.200965754740982661e+00,3.234860125216885596e+00,3.110653068879554617e+00,3.160122721512538480e+00,3.145235485814872334e+00,3.164729509328693791e+00,3.120724421032194940e+00,3.087209235426519705e+00,3.205777028581769716e+00,3.117127374801815787e+00,3.151984838592325033e+00,3.158102105597797582e+00,3.088303323409516299e+00,3.163894353523584613e+00,3.156275375302483699e+00,3.183604577223230425e+00,3.155208948604513175e+00,3.183715286760222529e+00,3.169244845461455018e+00,3.175236780792661584e+00,3.101686959255559373e+00,3.178865564065135985e+00
3.144633876969217035e+00,3.072269937013533347e+00,3.098989719532450504e+00,3.047620980140185232e+00,3.028620454084955504e+00,3.061719515227738775e+00,2.994897559507824436e+00,3.089530530824944332e+00,3.080012950701478402e+00,3.070427471247276330e+00,3.127708069713335259e+00,3.086582153688203878e+00,3.124045320947146376e+00,3.049592436494595216e+00,3.109997230138075164e+00,3.089312208531706627e+00,3.061703481871721255e+00,3.134349224292424019e+00,3.137127529335749454e+00,3.076090652588104657e+00,3.086416729125800451e+00,3.054797494763215937e+00,3.054927840077709789e+00,3.070767135234897083e+00,3.067952213884403978e+00,3.098830383578941916e+00,3.063848778973992548e+00,3.147761241714179814e+00,3.121995053116969121e+00,3.108976990256819395e+00,3.118590310958309519e+00,3.064447552972932254e+00,3.116690941121186942e+00,3.134015986234831352e+00,3.133642661238793092e+00,3.066788019499573359e+00,3.073749587172914577e+00,3.078435475790016085e+00,3.079492512442719043e+00,3.141328803676583625e+00,3.173281782801598006e+00,3.103196932647536155e+00,3.078148573654023057e+00,3.098960979380230629e+00,3.125113707443159416e+00,3.072561574285427088e+00,3.066040835953404819e+00,3.110470743463269017e+00,3.102305740218180397e+00,3.144657345048910368e+00
3.004103991494567527e+00,3.061015605290745345e+00,3.030198668028087461e+00,2.988375941708269146e+00,3.002795590931391700e+00,3.069724099373381421e+00,3.046641678612323823e+00,2.984712715742934286e+00,2.999105446235354133e+00,3.046550134509880881e+00,2.965776710591704557e+00,3.065412118186163770e+00,2.976389141717716846e+00,3.059350540605002333e+00,3.006007858941268207e+00,3.027725421523753457e+00,3.049626497740133058e+00,3.033967672421960415e+00,3.031672693535258034e+00,2.985479153251798579e+00,3.023762180123913623e+00,3.089090360296487869e+00,3.052274509407113978e+00,3.031596384865339999e+00,2.994515191957372480e+00,3.027477454590629780e+00,2.992071695947868815e+00,3.046749255485820207e+00,3.060337754574648184e+00,3.069311413970249092e+00,3.035235191272203092e+00,3.009125518215266748e+00,2.997054885640482613e+00,3.002246986878384760e+00,2.996623114081301331e+00,3.069471604611802906e+00,3.047082970138366154e+00,2.975822931119326942e+00,3.062918162069014016e+00,3.010035174210300202e+00,3.049690343772994972e+00,3.014910147909651172e+00,3.016999220053597774e+00,3.005025382868172557e+00,3.029377093535804200e+00,2.986915363346833274e+00,3.055891344947000210e+00,2.973717835372618801e+00,3.008294701415771932e+00,3.031760196426249721e+00
2.913877165428096827e+00,2.962223211776808807e+00,2.964647573013446724e+00,2.927239092570143253e+00,2.992959718645349820e+00,2.984798264329567630e+00,2.955858834998966955e+00,2.953373647093348708e+00,3.001998018883746067e+00,3.001898366507334437e+00,2.974846156352514370e+00,2.941590957119974981e+00,3.006271013989547214e+00,3.015019730495568595e+00,2.978771480754139223e+00,2.974426312924610905e+00,2.977447794750717858e+00,2.936860366270085620e+00,2.994047321804491180e+00,2.937880121466142747e+00,2.975026278319806483e+00,2.876629252410910276e+00,2.918399526559412038e+00,3.024723367928402684e+00,2.949819705737302122e+00,2.946523606380998306e+00,2.935693365602211724e+00,2.965869290134891756e+00,2.965390582238144557e+00,2.949512789351704800e+00,2.966393709250162658e+00,2.981428750975302133e+00,2.987243750253758545e+00,2.998947239929088404e+00,2.930041249378013024e+00,2.989309152121995439e+00,2.971974726498173958e+00,2.948406765982622524e+00,2.974663969757060933e+00,2.997268683111437682e+00,2.919165894342364176e+00,2.975066981721005810e+00,2.993487288169494942e+00,2.960824352975243379e+00,2.925020936872857913e+00,2.962203098607167462e+00,2.969637448650083389e+00,2.975342841734252897e+00,3.002397793182269847e+00,2.951314251758732077e+00
2.891085431366492209e+00,2.877554731206059202e+00,2.903185727123539728e+00,2.897219297578100150e+00,2.860090985867085767e+00,2.937099565233222798e+00,2.916325941588531201e+00,2.871079642809844845e+00,2.927307199690290407e+00,2.908305805044200110e+00,2.809737112030384676e+00,2.873015982704349547e+00,2.884754141150041029e+00,2.845123374017141327e+00,2.923355438237713155e+00,2.934713920769545403e+00,2.885568056460168673e+00,2.880376129334693669e+00,2.912586200050980345e+00,2.847690355482943136e+00,2.901304054384449937e+00,2.847486505437023752e+00,2.890642408562392074e+00,2.901097585976876836e+00,2.869439092338093023e+00,2.844874439036084279e+00,2.880978525874078766e+00,2.884238715394126018e+00,2.960948832579149759e+00,2.926310232998133642e+00,2.903775656938721195e+00,2.933730154311279037e+00,2.903759219422184401e+00,2.932419683452231141e+00,2.853545799994547050e+00,2.882050287994126325e+00,2.895695804146283692e+00,2.931976232874331512e+00,2.858870982510913539e+00,2.847628104253611347e+00,2.928589854396918657e+00,2.882333028855243562e+00,2.885523136205492722e+00,2.881302471894934936e+00,2.866815546634364775e+00,2.892925874361186978e+00,2.843434053666454631e+00,2.909483912687879315e+00,2.883175374996864271e+00,2.868472533261105628e+00
2.819764621799224713e+00,2.816510841539451970e+00,2.822489570288279737e+00,2.813624969393532460e+00,2.772309168051533046e+00,2.804124823423742363e+00,2.789847225114936435e+00,2.846995765345541773e+00,2.791095044210325948e+00,2.870751498231931542e+00,2.773639619603652573e+00,2.823057487910673569e+00,2.822587615299500197e+00,2.812603369269798481e+00,2.832398528881764133e+00,2.772075751132632604e+00,2.832003472187429427e+00,2.793837433660119274e+00,2.813865521008863890e+00,2.837444723625308640e+00,2.837746180542820795e+00,2.829043155899741979e+00,2.798885619165770944e+00,2.795148797834930310e+00,2.809535442158277885e+00,2.826130291664029404e+00,2.817508763015144080e+00,2.871999732832966945e+00,2.814854265393686106e+00,2.813416485308788406e+00,2.852614432463983718e+00,2.841648825767054909e+00,2.814319792511214668e+00,2.863930345522086807e+00,2.788616745998720781e+00,2.867480508731459210e+00,2.791320213713300635e+00,2.822245195928292372e+00,2.870706629404180976e+00,2.805185357239862842e+00,2.824540179585637301e+00,2.811073574570905453e+00,2.881476607958608049e+00,2.817028959449167758e+00,2.803758706598138861e+00,2.835866954110563221e+00,2.778528171033121552e+00,2.801176675796963167e+00,2.817387231793529789e+00,2.838696787248994990e+00
2.770697058260052970e+00,2.805637891755671021e+00,2.772873663296727020e+00,2.754526577542225407e+00,2.773480666752258017e+00,2.797991114826705594e+00,2.760133286966008015e+00,2.764150573918596088e+00,2.733082818472951647e+00,2.764679904748926997e+00,2.676774011273265419e+00,2.709293843443480565e+00,2.794037036752349934e+00,2.768743671019328279e+00,2.703369167431145303e+00,2.754188777344640293e+00,2.730462528827438007e+00,2.780724396941464782e+00,2.729039250071292333e+00,2.780790722228552170e+00,2.797656443824480199e+00,2.786155009090553136e+00,2.787723301710002488e+00,2.703977298289260034e+00,2.708932661251999718e+00,2.730349485285892719e+00,2.743792150657285323e+00,2.717471835472700104e+00,2.808067209628716476e+00,2.721357877708450612e+00,2.741916327821643407e+00,2.730096636460847215e+00,2.701378272544773917e+00,2.747379496794476239e+00,2.726514373312212136e+00,2.756714132990654598e+00,2.765843918168963800e+00,2.779221074670345182e+00,2.714804615459282644e+00,2.827544177198018094e+00,2.733396922746118118e+00,2.773631513648245228e+00,2.753092147650545662e+00,2.772080349413116540e+00,2.753138623957076980e+00,2.736287815369328857e+00,2.805716750746982679e+00,2.791022976090963059e+00,2.718596222664224626e+00,2.757690556330270937e+00
2.631674397204405658e+00,2.686616411841363128e+00,2.617868102316328827e+00,2.707951300149604723e+00,2.667537086694470538e+00,2.675947229460950094e+00,2.733801544857113797e+00,2.677361273361219762e+00,2.689418807143828083e+00,2.657035546317546348e+00,2.650882800475925727e+00,2.650285376484432742e+00,2.673540348103625508e+00,2.718355023679378313e+00,2.628898331182410786e+00,2.656278348774565146e+00,2.695760655195940547e+00,2.731957348924627382e+00,2.655219301157181633e+00,2.698129689186757219e+00,2.693213229316974378e+00,2.684019408887626135e+00,2.689184973845462956e+00,2.675208085898429289e+00,2.628806014222890841e+00,2.687560797856896500e+00,2.676611254984127442e+00,2.666509517767561732e+00,2.656636305893309125e+00,2.667382322500188696e+00,2.664189203655420446e+00,2.620231247080749615e+00,2.746192877123820431e+00,2.673104423997278989e+00,2.656737699886360549e+00,2.701513974377157457e+00,2.698915031849535406e+00,2.707206447083203571e+00,2.703906637600935525e+00,2.689080221450841357e+00,2.664342265032573653e+00,2.674990909706882025e+00,2.645274228022332696e+00,2.691964112163186762e+00,2.620105971993139882e+00,2.632682851196450180e+00,2.663074862038146584e+00,2.681068440228606242e+00,2.655938119499459571e+00,2.720784812211547887e+00
2.521567387055382969e+00,2.605419995526556676e+00,2.563312764019515466e+00,2.530826804657509310e+00,2.641628377775884662e+00,2.590499040844219891e+00,2.617624643596229816e+00,2.587930128937135255e+00,2.575041816166923958e+00,2.586612910214935557e+00,2.576166592077097306e+00,2.610029549733675847e+00,2.563566113815481717e+00,2.650107952673836920e+00,2.591560327037832678e+00,2.552674265077105709e+00,2.563621245469963839e+00,2.597591361319378844e+00,2.562179566239168871e+00,2.637316497551062788e+00,2.602538429120414776e+00,2.583400371160669895e+00,2.634739925507850966e+00,2.540790203503641376e+00,2.609058044882266891e+00,2.545797100036870653e+00,2.571941054819420813e+00,2.587225057477251955e+00,2.547786978579913875e+00,2.597612109427322125e+00,2.569643637051044927e+00,2.625751633079743907e+00,2.569732811657098548e+00,2.626734890454003324e+00,2.600950420028788734e+00,2.586490474700358533e+00,2.583244461772270295e+00,2.607723806881996342e+00,2.548233651213855921e+00,2.516093901196840843e+00,2.540909245331628430e+00,2.595403042631446500e+00,2.649217110980888634e+00,2.604194355496503022e+00,2.604773354366793470e+00,2.664007034147748865e+00,2.589744084215085174e+00,2.623919139007322876e+00,2.570650680961846568e+00,2.557052396162900809e+00
2.549334994447586045e+00,2.532038119866057091e+00,2.488951367563345229e+00,2.512920914756657353e+00,2.448350857874807218e+00,2.522301822347412514e+00,2.504615225228234543e+00,2.538813309119068329e+00,2.558990483688150519e+00,2.485474308027280976e+00,2.564595447080310731e+00,2.487168286987024413e+00,2.524441234487204255e+00,2.530859563337190199e+00,2.507990017920873616e+00,2.508178231896954102e+00,2.551398911530018410e+00,2.423057970661564031e+00,2.511960600829272305e+00,2.515148879023251904e+00,2.511821540064300695e+00,2.518655306811505845e+00,2.545283552450005260e+00,2.530125812137293817e+00,2.499376207396258209e+00,2.529443325689954669e+00,2.491111109847242933e+00,2.559998442274775687e+00,2.516567304285402873e+00,2.514663871255735206e+00,2.507763218925743942e+00,2.485938479858564865e+00,2.521184050345899319e+00,2.556020537102785095e+00,2.469857192235314525e+00,2.531784726949317221e+00,2.468796563683497869e+00,2.467285665688822682e+00,2.516674218154874243e+00,2.536826630207082101e+00,2.528694900038541693e+00,2.502887790522704936e+00,2.497402329993485104e+00,2.597961254381082608e+00,2.525421520449609325e+00,2.504152891541921111e+00,2.506658430157680861e+00,2.573830361795091726e+00,2.502632767032930694e+00,2.531824959354021409e+00
2.446898437407466265e+00,2.431565455733583292e+00,2.413514960719600921e+00,2.422889162122436435e+00,2.436714072747686810e+00,2.392900780858569387e+00,2.481988549182120085e+00,2.389340433651210738e+00,2.402083647733856075e+00,2.456222523124773183e+00,2.454514169574542048e+00,2.413712474182958534e+00,2.390402765869396706e+00,2.468184012076593881e+00,2.422374235012410448e+00,2.372929158301470220e+00,2.425595384578814073e+00,2.443478681532078589e+00,2.463954409077370844e+00,2.374089064449107500e+00,2.439117809513522417e+00,2.425435129150770752e+00,2.405056361002174015e+00,2.448502873632482757e+00,2.428820901621029371e+00,2.364791807462754303e+00,2.419338938191017530e+00,2.399088231417053407e+00,2.480650050336147050e+00,2.477046107859986801e+00,2.448614091538830362e+00,2.437236124852248498e+00,2.391573747068129752e+00,2.457149799091020270e+00,2.465351456679634623e+00,2.425128941090456181e+00,2.421416366902709782e+00,2.395734837569936992e+00,2.418357362155070689e+00,2.467868179844917353e+00,2.445237922493660676e+00,2.431589814794097304e+00,2.466960235150289726e+00,2.388887150298453665e+00,2.436363663403818602e+00,2.410643820758091582e+00,2.382031218998288846e+00,2.396199549117403738e+00,2.443465243663452746e+00,2.446084113386509884e+00
2.342505775122159850e+00,2.351851763293070885e+00,2.395202034226793231e+00,2.354183400457183772e+00,2.369318659272607430e+00,2.334840707899815904e+00,2.334122426393466121e+00,2.295717002583221422e+00,2.345971186503567729e+00,2.373346552465127157e+00,2.350378762385248788e+00,2.299400826521394769e+00,2.367708526392035218e+00,2.373106222251128106e+00,2.371277496655919581e+00,2.393600984062029369e+00,2.394079451477147291e+00,2.354883617008961316e+00,2.323817729408391486e+00,2.337428009992360334e+00,2.389079234091396664e+00,2.328572010595772568e+00,2.363568345365615553e+00,2.310962771102101687e+00,2.344908149941171249e+00,2.410411514585231618e+00,2.362130840254752506e+00,2.351142576421803465e+00,2.324564787365248186e+00,2.319113235797863659e+00,2.284200446230931991e+00,2.330678215680091814e+00,2.339972738044732825e+00,2.324332525244503955e+00,2.302239452678989551e+00,2.326289537165944665e+00,2.384303860411706388e+00,2.387346799886630677e+00,2.386876052482645783e+00,2.349510570680270138e+00,2.320285142475251750e+00,2.325624002360725751e+00,2.337795913319153041e+00,2.345480927436941254e+00,2.320564104184374532e+00,2.341674177437401028e+00,2.329371665800235913e+00,2.366819529055741889e+00,2.357787439787583317e+00,2.322580007384746903e+00
2.221191603088820354e+00,2.229472248823006986e+00,2.307057786434957958e+00,2.233743533278072402e+00,2.240932670490055401e+00,2.262481218063168598e+00,2.262613503215828104e+00,2.262486701582471671e+00,2.255617481371849475e+00,2.269693341806107600e+00,2.235766614230033422e+00,2.248684624324863268e+00,2.215685781464606041e+00,2.274767373567919471e+00,2.260134423500612666e+00,2.252428659467200056e+00,2.269556843376421273e+00,2.260893214837417453e+00,2.254758969667264967e+00,2.312155048459516582e+00,2.249620250831939838e+00,2.233999343084484668e+00,2.261011346056848836e+00,2.280310101977294668e+00,2.245210355793709756e+00,2.309699963806740808e+00,2.240234085648449724e+00,2.267028965551207698e+00,2.276945637432993941e+00,2.306338863567285014e+00,2.218836806882417800e+00,2.285722592766574301e+00,2.271074715885601503e+00,2.265398893156542304e+00,2.219397612067584014e+00,2.251121267774623291e+00,2.231251245914408265e+00,2.194721540073840682e+00,2.250769166715773206e+00,2.280765154328817879e+00,2.273011384136224944e+00,2.297294561190881268e+00,2.262438072625839514e+00,2.292876230015668870e+00,2.242159043556330555e+00,2.259525024828714646e+00,2.298167556463977856e+00,2.264901722605737966e+00,2.225182876592139536e+00,2.230001208575614235e+00
2.113495104134580860e+00,2.171550402759690801e+00,2.166991345024186000e+00,2.206924636144644847e+00,2.151325037024963027e+00,2.171923634163511974e+00,2.221840066701606276e+00,2.180293914316466797e+00,2.144666264729156779e+00,2.157135166442126106e+00,2.156735438035396690e+00,2.222118247897536758e+00,2.151784335006448057e+00,2.208847795999484998e+00,2.188744618898135208e+00,2.144939583633521885e+00,2.165579271998278710e+00,2.178986256718429271e+00,2.187475694958492589e+00,2.159064501518705104e+00,2.151558086538546632e+00,2.180390477905143953e+00,2.141359623036446891e+00,2.181310505190400484e+00,2.200201381011872126e+00,2.182232603604616905e+00,2.130635195129967574e+00,2.155620154041385295e+00,2.161181685048450429e+00,2.192073574887616783e+00,2.173742575147662226e+00,2.215661763085562619e+00,2.162072490787660062e+00,2.189811242930192137e+00,2.212883704836806409e+00,2.176764429908734755e+00,2.203285676427574113e+00,2.179515644611005332e+00,2.182533958546722719e+00,2.180609744907283432e+00,2.171824926459960281e+00,2.143727462935258288e+00,2.145243753321653291e+00,2.146436841187706612e+00,2.136960418561659303e+00,2.207043031045437864e+00,2.199305573183549356e+00,2.159155199491497701e+00,2.190090822829666717e+00,2.158331233931551463e+00
2.105085776654498808e+00,2.044525066188848328e+00,2.097700160274157621e+00,2.060917497814152899e+00,2.102168274673278159e+00,2.105920387873173372e+00,2.067564003052555055e+00,2.063194622408328627e+00,2.119731620812403072e+00,2.067537626312281773e+00,2.048025743967435197e+00,2.117645437415934584e+00,2.063153504164298102e+00,2.093404940743418319e+00,2.076138309972863638e+00,2.101345692308987712e+00,2.049497453320650919e+00,2.114266483671752184e+00,2.115454863189523582e+00,2.090710095947486469e+00,2.056350355855263601e+00,2.072568127741235333e+00,2.113951018075991062e+00,2.064627083988798795e+00,2.114351891029178532e+00,2.110960964928643602e+00,2.094437979331282396e+00,2.085811161313302353e+00,2.099046333573010070e+00,2.089549096765827230e+00,2.114351017669980237e+00,2.044630566497806612e+00,2.064502849945371032e+00,2.103679509429656314e+00,2.055578642604475981e+00,2.037346513670015735e+00,2.048078136003627758e+00,2.075618712387401921e+00,2.094050825350110223e+00,2.061905945086404124e+00,2.122308474055012883e+00,2.081131390210203769e+00,2.086180415784036235e+00,2.057654035899346923e+00,2.116247610001276591e+00,2.071041877580531487e+00,2.059755955457559740e+00,2.067249590626410338e+00,2.063534726999691760e+00,2.128283290899251501e+00
2.049819727291206650e+00,1.943033968628813390e+00,1.977726855618847868e+00,2.044778420990263079e+00,1.975879324880261079e+00,2.006456921916111469e+00,1.993702649795754622e+00,2.000245139217006862e+00,2.035706591686349487e+00,1.985115482422710187e+00,2.014413915604827743e+00,2.082359536556900981e+00,2.026062933976917613e+00,1.996000885597243091e+00,2.006272181430229118e+00,1.995166659694168843e+00,1.955131167768746625e+00,1.978803042569135195e+00,1.981524958571486028e+00,2.012399795693207150e+00,1.973261301308909754e+00,2.004316525541331995e+00,2.004211339851330376e+00,1.984557649278217095e+00,1.973264949280576719e+00,1.994550715112952011e+00,2.027479811502167717e+00,2.007832749436281095e+00,1.989364941084120320e+00,1.977559837240964180e+00,2.009082243027966008e+00,2.002401087742092134e+00,2.013068370440147081e+00,1.992544482532070171e+00,1.996199185937377996e+00,2.022647152401097603e+00,2.035294102540105676e+00,1.984551525455103160e+00,1.972487923864517656e+00,2.020024215374497611e+00,2.022677692062554655e+00,1.998745044696458084e+00,1.960412268088197685e+00,1.970063526767134920e+00,2.010090634715369973e+00,1.954196105960772867e+00,1.956492725624140450e+00,2.004208086020065949e+00,1.972967268857697132e+00,1.941352188730166795e+00
1.925145481455367236e+00,1.919967938941162799e+00,1.906344929407095989e+00,1.948456663245873743e+00,1.904571534888679807e+00,1.900149994955271149e+00,1.912572863630347397e+00,1.962030722837429186e+00,1.925615403470535281e+00,1.968464381164193533e+00,1.916620828434988155e+00,1.905157091148786508e+00,1.923516246964315002e+00,1.884572964237626547e+00,1.889134425205537537e+00,1.921574659044553268e+00,1.892131316948359565e+00,1.892711809626273389e+00,1.908279641350744127e+00,1.885146552052039626e+00,1.886785516857979017e+00,1.919932040196264289e+00,1.880036899133062267e+00,1.900329877664476363e+00,1.885581170227973224e+00,1.884487504465094831e+00,1.918829673349777609e+00,1.893301579909672405e+00,1.897287198787028339e+00,1.932401288728952338e+00,1.908304461096289595e+00,1.955474807563356121e+00,1.886155884352927359e+00,1.904491407416421422e+00,1.884795265161473221e+00,1.894371844677270378e+00,1.920429815204846902e+00,1.936988741031136829e+00,1.896470114333101531e+00,1.925821820334276291e+00,1.929627742054419004e+00,1.941125366063603419e+00,1.915512573534828178e+00,1.928541230266424877e+00,1.927866143925771381e+00,1.891578166084489476e+00,1.942339486261541959e+00,1.882140163012190115e+00,1.894833425224671464e+00,1.891595502850910604e+00
1.819698361759493288e+00,1.788716121608332488e+00,1.814731546187394073e+00,1.837382892519054289e+00,1.826541701107995852e+00,1.802777510425818130e+00,1.803401836297396699e+00,1.806551759346988417e+00,1.783832617131761555e+00,1.782633800098905708e+00,1.835642593032055014e+00,1.831859954987207439e+00,1.778008192745662575e+00,1.848298404538639250e+00,1.823070168568292626e+00,1.825025278323969102e+00,1.810158673414909991e+00,1.791383310606144308e+00,1.772808803100200503e+00,1.789032108551576128e+00,1.836913840518261010e+00,1.850407969533538921e+00,1.843454542372882532e+00,1.780642721750504531e+00,1.834883851497471907e+00,1.814167379648402800e+00,1.799406156703118764e+00,1.869219856376122646e+00,1.809553078727080822e+00,1.841017451366077085e+00,1.773001626671314002e+00,1.795315471390575235e+00,1.809595795288248876e+00,1.841785799055458916e+00,1.831431391540782050e+00,1.858050063738293511e+00,1.832055272662884038e+00,1.819620193760566940e+00,1.798765074890397830e+00,1.827373947721060432e+00,1.844954151106116269e+00,1.788401252031395883e+00,1.830844213339571480e+00,1.823700579817420619e+00,1.811334516336182476e+00,1.832053044908489081e+00,1.830490713794186153e+00,1.810000428280770901e+00,1.817488719309183542e+00,1.825171523261312601e+00
1.697344278817907171e+00,1.712654261197670724e+00,1.756106969755439007e+00,1.724972588066940871e+00,1.756535896385632789e+00,1.761203807422453638e+00,1.683090378234147533e+00,1.716775738806792129e+00,1.760333323954386353e+00,1.771093236570218110e+00,1.694193055741238130e+00,1.756681896469964865e+00,1.786802880768235013e+00,1.742768152517103708e+00,1.723749576610830836e+00,1.741586665447644178e+00,1.728403630611107245e+00,1.717685918579227033e+00,1.728396683805559553e+00,1.725766843849816379e+00,1.720638979360068488e+00,1.721774882548983143e+00,1.739331713801699708e+00,1.763702307087431587e+00,1.703261575519290139e+00,1.749177460125560302e+00,1.725437059332930678e+00,1.693100533569135591e+00,1.738990037217200912e+00,1.737470611070116355e+00,1.733967028396389720e+00,1.715680061503814802e+00,1.750580454597941982e+00,1.726912991667895136e+00,1.658967084571790318e+00,1.688175240524289800e+00,1.762652851838150125e+00,1.754096209302069775e+00,1.716219979657340522e+00,1.681581834449281443e+00,1.711853710123862005e+00,1.713961057809396671e+00,1.715513695187309118e+00,1.767175735360493105e+00,1.723044031719148217e+00,1.783901839642233256e+00,1.759748169532880935e+00,1.712678836575102226e+00,1.712395296332484218e+00,1.709812644973349727e+00
1.688783505451252775e+00,1.639347222642667745e+00,1.621312721274143387e+00,1.598477166668279548e+00,1.637557736905787875e+00,1.622106323505033254e+00,1.656563405152991164e+00,1.699030919753891533e+00,1.632037154680299418e+00,1.635005778273913579e+00,1.550765810919390031e+00,1.614856176433987711e+00,1.633481439796633961e+00,1.626224200197021075e+00,1.618849105172766700e+00,1.603502701259766683e+00,1.651071147800811767e+00,1.643926562802368485e+00,1.621613285581367414e+00,1.593891696090653287e+00,1.610126076224430491e+00,1.627267720766216286e+00,1.660003203059725818e+00,1.623820580450143325e+00,1.650712920486702817e+00,1.585599421619501292e+00,1.651121917585546273e+00,1.619635079524277321e+00,1.656932804422910133e+00,1.619049415864079799e+00,1.603516119142082585e+00,1.582690253879301734e+00,1.638667410524467183e+00,1.661776616559766051e+00,1.627032090400353015e+00,1.619480790469814524e+00,1.614190394560182762e+00,1.691720634924760436e+00,1.635927171306541972e+00,1.663564081539295358e+00,1.653292753190500619e+00,1.650609595420560849e+00,1.621977651413535115e+00,1.648855262063439353e+00,1.610550705618333467e+00,1.613490311442917324e+00,1.600897100615264357e+00,1.642942908071601149e+00,1.628629967892702091e+00,1.664277844474829626e+00
1.520442739589846104e+00,1.567635181822896184e+00,1.556015654086926991e+00,1.543991482906913237e+00,1.541865797719618625e+00,1.540131416753032889e+00,1.539321906922117567e+00,1.529514016000028898e+00,1.546326724098116445e+00,1.557734511465729499e+00,1.542448320588210020e+00,1.558481023130884990e+00,1.549358800225915322e+00,1.529452753050886349e+00,1.556840719037942300e+00,1.541731747887838289e+00,1.514736653979781966e+00,1.541731847606075068e+00,1.485959666603516860e+00,1.583766546229275374e+00,1.506898555662687267e+00,1.525078250679418712e+00,1.508883092674013326e+00,1.534687217082121746e+00,1.567951239686276255e+00,1.587321836812913389e+00,1.552953089067731662e+00,1.526179949479442133e+00,1.572896509320530267e+00,1.537713096351463804e+00,1.552518231854517428e+00,1.563833263407001350e+00,1.572083603964743892e+00,1.568715183736275609e+00,1.525749596776222683e+00,1.532603002521484070e+00,1.510513745232473948e+00,1.578032807361913648e+00,1.560018666038999413e+00,1.541132699165424169e+00,1.565758017992087803e+00,1.495332486824319851e+00,1.511661070733934409e+00,1.586661330016178928e+00,1.552229107953294829e+00,1.564282800163923515e+00,1.510697890039268909e+00,1.576080516591088720e+00,1.565003781165607677e+00,1.553234002496270749e+00
1.459730594434436757e+00,1.432307200867376951e+00,1.475181154857928334e+00,1.449668062899880372e+00,1.449459836591300288e+00,1.484322374689672541e+00,1.414356279974111397e+00,1.477687032839087866e+00,1.434035944587504163e+00,1.423364801205543761e+00,1.480802212673443030e+00,1.485360397436892077e+00,1.415631664353788288e+00,1.520868315459035003e+00,1.474121699746992142e+00,1.484145473533891479e+00,1.421604859228522422e+00,1.456042494858774683e+00,1.419485808792666948e+00,1.440406872781226477e+00,1.431506954027538470e+00,1.492723321682942528e+00,1.460326507974971433e+00,1.443763685494968696e+00,1.456519970770319139e+00,1.400460935454905353e+00,1.433714916124762206e+00,1.452576371535874822e+00,1.419448290148179082e+00,1.506112228455837920e+00,1.438463561565970883e+00,1.411131407336701171e+00,1.390405720606031847e+00,1.452701890224555870e+00,1.478268033223397282e+00,1.475805135372346477e+00,1.490709652769050875e+00,1.473146545560565457e+00,1.441086346278102948e+00,1.446280596912134175e+00,1.429461525913583442e+00,1.440365339316213911e+00,1.435318497048306163e+00,1.457053492290916630e+00,1.433224474163719453e+00,1.456780664349689891e+00,1.486349104374824481e+00,1.481516510706085032e+00,1.444280660283333351e+00,1.449371373369056526e+00
1.312898832724060050e+00,1.405162549305622122e+00,1.367326088756647628e+00,1.372270033821011648e+00,1.364922547640228245e+00,1.385682269867564376e+00,1.377957850388509264e+00,1.381872899384600339e+00,1.372980968198616036e+00,1.378177712188798809e+00,1.367286557875848629e+00,1.360061576778493375e+00,1.339855499918838566e+00,1.348824691603709436e+00,1.377085657500347615e+00,1.347874724967383475e+00,1.368104108524954565e+00,1.358765449991099272e+00,1.383233275051555466e+00,1.384093023027751501e+00,1.388971712093542976e+00,1.345061698369228065e+00,1.359894502884793077e+00,1.390675504162522280e+00,1.403605598656645359e+00,1.373722264791111147e+00,1.373600337242121272e+00,1.352976145514914519e+00,1.338529079392278165e+00,1.361253816584557574e+00,1.341183127390817464e+00,1.347917120240005096e+00,1.347315510665601845e+00,1.378843657095108366e+00,1.406144774606429060e+00,1.375401175016494726e+00,1.333413928694407335e+00,1.341295261237678060e+00,1.335737136547877846e+00,1.343612491946326593e+00,1.404821238329008182e+00,1.376625473316460679e+00,1.349016870050033567e+00,1.403611052942176585e+00,1.347024085641329361e+00,1.385554856934472889e+00,1.393881093133398696e+00,1.373871565318773635e+00,1.359334958455023390e+00,1.351436734054720201e+00
1.272828949423291611e+00,1.255251608910221695e+00,1.253782684652358759e+00,1.273127443896832967e+00,1.243111906734070571e+00,1.260594904199567212e+00,1.310400302930908811e+00,1.287817586178381601e+00,1.262488546371283382e+00,1.304033469302707582e+00,1.255723054918179704e+00,1.263311869151501288e+00,1.276513201773127104e+00,1.272336931183274400e+00,1.282541081898009638e+00,1.276018751689645514e+00,1.266161693878749217e+00,1.283758260047788369e+00,1.270078325658554386e+00,1.257918813140423309e+00,1.275817129496413571e+00,1.277692747694860520e+00,1.266153552150977246e+00,1.256443833728224657e+00,1.293523018222201726e+00,1.279058210968775144e+00,1.292845780644268361e+00,1.305203943383425047e+00,1.267004209180300434e+00,1.265449439391368891e+00,1.298567275087877393e+00,1.262456033936962152e+00,1.294778160397469957e+00,1.258542067795819008e+00,1.265816802076639380e+00,1.274453301677830774e+00,1.284075840168031002e+00,1.258817014233482467e+00,1.274819372225476366e+00,1.295607543907620007e+00,1.293636899806293039e+00,1.213098536993803656e+00,1.296698552635641377e+00,1.277609012413262857e+00,1.272491291143988068e+00,1.247902352341999421e+00,1.312722067245262414e+00,1.304438240016503769e+00,1.274587081566689317e+00,1.255166983112143475e+00
1.195329124164469903e+00,1.171400913853101855e+00,1.162758472652011488e+00,1.158958645211688676e+00,1.171876357497600107e+00,1.143211716477531281e+00,1.140949487232670867e+00,1.196615066042047149e+00,1.188713600910736190e+00,1.216322319980326361e+00,1.176150865026285075e+00,1.208456596954318618e+00,1.196171925216938492e+00,1.170991570099722878e+00,1.242134335107570875e+00,1.180156694645925652e+00,1.223753122634235302e+00,1.188959555364941689e+00,1.160353748039528066e+00,1.209352865688434253e+00,1.189933191107201083e+00,1.229404512234526958e+00,1.195918944935176365e+00,1.146225565382625877e+00,1.198234198101767012e+00,1.196206196961707047e+00,1.139487421562686453e+00,1.182703497427472605e+00,1.163489938498403431e+00,1.175090934672954113e+00,1.190459730643511183e+00,1.161119822547547420e+00,1.204497580582584604e+00,1.182471199461136990e+00,1.203483472471027493e+00,1.194182747311770543e+00,1.202283799394664454e+00,1.172083029090337458e+00,1.150249905954712881e+00,1.206607127061168239e+00,1.165554598193546010e+00,1.181739782400213157e+00,1.183996208767145175e+00,1.210732348353144472e+00,1.204604068542351136e+00,1.212127578349555312e+00,1.172357147083092688e+00,1.206298015874919916e+00,1.179409454823905357e+00,1.198108093855753786e+00
1.072388007293289203e+00,1.114337878659747316e+00,1.098805701424556247e+00,1.097840538810839206e+00,1.071130890299676564e+00,1.091610757266457066e+00,1.094107539984519706e+00,1.083725930285766470e+00,1.082215415615529919e+00,1.138663145786884323e+00,1.072957136268638756e+00,1.109313801241297526e+00,1.124209597642009006e+00,1.086909317177959577e+00,1.100459631157752138e+00,1.134672835063693208e+00,1.117590714342168168e+00,1.112155067611264148e+00,1.118433565448604616e+00,1.079419931497407559e+00,1.062580332432473407e+00,1.106251281797794306e+00,1.113740444930331419e+00,1.066002437902036526e+00,1.161006713519951994e+00,1.095550486863436257e+00,1.074387988641284375e+00,1.102623708430159777e+00,1.108181421356810858e+00,1.112704583665145908e+00,1.109105259982316793e+00,1.076503410456928211e+00,1.087882893722004640e+00,1.085016840775134384e+00,1.098804476985249190e+00,1.060276558752773379e+00,1.095245512563181700e+00,1.105164432589208490e+00,1.110315593238763832e+00,1.069993346304876303e+00,1.089579014524128864e+00,1.131530607458362869e+00,1.093404499728177992e+00,1.082672301930352132e+00,1.085720133711282065e+00,1.081571233624301520e+00,1.111901210811198526e+00,1.097228880548148933e+00,1.114502771582674523e+00,1.075356509039515851e+00
1.019171545779938182e+00,1.010259426705943264e+00,1.008007282190530818e+00,1.004089068551097697e+00,1.014851035792224243e+00,9.848979021704558079e-01,1.021977767090108458e+00,1.002385889489836091e+00,9.991825723741685206e-01,1.012644205536282538e+00,1.004861124566089892e+00,1.008225418777805249e+00,1.017336718327150669e+00,1.001050859207996746e+00,1.019171239729103728e+00,9.888935387541958333e-01,1.004849444173561146e+00,1.003928033372269768e+00,1.018595818672231257e+00,1.009153300718221624e+00,1.010263596344544990e+00,1.006791914896143059e+00,9.653648975706661250e-01,1.018518477276895151e+00,1.005376402849947892e+00,1.034774762167485651e+00,1.004517728831803458e+00,1.001114232889755096e+00,1.016452636346875993e+00,9.791834268184220758e-01,9.938700638829881528e-01,1.044238639094488885e+00,9.884792801830176723e-01,1.005351467525451126e+00,1.024643725965568075e+00,1.017545710401508430e+00,1.015744779080218985e+00,9.921929480133732104e-01,1.002424776586960053e+00,1.012915821046251441e+00,9.986285479969838619e-01,1.055679856908381842e+00,1.003286813521930831e+00,9.906972188226071951e-01,1.029048676436558063e+00,1.003463518238108421e+00,1.019570443854802555e+00,1.011833971129793674e+00,1.012500853471769213e+00,1.002345393139834506e+00
9.267606258938425601e-01,9.237467758122871464e-01,9.319190601561101461e-01,9.397559176573681006e-01,9.462010607572952647e-01,9.542733882892204811e-01,9.121578774602498996e-01,9.202810797456861813e-01,9.143456833117655780e-01,9.297277096707171617e-01,8.958801593035409239e-01,9.654705144924734528e-01,9.427395470401020994e-01,9.359893360733372303e-01,9.283066302278053517e-01,9.304771455403807456e-01,9.238392111339106538e-01,9.043122446566013162e-01,8.996605113477491589e-01,9.088899529436166302e-01,9.114486079516541661e-01,9.198253427063763921e-01,8.842547284941415509e-01,9.180999681213629637e-01,9.338776277522979896e-01,9.111221671107013753e-01,9.377068583206676911e-01,9.041221581315455058e-01,9.105211380675456434e-01,9.154095640029908942e-01,9.119944812176012938e-01,9.417833694380507437e-01,9.531509550323454816e-01,9.329437553055348609e-01,9.384793005814628941e-01,9.346668384054878098e-01,9.324597852902963835e-01,8.924095557370229637e-01,9.515214870685241300e-01,9.247210753531824867e-01,9.343494237443474848e-01,9.378242682166521016e-01,9.228278147333529580e-01,9.244145719802118188e-01,9.321013126023700579e-01,9.208465172511516306e-01,9.033018856068133484e-01,8.954284677158490524e-01,9.477652179243397645e-01,9.524868389117256973e-01
8.359752085015987877e-01,8.435552041032655657e-01,8.479267020952353517e-01,8.408737323922065299e-01,8.439025760557600231e-01,8.396868879926094875e-01,8.560137116029852278e-01,8.607921597511980494e-01,8.457779902786719539e-01,8.345705522474956561e-01,8.385807533138261993e-01,8.307952330023721244e-01,8.067433079636189275e-01,8.400723344944053261e-01,8.297823598113551746e-01,8.155370884457455727e-01,8.157771781564270297e-01,8.401033557004421448e-01,8.342731308587361116e-01,8.511369260498239386e-01,8.363481876934444337e-01,8.501145365296293166e-01,8.281336359059410235e-01,8.465592750310134695e-01,8.234065590448055305e-01,8.427164271164752085e-01,8.446681408557393800e-01,8.453781761257075367e-01,8.501707256407833313e-01,8.324676244394482172e-01,8.060976389677265708e-01,8.376290337683808263e-01,8.305789083934561612e-01,8.135984268067883995e-01,8.113461937352535180e-01,8.728211249750291723e-01,8.369216697042017872e-01,8.398914202117397920e-01,8.537898734768787357e-01,8.424616116660446075e-01,8.422972090922031807e-01,8.492629312672761444e-01,8.422996196440060146e-01,8.686492320459884287e-01,8.544348484745311056e-01,8.175337952995005431e-01,8.320025193769291505e-01,8.507510776821964882e-01,8.527164408474091628e-01,8.720188956645928968e-01
7.456268290018153166e-01,7.464076104722042748e-01,7.285051978922114646e-01,7.613085101275048894e-01,7.709090456363109078e-01,7.564660628530052167e-01,7.498765888353804421e-01,7.636257995035131696e-01,7.386334756031294191e-01,7.681097401992861284e-01,7.550408486877807634e-01,7.688757397959845585e-01,7.553268278750570053e-01,7.403946800194960431e-01,7.474652086371108561e-01,7.507042194266377866e-01,7.728200367877073873e-01,7.566620142970869045e-01,7.355650550831909218e-01,7.653810764869638517e-01,7.599728050948326707e-01,7.857954418557359100e-01,7.670271317121487575e-01,7.688559568411935663e-01,7.644643401293585994e-01,7.593806990953271274e-01,7.626323027617833983e-01,7.454147358954862357e-01,7.816700162052070411e-01,7.370665265002669386e-01,7.826435103173808860e-01,7.415070121294309313e-01,7.732109672219494856e-01,7.646331844124298893e-01,7.511418926696082909e-01,7.481125174860996374e-01,7.602805714469254017e-01,7.810130465470064287e-01,7.762536768617918082e-01,7.453109868834387752e-01,7.425464132822778840e-01,7.908283368024058291e-01,7.653715856024008168e-01,7.530709567690846429e-01,7.587108738763961302e-01,7.975774780338710235e-01,7.726381070553798303e-01,7.599797574282889379e-01,7.328003932837353629e-01,7.537624429421800887e-01
6.773021787437614183e-01,6.941766971510983097e-01,7.007934111860382176e-01,6.652239907800608920e-01,7.112028076753339478e-01,6.965356253877593717e-01,6.640564198663895246e-01,6.847206846643393297e-01,6.519947175287117425e-01,6.691650170207853465e-01,6.817160012948109138e-01,6.877929499232452448e-01,6.866905625260347756e-01,6.797711785116271610e-01,6.470954226140561705e-01,6.945290928424546761e-01,7.183332755573053063e-01,7.214701299213849284e-01,6.838049036470782438e-01,6.960675277952639295e-01,6.921478655652738565e-01,7.028938227393641824e-01,6.831885907243232525e-01,6.846965264430447951e-01,6.924258693125681097e-01,6.794892072630870361e-01,6.801961580405172514e-01,6.631515563859946560e-01,6.779610707980142648e-01,6.681054768852457970e-01,7.151024049730406729e-01,6.906905647544167026e-01,7.078442348689892860e-01,6.678921609009897953e-01,6.845504137117003340e-01,6.957898227073723296e-01,6.660583194670846030e-01,6.587053399117042130e-01,6.917399476992091012e-01,7.159209171549785200e-01,6.845596882009180595e-01,6.730451701284561050e-01,6.812255279833201449e-01,6.791528583721287982e-01,6.879548237116237530e-01,6.965077618953146033e-01,6.742608198114190543e-01,6.596117009754175475e-01,6.741521823561380522e-01,6.786326270454502430e-01
5.997192399285513620e-01,5.905607099362700785e-01,5.968696196594879266e-01,5.812717252227810327e-01,6.013534714168059514e-01,5.877751909268795760e-01,6.006845395432954815e-01,6.207235948518803337e-01,6.122940773603794407e-01,6.056515449999608780e-01,6.136015143317323783e-01,6.311944304972292308e-01,5.736914945313055236e-01,5.981986329001292013e-01,5.875520121093193993e-01,6.213928971166731152e-01,6.234553223720500359e-01,6.091351164532228246e-01,6.222948736266367131e-01,6.218177611173342223e-01,6.093912680430704221e-01,5.913496976697776297e-01,6.022485916791365801e-01,6.063043132372453181e-01,6.149310905363907231e-01,5.953049005561656948e-01,6.082799136502792248e-01,6.009808098727842385e-01,6.132839810676555814e-01,5.900129809305283413e-01,6.253265019379496970e-01,6.081320787674400208e-01,6.027992174685310456e-01,6.440008050133589901e-01,6.048953949151054665e-01,6.175599131187118340e-01,6.022877232218829535e-01,5.967528710663170255e-01,5.797011993278843311e-01,5.850996977219939943e-01,5.903514138752716800e-01,6.063418880384540133e-01,6.023684342416352200e-01,6.055176612266179870e-01,5.823659345098253226e-01,5.950954079851974443e-01,5.940067921592819822e-01,6.139834104345415211e-01,6.038362227438132113e-01,5.774410849637926502e-01
5.067961967379989163e-01,5.432807286637950650e-01,5.032917642611804965e-01,5.644176857349466614e-01,5.289363644155870015e-01,5.457483657687210998e-01,5.373738805007691743e-01,5.362289112666713820e-01,5.431576962715330970e-01,5.214575603453904806e-01,5.324619700508579356e-01,5.309559449121181718e-01,5.370003340466418251e-01,5.410737869684253409e-01,5.395607438205901607e-01,5.718372849395479962e-01,5.856760811193089111e-01,5.152133557970499655e-01,5.416433250951464551e-01,5.230121300274199747e-01,5.037445981397765671e-01,5.497313319977750190e-01,5.498271961689684684e-01,5.359140074814826571e-01,5.200138287858824260e-01,5.280601770740755985e-01,5.528526640920273794e-01,5.471693463675143532e-01,5.431558414284157754e-01,5.292146798067630664e-01,5.273333513434135256e-01,5.415481584879431320e-01,5.368880634752237757e-01,5.334363329049813807e-01,5.326534368931830077e-01,5.314310238072965653e-01,5.368766962715578739e-01,5.151028711353313749e-01,5.046367057043983362e-01,5.311206901007808900e-01,5.685263285998852778e-01,5.107313562698547749e-01,5.380349547140287347e-01,5.219590464728681711e-01,5.514794759843353322e-01,4.925135802982525401e-01,5.095096031008511384e-01,5.372506636378188150e-01,5.583093083102196319e-01,5.326952893252696608e-01
4.709504788721801671e-01,4.472429830931394790e-01,4.541909912901689883e-01,4.693506245424683976e-01,4.611726763228228276e-01,4.705330751328682393e-01,4.638906241487433801e-01,4.521110096565338909e-01,4.641632950427810878e-01,4.745417199143541209e-01,4.556935618120817599e-01,4.467690158683596535e-01,4.426753782981598384e-01,4.548169525519795142e-01,4.448953033335837359e-01,4.670841854938805882e-01,4.592058325729795887e-01,4.524100465452876585e-01,4.635343713902804197e-01,4.590508634046842062e-01,4.756211886215067630e-01,4.531804241126022870e-01,4.789039633562499065e-01,4.605284979841531290e-01,4.536749800989423598e-01,4.704021873809324239e-01,4.399911283835860054e-01,4.682943386143518238e-01,4.570514875311133540e-01,4.591644621175161589e-01,4.529999273612472788e-01,4.722553041758565384e-01,4.667260049992594806e-01,4.626738472560873450e-01,4.786779739568675085e-01,4.425603569552991057e-01,4.588158336472702437e-01,4.670610806345131261e-01,4.625469625128795226e-01,4.604419211780638732e-01,4.693854767065858691e-01,4.612767423703801328e-01,4.672695415049780143e-01,4.667495671085871156e-01,4.414421919962157048e-01,4.477540561172210776e-01,4.522634944369037235e-01,4.402251018479954592e-01,4.548736968400748926e-01,4.685869193718445458e-01
3.981633654016384916e-01,3.925500786573910550e-01,3.959546279923155665e-01,4.110024303302745041e-01,4.003622772028823662e-01,3.871032182092652985e-01,4.113417395434170176e-01,3.969935757290374290e-01,3.825327486870203075e-01,4.088339268822523409e-01,4.061386898520835120e-01,3.854743191108256362e-01,3.978681252752918063e-01,3.940226114434409177e-01,4.070628264629757020e-01,4.085801534252705425e-01,4.023400563552457787e-01,3.899025621820888521e-01,3.933629100040985094e-01,3.845569804163023186e-01,3.932022939298549513e-01,3.985806840778627347e-01,3.960707796912769640e-01,4.118455228062953832e-01,3.918683252776392067e-01,4.091319610934769369e-01,4.082031434646321566e-01,4.119861335662159396e-01,4.227289369428186006e-01,4.144940584370523373e-01,3.749681371086069359e-01,3.915317864585245444e-01,4.350129193433982522e-01,4.109182423762094416e-01,4.023378241117049336e-01,3.958261111508763475e-01,3.911977982594028180e-01,4.063756649401374932e-01,4.225553724794963717e-01,3.684877760907552813e-01,3.875384312917122820e-01,4.050700418437560013e-01,3.838382540416569455e-01,3.871126848751439975e-01,4.002101983310134004e-01,3.959119343474156727e-01,4.030653736216827099e-01,3.963733193966905155e-01,3.946120103554291991e-01,3.769557431507454259e-01
3.075842199765247975e-01,3.387349309743832859e-01,3.201370435592637009e-01,3.442922715292042746e-01,3.424695697743295186e-01,3.259823696958812911e-01,2.994762639112348857e-01,3.373086303443773026e-01,3.222603096163352276e-01,3.318240974804534393e-01,3.247386673878624452e-01,3.378079588411838086e-01,3.472938002569670446e-01,3.200967300005655436e-01,3.334991170368973301e-01,3.320229823873799280e-01,3.412993233292579420e-01,3.215889381380056533e-01,3.575776208054163852e-01,3.137102303400349235e-01,3.267522599886715784e-01,3.346258531929381941e-01,3.381756711330604070e-01,3.254369301180071727e-01,3.485753582303042775e-01,3.454898535129050652e-01,3.474216209392742005e-01,3.296106737066997749e-01,3.390578451548909023e-01,3.479382234939478180e-01,3.306570440214422479e-01,3.217013408008754238e-01,3.258914027468365893e-01,3.539467003126811062e-01,3.214759163987815915e-01,3.341926819913717539e-01,3.281314905989818898e-01,3.525185755757989647e-01,3.496241624909307011e-01,3.249468868789858189e-01,3.301611796792238152e-01,3.336121326141863186e-01,3.323539201585463676e-01,3.265240465520561353e-01,3.352728557004888699e-01,3.270207244991840678e-01,3.402757616782974837e-01,3.143235658585358805e-01,3.229578492348443297e-01,3.402883318938756396e-01
2.916168664080932005e-01,2.617568456679044697e-01,2.837781335418086415e-01,2.863323531457929727e-01,2.670656462136810627e-01,2.681984442514512290e-01,2.720649350513353326e-01,2.531089972958500689e-01,2.742827025509987915e-01,2.655987117009359633e-01,2.690478843145003851e-01,2.759356693218696366e-01,2.818757257214313250e-01,2.616332447531662386e-01,2.773977260372817444e-01,2.764034182169322618e-01,2.601067009455154677e-01,2.955445921423718314e-01,2.786059038819450051e-01,2.777915550193317817e-01,2.746456673693348227e-01,2.698975687015111036e-01,2.813923311389985860e-01,2.606799872815140362e-01,2.713515962955786454e-01,2.875940672418291766e-01,2.705075971326755813e-01,2.765708933620517063e-01,2.804428717421685868e-01,2.766244999830522189e-01,2.753885427462840485e-01,2.510663605757962324e-01,2.674809020029905171e-01,2.593675326783298485e-01,2.959546539259437226e-01,2.697939977696323099e-01,2.801661064463077389e-01,2.829748582345336105e-01,2.937570526222976208e-01,2.707296908324564599e-01,2.855723586865251962e-01,2.639630446025162946e-01,2.727400999565466333e-01,2.779567633570501073e-01,2.782648231792138604e-01,2.563962087196671180e-01,2.820061703079685955e-01,2.540012566031913388e-01,2.685604022690694648e-01,2.746027564289829637e-01
2.216033638946562634e-01,2.024661826990808156e-01,2.067748737796732406e-01,2.187489207812976511e-01,2.279430795176887181e-01,2.257144530740527733e-01,2.108440775853675786e-01,2.305193943651746291e-01,2.292211864885139727e-01,2.226674352949424007e-01,2.148369739581515447e-01,2.190080599962775099e-01,2.280472605765630767e-01,2.209157265705500306e-01,2.113106447805900845e-01,2.148552867766312935e-01,2.116079993183783703e-01,2.230486903751869310e-01,2.065727261740905873e-01,2.237907452019899934e-01,2.131005334000052320e-01,2.275732869111000978e-01,2.340485793604551445e-01,2.168717650700771882e-01,2.295462825430562293e-01,2.280836305908038320e-01,2.248376150702373066e-01,2.200680833942084136e-01,2.060680306479559798e-01,2.231376454670113973e-01,2.253826994593079724e-01,2.098578418147435953e-01,2.205564918720154810e-01,2.060532290605684436e-01,2.315117010504290362e-01,2.131054530940034719e-01,2.278928471172732007e-01,2.197943932272499457e-01,2.328972747832946111e-01,2.096251015624286118e-01,2.140749140303616904e-01,2.298821058539060880e-01,2.193384663687054648e-01,2.363831970897143642e-01,2.155549088816551551e-01,2.114431345308170340e-01,2.123232402919932038e-01,2.259973876516942759e-01,2.121902309863439584e-01,2.141927783820154196e-01
1.693159868642953869e-01,1.752425155919124788e-01,1.804599516607288401e-01,1.506304803810422088e-01,1.628535959992939153e-01,1.527199774287464340e-01,1.739767455406383556e-01,1.721564052031048786e-01,1.783755457672367706e-01,1.610323218081529117e-01,1.667367008588241106e-01,1.804871897026122385e-01,1.715335254420779776e-01,1.639557776064392847e-01,1.702495294228235923e-01,1.614126825510639462e-01,1.625237270304561721e-01,1.737096856411000090e-01,1.636667106479492706e-01,1.684437520206940875e-01,1.740387215231799511e-01,1.592364419325484060e-01,1.721006539149614878e-01,1.760821546499468093e-01,1.810674323799321417e-01,1.748831386696179935e-01,1.635392306607465485e-01,1.879324863820390212e-01,1.647018772061911440e-01,1.600348298818591586e-01,1.621866655026542869e-01,1.678725472405823149e-01,1.702484492918513725e-01,1.789679377560871587e-01,1.729924211950455426e-01,1.616189345911189790e-01,1.605157749018950586e-01,1.645837744034883698e-01,1.695867924491916978e-01,1.605143798507577269e-01,1.725280920991187072e-01,1.575074719549539592e-01,1.579933486467339221e-01,1.633513711601269625e-01,1.581144850727814744e-01,1.646005741363605890e-01,1.620921152761045092e-01,1.643289352514756829e-01,1.700032670449039551e-01,1.614874146646434472e-01
1.200746498121485900e-01,1.239169524464241584e-01,1.167128147155140072e-01,1.124100294920487436e-01,1.232388256142507438e-01,1.178437082891004434e-01,1.227865932054161696e-01,1.193932182628172772e-01,1.324152850161265382e-01,1.254731363647364206e-01,1.339906188366622175e-01,1.190062058448883853e-01,1.277470203306571017e-01,1.147458559846787352e-01,1.260393561635365089e-01,1.309264260785567291e-01,1.299824734716500951e-01,1.276219643784701763e-01,1.191683473377049135e-01,1.292768476819988743e-01,1.238206511561174700e-01,1.207508578083530404e-01,1.109152031209179740e-01,1.201103843705510765e-01,1.270933165427664824e-01,1.223064667148975743e-01,1.280014094080048348e-01,1.343331699771438126e-01,1.245244831609832320e-01,1.252571638861808279e-01,1.248106861964907582e-01,1.217227103847498826e-01,1.295924775709651755e-01,1.141968532687656357e-01,1.142496681505206502e-01,1.264793425147862360e-01,1.305457734820795190e-01,1.187660390161596191e-01,1.270829834432997962e-01,1.231067763907060519e-01,1.248984272772793863e-01,1.072077424279784669e-01,1.110844148540822141e-01,1.215368441484726003e-01,1.239926823522019550e-01,1.135269489166421675e-01,1.342907876509356058e-01,1.293126068499111658e-01,1.254719677915238085e-01,1.212400033941753025e-01
7.487524365761594192e-02,7.906841782091157678e-02,8.321496892089452757e-02,7.829768690951262322e-02,7.981162289391036113e-02,8.451575907539811416e-02,8.063073417481257665e-02,8.819725746994531990e-02,7.676254575220520238e-02,8.662730130541942963e-02,8.107686374190695155e-02,8.495769344983752913e-02,7.815315313110966777e-02,9.066687726903006894e-02,8.815654688457637278e-02,8.299095126781791398e-02,8.176621315359100528e-02,8.501752038870465100e-02,8.556533445490871470e-02,7.054345646253878943e-02,7.335919301585057395e-02,8.214998236901598083e-02,7.741745821536263894e-02,8.245908552692024496e-02,8.549477328654087049e-02,8.739979765379472798e-02,7.771233881162992185e-02,8.137298438206896911e-02,7.630020618992494619e-02,8.419618284607174874e-02,7.804730740941175082e-02,8.093790870958807171e-02,8.349870876944502640e-02,8.686707432906397297e-02,8.305033058846320038e-02,8.553453473914955640e-02,7.967790154014368909e-02,8.816953578006188341e-02,8.310529659108910339e-02,7.183554286793039645e-02,8.682331128257263220e-02,7.453858416219467931e-02,8.744080680425286856e-02,8.981208855739487851e-02,8.895955464659199841e-02,7.747512826862773538e-02,7.882746232598007718e-02,8.779682476832212368e-02,8.379031265400757600e-02,8.412800334956886672e-02
5.206017134240364941e-02,5.713342153173197463e-02,4.915193801045727312e-02,4.486243824806054881e-02,4.824809762250207440e-02,4.760745654022805612e-02,4.923120499484121004e-02,4.679300173932080670e-02,4.634294362904560483e-02,5.497486713979590767e-02,4.800195186960744959e-02,4.435552240753812270e-02,4.107368315943633885e-02,4.982928299236311087e-02,5.123468203506090918e-02,3.995494841301306527e-02,6.284874769029689945e-02,5.183959302157196275e-02,4.485692713673057608e-02,4.763989356122067670e-02,4.195767271615179206e-02,5.003995033430443107e-02,5.404115241314254303e-02,5.110979626603511655e-02,5.158673859962456532e-02,5.048515358773748157e-02,5.361382956358634599e-02,4.996555244814075009e-02,4.859268070946015650e-02,4.865945849046612176e-02,4.411269938925882483e-02,4.334368658431170251e-02,5.032657801590587759e-02,4.786639233834890511e-02,4.967112472720169175e-02,5.048454873599863418e-02,5.087841761633147414e-02,5.218585989553346793e-02,4.982575173966150711e-02,4.433413035625147214e-02,5.123021460684167722e-02,5.110665249308129349e-02,4.928430702652040335e-02,4.850011108755402506e-02,5.664572938168350308e-02,4.734510755346462568e-02,4.543227604639233502e-02,4.553401164989114014e-02,4.956882573762639438e-02,5.163727575958541871e-02
2.603271536145453785e-02,2.576009142444643865e-02,2.488149395389999824e-02,1.980211345057508038e-02,2.334163572429890851e-02,2.140801014725105325e-02,2.071569280359107992e-02,1.966499398187386560e-02,2.013114535353784096e-02,2.269452336613040147e-02,2.165677853057496050e-02,2.052581430499104964e-02,2.268696543854106101e-02,2.072739041903882973e-02,2.542119048114116139e-02,1.696158688145035093e-02,1.728770062610523670e-02,2.223787340913454050e-02,1.858447016960407261e-02,2.232268191196322069e-02,2.171920601719868824e-02,2.026075132987298702e-02,2.640495702829806501e-02,2.196025013804585660e-02,2.687396986691355932e-02,2.284731954126631437e-02,2.152882025113170977e-02,2.158405747389042367e-02,2.656100992682709425e-02,2.311192162671308822e-02,2.418959372741139383e-02,1.965271648852522091e-02,2.061788354338306428e-02,1.831035109448610546e-02,2.197639801947670612e-02,2.187946003856486646e-02,2.318802674687758456e-02,2.115473748643252258e-02,2.081589829280165380e-02,2.058406413835421264e-02,2.136744574373795891e-02,2.657664485943056140e-02,2.340101898513956627e-02,1.969343254876406227e-02,2.293314715930188166e-02,2.355470449913212028e-02,2.204464663312401609e-02,1.965185032955765396e-02,2.137626739053839764e-02,2.150351453296154083e-02
3.386773076378502088e-03,5.217883699463186573e-03,5.010238345745065582e-03,3.425416641732778166e-03,5.815896988523736044e-03,6.790943946953175402e-03,4.322232476384394242e-03,3.826040627162420691e-03,4.814035168160453806e-03,3.521073031412455534e-03,4.371071713111061331e-03,4.335073285403883737e-03,5.262210382149583483e-03,4.127330757708997343e-03,4.057091092884556466e-03,6.344492016750000012e-03,4.208258298181398287e-03,3.416464874888907547e-03,4.708869474387093919e-03,5.113917573162989234e-03,3.170670678501211811e-03,4.671556037469475758e-03,4.381369314646148955e-03,4.655360957018662982e-03,3.545882824677213004e-03,3.279904395945139675e-03,4.442533623694890250e-03,4.258038390601276597e-03,3.346961631475953419e-03,5.588893482993350335e-03,3.706219172505340487e-03,4.239669727416206860e-03,4.308270861098020474e-03,4.562724978197932151e-03,4.188008610068380370e-03,6.092688809265016728e-03,3.814078640462741695e-03,5.406901804998730417e-03,5.517303160382996258e-03,5.422561868117507788e-03,4.237831788848075466e-03,5.810138105687753102e-03,5.194282001663909180e-03,4.110214623581318581e-03,4.394903732935283996e-03,3.424308635040538857e-03,3.867551483061761487e-03,3.761742445995835092e-03,3.513462306565975479e-03,4.173858824507340783e-03
