1.129470226733405092e+01,1.127343903315236240e+01,1.119459985238787780e+01,1.123123183134918968e+01,1.130018011270949252e+01,1.125544157504612919e+01,1.125787187600152706e+01,1.126835470904234171e+01,1.127176567303432009e+01,1.127555492449694974e+01,1.124306666846656100e+01,1.123765890397660172e+01,1.130807222021815761e+01,1.125175298567187809e+01,1.124746609418071230e+01,1.124687489859652878e+01,1.122472137076572807e+01,1.126260434787730702e+01,1.121493258363036816e+01,1.127374975912232991e+01,1.120756670044321446e+01,1.127234741197868750e+01,1.125182215028297072e+01,1.125722607122929553e+01,1.124728978333727980e+01,1.129404057545353268e+01,1.122587321717236541e+01,1.125457390072961417e+01,1.121567618738689731e+01,1.128945632677847222e+01,1.126372241749962022e+01,1.123427645942031106e+01,1.129686698297727787e+01,1.125790244318339361e+01,1.129908556467833414e+01,1.125170008808803424e+01,1.127296002175711997e+01,1.128639514979198566e+01,1.122157714043418508e+01,1.125933920899048601e+01,1.128771717096684490e+01,1.125656562177168496e+01,1.123664313433066297e+01,1.125783321801235459e+01,1.124429736156841564e+01,1.134265333848577662e+01,1.124871286727314512e+01,1.128740551911875833e+01,1.124855186176060684e+01,1.123159921152678287e+01
1.125388342238668926e+01,1.128806679275537306e+01,1.127401004123262673e+01,1.125478311646184615e+01,1.121847133401134577e+01,1.127510675378309912e+01,1.124137361166767235e+01,1.128039314531843296e+01,1.124039854704529340e+01,1.118470867117876466e+01,1.123720906794025076e+01,1.123204836400650564e+01,1.126119015378499455e+01,1.124260514883015816e+01,1.124704527148697508e+01,1.125788935068655405e+01,1.125105608894431342e+01,1.124171552256964368e+01,1.120660279891640876e+01,1.129160056769006815e+01,1.127043636733581344e+01,1.125081598776219316e+01,1.126237648039991157e+01,1.124923699330305915e+01,1.130066524591497412e+01,1.121999666025103615e+01,1.126384475071177071e+01,1.129474009031449988e+01,1.129103811692426262e+01,1.125480628237452585e+01,1.131168384671702043e+01,1.125704812163326274e+01,1.128132961286543079e+01,1.126220406224509141e+01,1.123008572091622703e+01,1.127222816370217018e+01,1.126808939453837333e+01,1.126561399531430752e+01,1.123775607083052464e+01,1.125013657760346319e+01,1.124155643821701034e+01,1.124593852457769927e+01,1.124392667514848299e+01,1.125881888564864752e+01,1.124237543981680076e+01,1.127325815763266981e+01,1.125445645728818711e+01,1.120807250872918992e+01,1.133361166090403671e+01,1.125207106868669094e+01
1.123150718683129412e+01,1.124215024976450117e+01,1.125984449963008771e+01,1.124155625507668965e+01,1.127517241044105134e+01,1.123138351837400606e+01,1.124093156234705582e+01,1.125212118470841105e+01,1.125214436299804532e+01,1.123477260289448232e+01,1.122967377251702459e+01,1.124239267016872290e+01,1.125493803700807938e+01,1.121955970017530113e+01,1.123807079170399348e+01,1.120852717558013367e+01,1.120345235506975534e+01,1.127508987126166673e+01,1.123933548956192396e+01,1.125360638659314638e+01,1.123495906966814850e+01,1.118415744474263818e+01,1.126027098978885377e+01,1.124552094018846660e+01,1.123523183261076497e+01,1.122459172716898479e+01,1.126335984980469362e+01,1.124458769552861526e+01,1.124819086200671414e+01,1.117374331696302647e+01,1.117962465138271000e+01,1.122439937736266913e+01,1.125780632809443027e+01,1.118275990844807843e+01,1.124374094938607271e+01,1.122361658674990892e+01,1.124109401536726338e+01,1.126185178180033475e+01,1.127002404388925605e+01,1.126595488672175982e+01,1.119742078634669014e+01,1.126594396158077949e+01,1.127488823281885999e+01,1.119333477418695644e+01,1.120636724770268522e+01,1.122760683207517296e+01,1.126464735599691203e+01,1.126415532051921886e+01,1.122593816235225006e+01,1.124304915860959930e+01
1.123202529766474456e+01,1.121774611236857311e+01,1.121861509084861375e+01,1.122782106158986082e+01,1.121229578867215615e+01,1.120364119934472313e+01,1.121255355264912623e+01,1.123078813876415261e+01,1.122272594366405052e+01,1.122930026748693422e+01,1.122903757600468566e+01,1.119620774248394390e+01,1.122637274236829619e+01,1.124047566791853825e+01,1.122179557032526631e+01,1.124690789162760396e+01,1.123631429340622567e+01,1.118456935392013207e+01,1.120948900294210304e+01,1.123451836455593877e+01,1.123009127041867394e+01,1.123996420814319563e+01,1.121998333655517399e+01,1.127375005264217656e+01,1.123783782165388168e+01,1.122269541359030143e+01,1.122519677499575153e+01,1.120923524696214457e+01,1.122961840825688462e+01,1.123866101326524713e+01,1.123938680798896250e+01,1.127105504601048835e+01,1.119910268769169193e+01,1.124744943187337398e+01,1.118159220045384572e+01,1.120267636559623270e+01,1.126906514715816776e+01,1.122812765923433176e+01,1.119898823751653083e+01,1.124364094287330040e+01,1.123054868837932396e+01,1.121267476670317720e+01,1.122186934273652703e+01,1.124828272095615489e+01,1.121966972130347173e+01,1.119939319223357899e+01,1.125245594855249820e+01,1.123024225296361855e+01,1.124049616878571101e+01,1.119942005432168486e+01
1.122311656408850133e+01,1.119524998397049842e+01,1.119721632846756343e+01,1.120269591663098474e+01,1.120974996226430953e+01,1.117577101209796453e+01,1.120905722227749912e+01,1.123940345357457105e+01,1.119535261742156251e+01,1.117459319382861338e+01,1.118529073628404191e+01,1.115114232228803104e+01,1.120013536681811495e+01,1.123620180174280492e+01,1.119854816945187359e+01,1.120553576747249735e+01,1.122335898757410355e+01,1.122197233713040632e+01,1.120626666424707274e+01,1.121776459256257219e+01,1.119667087314483034e+01,1.118277574882398007e+01,1.115339838402389638e+01,1.122530515896984760e+01,1.120802334004083889e+01,1.120167972239346810e+01,1.124954929132043446e+01,1.122123343793959727e+01,1.118777199282595980e+01,1.117652828276611210e+01,1.119764032224164652e+01,1.121678861944106842e+01,1.116986130153136259e+01,1.125639696422326708e+01,1.120933496310181354e+01,1.118459291531617339e+01,1.120978573462806693e+01,1.115380358608981659e+01,1.120683080908972684e+01,1.119458411236130679e+01,1.118651130939700877e+01,1.120452967392016141e+01,1.121924149436087426e+01,1.118302127811260327e+01,1.118870443185598873e+01,1.120364984264759478e+01,1.116761992499181488e+01,1.120190241389132879e+01,1.116611172108323657e+01,1.115190810075962702e+01
1.121688009348020643e+01,1.123260222787576623e+01,1.122006663610403265e+01,1.117266098203340796e+01,1.119195267955015538e+01,1.119521053604046834e+01,1.118451946560482213e+01,1.118818372981404430e+01,1.116214003053663895e+01,1.115557334342980234e+01,1.119259368384252440e+01,1.112365017185070748e+01,1.120114064747391858e+01,1.119496867623779757e+01,1.117486985354418749e+01,1.116316878984026140e+01,1.117423784543349363e+01,1.114581594876751325e+01,1.119410302762929099e+01,1.119847342554344038e+01,1.115244431970362804e+01,1.119826871543782154e+01,1.116873618166831683e+01,1.118964827729099021e+01,1.120489377997252234e+01,1.115981789505562993e+01,1.116646403118607545e+01,1.117505545926324473e+01,1.120343716467733763e+01,1.122155428404172106e+01,1.113502604826992304e+01,1.116711208075442840e+01,1.114863917059257226e+01,1.115714906300381237e+01,1.115885062392423066e+01,1.117516710135783597e+01,1.113436536534996257e+01,1.112324137081726150e+01,1.114373049823809225e+01,1.117671880714118693e+01,1.118494532892784044e+01,1.119035076423949349e+01,1.117284526316223925e+01,1.116428992020962241e+01,1.115850307976785238e+01,1.118682959344623207e+01,1.118335328126168626e+01,1.112873960699164577e+01,1.120679268530302153e+01,1.118195938656678479e+01
1.110939598722831256e+01,1.110733742021545822e+01,1.113066549401296967e+01,1.111650207020712244e+01,1.104967845080443745e+01,1.113672989881082920e+01,1.108642636760434108e+01,1.115914069776397888e+01,1.113855152549688832e+01,1.116075117886768453e+01,1.112436280474660499e+01,1.118929814805534839e+01,1.112354646670405067e+01,1.115713933220507137e+01,1.110806549138205135e+01,1.118016101629078740e+01,1.114675097300084339e+01,1.111185997074479381e+01,1.114484052230293187e+01,1.114498099300480938e+01,1.108042966205521296e+01,1.112967153252179564e+01,1.109542391225460101e+01,1.111893788155718177e+01,1.115481183058117942e+01,1.114066596119178421e+01,1.120590883636793578e+01,1.110116753697027647e+01,1.112214504806553173e+01,1.110594167730795157e+01,1.110057943937196434e+01,1.113371630030059123e+01,1.108806338773625555e+01,1.112858066574088589e+01,1.112858614587933737e+01,1.110289306739977988e+01,1.114880114945918166e+01,1.114884995802373702e+01,1.114585185392703259e+01,1.113096924392853104e+01,1.111497966103351587e+01,1.116855088078629699e+01,1.116437174050177106e+01,1.113395978389755392e+01,1.111564954599557353e+01,1.114729951083726256e+01,1.112427614231638628e+01,1.111539819657887840e+01,1.111960111939783857e+01,1.112802250713276919e+01
1.111872915373374227e+01,1.108963241293259117e+01,1.106298768513680209e+01,1.109106460138012906e+01,1.110375753973418433e+01,1.108141883905002345e+01,1.110996475987014875e+01,1.107957570098722044e+01,1.110061289778489879e+01,1.104577571749515741e+01,1.107236740523422647e+01,1.106937161341597076e+01,1.109747319384805131e+01,1.109809584803046434e+01,1.107475901305008747e+01,1.110056503660735849e+01,1.105024474274568824e+01,1.107232181908169899e+01,1.112230923288014317e+01,1.110513992825401353e+01,1.113412387114481383e+01,1.107320789401643246e+01,1.108951304790066672e+01,1.111536480183493047e+01,1.108234783449776195e+01,1.108595943242577420e+01,1.108465510350215943e+01,1.110432548565543875e+01,1.107973645752005254e+01,1.111038661518102266e+01,1.109768447314620410e+01,1.111925596574012154e+01,1.105015682344631855e+01,1.110658682655118312e+01,1.111708710320935367e+01,1.109742883081256970e+01,1.111154359660263502e+01,1.111812445259379167e+01,1.108765721233305435e+01,1.108651418323801785e+01,1.106757495034373306e+01,1.102654036129576376e+01,1.109498925711200101e+01,1.112196505216682496e+01,1.109736292274818226e+01,1.114424403943094788e+01,1.108065386858712031e+01,1.108510501642432544e+01,1.110753774120035864e+01,1.107383844128398742e+01
1.106556655554994784e+01,1.106001998090209071e+01,1.103850991320782882e+01,1.101849409938915159e+01,1.106710893199700507e+01,1.107373446645376625e+01,1.102135843513994296e+01,1.102173449805002470e+01,1.104680855974890719e+01,1.101674751643046868e+01,1.103083728550394405e+01,1.104236883432615635e+01,1.106263905105127421e+01,1.105520310733941969e+01,1.109131681566541161e+01,1.101660276228006374e+01,1.102986811199379602e+01,1.100213341274960932e+01,1.107131602450632357e+01,1.104806141239963679e+01,1.103020428189784141e+01,1.097286803966489011e+01,1.100807940846346078e+01,1.105361621413414674e+01,1.104638211059067210e+01,1.103278346281928179e+01,1.105459202621803172e+01,1.104020553209877065e+01,1.104869869531835214e+01,1.110051555075264673e+01,1.104932297484980985e+01,1.104017505806403321e+01,1.108203207360600651e+01,1.101918031395204167e+01,1.104934971853318793e+01,1.104077867284691372e+01,1.107333032913215476e+01,1.105352418283181670e+01,1.102915494651477246e+01,1.107337101917620004e+01,1.105761490504657374e+01,1.106743258299345811e+01,1.107984794646842630e+01,1.105171415125524526e+01,1.102898226168071538e+01,1.105380829813442922e+01,1.100873900820179507e+01,1.105628296552248990e+01,1.102500609214268401e+01,1.106507782127952844e+01
1.101542568518607368e+01,1.100429218941031273e+01,1.102120916618585511e+01,1.100050663815163254e+01,1.098171445432138071e+01,1.096690175230861719e+01,1.095132037744821751e+01,1.102492873443856780e+01,1.098751213095011536e+01,1.100985819168415780e+01,1.101941277546463027e+01,1.096904020969965998e+01,1.096981934525233626e+01,1.094054505284938195e+01,1.103218456464210462e+01,1.099548512252684240e+01,1.099480906293189442e+01,1.101357268621769059e+01,1.099982837739619512e+01,1.099381072878720822e+01,1.102365347738177093e+01,1.099885116352665371e+01,1.101433595987623093e+01,1.097227396492028006e+01,1.095151252023300259e+01,1.100837340363453976e+01,1.095252963239161126e+01,1.096927067771864905e+01,1.101804953837304701e+01,1.099157076456409499e+01,1.097623798060378064e+01,1.102708846479929683e+01,1.100180455839729809e+01,1.098989418596891454e+01,1.098177888373438904e+01,1.097702927590852795e+01,1.101365045867472325e+01,1.100752356422390577e+01,1.096702340914579388e+01,1.100831005762156778e+01,1.094549755366274191e+01,1.094450645255053089e+01,1.097230545036144278e+01,1.098360346181248026e+01,1.103253458275158394e+01,1.098413085879702500e+01,1.100964517773116746e+01,1.103619217623321980e+01,1.099138800009317585e+01,1.102805005663144655e+01
1.094140723063288512e+01,1.091732311009345224e+01,1.091779439230094972e+01,1.094546802663146146e+01,1.095486698373376555e+01,1.095036284565949458e+01,1.090163295821365530e+01,1.093721783575048079e+01,1.097550230793183346e+01,1.095169330325365920e+01,1.091529632843918662e+01,1.093194335471122081e+01,1.091997410739227092e+01,1.096292645015686418e+01,1.091858196894172828e+01,1.091128019840209085e+01,1.096741772024786954e+01,1.097662481124646661e+01,1.094117786525528935e+01,1.090202980705657154e+01,1.096051916389259517e+01,1.092771777317523352e+01,1.095801808713874159e+01,1.095652535776141079e+01,1.091312867758930771e+01,1.095080401989964081e+01,1.093124596240993718e+01,1.088716804935270765e+01,1.090854734921062175e+01,1.093045726390765182e+01,1.095447896978782687e+01,1.095740774365548909e+01,1.090521779888832121e+01,1.096336951530075510e+01,1.098070811283316495e+01,1.096228960842434397e+01,1.093374783988205046e+01,1.091431002506301340e+01,1.093483492615970931e+01,1.092595856627162121e+01,1.090798119586498238e+01,1.096698148651110749e+01,1.095885582946280401e+01,1.092463835269697192e+01,1.090393275085158464e+01,1.094999055775758734e+01,1.097123139877714237e+01,1.093685582670923218e+01,1.090938933994567428e+01,1.094988447317399682e+01
1.086822868048615653e+01,1.091849874199326287e+01,1.086994955163055643e+01,1.089324398276143313e+01,1.091563562127293352e+01,1.086689401203588723e+01,1.082135559592510177e+01,1.087927230243398924e+01,1.089182639013283271e+01,1.089591868296121113e+01,1.082405631733121254e+01,1.090897611397145184e+01,1.091453842091862469e+01,1.090745169355523281e+01,1.087534971407570161e+01,1.083183971924846745e+01,1.086486946132453468e+01,1.085356712020112369e+01,1.084919403194760257e+01,1.085216622490826310e+01,1.085494114022965917e+01,1.084159893663617602e+01,1.090956499340987840e+01,1.085319262183452516e+01,1.089956341161493114e+01,1.087427870632927984e+01,1.086574568397035456e+01,1.084823419662850341e+01,1.088386985676502050e+01,1.084707408230600123e+01,1.082676855800606930e+01,1.086742648862557736e+01,1.086729218580391176e+01,1.089302508629666200e+01,1.083279612701236161e+01,1.087529897664931511e+01,1.087243038526225192e+01,1.087725879883929636e+01,1.085760589771952489e+01,1.087098528855177904e+01,1.090540424572668954e+01,1.084060288042195275e+01,1.083524429342417861e+01,1.089582251146877567e+01,1.086843312037823672e+01,1.085488233193078855e+01,1.084791235428666312e+01,1.084892434150037666e+01,1.093362010056478084e+01,1.089004526780746396e+01
1.075211930022857842e+01,1.079453700507652947e+01,1.075142247801222872e+01,1.081469413812957292e+01,1.079774067944139126e+01,1.078288824906324450e+01,1.079625419198701586e+01,1.084058867189220088e+01,1.079563904171080679e+01,1.079013200375895210e+01,1.081230784696168357e+01,1.080039502111113237e+01,1.086495776353619291e+01,1.084029716338229754e+01,1.080167501149623988e+01,1.080938628165899651e+01,1.076182926062771728e+01,1.079600931726894508e+01,1.081413815007831225e+01,1.084872034290428289e+01,1.075665217233107818e+01,1.083881606971712941e+01,1.087491377201244269e+01,1.081201761819733598e+01,1.083488379137811997e+01,1.082026398495289676e+01,1.077570839903923172e+01,1.080931772640756172e+01,1.080536092133155890e+01,1.072641203058306125e+01,1.080832917439175134e+01,1.080120477879412100e+01,1.080383982607695970e+01,1.080497251198102404e+01,1.079775257783019171e+01,1.081992325225008500e+01,1.080172594316895207e+01,1.075195792436103659e+01,1.081048435127643614e+01,1.079077331840575127e+01,1.075972855598846323e+01,1.081448026218978775e+01,1.079879626065620002e+01,1.087487653344839700e+01,1.075829030770404238e+01,1.072348638705812718e+01,1.082002403796797019e+01,1.078114317024467184e+01,1.081842784946583258e+01,1.080510549132618081e+01
1.067402174104960544e+01,1.072712524910540921e+01,1.072699826934292133e+01,1.068500312088707460e+01,1.077339345810118409e+01,1.071635303556323393e+01,1.072833396079723123e+01,1.073814886001434843e+01,1.069944009559045561e+01,1.072393652496075944e+01,1.075036196645347353e+01,1.070143835448651970e+01,1.070139670790637609e+01,1.072844322381836335e+01,1.075150850622835819e+01,1.071656669066702783e+01,1.071671609824999116e+01,1.072916909912001771e+01,1.071180515739342987e+01,1.070873912980643539e+01,1.069561613567251079e+01,1.071233411749182096e+01,1.070093793815292571e+01,1.071725265731454613e+01,1.072398375309048113e+01,1.071640900505394178e+01,1.073696204338572535e+01,1.075097454987979795e+01,1.074458043502183457e+01,1.076113472218081490e+01,1.069332801256177490e+01,1.066148795935317395e+01,1.075997604862924284e+01,1.070941464692478284e+01,1.073956144819999814e+01,1.069355365430160454e+01,1.071016635234726344e+01,1.080193830029107538e+01,1.069754688829572409e+01,1.068713357902852756e+01,1.073354021590269980e+01,1.068848861393136040e+01,1.070361161292634122e+01,1.076779262522255465e+01,1.067757049615932274e+01,1.072333713893265639e+01,1.072848977748467192e+01,1.076567645196820955e+01,1.070277983568379554e+01,1.075479650137787502e+01
1.062771374298087146e+01,1.065359726869463941e+01,1.064267626293921154e+01,1.060300594363134508e+01,1.059650048152373891e+01,1.063850275786204236e+01,1.065926508696986552e+01,1.061954323623480789e+01,1.063213901016300156e+01,1.069231949356153244e+01,1.064543827895106887e+01,1.062453569824584143e+01,1.066527930644071986e+01,1.061638030441906722e+01,1.064203921887870230e+01,1.065017383166376774e+01,1.064815735371746008e+01,1.064228507002142798e+01,1.063422360662763566e+01,1.064218080285183099e+01,1.064133238530906311e+01,1.069951890536482431e+01,1.062974171330928108e+01,1.060361707482985416e+01,1.067750843691403340e+01,1.067181230010038639e+01,1.063299270849684142e+01,1.068892807608937723e+01,1.064493826204692617e+01,1.063068546879025611e+01,1.061037505195351827e+01,1.065538826303187214e+01,1.067974543385733455e+01,1.065970041939976198e+01,1.060735112008402758e+01,1.066044793325832174e+01,1.062315497914862483e+01,1.057061797533017966e+01,1.067227022697208128e+01,1.065246826696451343e+01,1.062563280667644605e+01,1.059420978106836664e+01,1.062456338807443856e+01,1.062927729061975413e+01,1.062052360362896586e+01,1.062732018567849579e+01,1.060306266871026359e+01,1.064318275685489468e+01,1.064032351131954712e+01,1.067328880214006581e+01
1.054863619192900082e+01,1.053931807669040310e+01,1.056747466228506127e+01,1.052547828595421997e+01,1.055122119146225401e+01,1.053450811147726540e+01,1.051328973864669969e+01,1.056713884984429441e+01,1.055040649208948622e+01,1.053075169211578910e+01,1.055678179158428875e+01,1.053755973289116277e+01,1.057969421649266195e+01,1.056435137934048463e+01,1.055257844359471697e+01,1.054229062527099003e+01,1.052979693879188439e+01,1.055276912200769779e+01,1.052968827564225407e+01,1.056531592878339865e+01,1.056182101105201632e+01,1.055648502020490831e+01,1.060776924031630131e+01,1.051516609475554809e+01,1.054006304226621715e+01,1.058145178702202571e+01,1.055561798061569867e+01,1.053538267694393049e+01,1.056818148575591465e+01,1.055096069445148110e+01,1.054389729327268732e+01,1.054040644296428120e+01,1.052039162141686823e+01,1.057782727185376004e+01,1.056431887091138222e+01,1.058408190220269951e+01,1.057006169919099925e+01,1.055799719575929529e+01,1.058021003322581244e+01,1.054544718713141016e+01,1.057918366699105128e+01,1.059903177590268086e+01,1.058397384585952139e+01,1.054038029368195062e+01,1.060646424430694523e+01,1.054005442721558339e+01,1.055225590640836941e+01,1.054256000774942059e+01,1.058685962617519216e+01,1.052887071234284733e+01
1.049356817128463604e+01,1.045909188744166407e+01,1.042179886031794034e+01,1.046931801741339640e+01,1.043917073105323645e+01,1.048508090914133994e+01,1.050546260791477060e+01,1.044081395984445493e+01,1.048070668225609126e+01,1.045037322384502332e+01,1.046897607955487608e+01,1.045356948080415016e+01,1.046721002435126913e+01,1.044889356067827713e+01,1.045930066959376958e+01,1.046073380206737369e+01,1.048884165319567074e+01,1.053728789598003068e+01,1.046913208802995143e+01,1.050106983716997711e+01,1.046712915693665558e+01,1.040059294154170111e+01,1.044756765556182110e+01,1.046627107763759668e+01,1.042523160636484469e+01,1.047134364093827585e+01,1.045622604090061358e+01,1.046863596485831138e+01,1.047756717706612939e+01,1.044395845058955352e+01,1.045887352177951435e+01,1.046825405975901369e+01,1.044964698008976889e+01,1.046835468844319550e+01,1.052465051473775048e+01,1.047540472536637424e+01,1.047243505656521023e+01,1.045322774068278981e+01,1.048549205584938093e+01,1.047951053070033289e+01,1.047986203050999876e+01,1.043625610310888696e+01,1.049620396702457725e+01,1.041992959929601881e+01,1.039953625964657213e+01,1.044364926216286626e+01,1.047350402499092503e+01,1.048664525404028147e+01,1.048914997759641565e+01,1.047044619006485000e+01
1.034551999103896236e+01,1.034587046276046074e+01,1.029360012736102448e+01,1.040277097190648092e+01,1.038402572815009961e+01,1.036485805638617386e+01,1.038447111883227514e+01,1.040412417695000258e+01,1.035543429818781469e+01,1.037443922135967611e+01,1.040081103215651126e+01,1.039031568305695785e+01,1.033764102082476022e+01,1.034455452131875397e+01,1.033872146477729359e+01,1.036970876705512801e+01,1.032909410968320429e+01,1.036954233677746195e+01,1.039012059965103063e+01,1.035902140024508356e+01,1.035049518140170477e+01,1.037800946708651928e+01,1.032465235276386117e+01,1.036659424277690711e+01,1.039025563360269899e+01,1.040354407935326186e+01,1.037081677893685949e+01,1.036974066862775601e+01,1.036119539703114434e+01,1.037547995485213370e+01,1.035802511786322810e+01,1.036877347184093701e+01,1.039293475797878763e+01,1.036482264162906297e+01,1.039187572304069995e+01,1.039367246498615316e+01,1.034731513236038936e+01,1.039008847605783892e+01,1.033099762965061252e+01,1.036424824843824943e+01,1.040030505658648430e+01,1.041450978243770109e+01,1.036071186063711203e+01,1.039041483862776794e+01,1.036047777104740142e+01,1.034308108476815491e+01,1.034525029945645436e+01,1.037031528880774189e+01,1.035609014750124857e+01,1.039429322944674006e+01
1.022258150594791815e+01,1.029833821990804488e+01,1.026996720732738133e+01,1.022690720585265645e+01,1.028060022637984616e+01,1.025100233414085515e+01,1.031474884920978141e+01,1.023690371058147974e+01,1.024417887785630654e+01,1.022210917017527443e+01,1.033032234400789129e+01,1.027435131813268221e+01,1.025253289507920229e+01,1.023298976903745938e+01,1.025004179641250524e+01,1.023020022186446454e+01,1.026643834581007653e+01,1.024126975649466154e+01,1.027636346232868547e+01,1.028038168955428588e+01,1.027453496765568097e+01,1.028055788966267414e+01,1.031869248184844601e+01,1.029730773272170374e+01,1.029120718891601882e+01,1.027510133672508452e+01,1.030213585934840914e+01,1.028511173076981322e+01,1.026682937457924716e+01,1.023687075825861292e+01,1.029111699526736601e+01,1.024325392843420879e+01,1.028461599556607808e+01,1.022820043611395313e+01,1.023341828199142789e+01,1.027416987070224152e+01,1.022400571610922704e+01,1.030464943719186977e+01,1.027041875172345620e+01,1.028572108086613390e+01,1.027102106720079355e+01,1.024589243320561671e+01,1.024522639033214766e+01,1.029459930975746218e+01,1.032557661372675994e+01,1.026668166799062121e+01,1.024463056329400779e+01,1.023963443311142818e+01,1.024920330289675086e+01,1.026463990977719298e+01
1.017461704800834177e+01,1.019838895530074652e+01,1.014644112228299555e+01,1.016153292948402331e+01,1.019380680233333081e+01,1.013957423640313671e+01,1.014279218848785824e+01,1.022588249662311455e+01,1.016820930243238408e+01,1.016210386658420362e+01,1.010528880314411282e+01,1.012771400229145513e+01,1.014727750107771875e+01,1.017231824351297220e+01,1.016378208336254296e+01,1.016185773194269792e+01,1.016269323913184408e+01,1.019160296328967874e+01,1.019083549911016995e+01,1.015420042854695737e+01,1.013277510099064216e+01,1.013033148948005291e+01,1.015760548047066258e+01,1.014198146123705335e+01,1.017387659862269267e+01,1.011583465024506090e+01,1.011486233940373225e+01,1.012312694616895570e+01,1.015039405939286432e+01,1.015585620337462913e+01,1.013435164125559140e+01,1.016779908401147736e+01,1.015600710162666509e+01,1.016676354467867505e+01,1.015008205750941173e+01,1.016176287521563104e+01,1.020357910846373883e+01,1.020864733953033010e+01,1.014104682668288326e+01,1.013264700001444218e+01,1.014722344094221818e+01,1.020033415582267011e+01,1.013256332463060794e+01,1.020442505257068611e+01,1.016857428435784527e+01,1.019974928220467625e+01,1.019655321188181318e+01,1.013372931333912241e+01,1.014260649231756339e+01,1.015825237932589786e+01
1.002915268201965837e+01,1.001686700810846808e+01,1.008298418325116508e+01,1.004039339691180110e+01,1.007661351080633416e+01,1.003279303530574573e+01,1.005296939336344764e+01,1.000652796839130154e+01,1.005880394313644288e+01,1.000777882105222716e+01,1.002871257320173193e+01,1.002720243566113645e+01,1.000464114455827414e+01,1.000707178680176668e+01,1.005942138100410332e+01,1.002278012858647394e+01,1.005606605869465753e+01,1.005292232029506216e+01,1.002191833186774161e+01,9.989170207722004591e+00,1.002917407405806038e+01,1.004949595548846730e+01,1.007143792636857960e+01,1.006608879433014536e+01,1.003120243277327894e+01,1.007024922922053278e+01,1.007171679503266404e+01,1.000045377252301293e+01,1.003515525553626198e+01,1.006188041590838367e+01,1.003805254176656803e+01,1.006885251815320181e+01,1.006443475689237843e+01,1.004047201298021541e+01,1.002869969903403025e+01,1.010084566877437062e+01,1.003272041850911833e+01,1.002649940405046713e+01,1.003648808523507263e+01,1.007428659406664373e+01,1.009260649143015343e+01,1.007039118351457141e+01,1.007143156100442916e+01,1.006668636188487120e+01,1.005265018122022447e+01,1.001999663807261243e+01,1.005457370659486571e+01,1.005222700967837746e+01,1.004301565292959708e+01,1.008094560625060510e+01
9.913490468088388852e+00,9.979411086831111888e+00,9.961063856461400690e+00,9.930904850591469213e+00,9.920351071378394892e+00,9.914154118472527699e+00,9.942805450601344575e+00,9.891951955632414695e+00,9.888112242154004861e+00,9.945890222673707370e+00,9.974479749364130399e+00,9.939475771361154344e+00,9.927345506956477550e+00,9.922829687387496378e+00,9.911886670125101162e+00,9.903293450216859029e+00,9.951601839491988954e+00,9.947138498492217096e+00,9.921410297702038861e+00,9.943276005206367785e+00,9.925587570517450331e+00,9.944627540828509638e+00,9.951538927948424984e+00,9.931821654649279907e+00,9.916424132646193712e+00,9.921059924739667579e+00,9.935268286208051691e+00,9.927261058169509766e+00,9.884792518796931660e+00,9.918514085532871505e+00,9.924489690637770423e+00,9.931505217991464463e+00,9.936402035898254326e+00,9.928178392646938022e+00,9.870434531497707553e+00,9.914766104852208883e+00,9.895635661463371591e+00,9.913987671228273513e+00,9.987842305691289724e+00,9.938493797549281084e+00,9.916317536124729770e+00,9.986487737715995294e+00,9.914980709509263690e+00,9.916596127715981979e+00,9.942781092561931544e+00,9.931746708189995942e+00,9.941072532603905998e+00,9.909305748095395217e+00,9.925085811556158433e+00,9.924350224034069967e+00
9.783343288555322204e+00,9.810272186452328569e+00,9.824546842674779512e+00,9.756947091181613629e+00,9.844806573563328556e+00,9.810972222307704271e+00,9.834472055512724964e+00,9.739833380094438553e+00,9.799452739681752789e+00,9.811101891632869609e+00,9.806087318951529852e+00,9.828802192884618094e+00,9.831920578928194487e+00,9.795121804535250831e+00,9.812314306320022439e+00,9.802682548224593617e+00,9.792142755470733206e+00,9.795230695887807926e+00,9.816051061443305414e+00,9.792353902122183484e+00,9.812123249442862516e+00,9.793261799301143711e+00,9.774090113324923834e+00,9.800210041763129709e+00,9.768672586657363155e+00,9.840376029011574488e+00,9.820688845967922020e+00,9.797441003732865639e+00,9.764164601012684130e+00,9.801108010609745236e+00,9.824495591287208285e+00,9.829293232765246913e+00,9.840191413743211157e+00,9.796422113362181605e+00,9.854179342983975687e+00,9.801880068731104956e+00,9.836034800423236746e+00,9.841655789201865900e+00,9.800360818353679448e+00,9.807729112187463016e+00,9.831332355447678140e+00,9.832293179810534411e+00,9.767998967921268871e+00,9.828505162731659084e+00,9.773999714641345093e+00,9.820175859843031319e+00,9.739349365112916601e+00,9.813774131387660304e+00,9.851307531884224034e+00,9.808359290178369605e+00
9.679288773616617547e+00,9.665745882097716901e+00,9.670657462799260529e+00,9.705447689931368416e+00,9.638007208544010496e+00,9.672512850428502063e+00,9.701756977541792892e+00,9.661186215917874520e+00,9.712267873763424930e+00,9.668107355281859938e+00,9.676725865447407315e+00,9.664671202762969315e+00,9.736125424720105670e+00,9.677190558866996639e+00,9.702801475164301692e+00,9.693598177539801242e+00,9.698478138989356623e+00,9.663927821575457600e+00,9.681345328899167768e+00,9.713049828518739659e+00,9.694324545176550956e+00,9.688989258497967327e+00,9.708405359940666557e+00,9.697374345927606498e+00,9.686949572067922176e+00,9.685125229159917026e+00,9.666561364047424831e+00,9.719677214804004706e+00,9.678877011160798460e+00,9.710783121886318980e+00,9.739828424684432662e+00,9.692657834382025328e+00,9.656030272449811491e+00,9.682180870261424488e+00,9.663681860620283004e+00,9.636121311603355721e+00,9.635789511416307462e+00,9.652224328558196120e+00,9.635757699747859562e+00,9.699206799309653348e+00,9.689528164675554223e+00,9.723849383280390057e+00,9.698626370620907267e+00,9.665603018912143796e+00,9.647610189219509635e+00,9.682390487344576968e+00,9.663960678583016772e+00,9.648363852032241894e+00,9.722464912711526352e+00,9.695105730351079032e+00
9.552285768402711597e+00,9.559690924456200278e+00,9.558254199146025698e+00,9.573647578930447821e+00,9.537659219486377182e+00,9.558565468565879186e+00,9.543872052389810179e+00,9.547049093686355903e+00,9.519590425732396000e+00,9.559824912613196446e+00,9.523954294061987014e+00,9.596098628421673382e+00,9.532645644653999994e+00,9.531054805223446280e+00,9.495938002167980230e+00,9.573855921661101220e+00,9.576708053076146143e+00,9.523248849912203440e+00,9.542499724215092627e+00,9.566153316701557330e+00,9.501732828966625632e+00,9.564118834319440765e+00,9.604911238269391305e+00,9.513382679217915694e+00,9.514206358601716929e+00,9.552587015339497611e+00,9.602330031688007139e+00,9.564316795559276940e+00,9.530552291162235790e+00,9.561133939348989585e+00,9.501728841958808403e+00,9.558360508315544735e+00,9.557074013709289773e+00,9.540163293126189714e+00,9.589064894664566907e+00,9.564244529295409691e+00,9.580771996182660288e+00,9.530799818876861451e+00,9.525077177958136687e+00,9.587975739929929020e+00,9.514498339357862378e+00,9.536231869295789920e+00,9.572613997807069453e+00,9.520233552799618693e+00,9.599723803101431585e+00,9.566380089225642536e+00,9.539280479161037718e+00,9.561678089768133049e+00,9.551771075512528242e+00,9.506178309679356175e+00
9.413486892547044960e+00,9.446872609287479960e+00,9.468843293564983554e+00,9.387293222342536936e+00,9.382687649871769509e+00,9.414753312570452337e+00,9.392461293353923324e+00,9.414742122652228318e+00,9.436077898343325998e+00,9.403058309961194183e+00,9.443500722304412065e+00,9.403477587503244806e+00,9.378271659852543962e+00,9.455587770124141755e+00,9.444539965990042418e+00,9.421916519328961570e+00,9.376941842992318144e+00,9.423799377134272959e+00,9.489779357798621362e+00,9.359788568630538208e+00,9.417919545984402063e+00,9.440934359428910128e+00,9.416230704080305713e+00,9.391174801642577563e+00,9.431955414238984758e+00,9.432935044376909772e+00,9.425461380208169260e+00,9.436979705362418258e+00,9.424975112708391833e+00,9.393649075233673429e+00,9.406168060468690584e+00,9.413119797648672460e+00,9.421659915874577962e+00,9.436787868687334324e+00,9.432502029356193418e+00,9.432079535451658003e+00,9.402288298625171237e+00,9.405427534796199751e+00,9.402498376750241249e+00,9.436664277943698664e+00,9.418051396606607284e+00,9.439630963993653978e+00,9.441546497257258252e+00,9.451969628671285761e+00,9.407218900996385358e+00,9.450509462408144046e+00,9.425014381849100786e+00,9.396984020520109837e+00,9.425919973711717859e+00,9.421410712665368337e+00
9.280569365111865920e+00,9.313337901668239383e+00,9.277039976557752254e+00,9.239379968823211442e+00,9.217229588650754479e+00,9.285026698329449601e+00,9.289621881064158870e+00,9.291094253683469972e+00,9.290244875206719044e+00,9.267111627954568220e+00,9.296461841885056643e+00,9.283138102665501989e+00,9.289458578504000030e+00,9.289386246384614410e+00,9.254942605924380672e+00,9.212703264720946805e+00,9.303886526009621960e+00,9.227738819337158560e+00,9.285868451283516123e+00,9.244563991957155835e+00,9.225404436631382765e+00,9.287045166523817841e+00,9.235892169687339504e+00,9.277942917790625188e+00,9.260421000492170762e+00,9.246155009034914940e+00,9.280363864069876456e+00,9.260946076021243201e+00,9.271872235481295021e+00,9.280177119573970401e+00,9.277198305643837628e+00,9.278425535766595900e+00,9.248096943718344676e+00,9.238691253663752434e+00,9.281577769375608966e+00,9.342933448247357830e+00,9.298010464351813553e+00,9.272385521615522208e+00,9.289289664804408986e+00,9.249778477520832709e+00,9.319754047710306466e+00,9.275623301719091884e+00,9.256016979583872484e+00,9.265846977572250509e+00,9.279812895891367930e+00,9.283450398847916674e+00,9.223878537752293383e+00,9.284616333970243218e+00,9.293545637601305032e+00,9.265763140038353995e+00
9.131465543481775526e+00,9.109979223827780359e+00,9.113595569229259397e+00,9.101097744604523143e+00,9.143967122589184982e+00,9.161026792581150602e+00,9.111906155514763128e+00,9.143998919423607319e+00,9.109894847010354013e+00,9.104461363009924924e+00,9.146983247386438975e+00,9.104509879192672628e+00,9.123706988650088334e+00,9.119271408023196912e+00,9.095524532341036306e+00,9.135900589759598844e+00,9.111047877478149815e+00,9.065161154493431184e+00,9.165436438033896849e+00,9.143186688818245145e+00,9.110456351960042554e+00,9.122060356444270823e+00,9.125263039106721763e+00,9.114310545621686188e+00,9.107361552366574742e+00,9.120341966733441552e+00,9.129934133657421569e+00,9.162844151491686517e+00,9.134991197421047815e+00,9.127146492604440553e+00,9.069606543769461737e+00,9.130423842467768836e+00,9.119815726101053954e+00,9.120950837716613080e+00,9.113821193959894984e+00,9.108457335598972193e+00,9.090925902137939829e+00,9.108612160881570219e+00,9.112982179795277915e+00,9.097326701690185757e+00,9.118727889669576925e+00,9.086468410124139083e+00,9.118295723287175747e+00,9.100920569992057452e+00,9.136801396397816077e+00,9.148705799696408292e+00,9.208937179630842351e+00,9.153541693148806502e+00,9.110462455607313714e+00,9.163922916304722222e+00
8.980254291094468044e+00,8.987698984745033925e+00,9.022578639271346290e+00,8.959235411489659739e+00,8.925947490762919045e+00,8.958687978947351027e+00,8.996023116908512307e+00,9.017099721807511514e+00,9.007102749014288534e+00,9.003456408917578813e+00,8.998449225919967986e+00,8.979955023536998482e+00,8.950032131940686142e+00,9.024136535922856694e+00,8.981580110163870145e+00,9.004289003325569141e+00,9.011271397506330771e+00,8.979486515492348886e+00,9.001043332646439410e+00,8.985618136586815297e+00,8.983964201723305010e+00,8.945804511300513795e+00,8.931332662780958387e+00,8.997039841013753758e+00,9.021511423805346652e+00,9.034211066985037064e+00,8.985850243931164272e+00,8.951342183505497374e+00,8.975691313774419200e+00,8.960883746902991831e+00,9.018046060356589066e+00,8.917730025135796268e+00,8.963050847640191776e+00,8.985081810814504522e+00,9.005580491590375658e+00,9.028628739820945270e+00,8.994341828942920003e+00,9.019007625543215667e+00,8.983856809068685223e+00,8.996201458074867929e+00,9.000486040392388531e+00,8.968354938499683016e+00,8.951386383614503117e+00,8.989568062315726138e+00,8.978302612635085111e+00,9.031835743801549299e+00,8.965843312938382326e+00,8.997144406487466384e+00,8.993099036583796391e+00,8.962221917511715930e+00
8.850188716334494998e+00,8.835835559814771756e+00,8.888227719294871321e+00,8.834256940851606288e+00,8.795355020876773011e+00,8.814719274591821474e+00,8.850880371820757375e+00,8.810307646309153640e+00,8.843460619545380652e+00,8.836770447478352608e+00,8.864829965057600347e+00,8.841106253696491279e+00,8.834240057890900388e+00,8.842586373462916427e+00,8.866854580082344839e+00,8.792612454702240399e+00,8.834561775207392387e+00,8.760824859430023537e+00,8.822931641078239906e+00,8.829969243713899019e+00,8.863294811190630895e+00,8.829817615898239325e+00,8.822598127050333972e+00,8.874913066971187092e+00,8.864661202545519814e+00,8.844127859452001417e+00,8.817289019536302064e+00,8.815802020107797787e+00,8.809164101535250424e+00,8.839962160706829053e+00,8.853474919708594015e+00,8.840529672709424247e+00,8.833366319745062256e+00,8.810738309748300523e+00,8.869795978919647439e+00,8.831712420749608938e+00,8.837724279088718049e+00,8.876589144662245801e+00,8.849231433710349037e+00,8.872414249256662444e+00,8.872995412917767055e+00,8.849535655971177306e+00,8.891610875974100381e+00,8.818071301024582809e+00,8.803879774660272162e+00,8.829781264122544826e+00,8.795277200246669480e+00,8.819118388892047022e+00,8.817494655642402535e+00,8.821940893171094089e+00
8.646399794103679426e+00,8.702323667434569643e+00,8.633360775819678423e+00,8.767609328316124717e+00,8.655906164288014182e+00,8.646728590529599856e+00,8.692186494498557181e+00,8.669822422046049581e+00,8.713041568357747124e+00,8.676244279394252246e+00,8.636456015534584196e+00,8.698146747594485362e+00,8.723703921973646302e+00,8.688486225247872952e+00,8.695939460416354905e+00,8.699312659089944333e+00,8.687895286282136809e+00,8.666166961072875097e+00,8.704983909115071583e+00,8.640657615683981163e+00,8.652225421954460316e+00,8.665940707869287607e+00,8.649720889040551697e+00,8.685109551557228968e+00,8.682084138174886334e+00,8.692394327046386593e+00,8.699070158475571191e+00,8.684657425561150390e+00,8.699430170052513844e+00,8.726525458708900729e+00,8.707711655746241064e+00,8.724927473889103169e+00,8.698170342317455450e+00,8.705406630657034128e+00,8.703710023233954374e+00,8.688317427277779004e+00,8.661986674208042913e+00,8.674474619937464936e+00,8.675610528736552141e+00,8.659531066074380945e+00,8.725227901122643459e+00,8.667483269059580664e+00,8.657954583508889357e+00,8.717525424484922070e+00,8.651369061400901117e+00,8.672368472017652152e+00,8.691141284842595738e+00,8.648055465407825437e+00,8.678659579276974512e+00,8.690292969711908455e+00
8.537349506023293344e+00,8.519053765312726512e+00,8.536078369303474744e+00,8.498677410063242732e+00,8.520274259684324392e+00,8.511195804485202743e+00,8.542563924578429280e+00,8.563514275080374105e+00,8.516445874216291401e+00,8.474426944563706599e+00,8.545697801810876015e+00,8.550105902137294933e+00,8.535924793363033558e+00,8.514308391003332588e+00,8.521014576652033767e+00,8.477634303735744226e+00,8.529197198278232861e+00,8.575474305230656569e+00,8.553945109526807755e+00,8.557494958784939598e+00,8.500660207607628749e+00,8.489273480949492523e+00,8.535076331180167841e+00,8.517639244054892700e+00,8.548651847053628572e+00,8.492044040439175490e+00,8.539409149147045852e+00,8.539829692423229091e+00,8.512859138416095206e+00,8.521268780548300725e+00,8.519334156913947353e+00,8.547755171034722821e+00,8.511428037942899039e+00,8.519311792902858116e+00,8.538622575462202491e+00,8.528031151505965468e+00,8.526942925398556028e+00,8.473846720495581408e+00,8.555360348659190706e+00,8.555247525368908867e+00,8.506718431665383662e+00,8.521137458180659152e+00,8.502725047060737396e+00,8.551154350178927999e+00,8.541803947371834127e+00,8.489664992886451600e+00,8.528897586732025360e+00,8.462955411062578648e+00,8.544050392548818706e+00,8.535596692254875606e+00
8.397758621747792418e+00,8.400528023036436309e+00,8.391380242337028506e+00,8.311433322519631517e+00,8.358578250303287049e+00,8.312517296083294482e+00,8.381103313378723385e+00,8.394763755133178407e+00,8.340260288718484460e+00,8.352893958628024862e+00,8.342762494318865407e+00,8.388742274820241818e+00,8.376726643475148393e+00,8.366986403839707265e+00,8.392642892681946520e+00,8.360874606724175706e+00,8.378571078569153840e+00,8.342814265086417436e+00,8.384046507967347850e+00,8.341890744812509695e+00,8.342223309012487320e+00,8.409812536800306049e+00,8.365351930162189475e+00,8.326269917343454452e+00,8.311143363976094989e+00,8.395036197551799972e+00,8.366950460150247793e+00,8.375132237565738436e+00,8.358440685135320791e+00,8.342254457754066266e+00,8.382686398002791250e+00,8.391505451111196834e+00,8.381679402595709760e+00,8.362163002399226386e+00,8.387292269374594156e+00,8.419572577183572548e+00,8.321443678939319355e+00,8.366325504941663382e+00,8.391228509465900487e+00,8.384483748376487355e+00,8.316585948008292206e+00,8.381353886567570299e+00,8.357394547691590958e+00,8.368382086426112920e+00,8.317475029057872504e+00,8.387946762744412865e+00,8.364447591505975055e+00,8.379088542901522274e+00,8.378283416883474999e+00,8.348312416599615204e+00
8.169477778486642805e+00,8.128153525165030757e+00,8.171575414023289241e+00,8.180802019870105468e+00,8.153397510723252140e+00,8.174912484185600903e+00,8.212140022157170094e+00,8.188326805368195238e+00,8.115522302777517183e+00,8.179542829004537552e+00,8.235732063327469987e+00,8.183228866652410005e+00,8.229395194211182485e+00,8.227998258531455278e+00,8.178723048665325734e+00,8.160290658153154908e+00,8.188982934743037845e+00,8.200558038790862980e+00,8.197271625361334912e+00,8.226449707375058651e+00,8.155736663714664658e+00,8.167647898988349198e+00,8.226335432341707943e+00,8.172925575228823902e+00,8.235365571738702428e+00,8.227185004393167134e+00,8.206987405988767748e+00,8.195931409124881384e+00,8.181876374542232710e+00,8.211349575612556961e+00,8.230926549048632523e+00,8.196350692419414941e+00,8.166023755599756129e+00,8.235381350096441011e+00,8.204010294198532449e+00,8.185004811550459891e+00,8.229482575963304569e+00,8.173123300798502910e+00,8.213179116047278683e+00,8.206956540325073490e+00,8.180717922568808476e+00,8.205644994157937688e+00,8.192564983185677718e+00,8.172353707978730952e+00,8.202079902005454670e+00,8.242566063317465108e+00,8.190871546990555530e+00,8.228506762394188101e+00,8.177491684795969107e+00,8.187094009534961359e+00
8.030510974940764157e+00,8.019531484394896381e+00,8.034748114749652004e+00,8.028545098554875636e+00,8.031592971905746836e+00,8.028015891728053077e+00,8.031297592471551283e+00,8.002519402423796890e+00,8.042091675334120282e+00,7.987886724581146680e+00,8.058571749429548348e+00,8.009827378531500841e+00,8.038817107872931800e+00,8.046268225662968732e+00,8.024760054391357755e+00,8.051977028788611435e+00,8.046443754637099488e+00,7.997141141794241292e+00,7.999158197698237771e+00,8.044450100842080786e+00,8.023204049600948906e+00,7.978328064746979642e+00,8.030746827470201410e+00,8.036497723756825806e+00,8.026513247132982087e+00,8.032845077204848749e+00,8.047715241321576229e+00,8.033371160295041946e+00,8.050992055667563818e+00,8.059786975818795440e+00,8.024055140754750681e+00,8.024445307436577579e+00,8.039920416266577163e+00,8.004937752166297216e+00,8.037650967820157533e+00,8.009432526708559763e+00,8.015500660967724400e+00,8.004342035274964573e+00,7.973531836068547207e+00,8.029569464934485978e+00,8.028389766420611195e+00,8.061908964596600669e+00,8.019623033710310267e+00,8.032513061754258388e+00,7.995367634761508135e+00,7.998388140781087507e+00,8.029356892166534365e+00,8.002710743224234591e+00,8.035813413063600308e+00,8.008250868641354714e+00
7.861287046031181447e+00,7.855984448246630336e+00,7.882464469144072616e+00,7.870970542763272348e+00,7.893250667999116565e+00,7.845304699206412380e+00,7.890052593985785734e+00,7.836398124313389779e+00,7.819926874912730419e+00,7.854803893972957418e+00,7.843614638537268036e+00,7.861622600121084048e+00,7.827065859759262167e+00,7.869355384970558198e+00,7.867902293108070211e+00,7.863875503253063393e+00,7.841152848685958965e+00,7.895967327694362936e+00,7.841263858590219016e+00,7.859644286846355854e+00,7.812246797734458958e+00,7.887073628191333619e+00,7.836394758372685843e+00,7.830865596465246270e+00,7.839409336312185950e+00,7.860755641033057906e+00,7.884476707521427485e+00,7.886096965962884120e+00,7.848127147092057498e+00,7.865291845085780942e+00,7.883045245366164799e+00,7.858394216119695130e+00,7.854457218699806731e+00,7.855874601323592721e+00,7.853732559402868851e+00,7.870588433852556243e+00,7.860538494704686130e+00,7.794499274767551888e+00,7.836308238468207676e+00,7.903738490949511863e+00,7.913889131736632443e+00,7.853980717298666647e+00,7.858222373099479796e+00,7.904159878388560045e+00,7.839752792053820585e+00,7.873229072264904538e+00,7.862239313419662423e+00,7.847517583192622048e+00,7.870002001384040824e+00,7.836746122516046853e+00
7.729724221045465526e+00,7.667901688168399232e+00,7.658986295851379467e+00,7.699288298839985778e+00,7.675463056831240749e+00,7.687426248522642780e+00,7.686910767001283951e+00,7.700612797339157822e+00,7.658303259087451131e+00,7.689585941093628030e+00,7.689347593900856204e+00,7.695843122600940056e+00,7.699631682654560549e+00,7.708340374378172655e+00,7.705647431079504450e+00,7.693614943415640006e+00,7.677362121328645372e+00,7.706878242983681737e+00,7.676282427238428241e+00,7.664607398561791740e+00,7.633185739736747522e+00,7.685785610914137145e+00,7.673923439890368847e+00,7.644941244128361291e+00,7.706206183034240986e+00,7.717311410601326749e+00,7.659664930994795284e+00,7.659438069630731150e+00,7.692850776212484476e+00,7.670303778838353459e+00,7.691958908375548631e+00,7.667328475857369874e+00,7.698410681705919245e+00,7.671896314349144319e+00,7.672437848462353216e+00,7.655597896671340052e+00,7.668849879105496647e+00,7.675159986713351756e+00,7.700141559241099998e+00,7.709695851023369961e+00,7.666871332559174412e+00,7.663626425367163542e+00,7.701170675332444482e+00,7.667071071850965147e+00,7.686593007049896009e+00,7.718326018598402172e+00,7.701496959825776756e+00,7.631204755509393145e+00,7.714631691840459382e+00,7.688806540174050852e+00
7.475591795245360771e+00,7.493581459263397804e+00,7.515972996701547615e+00,7.524027396560842185e+00,7.533990522634013587e+00,7.540478728014379683e+00,7.492742637999122657e+00,7.548804647240593191e+00,7.477050194607152811e+00,7.484487512790855668e+00,7.496439760529159280e+00,7.497497829837373118e+00,7.506382521792245299e+00,7.520491765553616759e+00,7.482511230652818313e+00,7.497852686908036191e+00,7.508839924125600973e+00,7.511095512147618614e+00,7.479822219766863789e+00,7.522747246350338202e+00,7.490814837789281810e+00,7.491145333040682530e+00,7.473837625504470061e+00,7.509350813698428162e+00,7.527037190415186707e+00,7.463288207514080952e+00,7.496864738922409011e+00,7.501034278191312410e+00,7.497167571989029611e+00,7.501003378853273063e+00,7.491419169988076554e+00,7.527152351673823460e+00,7.548924179864419770e+00,7.506192468527984829e+00,7.488677631086216202e+00,7.481473797670116888e+00,7.483163472637480496e+00,7.530025396669472570e+00,7.509451916270162286e+00,7.503748354143462862e+00,7.516909360228379633e+00,7.523207087904854262e+00,7.526196114339886556e+00,7.519085745242687580e+00,7.525074335878763065e+00,7.490860759676770897e+00,7.503368139269888992e+00,7.514483088743374672e+00,7.458855234147497626e+00,7.497744467294657156e+00
7.341160503115117031e+00,7.344422124705523025e+00,7.305834468954676808e+00,7.347407336902579189e+00,7.357195617936773679e+00,7.321185103953051332e+00,7.323201512642611100e+00,7.332392914739285672e+00,7.323291305292956466e+00,7.336801725738609115e+00,7.391182717536803892e+00,7.360534880605474228e+00,7.307301826537398348e+00,7.299592021464629710e+00,7.330753602843403272e+00,7.326908050284267837e+00,7.315979768227234281e+00,7.360748723809979133e+00,7.318225933967079655e+00,7.303621004779154546e+00,7.314326682442319871e+00,7.327470193421858902e+00,7.310875175731202269e+00,7.346961801677017512e+00,7.340328311627645874e+00,7.330444817064464935e+00,7.322398974442731578e+00,7.338454691759415560e+00,7.360223442529250981e+00,7.334655366874990534e+00,7.352633549463724272e+00,7.324914813939257030e+00,7.311881023987119477e+00,7.274656518858447996e+00,7.313913943804344342e+00,7.335346648438973993e+00,7.338776084388395127e+00,7.337049297926729885e+00,7.318236282760618217e+00,7.328385982806896237e+00,7.298955973911465556e+00,7.321674998235990550e+00,7.331893465448103164e+00,7.341998194127498323e+00,7.308599307698935732e+00,7.308796844155343031e+00,7.357966965840025964e+00,7.343459818455526644e+00,7.378477830931073456e+00,7.302437549803779682e+00
7.147840241060913868e+00,7.155639219055364819e+00,7.163808608748778006e+00,7.175241434513051075e+00,7.158176059227926658e+00,7.128544331576161852e+00,7.156233258328858149e+00,7.127336607051740103e+00,7.145077397631569127e+00,7.163467185375591129e+00,7.184622403609613350e+00,7.150023980304728966e+00,7.183470921356802208e+00,7.171170783691931838e+00,7.110443658324561156e+00,7.160766821918569391e+00,7.120553648938207303e+00,7.157086625082035525e+00,7.156484658907843688e+00,7.131101837647935149e+00,7.172319432430551700e+00,7.163678474356670378e+00,7.127730495018287371e+00,7.136981959425777511e+00,7.162175381666442853e+00,7.146742665009359285e+00,7.155708060945808136e+00,7.188696403417906389e+00,7.132686743262235396e+00,7.136173262340277823e+00,7.129950415129296282e+00,7.163126388861059013e+00,7.146675098253359337e+00,7.162720347599313087e+00,7.182201997906892288e+00,7.133009270379504940e+00,7.197351440214831975e+00,7.138271721616737508e+00,7.122673085928887815e+00,7.143005078607419733e+00,7.141104098325944172e+00,7.130655255694900774e+00,7.129413511249543589e+00,7.187506424656723958e+00,7.135292310289329976e+00,7.181020142194590505e+00,7.171784273343346783e+00,7.130233032037559759e+00,7.159070480614356136e+00,7.143162436593128106e+00
6.994816833786052790e+00,6.952247260766972303e+00,6.961987951417450304e+00,6.973688180219117960e+00,7.006995284329248896e+00,6.975895065614045265e+00,6.956616747168744119e+00,6.938637385672249636e+00,6.949017672122024258e+00,7.002859616555534572e+00,6.898421183603216988e+00,6.977619207602339557e+00,6.970217852552530680e+00,6.961344715868943211e+00,6.986682287916992529e+00,6.954787717187960183e+00,6.970660470915792217e+00,6.980894593357192868e+00,6.990122993385617711e+00,6.943491740222330399e+00,6.999287372407799523e+00,6.930301295909290005e+00,6.953828448291258901e+00,6.968084338342095840e+00,7.022081071079647963e+00,6.923862545352077902e+00,6.964155679328171367e+00,6.945875689672022624e+00,6.995030095458606212e+00,6.964372191120427047e+00,6.940618316015423339e+00,6.960246043219372680e+00,6.932507743663980371e+00,6.985607509033774143e+00,6.954456989917916054e+00,6.963002331895819630e+00,6.969939373951854478e+00,6.961538294213542422e+00,6.939144975018670003e+00,6.932906740302509085e+00,6.976787437548630066e+00,6.957538015840942336e+00,6.927163462868244359e+00,7.011801489383350017e+00,6.970906260639901930e+00,6.959252348733264704e+00,6.960679075666734938e+00,6.979059310689213369e+00,6.935484721332752400e+00,6.959520639927324837e+00
6.780481232564238958e+00,6.769850907877325241e+00,6.767354190909101064e+00,6.818478486040047137e+00,6.769854964257132401e+00,6.746064056359402983e+00,6.769198640062086270e+00,6.786494016480112634e+00,6.788181384052127676e+00,6.765461685097394096e+00,6.784351257971710680e+00,6.777720224886286893e+00,6.806895000714208166e+00,6.788298452045443909e+00,6.797857949177285697e+00,6.790751540219319260e+00,6.791568625760183053e+00,6.761221518280563281e+00,6.780712031008782503e+00,6.768033178404386341e+00,6.767097348223733100e+00,6.798811522676574626e+00,6.781538210196586647e+00,6.755724564886585348e+00,6.823218618324088602e+00,6.792324469665304676e+00,6.797717818668973067e+00,6.797620293244396983e+00,6.793170737098990664e+00,6.770740472657496234e+00,6.811200267067957448e+00,6.799988791425071177e+00,6.784216621163652761e+00,6.755861934557425563e+00,6.807561678349091316e+00,6.734659932201268795e+00,6.790443807312999347e+00,6.809627708683811065e+00,6.766686576348392990e+00,6.781177070879075508e+00,6.778655640843075147e+00,6.791424376574221711e+00,6.739308808013412921e+00,6.767120923429324364e+00,6.780436647966838315e+00,6.793292872654393300e+00,6.790404070071601517e+00,6.782920769777321723e+00,6.813129557386369051e+00,6.782358516020237538e+00
6.594664467725994683e+00,6.600124803309570964e+00,6.541563096892819118e+00,6.607246373218464974e+00,6.598333615692204113e+00,6.571730384634809852e+00,6.546798752722170711e+00,6.571671942981669012e+00,6.556643557080566787e+00,6.604654951741732560e+00,6.615189561538571184e+00,6.579662804526367204e+00,6.541704260725708764e+00,6.607773565468010091e+00,6.616396147878806033e+00,6.595959462642475124e+00,6.590308783402507586e+00,6.590692285707686615e+00,6.616107107262470421e+00,6.563690120212495316e+00,6.575084411998655121e+00,6.573803883789066660e+00,6.600628495972355125e+00,6.582745003331767819e+00,6.593523002230499586e+00,6.581673644786000921e+00,6.582732245408494443e+00,6.602273503946427979e+00,6.615039376940615945e+00,6.583141767524981702e+00,6.572242675973766879e+00,6.578725134738466096e+00,6.574588283596846772e+00,6.604002731847866237e+00,6.595287525690928909e+00,6.563823382920917382e+00,6.582602014260494627e+00,6.647507691507859029e+00,6.533151669477533119e+00,6.572492863441993016e+00,6.574978356950135883e+00,6.559918142716716360e+00,6.532114953009409142e+00,6.562943591902099527e+00,6.591778211435344481e+00,6.608317365600551163e+00,6.595129713857113885e+00,6.560835384336312970e+00,6.595884966170749486e+00,6.609191244653271902e+00
6.381108895807122927e+00,6.444792452423100393e+00,6.431993396064123125e+00,6.414728240631784040e+00,6.408514828291026255e+00,6.419562127601419199e+00,6.385479876329251958e+00,6.418436435381960514e+00,6.383756220585490304e+00,6.371833500259568517e+00,6.393237892580172499e+00,6.390145023192880025e+00,6.426737516516140225e+00,6.394392922645026012e+00,6.366156052149873901e+00,6.427800020997466390e+00,6.408861272506628737e+00,6.400570997652198280e+00,6.405101873822499847e+00,6.398277815426701487e+00,6.427489230652486008e+00,6.390739340827944481e+00,6.421204466146329892e+00,6.377747819846738331e+00,6.408305999519626539e+00,6.391920070359366157e+00,6.452584020293535616e+00,6.375553876140522824e+00,6.389268451108360836e+00,6.410719389333434215e+00,6.369765125372055969e+00,6.386978465255344517e+00,6.424784036440336799e+00,6.432614784150769260e+00,6.425978417209541327e+00,6.396058206691882297e+00,6.394868618323390486e+00,6.383975024978576052e+00,6.405601706999836331e+00,6.402373684265428189e+00,6.386319416587029174e+00,6.429713762467931915e+00,6.395620568269256623e+00,6.374924543085521478e+00,6.400165976599798690e+00,6.426357139335150848e+00,6.429980981914159344e+00,6.393142895152002403e+00,6.405165397710847586e+00,6.444354842110006309e+00
6.249057943691585848e+00,6.206000323263528351e+00,6.214547114644333625e+00,6.171853859075134174e+00,6.196116427205041965e+00,6.196953371104932273e+00,6.225953191636284245e+00,6.255750204001089720e+00,6.225086426474083723e+00,6.237812156872177383e+00,6.235222265067829284e+00,6.244188523325176376e+00,6.221826854944636942e+00,6.203898841622584648e+00,6.174383986528726886e+00,6.233667646244305693e+00,6.236603898869899076e+00,6.233985828905348470e+00,6.199938985610575770e+00,6.239836684548529355e+00,6.206493735602175654e+00,6.192498166985225261e+00,6.206984739902613235e+00,6.250155890254086799e+00,6.219529890701780417e+00,6.215364428025234922e+00,6.237723029369158567e+00,6.223713972204435230e+00,6.184976585818040107e+00,6.254419842087301618e+00,6.228005033107887556e+00,6.218869409133436221e+00,6.185009764242845876e+00,6.261732855992255153e+00,6.167053148121943273e+00,6.239807155397126159e+00,6.226182263027586039e+00,6.215337471122595936e+00,6.168209096580512529e+00,6.223650785713419786e+00,6.190133908107634753e+00,6.189486899137643050e+00,6.228794361700225934e+00,6.222491815011113481e+00,6.257150677131572358e+00,6.247528993597956770e+00,6.208649056744918404e+00,6.229661067813833775e+00,6.181797695659582814e+00,6.211958694533481484e+00
6.042440764357008831e+00,5.999385379966211573e+00,6.037197143445295566e+00,6.023817258783919826e+00,6.055356085084939721e+00,6.002465363731825043e+00,6.009001544461354705e+00,6.025629829599449039e+00,6.021882216589707681e+00,6.022440517103992086e+00,5.990137524124394375e+00,6.033939918888869158e+00,6.032083003443455382e+00,6.044975336279618361e+00,6.042727585797938339e+00,6.057842482309333754e+00,6.023270803598074430e+00,6.016752194364752171e+00,6.007431900535984859e+00,6.054547001750863799e+00,6.036302193619929035e+00,6.002042628628415422e+00,6.028406459708770093e+00,6.061522439688556751e+00,6.001783128930661348e+00,6.055962881555649879e+00,6.034883755160035612e+00,6.022203554541610160e+00,6.017451461894264497e+00,6.044679883231681039e+00,6.052489769496884442e+00,6.017637920810890328e+00,5.980798329672018632e+00,6.038334004082697604e+00,6.012128177667242390e+00,6.016113535772261933e+00,6.049328923810794123e+00,6.044190866692911612e+00,6.004730559482545971e+00,6.052432025254079306e+00,6.009423213460674873e+00,6.037641904396076953e+00,6.042417087677557141e+00,5.995743241171363813e+00,5.984051278378835548e+00,6.025168760345182228e+00,6.027997412009086453e+00,6.006448401901069545e+00,5.996639345327277937e+00,6.028217760174269912e+00
5.841884314823637681e+00,5.832106091328742359e+00,5.853142110617278959e+00,5.843255225472230308e+00,5.835152797752966691e+00,5.851581221554700285e+00,5.849198132567370756e+00,5.823396352798304143e+00,5.812448863689501088e+00,5.842914330225657871e+00,5.855812469811012555e+00,5.831563323459678649e+00,5.833704842882069030e+00,5.836164109785238807e+00,5.836463681693168759e+00,5.845093879474302589e+00,5.868648141406866081e+00,5.839794801263285429e+00,5.852634196197225691e+00,5.850506100809748311e+00,5.792965189802984582e+00,5.839371140636236746e+00,5.812089130712877250e+00,5.835234426957430109e+00,5.812736214869678619e+00,5.813390193816565521e+00,5.821546853092652185e+00,5.830056253459517279e+00,5.869912295234136934e+00,5.805089314375313059e+00,5.774185108859833271e+00,5.837986956885839795e+00,5.833978412281954462e+00,5.816241690243144191e+00,5.865825438881385523e+00,5.818381275351572235e+00,5.825845185801648896e+00,5.835026627770525387e+00,5.821271251625458554e+00,5.851106635951430768e+00,5.834514509512444214e+00,5.832495929375163257e+00,5.807032987569657578e+00,5.859063699963761529e+00,5.824114221959980853e+00,5.854504268316125248e+00,5.835986991631876286e+00,5.847470717864362122e+00,5.824112699894976153e+00,5.834153957978845284e+00
5.672312961408999321e+00,5.633431859644130846e+00,5.650652140773902765e+00,5.643721430119400750e+00,5.610357700569635675e+00,5.684200998583023967e+00,5.650932070390865647e+00,5.616383771431046945e+00,5.642537631246408836e+00,5.664672357806788128e+00,5.642325341830822794e+00,5.675661989500034643e+00,5.610703877269934026e+00,5.680113665879130025e+00,5.631762345829480765e+00,5.655234536877850715e+00,5.645815454205404649e+00,5.629842686248334616e+00,5.654867019626814262e+00,5.660494296214443999e+00,5.677941377733083606e+00,5.654374175352889331e+00,5.636637925430135532e+00,5.657817556680449833e+00,5.659214959279431412e+00,5.602010607342461590e+00,5.693655905054350264e+00,5.690879919338621917e+00,5.621624743736314045e+00,5.690909641777645689e+00,5.689797746682706325e+00,5.662044216248274253e+00,5.639406108742065271e+00,5.650290011359482278e+00,5.614858174947081615e+00,5.632821651922973238e+00,5.615631534379908807e+00,5.613491094598591857e+00,5.640846910973787764e+00,5.657298748751314221e+00,5.617698722481828000e+00,5.617174503378635997e+00,5.621066707351228153e+00,5.610584238343494512e+00,5.663762003810077772e+00,5.667150892422051278e+00,5.636455329528311076e+00,5.627655974622674862e+00,5.604903733753344497e+00,5.610442160360654462e+00
5.463788645605030858e+00,5.480909850213944168e+00,5.465766911319578369e+00,5.489851081469403482e+00,5.484134969256478698e+00,5.453989758361340812e+00,5.476701383026089331e+00,5.453699213834527271e+00,5.493012198172369409e+00,5.448020455575566245e+00,5.462006734317320422e+00,5.457392706795515913e+00,5.429657586260622892e+00,5.495440684610295001e+00,5.427167601693607679e+00,5.455117707752041412e+00,5.435908909414988166e+00,5.451683921217948203e+00,5.426290329905382848e+00,5.425668152689652857e+00,5.460182048342540284e+00,5.466305426534545653e+00,5.461192597088705192e+00,5.451290865131998231e+00,5.445799639122250291e+00,5.450575969105923235e+00,5.471089647755611907e+00,5.452863906442468434e+00,5.448603019795777769e+00,5.456073236512523295e+00,5.420342085581324021e+00,5.452543286158883618e+00,5.467664137435481742e+00,5.462871646233902645e+00,5.466815318533662094e+00,5.474898020569609614e+00,5.447422624817068737e+00,5.446633290891974788e+00,5.484741246178738372e+00,5.467300696771580704e+00,5.415139166983509611e+00,5.460493911072525464e+00,5.440885922043127820e+00,5.404680269038199647e+00,5.501321840530565055e+00,5.503106916342975552e+00,5.456121765581363192e+00,5.438372432583075344e+00,5.484581579970110532e+00,5.456194310868967001e+00
5.297329174701809862e+00,5.267125114728650637e+00,5.261096383796581399e+00,5.278590241373433578e+00,5.267201691504395100e+00,5.285917813375633934e+00,5.270190965234403890e+00,5.275184353708151086e+00,5.284512741683990100e+00,5.249123494747517604e+00,5.245134205073689770e+00,5.275407773985109294e+00,5.258113363789596484e+00,5.263314088254201550e+00,5.233590796897442665e+00,5.278637845455270927e+00,5.241942691270146781e+00,5.269196392400710138e+00,5.240245012836080463e+00,5.277576050185819767e+00,5.235092840505080503e+00,5.267626580020305482e+00,5.296112184609801155e+00,5.250616111851547529e+00,5.245796496557905364e+00,5.226348952710575091e+00,5.273764293410017068e+00,5.238073187295760214e+00,5.262546126200589036e+00,5.249204130609634866e+00,5.261566865881952992e+00,5.261174266509854647e+00,5.256380711427981467e+00,5.280046773338470167e+00,5.251325736551571310e+00,5.266783618334152983e+00,5.305403364249804632e+00,5.277743338199240242e+00,5.277526587206632591e+00,5.221452942042017042e+00,5.295953874379018878e+00,5.250278210916724753e+00,5.275113689937025008e+00,5.292728479805116848e+00,5.242723706682893337e+00,5.280744793719429175e+00,5.309327534990229580e+00,5.283653126093172503e+00,5.278648075295166109e+00,5.274647672953389765e+00
5.073283033350611149e+00,5.084333224063090739e+00,5.108415287120917192e+00,5.044566398616066039e+00,5.092269901391796694e+00,5.080103784718509097e+00,5.084099648364662549e+00,5.082837931832671075e+00,5.057327582968306423e+00,5.066164427122154201e+00,5.091381744056799441e+00,5.111178564868518848e+00,5.070061530768541935e+00,5.083507077425026388e+00,5.083893668238570918e+00,5.041935668518672919e+00,5.079545617497626786e+00,5.081254507746686855e+00,5.060571672184012826e+00,5.086809673943713861e+00,5.098161109318624540e+00,5.039866386503845774e+00,5.090767018029448643e+00,5.065676596178849245e+00,5.070928433412585257e+00,5.061630374507455343e+00,5.084305387736663739e+00,5.061299956797387090e+00,5.076447429525219768e+00,5.047652668853336522e+00,5.029441686440340398e+00,5.098059713980471308e+00,5.106548762009521347e+00,5.083076097784226199e+00,5.062788321007972492e+00,5.063613094919417357e+00,5.047612413027010803e+00,5.083588952496144842e+00,5.054106630687079438e+00,5.081448452306391417e+00,5.076822531855019527e+00,5.038282362352668464e+00,5.118157010290676823e+00,5.076051491055454612e+00,5.061723765103902650e+00,5.029594272550458101e+00,5.060144570698426492e+00,5.044043946736683992e+00,5.077583103597866909e+00,5.106121015561400078e+00
4.882386228905766679e+00,4.842749724222684016e+00,4.927066411698150183e+00,4.911288531179710759e+00,4.852121025359519280e+00,4.903630839907299865e+00,4.907940600088512184e+00,4.841320352977028563e+00,4.873404971512134587e+00,4.895030844010302751e+00,4.840355350427534731e+00,4.888410368481647339e+00,4.903608936641312255e+00,4.892380825297247604e+00,4.881649183638856471e+00,4.883115351728849696e+00,4.900615021221996770e+00,4.909028005466192113e+00,4.866780704001058666e+00,4.895463312104104681e+00,4.944253510526358752e+00,4.869048504557804691e+00,4.874716797228600740e+00,4.891862597168053384e+00,4.859285283958489465e+00,4.927229042326897179e+00,4.875083571671710914e+00,4.899700771068617122e+00,4.924260906351199729e+00,4.911181868690825958e+00,4.842909272548324040e+00,4.842814543837843821e+00,4.873223275563459467e+00,4.872035466824130800e+00,4.886567790195992522e+00,4.883604462884339803e+00,4.869867892616307259e+00,4.891047710836483375e+00,4.884255535696825135e+00,4.873171490033637809e+00,4.896342131725059055e+00,4.859803153565227518e+00,4.904133629194769028e+00,4.862326135606985567e+00,4.864759212194135429e+00,4.905327775156803405e+00,4.864329665177376860e+00,4.895518139171073813e+00,4.880451052725413241e+00,4.891164669189276282e+00
4.709408179027805730e+00,4.661621730099315464e+00,4.710319480296289107e+00,4.676149948805663925e+00,4.710170892832612921e+00,4.718130399546475395e+00,4.676914517943622229e+00,4.699249463184968612e+00,4.684210879660198223e+00,4.709685722412189079e+00,4.690085009273865069e+00,4.689419170294017114e+00,4.692591215508908675e+00,4.697410810493704680e+00,4.695671625912472891e+00,4.706488993725721492e+00,4.709409165913912787e+00,4.696863252002260403e+00,4.706913437761317986e+00,4.717766027384968197e+00,4.682780558098755819e+00,4.669919909371012423e+00,4.687092579881872112e+00,4.673644391224182293e+00,4.679804272741300508e+00,4.683128937449700935e+00,4.668285610015055376e+00,4.713125826586957778e+00,4.687469339886474629e+00,4.666335748255741933e+00,4.693506422598688665e+00,4.700283610497070441e+00,4.691833099243807759e+00,4.714850477720561095e+00,4.687671661791786626e+00,4.691887377992789432e+00,4.654528120196240515e+00,4.719306868975508884e+00,4.671508334333981161e+00,4.695803198885887930e+00,4.691820541907006259e+00,4.733435448194336814e+00,4.705494523270595586e+00,4.699286290361013307e+00,4.683465042700275305e+00,4.717139956234639442e+00,4.691661080506681181e+00,4.726097876891550698e+00,4.713696346893623712e+00,4.693662897575255677e+00
4.501699292883473369e+00,4.482309189334431565e+00,4.499958100315176956e+00,4.512884744380228241e+00,4.500875634358082245e+00,4.500097818370677238e+00,4.502019448378335120e+00,4.478905107241453187e+00,4.513623656001151119e+00,4.535052866799352600e+00,4.520366018425386656e+00,4.534413892170266358e+00,4.510704675280993392e+00,4.514751700328472950e+00,4.494551659682328726e+00,4.479942476311170374e+00,4.488749417667654562e+00,4.494985982112292611e+00,4.484367625723104211e+00,4.477287935485082748e+00,4.515410384402512634e+00,4.525940146761711524e+00,4.495889550847997462e+00,4.515897010771562137e+00,4.482010239784597339e+00,4.491838325320293812e+00,4.492004026985704890e+00,4.524189423140742683e+00,4.485770407378812052e+00,4.548525007387035579e+00,4.525672949928617683e+00,4.517826079658152416e+00,4.523962927630282849e+00,4.531403947503963359e+00,4.515202056336021563e+00,4.528304104572643318e+00,4.524666292518611854e+00,4.517577358970905621e+00,4.512356957717701178e+00,4.474737693484311052e+00,4.518331426861593947e+00,4.511017613932607695e+00,4.518965922123466150e+00,4.533100571936053313e+00,4.506112036537671450e+00,4.507263689385633043e+00,4.515855538245095779e+00,4.491483361220061532e+00,4.498176247756515700e+00,4.525160705184852361e+00
4.317953377817683958e+00,4.318605185150302894e+00,4.290726525732825536e+00,4.316585490600567177e+00,4.267276436669380502e+00,4.321940882643127146e+00,4.292244060967173702e+00,4.300061782435686375e+00,4.284752613696949375e+00,4.274878871357265631e+00,4.313142180373788825e+00,4.299469073546004161e+00,4.346017206754632767e+00,4.328854717094438698e+00,4.319169658456043059e+00,4.336961139356964701e+00,4.307321476871525334e+00,4.346168411314432767e+00,4.338972372133230060e+00,4.340983085606551661e+00,4.328102487668939347e+00,4.346810274693877041e+00,4.323038275653587448e+00,4.307576099726477814e+00,4.281821663367823660e+00,4.337095763151818772e+00,4.325422990501500031e+00,4.333938433305029037e+00,4.319912459360772949e+00,4.321384034606171376e+00,4.321137296503882119e+00,4.346634461041250397e+00,4.333480478181463980e+00,4.318210559496702849e+00,4.297933096975450340e+00,4.304643662441179686e+00,4.347359740089030034e+00,4.297355423349988435e+00,4.337632485218784417e+00,4.326969365366268860e+00,4.333039229993966401e+00,4.286793655779643331e+00,4.286977575330143786e+00,4.294052360687339309e+00,4.327543474313513272e+00,4.338926499883158705e+00,4.268914876496280542e+00,4.325532865161286544e+00,4.302175348526021459e+00,4.314684620811394034e+00
4.117668110708091689e+00,4.123793790482076282e+00,4.107958427759659692e+00,4.141715179078911291e+00,4.163456239173829232e+00,4.118995261007838415e+00,4.126382651961974624e+00,4.114780176793395583e+00,4.150371379748990286e+00,4.123987289601036998e+00,4.128166358242807199e+00,4.135752929196071292e+00,4.132447025903666749e+00,4.112365716883348732e+00,4.134684180402969034e+00,4.169332843931981891e+00,4.149163721153075635e+00,4.151694813942245155e+00,4.102817950244339151e+00,4.131367016577885742e+00,4.112524810506228867e+00,4.137451433559292902e+00,4.096319874379915404e+00,4.176831800381552995e+00,4.129983435229475752e+00,4.106966790466763939e+00,4.148269145264296576e+00,4.120408955216769975e+00,4.125702572091271669e+00,4.125623801281349756e+00,4.169401194222810858e+00,4.119875008062446220e+00,4.124689618351610854e+00,4.132148567074289680e+00,4.098970961819152770e+00,4.093761086776193103e+00,4.151494402240106574e+00,4.128581227040638346e+00,4.105291965318127012e+00,4.119432462625919555e+00,4.156164735013001987e+00,4.139786618015863340e+00,4.105757872893271987e+00,4.145627877700091446e+00,4.151651633893181703e+00,4.144217833096811354e+00,4.106880656477060576e+00,4.119808113641219016e+00,4.140712562694536025e+00,4.158569212885923960e+00
3.962600398993485484e+00,3.953748313548648863e+00,3.963482151187890157e+00,3.956658487170551908e+00,3.956101269073847959e+00,3.962300274686680890e+00,3.938647840731185568e+00,3.918801049279612592e+00,3.928993698394907419e+00,3.943639877594521614e+00,3.921383179837546251e+00,3.936618880636583828e+00,3.951829142558532126e+00,3.962168602612741175e+00,3.940279081073929213e+00,3.948012148216185846e+00,3.921194326050847945e+00,3.926036741077886916e+00,3.942017364959589099e+00,3.944313424013662139e+00,3.964533628156087453e+00,3.932935838094793191e+00,3.949980750043712074e+00,3.910385539206707506e+00,3.928806903438033515e+00,3.942379211807324424e+00,3.944181478761494386e+00,3.955816766312970412e+00,3.964679290114176968e+00,3.935867406694313786e+00,3.975452884119340169e+00,3.945861130486182589e+00,3.942207404339881816e+00,3.924261261964798297e+00,3.943813951386311523e+00,3.958040335960852030e+00,3.937106518358773677e+00,3.924549114101865577e+00,3.943000929507467500e+00,3.965109741962115297e+00,3.941691510084022187e+00,3.968597681470457772e+00,3.956252068473302685e+00,3.958860100865575049e+00,3.954479820918352484e+00,3.971188064373264215e+00,3.963755952932658921e+00,3.947838642805541642e+00,3.923217620645975678e+00,3.944633898195826660e+00
3.776653357881882833e+00,3.752418721274286106e+00,3.754607235313649483e+00,3.788650335904208966e+00,3.766148042324061418e+00,3.772922842692145284e+00,3.779400561699466365e+00,3.790501160694114802e+00,3.794610660535418400e+00,3.742037009005587223e+00,3.779026673633593791e+00,3.787413507735444274e+00,3.751449848477194315e+00,3.771763817823170939e+00,3.762849135790436783e+00,3.756365866945298393e+00,3.780639976038658645e+00,3.763770560070921700e+00,3.766097659475047710e+00,3.746321879802920751e+00,3.791372340682227282e+00,3.763067782942525419e+00,3.792880044073426937e+00,3.803559594575864011e+00,3.752363870846161742e+00,3.745552206152992003e+00,3.755454972762716004e+00,3.762375884314900887e+00,3.768841553241529585e+00,3.766847480188562081e+00,3.774171595381593747e+00,3.783398527148018609e+00,3.721228720642509202e+00,3.796908523517763978e+00,3.798832815868467438e+00,3.728102385038693178e+00,3.753444364409391110e+00,3.725473486318907401e+00,3.780093619495723534e+00,3.787451993064945732e+00,3.798733503786709598e+00,3.799141349919229693e+00,3.771809598711234557e+00,3.746410448308124419e+00,3.777119435023145844e+00,3.739140109392915079e+00,3.782339779856869200e+00,3.783856867214514086e+00,3.794815634943947025e+00,3.754677983080437986e+00
3.560682066356542386e+00,3.600590348483279524e+00,3.581904305813218947e+00,3.632555312526695168e+00,3.575943890680090664e+00,3.610127479621451752e+00,3.590758043582882308e+00,3.563499033099720936e+00,3.578339819717420767e+00,3.597715701516923215e+00,3.596328677759129011e+00,3.568517559012839069e+00,3.569594109891552680e+00,3.581338134539707507e+00,3.580938567077476264e+00,3.568851616044429242e+00,3.584826169676534224e+00,3.566873305657103810e+00,3.594810256204014731e+00,3.578831266534379107e+00,3.597588487070112251e+00,3.616108867754402656e+00,3.615450172582023836e+00,3.600795667869573169e+00,3.585585954138692966e+00,3.600339254668011524e+00,3.593351861714823681e+00,3.574186929483762043e+00,3.595205144058328806e+00,3.567668579083636438e+00,3.596995369861687664e+00,3.602381066659315234e+00,3.603929041510086417e+00,3.612702027735650745e+00,3.586736127415257158e+00,3.594160858533844927e+00,3.565429265892918753e+00,3.591118522196214524e+00,3.610086755506363598e+00,3.585655366454531645e+00,3.588366254490377383e+00,3.587264150575714350e+00,3.596329423837894002e+00,3.626922539586791228e+00,3.596118880448234023e+00,3.572230596641355227e+00,3.562036669658785737e+00,3.578029364872778118e+00,3.560313719931165632e+00,3.593762653398731022e+00
3.385305739461909713e+00,3.414587419595486839e+00,3.404148804134846440e+00,3.410335596542474423e+00,3.398087681599480270e+00,3.399718219190639434e+00,3.417886822292801163e+00,3.401521344174375017e+00,3.400727540016731165e+00,3.409832309765943315e+00,3.391009295237916721e+00,3.418817888462074794e+00,3.423284281523067740e+00,3.406457209516136952e+00,3.390489135505169838e+00,3.422820806099221791e+00,3.397826430714775192e+00,3.382784806396104571e+00,3.386155109690068610e+00,3.406735388979460044e+00,3.379239700321394757e+00,3.405983579719263687e+00,3.394660692010988079e+00,3.388398750999116693e+00,3.411153028238569807e+00,3.400021705574839181e+00,3.411831899303278348e+00,3.419572347091473841e+00,3.406440732268505300e+00,3.402758157416859053e+00,3.428896225731830505e+00,3.392534184335866065e+00,3.431498357349710648e+00,3.416318053207592076e+00,3.409061409860779879e+00,3.413751939674466662e+00,3.424571412233178069e+00,3.415234990237402180e+00,3.427555390308067995e+00,3.404697000332461698e+00,3.439986274402184740e+00,3.410647380934687334e+00,3.424205276833554912e+00,3.428348108112069248e+00,3.426620775382446027e+00,3.420481326780108411e+00,3.411106626102331063e+00,3.408886791759213608e+00,3.404012247943396741e+00,3.400593057068666436e+00
