1.000536916782862740e+01,1.008348823123106541e+01,1.001375028069817219e+01,9.980737889561359211e+00,1.004888483424787893e+01,1.006343509083585275e+01,9.984000182537206669e+00,9.994241648211549034e+00,9.982690307595065704e+00,9.991238977185037839e+00,1.007320957597709743e+01,9.980590020387900552e+00,9.971790958511249414e+00,1.002961646780359217e+01,1.003649799260982611e+01,9.944937832139959966e+00,1.004271656922594325e+01,1.001081824625003769e+01,9.970026722262097962e+00,1.004953038745997951e+01,1.009291296335768173e+01,1.012564317866104524e+01,9.977876777342000736e+00,1.013283311163026568e+01,1.007775738696921231e+01,1.004989831041509341e+01,9.982927562115596842e+00,1.004525015701930890e+01,9.975155413159328077e+00,1.008289308431890952e+01,9.947008518110980191e+00,1.005340048158092081e+01,1.002548791837368292e+01,9.942465259790399301e+00,1.006520473270425420e+01,1.006153050523618653e+01,1.012819617272071504e+01,9.999501645242041548e+00,1.000230435408203533e+01,1.004791802460573003e+01,1.002180779466853977e+01,1.000190587386279795e+01,1.004904880578307669e+01,1.004808202351250657e+01,1.002302903396878442e+01,9.941711157455838332e+00,9.997365978431448141e+00,1.008263604778028544e+01,1.006549227602878105e+01,1.000573858721147680e+01
1.006111637602820608e+01,9.969787110595341062e+00,9.993905981202848565e+00,9.958434951206999841e+00,9.922677704822927325e+00,1.007038232826115731e+01,9.984435087043140200e+00,1.009858943832272082e+01,1.009974493974577214e+01,1.009363525814207208e+01,1.016037412134832962e+01,1.010402895110921939e+01,1.009717939835882028e+01,1.004656070786656308e+01,1.008006751417040014e+01,1.002575350013200506e+01,1.002961727463831565e+01,1.001628546220716132e+01,1.003748942549605694e+01,1.003614179951273933e+01,1.006844823308213677e+01,1.011640269145578941e+01,9.972658320452721270e+00,1.003781849338305321e+01,9.973713326229775689e+00,1.008278286782792144e+01,1.009464475015933438e+01,1.003028500115146571e+01,1.001956811716096674e+01,1.009316503788244646e+01,1.000012708865455124e+01,1.000111163587138030e+01,1.010336318165684411e+01,1.013853991509496666e+01,9.902255435617979273e+00,1.000483666153156292e+01,9.971955988685532901e+00,1.011953140653424477e+01,1.000531261304188391e+01,1.003378980896156314e+01,1.005353742206785128e+01,1.006677580403235694e+01,1.011543891633593795e+01,1.008329168399076892e+01,1.008475267900922390e+01,1.006966967232393273e+01,9.995877812931938777e+00,1.013486743362279441e+01,1.000171255686755067e+01,1.003905233076912396e+01
9.884334110860457656e+00,9.967881004567693992e+00,1.001175688078857995e+01,9.979786666369532711e+00,1.001467198212805876e+01,1.001641301762084524e+01,1.002830628338993790e+01,1.001341919857559404e+01,1.011435070334036368e+01,1.012978281489744958e+01,9.987264017459645871e+00,9.946752175788086348e+00,1.008340741538927787e+01,1.008099304987879741e+01,1.010254773186739463e+01,1.001875367177846066e+01,1.001606226215501216e+01,1.000726457647012957e+01,9.884514478004160054e+00,9.983229079087699631e+00,1.009529990980449377e+01,9.962718677833262149e+00,1.002853040460650291e+01,1.013561267196438820e+01,1.002269097115412855e+01,9.968033703529476597e+00,9.966528873239630215e+00,1.008385773448405942e+01,9.948458926565296068e+00,1.007687363855455054e+01,1.007424761370692146e+01,1.002317842688896476e+01,1.004176292174975416e+01,1.006960607926163753e+01,9.993333355878768032e+00,1.007552694010830407e+01,1.002826624940222189e+01,1.001032419777646609e+01,9.981411543199062208e+00,9.938341805228228409e+00,1.005917119305371621e+01,9.921676362575107433e+00,9.929682729297612198e+00,1.004911642782415093e+01,9.949888008550788143e+00,1.002611272478137217e+01,1.000120532218420699e+01,9.979250583530705043e+00,1.001150589173898098e+01,9.932616343599864450e+00
1.007475257161987159e+01,1.004289084994273118e+01,1.001268008127856035e+01,1.003670400064452828e+01,1.001844244455872968e+01,9.911778429988316930e+00,1.007286241717727826e+01,9.987843383594844582e+00,9.913474602410703440e+00,9.977082288847958225e+00,9.963390464949243963e+00,9.963106853387884598e+00,9.927089560102524857e+00,1.005245061531926432e+01,9.927228178438394224e+00,1.003736832768108656e+01,1.005507200375217280e+01,9.973927530612122894e+00,9.990982496825099091e+00,1.003935101828307452e+01,9.999817166632599452e+00,1.008337898221631157e+01,1.004237798639572077e+01,9.992073321745376546e+00,1.002203183287240229e+01,1.003728022764077110e+01,9.975041903148637701e+00,9.958681904250243022e+00,1.001943916355694419e+01,9.944139064314580168e+00,9.922334676151152166e+00,9.998092200863174739e+00,1.004847251301470301e+01,9.915163266373758333e+00,1.003278717926892227e+01,1.004748160582094663e+01,9.969287732108258027e+00,1.002406977842938396e+01,9.958770103418347119e+00,9.950743975445147882e+00,1.000903755843232013e+01,1.000680754640469772e+01,9.935675764495190521e+00,1.009713037420944204e+01,9.942779147092217329e+00,1.006822121754761135e+01,1.003182612253327655e+01,1.004937019315046065e+01,9.953147987853286693e+00,9.955075879831651875e+00
1.003438901336931721e+01,9.957089028905853567e+00,9.937965622282481704e+00,9.913692326109909914e+00,1.002914967299271432e+01,9.976295416979558794e+00,9.950047521057655331e+00,9.936723339923876352e+00,9.964609283780195170e+00,9.834946729046308178e+00,9.964323221579713064e+00,9.997599952511755816e+00,9.925120178417628836e+00,9.947595446275531827e+00,1.004769239803351333e+01,9.976575633825934375e+00,9.961822311351978598e+00,9.925120109584234740e+00,9.934859461897660893e+00,9.914982984927556586e+00,9.958051471408618127e+00,9.932807944986844717e+00,9.997152564601197611e+00,9.964811382771028292e+00,1.000430123325473275e+01,9.974830601686827336e+00,1.000607773448292726e+01,1.000040723890995231e+01,9.919806781674049390e+00,9.948879865816218526e+00,1.006022990846214604e+01,9.985876994651510685e+00,9.973271292068416116e+00,9.889137503472991142e+00,9.974316063915530606e+00,9.905472749601566207e+00,1.001051776056716669e+01,9.990818418005909862e+00,9.967935326982768629e+00,9.916234906228741153e+00,9.924502568309357287e+00,9.867234711360266530e+00,1.001730272720796222e+01,1.001190723427368567e+01,9.997677600893181804e+00,1.000607387254882852e+01,1.007783517188877553e+01,9.943794450942510466e+00,9.906519985922070504e+00,1.001999798273259401e+01
9.945703515457918087e+00,9.890362420065484272e+00,9.912189418660785734e+00,9.954791728379049687e+00,9.844339301849545976e+00,9.879409726467203612e+00,9.912336742639034526e+00,9.956299940703319251e+00,9.896165641336866159e+00,9.925570450777113862e+00,1.001109018713420618e+01,9.897343922389644888e+00,9.914396801157744576e+00,9.919365745575095872e+00,9.929145011138640342e+00,9.858429252009246468e+00,9.922611297797129026e+00,9.970256674288840770e+00,9.973565507615536063e+00,9.981748197457493532e+00,9.944176544538958495e+00,9.956471818897838943e+00,9.908684105521064822e+00,9.844823716704684813e+00,1.002633395043461206e+01,9.956007229366566236e+00,9.939316428345581045e+00,9.903170388365458265e+00,9.975932946772994470e+00,9.914550499335074818e+00,9.940665201939891560e+00,9.924163284548800590e+00,9.898553988251354241e+00,9.950856621563117343e+00,9.986311214590600116e+00,9.804562980236589453e+00,9.913507360445569461e+00,9.869317656894248003e+00,9.876737573575724127e+00,9.833446265403127384e+00,9.985376656932462680e+00,9.954568702581163109e+00,9.917993389060058007e+00,9.857938798826689109e+00,9.946206922764396552e+00,9.953476778714149376e+00,9.922226421757763148e+00,1.002970808323124885e+01,9.943403966539046124e+00,9.836110546631523732e+00
9.850694252203636481e+00,9.757040577542502646e+00,9.847856815448976064e+00,9.891327855071999409e+00,9.872484913185278543e+00,9.825825843671861293e+00,9.851394057008613814e+00,9.857054813370487167e+00,9.976500867921526350e+00,9.830901338600297024e+00,9.838819977568739716e+00,9.902496176638644343e+00,9.975133149643024666e+00,9.893360272784487819e+00,9.906680977191605564e+00,9.967498030352347271e+00,9.991209044888860191e+00,9.823713173693535694e+00,9.883609013816334610e+00,9.802038178239632416e+00,9.916245669159978959e+00,9.887970450492318264e+00,9.880183323610843615e+00,9.880699587780380710e+00,9.820011879328056636e+00,9.934934746929824811e+00,9.801630916347155775e+00,9.862264013520549710e+00,9.933057968589338316e+00,9.839557050149929651e+00,9.852254354119759583e+00,9.809287035261439414e+00,9.909341917858604631e+00,9.796178545322955955e+00,9.869796848317912819e+00,9.912181679606947071e+00,9.818462700455450332e+00,9.888392255190627367e+00,9.900605184450425256e+00,9.755492570691361109e+00,9.896531245513960684e+00,9.889442290818392323e+00,9.847568387686479241e+00,9.873140163544590564e+00,9.873509166814081084e+00,9.901730080782543908e+00,9.870595215978518411e+00,9.746631993030323571e+00,9.838354680117381790e+00,9.910721149472527358e+00
9.823814517905592680e+00,9.755321140639280131e+00,9.835277058981795051e+00,9.899908749218607085e+00,9.817043882306005997e+00,9.752529262095301021e+00,9.770467950780741262e+00,9.756442961173011241e+00,9.868719685999932878e+00,9.838217345503442957e+00,9.839615578137435037e+00,9.824018957741442293e+00,9.756280629933851145e+00,9.750228156971989080e+00,9.746667488340726493e+00,9.809482324875080650e+00,9.869041634933306995e+00,9.801415478443505691e+00,9.767473386325523421e+00,9.864296231214179755e+00,9.789602097515144763e+00,9.764566576755708383e+00,9.824534982883866618e+00,9.746628713503001862e+00,9.816873439615658725e+00,9.855659743566414832e+00,9.852263663136650251e+00,9.836321112069088102e+00,9.769102435526585637e+00,9.775589742131018056e+00,9.840146190059879672e+00,9.833328624166941978e+00,9.754946130825741690e+00,9.851361097561643021e+00,9.822963231190728450e+00,9.855041632832755027e+00,9.846033078157599761e+00,9.845632839950386739e+00,9.731258770976234374e+00,9.841438125633915845e+00,9.735145459721385564e+00,9.822010459984264585e+00,9.850307287642571907e+00,9.783356186575179692e+00,9.757917353152118167e+00,9.850019820710411267e+00,9.752934228372543757e+00,9.871967642300626622e+00,9.874593616727590728e+00,9.841514715263658175e+00
9.732287109922225454e+00,9.772236899056384374e+00,9.687547850827765927e+00,9.692388412917193108e+00,9.789418321691927716e+00,9.824784775664999970e+00,9.684674454265866927e+00,9.648063604755355627e+00,9.711388729725340951e+00,9.771783806183844234e+00,9.816875147108616417e+00,9.846518827705109445e+00,9.739322815900157693e+00,9.752815086427665037e+00,9.679540163342897685e+00,9.743415434246248452e+00,9.725141626321782695e+00,9.641789210510609109e+00,9.755331881760117341e+00,9.727100789434992123e+00,9.706877524247646605e+00,9.800093651062377731e+00,9.682831439164871767e+00,9.747485048509483718e+00,9.742702688458939164e+00,9.694632609401381274e+00,9.805542587523877529e+00,9.773140795520776081e+00,9.734810313375886537e+00,9.754548370228651066e+00,9.752580807916613637e+00,9.698667938631889029e+00,9.821107239166718017e+00,9.826055392430694368e+00,9.700481115909939334e+00,9.721885891130257917e+00,9.888262974414528728e+00,9.729038397824329110e+00,9.767802447932766086e+00,9.723457332692287736e+00,9.715582061460679597e+00,9.652969546355182118e+00,9.743613114181894019e+00,9.761103254161335840e+00,9.753715808346312244e+00,9.639545141378338400e+00,9.745108349447852092e+00,9.716919463059214834e+00,9.733077079421423861e+00,9.722039282570564822e+00
9.684911894331211357e+00,9.665944906947414594e+00,9.703549135488405142e+00,9.695598214855694508e+00,9.619913712026917807e+00,9.685756517122849019e+00,9.576726688476206562e+00,9.647371675451648088e+00,9.717659701567635366e+00,9.669254838151191578e+00,9.726798544742456087e+00,9.692795428074601816e+00,9.641083616434755754e+00,9.620769294384100334e+00,9.607491802333054665e+00,9.618668891906942520e+00,9.692262776192217544e+00,9.722930762725948028e+00,9.598950859050988882e+00,9.656918997624044820e+00,9.672011222987626056e+00,9.618004524114295961e+00,9.584704480508806412e+00,9.765828186607832251e+00,9.564783824118229916e+00,9.690164063589248755e+00,9.733312476905146227e+00,9.795938524024649041e+00,9.636512222527377602e+00,9.503185390333833027e+00,9.720167374251156289e+00,9.579868206638055383e+00,9.657395752563269653e+00,9.648948865158278210e+00,9.672519489052982422e+00,9.702642641537682522e+00,9.635682967486431494e+00,9.677218033543017128e+00,9.564614176012215196e+00,9.670697676698328138e+00,9.687400816193866504e+00,9.607035860778875502e+00,9.612650163607215248e+00,9.681721076032346218e+00,9.669088660609443053e+00,9.672439436361329967e+00,9.577248675958738744e+00,9.583338704540889097e+00,9.663421982722653070e+00,9.640291354733539819e+00
9.595054944285649867e+00,9.628640066621342086e+00,9.657150270052397900e+00,9.547295068267340312e+00,9.603791940382057746e+00,9.549636656637678911e+00,9.532715372122625652e+00,9.585105087810489977e+00,9.564906882508253716e+00,9.639889337237661948e+00,9.492160116579659856e+00,9.588934345400444315e+00,9.528228877909247885e+00,9.490508577127229728e+00,9.675746730576319621e+00,9.548413497692394003e+00,9.618846495055086265e+00,9.629952964790165382e+00,9.605849333034454318e+00,9.581218306043707500e+00,9.643888862177670163e+00,9.499468955877466314e+00,9.635152989827947323e+00,9.629009482831378364e+00,9.715602258173797523e+00,9.605697147559265403e+00,9.553706609549518447e+00,9.584941761115391756e+00,9.638003534714597365e+00,9.605815756218744284e+00,9.652893692063619469e+00,9.583556399389381752e+00,9.506964775390077449e+00,9.490388939428488158e+00,9.495292582823088523e+00,9.598851763847061846e+00,9.583192510170995604e+00,9.569138286836491147e+00,9.567068275806954958e+00,9.619613206852374532e+00,9.458774567722226578e+00,9.573143140675908214e+00,9.622032144757866945e+00,9.626293992857680948e+00,9.601673912151554191e+00,9.563519889617250413e+00,9.623716756866540933e+00,9.550347611545255688e+00,9.503397598501718946e+00,9.579671013188278295e+00
9.501368491537878214e+00,9.581744870714182127e+00,9.465981100135980597e+00,9.494060414074432686e+00,9.505885499985955889e+00,9.445750708189367018e+00,9.521487629196004221e+00,9.546197692247156752e+00,9.539782919893816882e+00,9.487231664041031465e+00,9.448315539802919716e+00,9.471170541142521770e+00,9.510616350957805665e+00,9.508174056495255044e+00,9.403427571739969792e+00,9.485670853442339734e+00,9.535461389902106788e+00,9.459817252771982155e+00,9.399609957725987286e+00,9.512548932648936528e+00,9.533922037658541626e+00,9.485898532594386978e+00,9.455407685492856373e+00,9.407601208724347686e+00,9.526743559664032190e+00,9.438537226725937757e+00,9.443627199402270023e+00,9.446104496416056762e+00,9.467177617941409551e+00,9.433679087536102514e+00,9.435113961055046516e+00,9.413120757613825162e+00,9.549033554610044661e+00,9.455979158272564078e+00,9.445438100340103560e+00,9.540437608739221531e+00,9.452491434276602433e+00,9.519020337425889267e+00,9.479673738233987734e+00,9.539601153812544254e+00,9.488383473318211969e+00,9.448240886852053322e+00,9.478311041199324549e+00,9.532378952525663252e+00,9.461719419563761946e+00,9.392628526640628195e+00,9.466312700719713646e+00,9.553273745364144531e+00,9.549658933234336899e+00,9.503634151329453772e+00
9.342476002591673989e+00,9.360580239322660034e+00,9.424743920257123264e+00,9.430406646356251699e+00,9.376781363775872791e+00,9.380420800986495777e+00,9.356089481961298304e+00,9.350715964204614039e+00,9.387653824439814443e+00,9.378057572328518887e+00,9.423319860319134378e+00,9.322677667955380443e+00,9.378543954141994377e+00,9.309197361562141282e+00,9.422354486792766437e+00,9.315501507106286994e+00,9.412826693683067347e+00,9.372181573670593124e+00,9.355566723166855780e+00,9.417044685354760247e+00,9.329233892525762073e+00,9.273055296022031158e+00,9.354726803677712255e+00,9.401575149775858620e+00,9.467897758007955744e+00,9.319004945938162976e+00,9.361667346744868112e+00,9.394326894959426966e+00,9.350727876146757822e+00,9.379874253947734886e+00,9.371747986074858261e+00,9.372088332945759603e+00,9.415372930553438380e+00,9.331671232406414163e+00,9.310059042630971504e+00,9.315092042954072227e+00,9.352429581081935339e+00,9.407109133940789292e+00,9.401140044492082737e+00,9.415855930250394579e+00,9.386244503108727599e+00,9.333099704928828899e+00,9.421309776897681232e+00,9.314328126527380292e+00,9.409999901359656249e+00,9.411235204017954104e+00,9.401089202709457027e+00,9.340987526812050135e+00,9.469731076013028215e+00,9.350039341226645817e+00
9.198894022213616850e+00,9.317498782396071988e+00,9.321582583762088703e+00,9.239752904101790065e+00,9.184321754436810537e+00,9.298632470963759999e+00,9.258998554681529214e+00,9.260326302398151910e+00,9.235417609012783302e+00,9.289331362718314722e+00,9.144405097967887031e+00,9.313053168595075704e+00,9.280409876729986962e+00,9.295449164521997432e+00,9.261961071294726011e+00,9.194391116556236199e+00,9.299810570369832163e+00,9.214440767823326439e+00,9.294756264386489164e+00,9.178615557966587346e+00,9.268057577921146262e+00,9.265147759572425201e+00,9.250621684828228553e+00,9.287767377677239367e+00,9.361889522012319276e+00,9.278108448167715849e+00,9.286169554967569795e+00,9.272595259424868175e+00,9.274918636577353936e+00,9.339195251046485069e+00,9.264579193357473486e+00,9.304072088384957695e+00,9.299838974971711636e+00,9.352376105319610389e+00,9.296504044366834307e+00,9.281663805374003928e+00,9.216950491431283865e+00,9.302394745005111432e+00,9.278797493900764692e+00,9.230661102652321759e+00,9.309232833671575946e+00,9.210623982299532386e+00,9.315391753273061681e+00,9.182110344014713377e+00,9.309374832589814019e+00,9.308487136290276354e+00,9.281892010010299288e+00,9.354273349117354641e+00,9.273198162292723978e+00,9.234918579637602321e+00
9.190929547180905601e+00,9.170198247620696463e+00,9.151298797278887065e+00,9.153223859622897862e+00,9.133756023373583943e+00,9.152673488113324041e+00,9.200140137098703264e+00,9.092654184607395607e+00,9.093618530195142213e+00,9.187299359594261361e+00,9.183748952880595340e+00,9.180967529809020533e+00,9.151068287733751916e+00,9.115571309399573607e+00,9.026411717467256679e+00,9.089599963910902858e+00,9.094588639719722423e+00,9.164655636235123026e+00,9.242481394651333559e+00,9.190672386712575914e+00,9.117129198483915786e+00,9.084700060232069774e+00,9.099368024692594759e+00,9.077600091665877002e+00,9.127996084392151488e+00,9.107151535657138197e+00,9.109991640480929576e+00,9.146577802487566800e+00,9.167760233636631284e+00,9.250470515491812762e+00,9.111665790598369341e+00,9.101193000533291055e+00,9.150451206665618287e+00,9.148703309630681346e+00,9.203173123386752863e+00,9.086438108258803936e+00,9.153121952983568121e+00,9.128118149680574334e+00,9.134234031966444789e+00,9.181751840807281795e+00,9.175950144247790874e+00,9.121906988334504973e+00,9.090442084258592459e+00,9.167855909946108994e+00,9.176036269154836944e+00,9.096347273680761347e+00,9.168708582271808183e+00,9.112081395204478795e+00,9.184085780093846907e+00,9.165329063729140913e+00
9.002179062972757606e+00,9.096815224645096620e+00,8.972559937526320084e+00,8.975417904313927053e+00,8.994945920812835283e+00,8.942410030066257676e+00,9.109334120680832925e+00,9.043755368725772570e+00,9.056152363836492469e+00,9.010485847133478998e+00,9.061052038271391496e+00,9.046739115148309196e+00,8.978700476403847830e+00,8.929140242321754073e+00,8.933721486150613345e+00,9.053207271310025561e+00,8.992448253882914244e+00,9.072438408666338105e+00,8.913586282942926431e+00,9.038786461335398315e+00,9.015033877786279959e+00,8.950909224730615676e+00,8.952245684836670492e+00,9.105985734475131821e+00,9.003836896677990254e+00,9.050379884546392972e+00,9.039937376406571801e+00,8.967827357491987783e+00,9.051148805065729164e+00,9.045125760771179912e+00,8.975799951220821526e+00,8.987541966343014721e+00,8.950765224804431597e+00,8.987434592286357216e+00,8.957952609347710649e+00,9.006031296325543778e+00,9.087478913303534966e+00,9.055492464005364894e+00,9.097115168283307796e+00,9.035454060418562250e+00,8.991302683378167515e+00,9.006196140134782979e+00,9.003395756087877899e+00,8.974288690305792571e+00,8.972358915954510294e+00,8.958003156668684852e+00,8.995698018827152254e+00,8.992961221813155603e+00,9.062034584210765686e+00,8.973802438441252249e+00
8.869574407396472182e+00,8.905789728771008384e+00,8.890989215174572635e+00,8.845961442082577619e+00,8.865471791865973117e+00,8.887671969977237296e+00,8.776741148078883725e+00,8.853747661500230848e+00,8.999369374931633914e+00,8.915166956766436002e+00,8.905283196902079368e+00,8.874665508641193412e+00,8.867149188468973264e+00,8.945302741537261682e+00,8.913439431598927598e+00,8.821838662191433755e+00,8.880345120555553251e+00,8.839618618566568387e+00,8.873909540485589886e+00,8.851570630089330649e+00,8.887785556431813561e+00,8.812097522904204894e+00,8.915313842261863186e+00,8.887985819370461726e+00,8.933878159458814139e+00,8.928845140277406500e+00,8.884519837883441795e+00,8.882336942202224250e+00,8.879060514851742525e+00,8.859871311912261405e+00,8.940522046761817165e+00,8.856825908443680007e+00,8.949493950816192367e+00,8.854689638460776280e+00,8.892874145746748837e+00,8.865163099444416162e+00,8.818324669866855814e+00,8.927435505598298349e+00,8.836069168808371899e+00,8.890047525461955757e+00,8.861960526743944300e+00,8.837500941578722902e+00,8.826826283059011402e+00,8.860301244444148239e+00,8.868159347369326539e+00,8.893312694114580808e+00,8.841718293121534344e+00,8.957048318535537845e+00,8.867737126389741320e+00,8.908998508575169950e+00
8.752834890763168119e+00,8.748039134965507557e+00,8.671803470381554746e+00,8.773471781193356023e+00,8.761284341799498776e+00,8.682439193122041488e+00,8.733027711057316012e+00,8.669526891713735139e+00,8.711144260611259682e+00,8.779260960110505607e+00,8.799855950842266239e+00,8.742878774391300567e+00,8.739639963476873774e+00,8.811228594954453541e+00,8.713309918256705089e+00,8.751304845652583708e+00,8.739668491516344062e+00,8.740819071584372324e+00,8.760921487833467580e+00,8.810088517400824770e+00,8.697620167300812000e+00,8.721147267031849282e+00,8.734533616327313510e+00,8.733975592404076949e+00,8.762926447880467151e+00,8.753804817926409854e+00,8.766760214583511512e+00,8.837593222969383433e+00,8.744910661671561058e+00,8.755852181454759631e+00,8.758887156658682116e+00,8.708687109753110889e+00,8.730735881327412073e+00,8.653023721731106122e+00,8.692360048566287745e+00,8.783765322485921345e+00,8.743309140261290580e+00,8.797264894484623454e+00,8.788167797437209217e+00,8.702483437605467387e+00,8.781504366165615139e+00,8.789359161701421286e+00,8.731311083829387698e+00,8.679700804758482491e+00,8.767006218133763795e+00,8.714461956056791081e+00,8.828873739148072275e+00,8.753396601570401003e+00,8.637944438093503763e+00,8.785910917217796268e+00
8.578672409556446610e+00,8.605666898306491674e+00,8.554307375777595368e+00,8.572688693274164606e+00,8.586629698759022489e+00,8.632770446550614096e+00,8.554478624870842651e+00,8.567514886284167019e+00,8.571057911523759287e+00,8.483303497649432146e+00,8.638621370817398670e+00,8.524626335283301160e+00,8.511401583461944753e+00,8.557294455833519109e+00,8.545008201805432080e+00,8.524141040912574852e+00,8.534232425944079381e+00,8.515304487231594166e+00,8.546362425188586798e+00,8.501632516779601190e+00,8.644812289208362088e+00,8.597263039186824329e+00,8.569980327290618760e+00,8.560623760346752320e+00,8.583912947237434921e+00,8.553696680156027909e+00,8.581902494132169323e+00,8.535333410051249459e+00,8.526136448048010408e+00,8.581935659360759416e+00,8.611434445679996941e+00,8.486924206666548898e+00,8.656077475621907880e+00,8.496329688833533567e+00,8.494881459083513775e+00,8.584347568273337004e+00,8.596371596482354605e+00,8.611471037830607855e+00,8.595617628842619595e+00,8.490713484440609804e+00,8.577324177939946281e+00,8.598518746278825731e+00,8.560361155084249773e+00,8.573384755656196177e+00,8.535736146841555794e+00,8.612396572241230785e+00,8.592486545245455076e+00,8.491783502010857632e+00,8.616164198685067888e+00,8.664473071835626428e+00
8.314829528685992344e+00,8.384056062968431533e+00,8.412998249820697438e+00,8.415366934871963522e+00,8.448327423765059407e+00,8.406447963900777864e+00,8.451921491640105089e+00,8.412481930909658345e+00,8.325230629060710541e+00,8.380454308895942006e+00,8.444133827723202756e+00,8.336041626905130286e+00,8.433998845845103176e+00,8.403302028773248722e+00,8.378985660306092598e+00,8.479399915023117629e+00,8.420291808788352483e+00,8.324803945098825153e+00,8.320099929821546780e+00,8.395629015790438743e+00,8.392526555650128728e+00,8.370005302193000318e+00,8.368968501609320043e+00,8.440647465716063280e+00,8.436251321800471104e+00,8.385589670333940759e+00,8.457568656737342039e+00,8.407976010024270863e+00,8.365272195979008174e+00,8.381339250200548818e+00,8.355289939739261484e+00,8.330642658566036474e+00,8.514376001264650995e+00,8.432202894736548160e+00,8.385991996545948624e+00,8.429564762595488148e+00,8.334614808087248861e+00,8.451450463090671050e+00,8.421880991777818792e+00,8.324836968905733769e+00,8.417227774581595767e+00,8.418789347217163765e+00,8.306202999348798244e+00,8.478245479929697126e+00,8.437254541030258181e+00,8.431808197641132097e+00,8.488388051307168780e+00,8.383659161867074161e+00,8.397223222852304048e+00,8.381149868155750582e+00
8.202030424694509492e+00,8.279106643014591427e+00,8.319470862745914630e+00,8.245722013109539006e+00,8.248411962927466590e+00,8.297690620163677977e+00,8.335382185156761992e+00,8.284952492215010622e+00,8.241663367487269909e+00,8.256084704829669718e+00,8.237817804798506671e+00,8.225776179194184579e+00,8.269600174128962422e+00,8.224658719200022006e+00,8.282979523206256189e+00,8.348273248240891675e+00,8.306198711879851260e+00,8.252954007325206121e+00,8.275286688292153414e+00,8.311182348791486874e+00,8.302770964310861146e+00,8.260113761867950544e+00,8.224072067731137636e+00,8.272656909000289716e+00,8.295883135264961794e+00,8.209797487243708503e+00,8.228994609525216219e+00,8.227546556922884946e+00,8.268420157127556180e+00,8.343996130422642210e+00,8.228956659501685422e+00,8.296622232548019227e+00,8.229944646608849723e+00,8.220919191981501228e+00,8.206481514359820650e+00,8.323626217019592488e+00,8.341107170273330595e+00,8.189522851175411233e+00,8.278863565129643831e+00,8.253126322657617919e+00,8.287763836532645811e+00,8.321193715138559099e+00,8.253245021346426569e+00,8.296889597881223821e+00,8.165569975656630675e+00,8.276579263571614220e+00,8.290245443603895481e+00,8.250352181294889675e+00,8.246972193033400345e+00,8.345301736839500606e+00
8.081975136333419130e+00,8.054927652414834327e+00,8.082303722267573320e+00,8.120709361895171341e+00,8.044706273355986426e+00,8.026722124318709461e+00,8.144129396606285098e+00,8.083872811369698042e+00,8.123305010238599522e+00,8.111313101514825874e+00,7.956524723566555934e+00,8.104134371366138012e+00,8.090555595392087795e+00,8.087924760411079106e+00,8.072329239388945865e+00,8.066811628860040884e+00,8.014966157128396773e+00,8.046418953253105855e+00,8.094866284983563531e+00,8.081958085419413962e+00,8.184401948220509482e+00,8.089715721133707405e+00,8.120526711692260591e+00,8.067045142939925029e+00,8.087997652840703822e+00,8.031064130068568119e+00,8.023292728152615183e+00,8.175013009447965828e+00,8.120904175246087320e+00,8.001255016248228102e+00,8.068565069043298621e+00,8.034551494117373238e+00,8.105307354751799309e+00,8.158980395466576496e+00,8.067100338291339767e+00,8.087578020705405990e+00,8.099171001750978149e+00,8.055887020412907162e+00,8.085547705902262905e+00,8.106575738406053944e+00,8.056505837090858435e+00,8.058931837079040150e+00,8.090237982783580861e+00,8.103832427564141128e+00,8.112197975711525899e+00,8.022703365055861013e+00,8.057814140029824657e+00,8.159537154623027533e+00,8.105220570497985833e+00,8.083919588222283181e+00
7.879650037407502694e+00,7.808526617395891378e+00,7.844357518529315065e+00,7.892621840145094048e+00,7.842588921531119084e+00,7.878671589995054347e+00,7.929639855802916415e+00,7.820173472961909233e+00,7.898487781493584770e+00,7.806541654955027276e+00,7.831064901198188544e+00,7.834061429979596980e+00,7.897700867875117936e+00,7.899079237543654486e+00,7.898484745822146991e+00,7.955829110421999140e+00,7.916946665707738084e+00,7.906831661055832683e+00,7.954988511196583900e+00,7.909010292173456413e+00,7.993538114210814172e+00,7.853214942106381713e+00,7.793740127574113608e+00,7.829368195936252661e+00,7.881801854150614517e+00,7.901301770927508628e+00,7.837254423723876151e+00,7.918450962833938789e+00,7.929622149607915560e+00,7.930138130951043252e+00,7.894236948703783341e+00,7.865397037142525249e+00,7.943519654677210440e+00,7.872521329941513102e+00,7.941861382927228874e+00,7.872224709581534974e+00,7.953271939922951006e+00,7.866916345731361560e+00,7.873869538487790365e+00,7.950460784691724569e+00,7.800578593777063752e+00,7.887323700752932432e+00,7.881647548126766267e+00,7.881051759260493839e+00,7.904212350395877884e+00,7.856335151959997098e+00,7.912159109764630216e+00,7.910799103395305565e+00,7.842685759289749647e+00,7.896580752365324862e+00
7.723372458391542850e+00,7.726213927503592593e+00,7.703504738536656404e+00,7.686208677540893319e+00,7.745473412539129576e+00,7.695480166370626485e+00,7.753360340303037113e+00,7.757184030167565858e+00,7.637247289715944021e+00,7.674513984262081756e+00,7.711343871343220080e+00,7.721291876218202788e+00,7.712400162095968348e+00,7.698569673818230541e+00,7.698667182801521847e+00,7.682848635260957515e+00,7.729901221771386943e+00,7.705013240318522527e+00,7.787220767024018997e+00,7.711107524691070303e+00,7.716995799889932783e+00,7.690183248971615981e+00,7.746568432914283875e+00,7.718282268117067524e+00,7.699434100778549173e+00,7.803357801757845991e+00,7.724384122554792675e+00,7.628845445213346288e+00,7.643279198482380465e+00,7.743221626768225008e+00,7.712473220151339959e+00,7.778184043433768124e+00,7.726444269267626730e+00,7.720470176824622222e+00,7.696669289936158620e+00,7.751923708284778058e+00,7.709607876660354187e+00,7.757710583828913542e+00,7.777033052365918131e+00,7.644857274002429648e+00,7.729819913465145298e+00,7.740365926657901241e+00,7.747975354457375730e+00,7.757345049927681480e+00,7.631889155076899911e+00,7.739748255018315426e+00,7.738224774856031551e+00,7.667213303466798635e+00,7.722395884783998632e+00,7.668444388157393377e+00
7.525558422850383344e+00,7.587086095619564041e+00,7.407671251789571087e+00,7.541554938400245156e+00,7.565114071144931174e+00,7.521536130092329131e+00,7.575441910899460396e+00,7.527112831584592101e+00,7.611029317443711584e+00,7.575942200870585452e+00,7.498734806903136096e+00,7.505250908792097775e+00,7.606615994870793429e+00,7.498679055089832346e+00,7.549144754273994451e+00,7.533833672309508955e+00,7.437991665629903437e+00,7.518886737788649022e+00,7.525710028777312210e+00,7.458632097086912438e+00,7.546701259095891068e+00,7.485565099448054482e+00,7.536507846133390309e+00,7.504925720173640791e+00,7.469036381592410123e+00,7.488069266526516721e+00,7.591287285419348052e+00,7.552687656472021338e+00,7.513203278747955238e+00,7.491084328531619541e+00,7.619970639178102800e+00,7.545664398667875084e+00,7.514473548705225880e+00,7.429313756517318623e+00,7.499117521352894222e+00,7.510519752389811288e+00,7.589551014492575298e+00,7.498071463912383550e+00,7.564825007802895129e+00,7.596734805116776457e+00,7.524931272390134929e+00,7.572964928144952701e+00,7.508514190707000324e+00,7.569768950433744870e+00,7.538902301193129318e+00,7.499840166676054132e+00,7.535157769990902032e+00,7.491212793625656730e+00,7.489963879873990038e+00,7.568314822349311299e+00
7.367208421334524360e+00,7.282577119581929104e+00,7.352445255413828207e+00,7.328085993513514751e+00,7.277288292902202471e+00,7.311828484549853790e+00,7.341847828172703316e+00,7.231272821808875761e+00,7.266853946297162636e+00,7.309635759836898394e+00,7.317785748146782510e+00,7.329085496841512004e+00,7.263347171750878850e+00,7.312024669280114963e+00,7.289966992561779158e+00,7.379531695823128956e+00,7.245834619042242686e+00,7.345439157817176046e+00,7.343291056033691255e+00,7.292373831579549659e+00,7.329210858221694380e+00,7.287648469122366635e+00,7.287836244239941585e+00,7.315694566615959182e+00,7.334485003940572234e+00,7.274872382750873889e+00,7.276716957739112424e+00,7.308303347172643072e+00,7.298975833485318532e+00,7.351250038534856479e+00,7.365411139882568570e+00,7.275558404103108501e+00,7.340731320800099269e+00,7.321054188693480569e+00,7.325618186634785367e+00,7.346201003758068282e+00,7.291854919647041022e+00,7.306050938707671527e+00,7.294865637979794037e+00,7.343645151076501065e+00,7.343029222766457309e+00,7.400745921708699271e+00,7.326831342253755430e+00,7.314816714884108784e+00,7.342763342081364719e+00,7.332810651564081184e+00,7.340116444876379376e+00,7.263838525813709701e+00,7.328882847473130013e+00,7.325742079306770904e+00
7.086446422485287222e+00,7.158292248124307200e+00,7.096590506005962418e+00,7.096427337539004121e+00,7.100530765598520588e+00,7.156829996456555598e+00,7.191290536969234815e+00,7.016956648745567904e+00,7.093771095834632057e+00,7.114627161926617482e+00,7.160693591585782336e+00,7.178469680144873521e+00,7.120341923188424182e+00,7.167300219070915190e+00,7.192834683927824102e+00,7.125480588630939138e+00,7.044999431754087382e+00,7.111751114594213163e+00,7.142586821725441126e+00,7.194102830884745892e+00,7.082721790203761358e+00,7.100551617378142666e+00,7.134132816420788892e+00,7.133654245829119667e+00,7.157647607702195991e+00,7.157277357289978603e+00,7.092242716542646264e+00,7.106562256303744718e+00,7.197575154955288212e+00,7.130950674734813255e+00,7.143231871806817068e+00,7.068672747971952219e+00,7.127399270182565694e+00,7.122258838202440323e+00,7.068928246180173680e+00,7.014123018189313719e+00,7.170390875174019740e+00,7.190176839747085324e+00,7.138015793431497613e+00,7.013804106043999731e+00,7.160704992660012813e+00,7.061856920177385533e+00,7.080169269357920570e+00,7.136970032746148718e+00,7.071927337081572063e+00,7.022524307559813828e+00,7.062808631423856731e+00,7.134380031083854767e+00,7.144639982964352320e+00,7.115166681960830353e+00
6.934739267046809097e+00,6.958636860152052961e+00,6.869050508142660938e+00,6.952305672287173444e+00,6.868665411456351677e+00,6.920979765511567017e+00,6.928766749042837958e+00,6.911835039876408793e+00,6.892189590956095735e+00,6.932296544840518493e+00,6.823813564329419101e+00,6.876014480308102250e+00,6.964502667876412367e+00,6.976976815884880168e+00,6.894828607488947547e+00,6.934742256620767265e+00,6.893935888179224314e+00,6.943848454711241125e+00,6.848520493328575931e+00,6.928029988740783018e+00,6.916467420852095316e+00,6.898897693890970295e+00,6.892377217840476078e+00,6.895734049117848485e+00,6.905589026979020773e+00,6.910230502005130226e+00,6.912130676235450188e+00,6.907436207777169379e+00,6.865394437759658963e+00,6.925085182934445527e+00,6.873240607348666487e+00,6.883517633995714036e+00,6.898787683460747999e+00,6.981253661770369767e+00,6.911184594904160150e+00,6.990482147174227556e+00,6.935528930615720178e+00,6.952551425784804451e+00,6.936876073954333144e+00,6.966830850158252098e+00,6.944656861660429392e+00,6.960616436055595102e+00,6.975583373814503219e+00,6.892415670982114051e+00,6.908508116885672123e+00,6.910668523499167826e+00,6.901295370442070087e+00,6.971245570217291743e+00,6.891008846861717885e+00,6.944324911272261147e+00
6.756328519535459876e+00,6.774143086375951306e+00,6.659390794718983209e+00,6.702671109649362080e+00,6.762539776482514142e+00,6.739242430235172776e+00,6.681722184965883216e+00,6.713421591696371316e+00,6.723649757316744413e+00,6.708674351544208214e+00,6.829715290833770602e+00,6.759343407761123856e+00,6.666909695480530473e+00,6.706327624047055735e+00,6.738658737482237093e+00,6.762683744476798431e+00,6.687908937856156477e+00,6.695150324673342368e+00,6.754804440142704536e+00,6.708131782187377823e+00,6.682047156080780148e+00,6.667289194105563865e+00,6.667033250044950066e+00,6.759011383073672441e+00,6.646430733743068586e+00,6.739421757350992692e+00,6.677349661988907670e+00,6.667011443227074174e+00,6.690534032835173228e+00,6.753751880494021975e+00,6.724435913677600851e+00,6.662660665331708643e+00,6.687009664783180263e+00,6.704412713064559881e+00,6.677691032875292088e+00,6.726284827828783897e+00,6.682133739105804437e+00,6.684991706904718001e+00,6.747686584173492541e+00,6.711638933215846592e+00,6.635979273232603504e+00,6.734866302561167473e+00,6.666122111374327197e+00,6.768068531537594801e+00,6.653486871435305261e+00,6.739372696130142337e+00,6.656550515236721033e+00,6.754676362390712896e+00,6.802228378715027723e+00,6.632041674008982923e+00
6.439185533232349101e+00,6.538044110298455891e+00,6.496932503582639740e+00,6.482261550135815398e+00,6.506472091537606417e+00,6.468212562366855600e+00,6.486733735118122901e+00,6.507048863532430616e+00,6.428800263716651919e+00,6.412712986420722849e+00,6.428088956662053377e+00,6.442109128730149514e+00,6.482339854567166881e+00,6.517263562209279826e+00,6.492678569102871222e+00,6.474444646293904704e+00,6.509287429133904013e+00,6.552372110510646941e+00,6.523933109427095367e+00,6.479163313512010802e+00,6.561672500830633581e+00,6.439784848048653920e+00,6.543757922257766424e+00,6.505909278946533369e+00,6.436824146243951716e+00,6.479825135139496872e+00,6.431317982523425236e+00,6.509556508816666920e+00,6.520015532888587373e+00,6.510065592512117583e+00,6.528492564621114269e+00,6.469936744889086988e+00,6.535578567451626242e+00,6.481180870094344293e+00,6.490988550790174116e+00,6.536577011691332650e+00,6.514885700069437569e+00,6.509151022476441284e+00,6.453895126466374421e+00,6.462664849790368038e+00,6.431187928495778472e+00,6.536101671113511813e+00,6.440178107265108309e+00,6.449744357710796017e+00,6.508085586209852558e+00,6.473734394851979879e+00,6.482153712991274297e+00,6.559342115945841378e+00,6.592643544300432090e+00,6.515554114923562956e+00
6.283403512364754029e+00,6.246274017626423536e+00,6.316418627775022721e+00,6.231150010800580397e+00,6.282189191477756118e+00,6.255139155422115849e+00,6.258633916911901629e+00,6.219562080271290760e+00,6.295917574881352508e+00,6.271530862495134251e+00,6.271088925351356202e+00,6.338683265259663635e+00,6.300906778164521604e+00,6.268484168240513021e+00,6.257550196289025202e+00,6.287138047859649248e+00,6.259354634752787305e+00,6.269138969442730414e+00,6.155017265159668405e+00,6.272170907586260391e+00,6.258850602458259083e+00,6.165113825642797529e+00,6.274664842570118140e+00,6.217986393998758743e+00,6.188759880634181698e+00,6.218408528977119154e+00,6.239000406313034652e+00,6.243601291026651623e+00,6.253128814475029884e+00,6.310094043104573558e+00,6.219008929067030067e+00,6.229809929826700454e+00,6.202418113821165591e+00,6.292911202557292860e+00,6.294297716483963967e+00,6.248250121228092091e+00,6.292047146368849653e+00,6.233753657642773227e+00,6.251861934502374041e+00,6.241866219787431724e+00,6.297807027713752781e+00,6.259794406836153513e+00,6.262983625851454406e+00,6.262242069959197188e+00,6.308528714573424345e+00,6.350426184929081508e+00,6.299930673647423873e+00,6.249168380686091595e+00,6.287660249784543964e+00,6.238302878381173144e+00
6.049590275746856705e+00,5.989326263983384635e+00,6.053246732724558932e+00,6.045320426502692079e+00,5.988489546102851335e+00,6.002955145584763841e+00,6.069286392903307181e+00,6.064562271755281841e+00,5.989320801980372977e+00,6.017417863729022542e+00,6.009923262809250488e+00,6.032135699219673519e+00,6.047640994263610459e+00,6.057227059530829294e+00,5.995240102585380981e+00,6.080233078930725732e+00,6.035276445791357247e+00,6.061072989516824272e+00,6.046975823592247501e+00,6.006377826944643061e+00,6.075175270967033470e+00,6.037876971812719873e+00,6.004243038761011952e+00,6.026766469756958067e+00,6.041458646035315461e+00,6.065215513127903080e+00,6.001629012677015318e+00,6.132249847646129126e+00,6.065434155371232983e+00,6.051602202471404013e+00,6.106722890485039912e+00,6.047251423079883281e+00,6.017734329599456089e+00,6.022707090986985534e+00,6.059359247854084529e+00,6.012140938059472361e+00,6.015177110820814299e+00,6.081804708625395683e+00,6.052857948333856264e+00,6.118225896795085994e+00,6.056916552917916086e+00,6.075893336460911343e+00,6.077467882142867595e+00,6.051293185174203337e+00,6.054128047814033131e+00,6.037950358865794342e+00,5.985064698857132548e+00,6.048804547681093879e+00,6.085761392785439483e+00,5.980392114239577950e+00
5.835542390980736904e+00,5.830537001538087516e+00,5.845096503550696099e+00,5.757724345150553980e+00,5.870176504999903955e+00,5.839888676706309845e+00,5.769795880699510882e+00,5.850435834345168118e+00,5.843946152863924937e+00,5.838747064376852869e+00,5.855310938195824377e+00,5.851959358531735766e+00,5.878703890667675402e+00,5.840934641462359522e+00,5.765746707453659248e+00,5.814690569473187409e+00,5.791884835433063650e+00,5.886348867145420272e+00,5.841821255633260712e+00,5.782129824549513408e+00,5.874145593939725352e+00,5.823179208125726980e+00,5.842562316811475753e+00,5.815730631684539631e+00,5.856789805475327348e+00,5.771772839637742791e+00,5.885797758414684999e+00,5.752755585102217850e+00,5.813034776501710965e+00,5.856326865930958192e+00,5.807105481579812434e+00,5.794919671862405863e+00,5.837770061680603639e+00,5.799599294916331971e+00,5.890885328254996445e+00,5.763022100139299830e+00,5.846871854961695369e+00,5.891999159917048701e+00,5.786173619847952310e+00,5.836564721225390606e+00,5.900945832713550665e+00,5.804677565077761336e+00,5.803618979513160525e+00,5.790993588502150402e+00,5.792544020780116654e+00,5.830184290801478930e+00,5.770230196864084782e+00,5.846339593912387222e+00,5.813737787876902097e+00,5.839206554303184582e+00
5.653154221410633617e+00,5.620442634864301290e+00,5.653474615029217887e+00,5.556743777160111364e+00,5.579706402220821815e+00,5.576977013899254487e+00,5.570933312545494509e+00,5.593464918662565566e+00,5.619117418077911097e+00,5.599383606781814571e+00,5.560608558535727219e+00,5.627094409095073857e+00,5.549278877127886922e+00,5.571971502299854606e+00,5.602168675507440021e+00,5.588075231075741556e+00,5.692865451256966303e+00,5.594857624237493887e+00,5.529397794349976358e+00,5.581822427699412614e+00,5.591746916922617494e+00,5.567525177931547553e+00,5.587570721146130737e+00,5.683660892496028794e+00,5.581838641816593061e+00,5.537894289862648201e+00,5.635572341370641780e+00,5.570949160944796752e+00,5.576107697392236773e+00,5.552991945094602144e+00,5.563457405560815694e+00,5.624918162973371771e+00,5.578098469215199806e+00,5.511766714761957786e+00,5.592453788134970516e+00,5.595736284123367099e+00,5.601749090828819888e+00,5.570959424773152868e+00,5.604236265475007528e+00,5.566601845863731413e+00,5.560719026340258608e+00,5.601183583708301050e+00,5.577239154530760246e+00,5.586593587725192656e+00,5.581665147778331892e+00,5.545149556446399508e+00,5.616649772556371545e+00,5.619920490123321954e+00,5.650549940108340330e+00,5.583633706358108739e+00
5.368251078535173804e+00,5.291410970236532840e+00,5.412611293541976565e+00,5.397960229205057026e+00,5.359671008171485340e+00,5.307364265332458864e+00,5.328641958604464435e+00,5.360556435001719855e+00,5.335150673843982894e+00,5.370890608250880049e+00,5.334563638781004258e+00,5.392935692585369978e+00,5.399098185787142512e+00,5.272309062466485230e+00,5.354431645918942273e+00,5.388456365048555519e+00,5.304192109120557497e+00,5.400473319722754795e+00,5.345912962321341055e+00,5.382208393710080863e+00,5.369632140300243606e+00,5.316068749061550136e+00,5.388788279301677697e+00,5.279050977234986952e+00,5.342142224941931694e+00,5.305627251244645848e+00,5.293833641816711122e+00,5.346967736764785428e+00,5.359139640079908062e+00,5.302341568490350099e+00,5.350435031916426887e+00,5.383139712536997301e+00,5.367133005003254631e+00,5.382356274847974298e+00,5.314183169021362119e+00,5.301565596685307469e+00,5.375663370711780686e+00,5.348579459025386562e+00,5.359606336034015150e+00,5.386385038291479965e+00,5.410255679369327275e+00,5.353212806443235827e+00,5.368281475877734188e+00,5.372641710250067426e+00,5.373691693918432044e+00,5.362909640864763183e+00,5.329240124163677983e+00,5.328413291559140674e+00,5.431841352563923309e+00,5.368439517149864670e+00
5.094379644495750981e+00,5.169703304238595365e+00,5.114166457700436652e+00,5.175375744381737420e+00,5.086478420304702652e+00,5.121756479412669094e+00,5.116755828520298088e+00,5.095249815210683764e+00,5.124971287093784689e+00,5.109001182197685509e+00,5.095534260301054275e+00,5.066676172146158841e+00,5.099000402521770781e+00,5.125841385649011706e+00,5.038277979807131324e+00,5.075133224769428075e+00,5.105921225938150343e+00,5.115137171202209565e+00,5.198559048524570514e+00,5.102970233452470694e+00,5.164065148691716622e+00,5.162626288346240599e+00,5.152102947694608304e+00,5.166624365078893000e+00,5.111711871781937866e+00,5.129011941524988849e+00,5.084927912221077762e+00,5.072479941738327724e+00,5.128614494132987645e+00,5.136582872614373407e+00,5.027375254682890926e+00,5.089919623993796272e+00,5.138284827004302002e+00,5.163278577337879760e+00,5.186591942936587429e+00,5.182249621801330086e+00,5.158453730558501427e+00,5.113262620792200508e+00,5.120013589506135609e+00,5.090902943296828020e+00,5.071421627549535849e+00,5.164229726200646020e+00,5.166760566145889300e+00,5.155212650060559731e+00,5.198919122988275632e+00,5.072766196233301272e+00,5.176475040057312071e+00,5.130192620468848830e+00,5.070298787085552483e+00,5.139403424635666795e+00
4.830143306038062967e+00,4.848340462449855615e+00,4.839538475585211330e+00,4.903505805487393232e+00,4.826089550156529739e+00,4.979335113644222766e+00,4.813266518125357329e+00,4.883964441566438275e+00,4.866568147922540888e+00,4.854887519750799463e+00,4.913109445999387148e+00,4.865820303735469921e+00,4.843297832893330046e+00,4.939324322274874390e+00,4.918339839562358762e+00,4.893022236992183416e+00,4.929779485220342039e+00,4.825544698830036339e+00,4.932558406542977281e+00,4.886960726008426903e+00,4.914380429031707465e+00,4.905592496715938111e+00,4.870165446492745076e+00,4.856827071563251330e+00,4.867934387704816679e+00,4.941288591480970105e+00,4.953300673145657029e+00,4.867045171596052100e+00,4.868111982578968266e+00,4.877623393364430626e+00,4.903196499371059502e+00,4.892372822647140573e+00,4.860335200327053684e+00,4.907953936947518692e+00,4.835548242718079592e+00,4.860460613915542183e+00,4.865210889585864784e+00,4.874601288460114645e+00,4.894608567675705402e+00,4.805791578361515271e+00,4.934247737292070113e+00,4.917767757697574460e+00,4.845091637526672379e+00,4.890361502785359527e+00,4.897560253064479951e+00,4.863351355995382264e+00,4.938259273644134417e+00,4.946871308735201644e+00,4.908215619164799648e+00,4.904138021884337562e+00
4.703030505085368240e+00,4.610544677396171132e+00,4.605415703691588369e+00,4.614922487227267389e+00,4.693706473444591687e+00,4.563365915533528216e+00,4.710661409491754270e+00,4.657581900318468193e+00,4.674692227563082447e+00,4.666114608564448929e+00,4.650805523059537983e+00,4.609789955919922910e+00,4.598446036890916133e+00,4.702903748324735567e+00,4.656062882756223154e+00,4.663306374914905739e+00,4.629106897596020787e+00,4.656420970165382478e+00,4.619617802808011930e+00,4.643730685556887394e+00,4.697529779430512420e+00,4.673162892930730727e+00,4.692245730942477877e+00,4.617872190054050918e+00,4.629282403777297716e+00,4.632693279248519147e+00,4.696266797784701907e+00,4.635746029940738921e+00,4.723564020605692804e+00,4.662231258019868818e+00,4.656168451142981723e+00,4.600589584230602824e+00,4.683277565377204077e+00,4.655521561416173348e+00,4.680928066101748719e+00,4.660371390584348461e+00,4.592284497672503463e+00,4.676412677627085124e+00,4.650585941324202111e+00,4.627635386023191799e+00,4.632516621648336219e+00,4.698540124204907187e+00,4.642143956219386247e+00,4.648361797767011083e+00,4.655322470613132424e+00,4.649730362408497797e+00,4.548423384028538408e+00,4.673566182501076582e+00,4.643964086521962464e+00,4.659482795569135583e+00
4.437148794914085315e+00,4.452205983409525558e+00,4.347348167985960465e+00,4.390681439760443894e+00,4.422405983812071284e+00,4.399307886253340349e+00,4.450185111481595790e+00,4.463964055181014245e+00,4.366216212553156062e+00,4.398919673440945033e+00,4.503085017672415091e+00,4.390819837176366924e+00,4.391683629878238015e+00,4.437088779811948491e+00,4.428141864951744111e+00,4.457341591654878421e+00,4.441402588135566099e+00,4.390211644719652639e+00,4.443440923057001335e+00,4.425479425527279354e+00,4.462811150840288121e+00,4.421263306370561530e+00,4.460609066102100506e+00,4.426148502433652432e+00,4.481890287439710185e+00,4.400718565999444998e+00,4.428833293623226197e+00,4.447849494767785572e+00,4.443127421058182591e+00,4.412987010144865607e+00,4.377779134505810354e+00,4.427853308386199949e+00,4.436832164742792628e+00,4.452708009772890385e+00,4.407738245570759439e+00,4.436043674156613825e+00,4.441688269267353384e+00,4.363335521862844679e+00,4.403350687478306824e+00,4.434350069989767107e+00,4.486494279150134545e+00,4.387083681750215902e+00,4.460466872300928642e+00,4.381247577534346682e+00,4.410312556922784566e+00,4.380851846184812715e+00,4.396758911313774831e+00,4.406390813391908523e+00,4.415840937302319524e+00,4.444783783271183175e+00
4.176892195822176745e+00,4.294390553294906709e+00,4.169126329163038491e+00,4.265827196081649397e+00,4.193446521406199778e+00,4.233017878952495927e+00,4.194270081035560871e+00,4.182206459394011588e+00,4.238455158292316227e+00,4.212016097453304297e+00,4.227384109535092804e+00,4.188460847928254793e+00,4.223856190465539839e+00,4.184910894458291786e+00,4.162238735360261010e+00,4.190476369485280905e+00,4.142632001032374056e+00,4.182426846670656673e+00,4.101035748136799164e+00,4.119274488037047988e+00,4.254220092198970349e+00,4.127759754095300160e+00,4.124821641888728685e+00,4.212049009280015355e+00,4.237403173639285647e+00,4.236534108584593561e+00,4.198903881942745997e+00,4.145444730951500567e+00,4.224772538880251282e+00,4.201762072648693724e+00,4.192964825259982042e+00,4.123510877755751203e+00,4.161096794158677170e+00,4.164145316924634521e+00,4.207598218792823808e+00,4.161824212742456730e+00,4.155080661173999879e+00,4.178050024358292980e+00,4.128597317911082420e+00,4.147105829729713200e+00,4.130000757991814098e+00,4.242375582131912459e+00,4.151181695767988344e+00,4.179709466207103929e+00,4.138727303088246323e+00,4.134707794666494962e+00,4.130101411721638804e+00,4.231607055168581155e+00,4.161604720185284378e+00,4.158499966363401690e+00
3.935671187814539174e+00,3.910310779369015499e+00,3.900083404175501478e+00,3.986096299262651854e+00,3.970562321108589199e+00,3.931733983224453333e+00,3.931495840638304262e+00,3.983846039233482017e+00,4.042011966097621922e+00,3.965169433827195888e+00,3.967315511900858294e+00,3.948710321957228153e+00,3.960488452983379482e+00,3.984888658519817994e+00,3.956123291572351874e+00,3.956704832742898414e+00,3.922327956042830799e+00,3.963335937662029629e+00,3.956409320803115026e+00,3.971449198970698813e+00,3.962363942478961398e+00,3.961092993841923260e+00,3.929341262046750494e+00,3.957234136858029494e+00,3.945201173313752196e+00,3.990837248750143118e+00,3.947369677471876503e+00,3.963512689679674850e+00,3.928655093613357074e+00,3.946244728017377579e+00,4.012602601937338420e+00,4.005477916244372771e+00,3.922402972418117972e+00,3.954117217873739598e+00,3.925869590185986358e+00,3.939604128115449910e+00,3.945120445262329856e+00,3.947175905625972092e+00,3.997923955566530463e+00,3.990625185255162855e+00,3.954431249380217839e+00,3.943799552780080653e+00,3.971595948657104636e+00,4.000711577254468132e+00,3.978082566276294418e+00,3.910972381936356435e+00,4.035247161383573200e+00,3.999562988941702368e+00,3.937223759912959586e+00,4.010673262970422037e+00
3.746986927192931915e+00,3.738458007399807936e+00,3.741515844176174443e+00,3.708900654353607163e+00,3.690611440575404245e+00,3.689917358548032933e+00,3.703135743466438701e+00,3.756011488024697087e+00,3.714435148118311325e+00,3.635310192268975449e+00,3.688273579724267393e+00,3.716669652533452606e+00,3.682502518701176175e+00,3.690149405908645264e+00,3.722794394679434404e+00,3.744251458440954305e+00,3.731966040451683675e+00,3.724145890958384442e+00,3.740052828658349870e+00,3.687889602754464757e+00,3.736032598981939845e+00,3.723678450108502958e+00,3.695080578872827370e+00,3.757776421191880711e+00,3.719240765676561367e+00,3.716282568343409753e+00,3.733930323032473630e+00,3.746643597658823932e+00,3.675393887159044581e+00,3.748045604581649926e+00,3.783876807627793770e+00,3.705407905927425194e+00,3.686675864210130271e+00,3.766728729277039278e+00,3.732799092190317580e+00,3.674069394752635720e+00,3.720381964562964772e+00,3.686914854529374175e+00,3.666479291142277219e+00,3.714997572475631671e+00,3.707795810264180147e+00,3.726759206564513427e+00,3.734549508684479768e+00,3.706386038262667881e+00,3.715144027953254380e+00,3.754040373514951678e+00,3.741746743163396172e+00,3.716300917099323087e+00,3.696727131242142139e+00,3.734804517364651577e+00
3.479269795315778957e+00,3.523365228768810198e+00,3.521108964224659577e+00,3.484461971317662332e+00,3.461002887659408778e+00,3.462218746430826499e+00,3.438982367136614648e+00,3.523607922537925319e+00,3.521278157728313207e+00,3.509318660332129802e+00,3.501114123536853917e+00,3.478461296520960033e+00,3.502472726532853908e+00,3.497516886703527561e+00,3.487490790895177106e+00,3.508178779634206990e+00,3.485560711633259867e+00,3.487236797267547761e+00,3.430962952132076360e+00,3.518929693379282408e+00,3.510167822180703112e+00,3.469012016498750572e+00,3.458158708164567940e+00,3.508731063051087951e+00,3.504872421434158447e+00,3.484566483757808086e+00,3.505215746576821889e+00,3.458151697058894580e+00,3.467547143746970040e+00,3.517729892438679062e+00,3.533236709116344354e+00,3.503307144549878238e+00,3.459404608095048239e+00,3.461511400472886191e+00,3.524104936964950419e+00,3.476669691898207404e+00,3.535058855480107898e+00,3.479843925883758793e+00,3.538634880145985484e+00,3.487734370821954144e+00,3.477758258325453600e+00,3.494654032721815629e+00,3.497539284927057235e+00,3.509601257486805626e+00,3.507795922478624817e+00,3.482695182519980115e+00,3.493239631730458150e+00,3.501373093609621900e+00,3.542099333935882388e+00,3.479653081586995711e+00
3.300441236492077657e+00,3.247542224972572722e+00,3.307216085507646675e+00,3.259326751388954779e+00,3.226919515402854710e+00,3.252988336973885453e+00,3.236369942743605232e+00,3.233644425768890773e+00,3.255816017872423807e+00,3.252687680413665738e+00,3.308000631934587599e+00,3.191187616985648567e+00,3.315021736113549444e+00,3.190652692915136424e+00,3.228046102202616119e+00,3.242968478720341885e+00,3.273124240185206979e+00,3.232373833042168076e+00,3.226704938764588970e+00,3.236606180345024342e+00,3.276734297900979254e+00,3.284319521565480127e+00,3.310021964175996700e+00,3.309861536118765102e+00,3.223220200087470122e+00,3.224031910193558836e+00,3.291394639608286266e+00,3.250829120636648639e+00,3.257994580361649017e+00,3.262955063104119979e+00,3.277881330254569736e+00,3.220748794949520821e+00,3.262676808033206033e+00,3.261129988605949048e+00,3.253919825692531020e+00,3.236923351744915411e+00,3.238375569319939640e+00,3.250027690530831403e+00,3.274385043306749843e+00,3.288687113702065901e+00,3.257325598492916363e+00,3.248865198142329547e+00,3.250524646512354732e+00,3.227799984409771117e+00,3.234031366856837675e+00,3.256553923571680276e+00,3.271230636593311036e+00,3.227096370077636944e+00,3.226210624230405166e+00,3.246398953726902015e+00
3.024026526370964696e+00,3.026882577602709290e+00,3.026696031013671462e+00,3.044809176928873207e+00,3.047333975035825926e+00,3.034707808169807119e+00,3.069494685766605002e+00,3.045065614545780175e+00,2.973437971526590839e+00,3.024401896164326864e+00,2.989048960388088538e+00,3.053273608102683667e+00,3.061724784862714266e+00,3.089146946416081896e+00,3.052111149434055370e+00,3.040532112172650958e+00,2.991210042321865270e+00,3.060533818402980000e+00,3.052561909171163990e+00,3.056586504508355340e+00,3.034147649204339103e+00,3.060483977596734739e+00,3.086242990985754719e+00,3.001750311045706443e+00,3.046112873796951170e+00,3.038878713787338981e+00,3.073239367094732888e+00,2.985698882436088830e+00,3.047652884758890846e+00,3.028258531633507111e+00,3.033789994806627366e+00,3.039145563584827681e+00,3.019894461961490251e+00,3.043968841377727053e+00,3.044414023150179727e+00,3.037031506586707952e+00,3.045054054064462168e+00,3.041254977587145802e+00,3.053201588612281192e+00,3.043012991212042273e+00,3.003812851086714808e+00,3.047716461000704147e+00,3.058333747994976370e+00,2.986118838628521566e+00,3.035285876960914564e+00,3.020335854528603203e+00,3.020507796247558829e+00,3.082463436929355538e+00,3.016845258911907024e+00,3.024056648946358727e+00
2.786290591317111875e+00,2.810190766128695117e+00,2.801444604373040548e+00,2.826765672169832211e+00,2.870559771932771120e+00,2.787735715370761813e+00,2.812289047612837933e+00,2.813900723162323647e+00,2.811685578321492684e+00,2.815299707171329935e+00,2.748429151729188558e+00,2.820754482961295384e+00,2.825011034623499562e+00,2.784658409802567292e+00,2.824077453733123022e+00,2.792136274920109962e+00,2.808542610237944270e+00,2.812047352954313073e+00,2.767614016561894097e+00,2.807732982827294776e+00,2.810690086414478372e+00,2.805297145728203212e+00,2.752659356112127753e+00,2.802979827274106661e+00,2.811066056170928196e+00,2.833054918688904689e+00,2.887443032761090933e+00,2.822010721354236029e+00,2.799404895678167193e+00,2.757864073211741207e+00,2.796612507232448142e+00,2.756303636195369666e+00,2.775287616663208556e+00,2.830990215208873284e+00,2.827919977920206218e+00,2.775703051700001200e+00,2.807318204286401553e+00,2.828840202869678411e+00,2.814716769681112840e+00,2.772649202545791169e+00,2.779451921101481648e+00,2.833853482344797392e+00,2.821915702662271652e+00,2.755409667820984509e+00,2.801795169448346723e+00,2.811331284677806241e+00,2.779514775692285333e+00,2.818928433849149151e+00,2.761869679946344913e+00,2.796271306070718499e+00
2.581569967029055501e+00,2.581910979675980489e+00,2.565987964419306433e+00,2.619350504732142593e+00,2.557075829467679196e+00,2.595597268561681936e+00,2.612692939049882312e+00,2.627241779128057786e+00,2.592746738766784187e+00,2.608322828796574733e+00,2.606528008152144693e+00,2.566465890459776134e+00,2.620318428291073420e+00,2.631297565537763727e+00,2.597096112023485226e+00,2.627304851694611809e+00,2.584323078433402809e+00,2.589627849275928373e+00,2.586713378694683652e+00,2.587594320828569661e+00,2.588137130247305517e+00,2.589531512869648555e+00,2.574972401233763364e+00,2.625102565652488895e+00,2.603683206080858348e+00,2.601963096933090025e+00,2.598453251471836367e+00,2.550668646046087673e+00,2.614288448999645631e+00,2.588617707513426236e+00,2.597287057660710552e+00,2.602853681713982681e+00,2.603266834088581838e+00,2.604768385837072486e+00,2.571605189986830631e+00,2.560389734925283989e+00,2.571624805882012144e+00,2.595049375603837749e+00,2.578302354085924009e+00,2.549545361254176079e+00,2.622096915228190550e+00,2.546512553702982018e+00,2.566929746740233220e+00,2.599273637755094679e+00,2.591385157059346689e+00,2.623246227980847944e+00,2.560785484977835313e+00,2.602613635602026854e+00,2.598728664503272778e+00,2.588158034383798878e+00
2.331910632513784165e+00,2.353489805022858317e+00,2.375685750866703749e+00,2.400101555837171219e+00,2.355027332517412475e+00,2.330231224615405328e+00,2.357496249252740483e+00,2.360004498700653208e+00,2.358333072741692682e+00,2.368014274314446777e+00,2.361691081942835169e+00,2.338061789886287656e+00,2.345102046306141386e+00,2.371055606132836946e+00,2.352932538592077627e+00,2.442721085851106366e+00,2.355183275667412257e+00,2.383944769154755061e+00,2.369166392454308046e+00,2.307284350592677225e+00,2.370645416913772952e+00,2.360329778935445155e+00,2.315561728289650123e+00,2.374508216792882376e+00,2.382486714708362374e+00,2.375304214503340727e+00,2.358621728991949329e+00,2.304926965715952569e+00,2.326813391127099617e+00,2.359364133844241262e+00,2.372100972025279475e+00,2.335943532859331206e+00,2.395180785934366785e+00,2.384079489021359688e+00,2.380449351897796717e+00,2.441615097861654426e+00,2.394678932836242335e+00,2.351926569220298635e+00,2.315030395953458608e+00,2.383439482176701318e+00,2.359963029319225303e+00,2.378042129402313964e+00,2.365524725540787188e+00,2.390869741086751876e+00,2.396318979562064744e+00,2.345788616494280276e+00,2.375782891349071946e+00,2.367292723432479651e+00,2.327703817496752592e+00,2.333529170648174222e+00
2.174997505862319880e+00,2.170571000361522174e+00,2.174970876838884681e+00,2.164637120589079977e+00,2.142178152793093648e+00,2.154560813882961501e+00,2.136919393510759324e+00,2.166384730351726517e+00,2.173309104865468022e+00,2.155287272917603580e+00,2.221306365022610141e+00,2.158578961835806886e+00,2.187990091555328309e+00,2.178426427903886076e+00,2.145511100813236816e+00,2.149857915849632484e+00,2.164592378172307097e+00,2.150573798514519019e+00,2.173098918235838006e+00,2.149109190348620135e+00,2.152167433559998511e+00,2.171319284706394903e+00,2.113089356236844907e+00,2.164310996830363099e+00,2.141174297090345569e+00,2.195924319103796929e+00,2.209370455086808960e+00,2.153394123302941665e+00,2.121520025844021884e+00,2.165094527407965597e+00,2.115884178507642321e+00,2.135460150195642282e+00,2.172954650002012933e+00,2.148948958479659499e+00,2.166944723391326821e+00,2.155694452119754523e+00,2.151075618060111161e+00,2.171674113719138877e+00,2.133145965803216360e+00,2.166923200471594146e+00,2.140738647557829388e+00,2.182100587432121319e+00,2.174770197832375906e+00,2.132819645750738236e+00,2.163050822566199738e+00,2.167310095645235801e+00,2.149104997155274699e+00,2.189168386446953996e+00,2.155733897680744970e+00,2.105914626175967364e+00
1.919123730078928114e+00,1.921121822849244598e+00,1.976839768198076275e+00,1.949098013910173677e+00,1.961819982591763045e+00,1.936109168735779429e+00,1.953262647554759424e+00,1.944420136152359202e+00,1.936026237408694950e+00,1.988145888666438932e+00,1.957025567386774023e+00,1.976312814629868075e+00,1.953015001475436385e+00,1.980690941925977278e+00,1.943662605180192182e+00,1.952647742124779651e+00,1.938848593951945753e+00,1.937340212150574059e+00,1.970900435565931197e+00,1.988828152376261205e+00,1.986099096326142011e+00,1.978095219923990733e+00,1.929395650070486079e+00,1.921533984287216557e+00,1.928999768372057666e+00,1.964968019861991433e+00,1.934084074241624984e+00,1.910933391157516370e+00,1.947053262709703692e+00,1.965845109015935899e+00,1.956526025435460170e+00,2.014119059135621725e+00,1.973792876093019455e+00,1.954119208283728204e+00,1.935513679326770875e+00,1.974884425556134859e+00,1.963508700388824302e+00,1.986619032426354181e+00,1.965873022451596785e+00,1.936581534471238264e+00,1.953466924490580681e+00,1.938179095966450216e+00,1.948132481974187424e+00,1.994572257034965324e+00,1.952601404289475262e+00,1.950837468936679198e+00,1.975908672437798108e+00,1.956268823968648096e+00,1.953302804539914339e+00,1.936325969575922734e+00
1.736966315764659319e+00,1.791503798512181556e+00,1.755974411008832448e+00,1.760988983506691641e+00,1.756345984603668642e+00,1.748119320956370348e+00,1.740164609509819327e+00,1.750043954376457878e+00,1.762050796077150316e+00,1.732560352083492461e+00,1.761763744963911638e+00,1.720194043989732524e+00,1.764639410482622406e+00,1.729464955740934951e+00,1.791397287766355984e+00,1.728038708935781376e+00,1.751008107703080574e+00,1.764868256512764022e+00,1.795548324954620023e+00,1.758808919717881336e+00,1.775968157542642256e+00,1.763109247008475267e+00,1.743396999276892956e+00,1.738680951808040831e+00,1.739412569728063573e+00,1.725893418927914258e+00,1.796847494750388519e+00,1.783788336344472647e+00,1.767950988423405700e+00,1.716888404710796401e+00,1.753242326718441157e+00,1.700103491067828543e+00,1.757086798548129991e+00,1.732204383897753441e+00,1.771135817697632842e+00,1.783608939256481118e+00,1.755368523481447118e+00,1.734656616567101795e+00,1.741862429355108155e+00,1.740595416587600752e+00,1.727168323449606024e+00,1.732201381276613494e+00,1.744881459037562532e+00,1.752182014214738182e+00,1.749638098906898254e+00,1.744325019273248234e+00,1.755104516465485931e+00,1.762948520172975542e+00,1.744740301920989500e+00,1.766195353129834444e+00
1.620086981805773263e+00,1.537966119934303988e+00,1.572597340368187657e+00,1.544291073871798980e+00,1.544010717889638284e+00,1.586386566157473421e+00,1.536494467729250690e+00,1.568030668375268499e+00,1.562436142899001679e+00,1.571742617518189444e+00,1.577297532252018408e+00,1.576129264522127427e+00,1.597445664085958672e+00,1.570064177168534858e+00,1.568732736202926192e+00,1.600590431402823643e+00,1.545197963312482825e+00,1.570569754599514312e+00,1.559518071701144759e+00,1.533877946037389917e+00,1.557711461971980071e+00,1.551898046405021159e+00,1.556200744826181870e+00,1.551727544000337522e+00,1.575996847916010246e+00,1.543600913204926206e+00,1.604558617723813141e+00,1.564082272666205586e+00,1.566842322435241686e+00,1.594882834440990216e+00,1.569227407167856692e+00,1.554417853822549489e+00,1.543891933536190475e+00,1.546433120149012908e+00,1.580973093420831921e+00,1.563120439759466906e+00,1.579194315442509655e+00,1.571477271068113968e+00,1.562631156883659500e+00,1.586709715490951966e+00,1.581820131204246804e+00,1.542182984059096151e+00,1.579816924622214680e+00,1.530379741349502609e+00,1.551359744188777423e+00,1.566313277090694012e+00,1.582498373946819692e+00,1.594430232812082071e+00,1.574577175842945875e+00,1.551160395862321018e+00
1.364862105130083325e+00,1.396805663240027640e+00,1.381391943178658765e+00,1.373028966843861554e+00,1.366835985272209397e+00,1.360893453335151104e+00,1.393895107594150584e+00,1.383647273031761937e+00,1.391995168393319382e+00,1.382796005591063748e+00,1.397666623688235799e+00,1.379233661066741501e+00,1.380331775194851396e+00,1.352856489766568693e+00,1.341200619723322385e+00,1.358499765458666797e+00,1.401504054215842121e+00,1.375731302712473125e+00,1.383172086712426418e+00,1.346225327749231759e+00,1.374074127205279217e+00,1.366764905397654717e+00,1.379193553517253701e+00,1.363320865296395290e+00,1.359629987051511391e+00,1.384068510867475066e+00,1.395836478871827380e+00,1.386765903399032274e+00,1.389068744445008274e+00,1.378570622090020903e+00,1.360276249749456934e+00,1.375939896725726808e+00,1.371094798565661410e+00,1.368705859202032249e+00,1.359325771755898860e+00,1.387377053636773105e+00,1.367976214302891957e+00,1.385581789557503773e+00,1.379697519267967243e+00,1.375770842192183485e+00,1.350474657112295418e+00,1.392504702021118312e+00,1.373045089628218474e+00,1.372989221111405200e+00,1.350986524634700814e+00,1.323967330012261634e+00,1.342161532247311495e+00,1.365572088022723340e+00,1.373153955876802224e+00,1.396278569089258514e+00
1.220635885499312234e+00,1.190598176309640488e+00,1.220845910952725211e+00,1.182312921595489508e+00,1.190304273818410863e+00,1.158895605755526192e+00,1.203205987203333160e+00,1.231598878621174453e+00,1.176210674143147727e+00,1.206951365969791024e+00,1.207292963193966395e+00,1.191638067498995035e+00,1.199519352472104394e+00,1.207020033729331088e+00,1.198020344795713621e+00,1.217624612501180481e+00,1.193033179975702573e+00,1.203374488612767523e+00,1.178803831937625279e+00,1.179110071925932646e+00,1.220246611286331939e+00,1.182849733072799614e+00,1.202327269990971947e+00,1.163520887617644828e+00,1.218046575405228760e+00,1.187682802420847450e+00,1.222380561643019892e+00,1.192394081205852219e+00,1.203395550676114922e+00,1.169434391481862123e+00,1.208292193784902269e+00,1.190322963427384417e+00,1.192382244637316013e+00,1.193856892267162184e+00,1.175035536827140348e+00,1.225153479565036063e+00,1.197093958678976389e+00,1.190037883315457456e+00,1.180068213466918703e+00,1.185782509496438486e+00,1.219027438716089318e+00,1.188714221655865932e+00,1.174869400949422049e+00,1.217910539681839710e+00,1.188591305862792824e+00,1.186073419849102528e+00,1.156649094860090932e+00,1.180287784337951562e+00,1.208488828236207180e+00,1.201389349931681449e+00
1.017207590890383040e+00,1.008701105049725877e+00,1.059788338360827087e+00,1.021399465203261192e+00,1.035541033703590408e+00,1.002409580880910367e+00,1.034299417490591066e+00,1.013531164553016506e+00,1.030713540097492942e+00,1.038066337837442399e+00,1.012971106724091852e+00,1.021827540863076145e+00,1.044098525376605968e+00,1.004131626965679258e+00,1.041329843551425993e+00,1.014780982662323972e+00,1.027333086918258420e+00,1.037814409278151384e+00,1.014175699029577160e+00,1.047913359201831929e+00,1.040826819990760210e+00,1.010069381138438027e+00,1.013905900910598623e+00,1.018147461152901778e+00,1.007287929265497706e+00,1.060272871550857587e+00,1.018824522721232473e+00,1.021082438540628967e+00,1.032727790440602256e+00,1.016902846513918046e+00,1.046195153503967523e+00,1.017994542916310197e+00,1.024301015661304826e+00,1.042422692635254000e+00,1.041008110171196765e+00,1.038034980681163066e+00,1.000550289697689221e+00,1.009606275888145221e+00,1.028023267059935186e+00,1.008335771236226197e+00,1.021784265123227620e+00,1.051349025554096706e+00,1.047227797711075992e+00,1.032021291243362837e+00,1.034330641032776610e+00,1.036059809156811617e+00,1.022031709674623423e+00,1.018710751029962003e+00,1.029744528241259838e+00,1.014594625869665645e+00
8.512019850936917154e-01,8.669148794875746189e-01,8.856048115823497158e-01,8.711239244513706570e-01,8.916842915548667259e-01,8.830433020798168497e-01,8.657986659786289785e-01,8.605357879440896918e-01,8.726995426699161174e-01,8.553060785212880379e-01,8.433729893714124737e-01,8.664893024808086874e-01,8.840209654251746096e-01,8.642428546251981203e-01,8.473378380407395882e-01,8.630894537056370552e-01,8.751856758013101256e-01,8.882521630467273832e-01,8.725358546878680954e-01,8.764781820970893866e-01,8.537097909971071985e-01,8.700297530257696810e-01,8.672088800636879036e-01,8.690198056954053785e-01,8.950610755935514140e-01,8.836702323411701476e-01,8.572677082773765278e-01,8.710027398704300872e-01,8.812476564182031291e-01,8.574138261299231178e-01,8.752061533586926734e-01,8.635807150671898080e-01,8.539230721052748496e-01,8.613519192969243399e-01,8.312411303272364549e-01,8.842376416191609634e-01,8.785448746745802007e-01,8.757841432740536280e-01,9.016390459639771482e-01,8.386616135376463443e-01,8.775169733776668757e-01,8.859509980109059324e-01,8.647106216353647179e-01,8.659202710500217837e-01,8.841510068251187127e-01,8.615950959559195432e-01,8.566246159900223756e-01,8.537688469514264078e-01,8.490698230550033365e-01,8.493379242675480612e-01
7.025691680157253316e-01,7.180868604246433140e-01,7.115826105689077030e-01,7.123113738015851570e-01,7.087073869255615666e-01,7.321326617604476672e-01,6.961192222363137283e-01,7.215468432443025160e-01,7.073696134725412366e-01,7.379405762878085140e-01,7.268942335230299534e-01,7.259833213612949532e-01,7.380265953939340040e-01,7.218018954338317750e-01,7.166797894450845918e-01,7.144065888842762169e-01,7.287169209648731716e-01,7.180964377732034221e-01,7.011674945776835699e-01,7.134577693076245009e-01,7.007639313355297217e-01,7.075015872957032270e-01,7.129810727637398982e-01,7.108133258172887325e-01,7.165912063409616284e-01,7.177275638201237040e-01,7.166906884322743476e-01,7.122387767250432100e-01,7.120779220386526109e-01,7.289491339940309400e-01,7.072710255420551206e-01,7.085180201234334563e-01,7.255160832817809657e-01,7.099027462610661976e-01,7.300117252019854286e-01,6.946845772207098646e-01,7.278530768028481646e-01,7.134815816540860389e-01,7.224949935172549909e-01,7.198759565456359644e-01,7.233262399634998729e-01,7.022681328346165319e-01,7.124768516131396723e-01,7.447509519477796269e-01,7.168649572937952907e-01,7.328478019810191757e-01,7.251006646779556419e-01,7.162902209207270277e-01,7.382682865939945716e-01,7.086986988355947759e-01
5.722513761826765188e-01,5.938277969886244234e-01,5.809397508675047117e-01,5.718154337789211894e-01,5.784675693455572087e-01,6.010779828325232277e-01,5.915236970819165441e-01,5.841512506592450027e-01,5.825517469477918819e-01,5.889974599041445380e-01,5.859092529665258509e-01,5.796161185606928390e-01,5.889316851535399966e-01,5.794452136644392404e-01,5.903279803616752197e-01,5.871827136638750888e-01,5.828304364422389749e-01,5.903796944427573967e-01,5.855681425006548091e-01,5.704499556034925423e-01,5.899321080378696625e-01,5.920569410362865881e-01,5.840385308275447551e-01,5.907356368236248434e-01,5.880429991074674900e-01,5.641860154406889150e-01,5.794287850630497338e-01,5.614557930292574106e-01,5.807763200011892835e-01,5.898939581838099633e-01,5.874965293577472103e-01,5.957573307826872222e-01,5.872580189013665297e-01,5.817289229228418401e-01,5.818078570737232891e-01,5.850592209256628706e-01,5.775089569766848063e-01,6.025327342783590723e-01,5.775163979068972386e-01,5.934892237414187699e-01,5.780308747448434925e-01,5.849644475167715685e-01,5.917766016863454936e-01,5.942789984348668675e-01,5.790868452358423069e-01,5.844263908932205709e-01,5.871701869273464602e-01,5.869545149048055466e-01,5.866207214351513155e-01,5.857523683926537661e-01
4.628630634892929585e-01,4.570201013130599788e-01,4.506541602033452554e-01,4.539053421884353678e-01,4.577509069497989191e-01,4.535802089377118373e-01,4.388377006231855559e-01,4.508986060560553621e-01,4.545702121943749341e-01,4.431630474323000057e-01,4.488204371262208281e-01,4.613751922517225212e-01,4.662028505050286875e-01,4.477186910340209547e-01,4.623028587035973302e-01,4.446039433724702783e-01,4.435772543316539585e-01,4.664267322621388767e-01,4.556062210358621245e-01,4.432989120996502774e-01,4.496744127707105743e-01,4.515651637030625998e-01,4.475638038259966422e-01,4.578648812536270651e-01,4.583587773398534182e-01,4.519188215039889878e-01,4.669834437218418066e-01,4.677670147058107797e-01,4.460217124887845275e-01,4.556003718844781614e-01,4.610886532637801793e-01,4.533385082960217916e-01,4.638632906620916430e-01,4.583502087975648842e-01,4.649255747161236685e-01,4.586727222772764012e-01,4.616781171895774638e-01,4.611692907014487419e-01,4.502106202963213066e-01,4.576931174869816599e-01,4.612068738017698344e-01,4.511630854237810295e-01,4.669348298830998667e-01,4.468707631259765667e-01,4.366094915350807182e-01,4.527898530065586624e-01,4.635509060099603507e-01,4.551548524926782857e-01,4.767815359536056730e-01,4.549593118612801357e-01
3.545181427788536288e-01,3.417071832035266654e-01,3.355421684646096581e-01,3.322448729098335107e-01,3.463469035155435360e-01,3.242894878817471627e-01,3.472648772904646242e-01,3.467312194669215364e-01,3.450678025831975804e-01,3.532472405959300454e-01,3.521863488029131073e-01,3.567809401861981033e-01,3.516225989478622971e-01,3.422771591782804435e-01,3.458478175090956008e-01,3.541376887566478615e-01,3.544602676686315901e-01,3.494593496829834778e-01,3.450085441333636815e-01,3.472757687630959600e-01,3.464014246978747158e-01,3.475554108568764122e-01,3.453792703893310834e-01,3.401796657077962860e-01,3.422559434984238647e-01,3.419236547348332156e-01,3.440004274180299970e-01,3.458781479880925769e-01,3.314490733051266846e-01,3.486325513377095953e-01,3.433746145461202270e-01,3.437841158731730351e-01,3.389701277672845792e-01,3.499559582491181819e-01,3.492218854218780422e-01,3.418866610923205207e-01,3.526673694590359287e-01,3.533509015135010145e-01,3.400974514516776348e-01,3.458111706591542878e-01,3.420869392667644782e-01,3.448881832963109906e-01,3.364862844110871332e-01,3.383851117332671854e-01,3.412784223509508497e-01,3.425873451975876005e-01,3.435766853486582062e-01,3.472705436265829393e-01,3.388246700114117549e-01,3.520965695849136989e-01
