3.045281530557929717e+00,3.029353529031726389e+00,3.051246264373052686e+00,3.055157625140080491e+00,3.054099440978245816e+00,3.038875257287013909e+00,3.039248917203504430e+00,3.048514045280186213e+00,3.027277048362047918e+00,3.030801708708272368e+00,3.036213114345583719e+00,3.031502415228921610e+00,3.033429684987013264e+00,3.035096273488428142e+00,3.033110331393450654e+00,3.014908255190571484e+00,3.026929254615057019e+00,3.013846343922293336e+00,3.018446088574602726e+00,3.049127377131659156e+00,3.027766368929723395e+00,3.027551109532800488e+00,3.036651095619746776e+00,3.038990461971671220e+00,3.042959471000669769e+00,3.071325772130348852e+00,3.042306875787387455e+00,3.055354323003159678e+00,3.040284356280524847e+00,3.041228334324682425e+00,3.040473210782731694e+00,3.024015165550582473e+00,3.077227545057236391e+00,3.016368856475236004e+00,3.046521712586232500e+00,3.061966177868206795e+00,3.022348640271005582e+00,3.024399339141203402e+00,3.049132439716414122e+00,3.032430155882426259e+00,3.005913335046030088e+00,3.005668100219983430e+00,3.023030965846812190e+00,3.034588820117826824e+00,3.042326055778675542e+00,3.030816025251436674e+00,3.016303695662361672e+00,3.058732017425995320e+00,3.033907931645724698e+00,3.015194058976248925e+00
3.042224757998428508e+00,3.030400454307688118e+00,3.045436602588548425e+00,3.024870547039706370e+00,3.023005628629416019e+00,3.022989146295678164e+00,3.039450727264318530e+00,3.037455492761952591e+00,3.036384100428091148e+00,3.025478741031691676e+00,3.043906438438924056e+00,3.050034075088392083e+00,3.028774655034679686e+00,3.025931318937276071e+00,3.039769535208508788e+00,3.046206361864287171e+00,3.044272129098508639e+00,3.027554704134680641e+00,3.019524575600159633e+00,3.049167906514803850e+00,3.047304130862873439e+00,3.035827538833186345e+00,3.046106475232692290e+00,3.039508516237609648e+00,3.038079292681788779e+00,3.053384580971168383e+00,3.035317437082238889e+00,3.033333394996115207e+00,3.035085606366399791e+00,3.063925637901875998e+00,3.040614018267146168e+00,3.033086924716720478e+00,3.024164712760886609e+00,3.031340799405660924e+00,3.026741619543958706e+00,3.053816366572186247e+00,3.032188883859233908e+00,3.038622268666673953e+00,3.040232667327547933e+00,3.054712358108633730e+00,3.026054143525800377e+00,3.058942786514530887e+00,3.024622709589535052e+00,3.033431828097227889e+00,3.048038818558584939e+00,3.027439869980397269e+00,3.029513648808223714e+00,3.022321136710930389e+00,3.054632787048297882e+00,3.018599034103335743e+00
2.994833003860275067e+00,3.047441724219440040e+00,3.031666649890207399e+00,3.040393529881059820e+00,3.037283962981601526e+00,3.030457948369104315e+00,3.020065088514520379e+00,3.055349909672825159e+00,2.996946287733413428e+00,3.025836278895267739e+00,3.048459690856493598e+00,3.015362279717146876e+00,3.038305026374285678e+00,3.029845439914019778e+00,3.023752184858929049e+00,3.044108918533251273e+00,3.005696127551021224e+00,3.025584118811124767e+00,3.042902577721982027e+00,3.029956486652055858e+00,3.020652816405489993e+00,3.028296460707071702e+00,3.022219674584174509e+00,3.040881166785853740e+00,3.049081861305737551e+00,3.053058680292558780e+00,3.027671366431743394e+00,3.036709959431938444e+00,3.032012439162896200e+00,3.012761245386205822e+00,3.046958202875510668e+00,3.032902133744458606e+00,3.013915660877377167e+00,3.044704539352875994e+00,3.010463274335492656e+00,3.037139779362695080e+00,3.018847124214327771e+00,3.041385961584394781e+00,3.051534938407244546e+00,3.006216905807860051e+00,3.029081132297984702e+00,3.035196711029856331e+00,3.045238323127788416e+00,3.025604048329233908e+00,3.029089546147094580e+00,3.023527787344560291e+00,3.030307662449276851e+00,3.024721357484804418e+00,3.048933944432028476e+00,3.016837354173954822e+00
3.003463250787681282e+00,2.970317653131465008e+00,3.031656617310727775e+00,3.064107372400232787e+00,2.991570192707633247e+00,3.036835181654895965e+00,3.012879997183355307e+00,3.027603099062393888e+00,3.022268590194072235e+00,3.039091273948960836e+00,3.004538634990772561e+00,3.037066426934520891e+00,3.027544256245536136e+00,3.055530147506095862e+00,3.026075268379748717e+00,3.012156815040137214e+00,3.028625089374664014e+00,3.031654029306906306e+00,3.009418027547915209e+00,3.009702193605109155e+00,3.043945358354563702e+00,3.051286207198040668e+00,3.022198395225598411e+00,2.984588207958240869e+00,3.006926903695788411e+00,3.058588462186267787e+00,3.023920023934126622e+00,3.010207994407132492e+00,3.032687948504825037e+00,3.018675850329247456e+00,3.045125126275835648e+00,3.022900391831635503e+00,3.009309869236103996e+00,3.035776747549553622e+00,3.050402294613344445e+00,3.035955305611941490e+00,3.018321445386393798e+00,3.019810611395058242e+00,3.017109682880923405e+00,3.031106226444647334e+00,3.007377166981435757e+00,3.020542419474812501e+00,3.046275887738211008e+00,3.050585911852220722e+00,3.022079464985913955e+00,3.041107075472332610e+00,3.016142227942801401e+00,3.006848838059463791e+00,3.027236685530636962e+00,3.034687306455463141e+00
3.039954212977383996e+00,2.996754320630891755e+00,3.032875630681425516e+00,2.990819551652625918e+00,3.018973853800665186e+00,3.008774441958156576e+00,2.998754211724462770e+00,2.987967691315385199e+00,3.020007241908544415e+00,3.018266047866080104e+00,3.038529992633239196e+00,2.988988919299170988e+00,3.024901575822647182e+00,3.033553700925583740e+00,2.994952239925390280e+00,3.028772893156479018e+00,3.000652841950082639e+00,3.006105032609824868e+00,3.007506895468460062e+00,3.040090964347888391e+00,3.040471252133428059e+00,3.040053312675029762e+00,3.019158475094291028e+00,3.014021408608061225e+00,3.011588749940446341e+00,3.024665235257055329e+00,3.004064740998610983e+00,3.006279553193618614e+00,2.987817271640835326e+00,2.993917822029533493e+00,3.036078684036485065e+00,3.022218739137875865e+00,3.023914799439386236e+00,3.008743451625000898e+00,3.015766312793775494e+00,2.977858795046902873e+00,3.008359145970604054e+00,2.987885690007969774e+00,3.008514576360496573e+00,2.984446429279635105e+00,3.017685335942179137e+00,3.004971018141814998e+00,3.011823196246525836e+00,3.001851445532852658e+00,2.992498190993547080e+00,3.021066047462523052e+00,2.997379334460559708e+00,3.012149722333247404e+00,3.022324742398732944e+00,3.009085311719886580e+00
3.013058669987398464e+00,2.976259192168576373e+00,2.986277031928858072e+00,3.000403645935441954e+00,3.006685677198398743e+00,3.013608952813529918e+00,2.995252543126438294e+00,2.984557836589902369e+00,3.020783566228844030e+00,2.990356140710121569e+00,2.985057255287290712e+00,2.997164179104196968e+00,3.009753871532706349e+00,2.989347341620903542e+00,3.006246358893389647e+00,2.997443978787465380e+00,2.992459715140234344e+00,2.983749462900942895e+00,2.982657419790791575e+00,3.029311574217057768e+00,3.025714958102777796e+00,2.991314500857046976e+00,3.015649596476181138e+00,2.978606372975631356e+00,3.031461599147279085e+00,3.014775985382845302e+00,3.027813102577275206e+00,3.002328418964745449e+00,2.992088242950193600e+00,3.007872627894858653e+00,2.989113902674000123e+00,2.980642200352920490e+00,2.992526203905856441e+00,3.006053581367871708e+00,2.990072149381773237e+00,2.984119793526304854e+00,3.003948472372969913e+00,2.971655436808525508e+00,3.021181400352075830e+00,3.000067726662484002e+00,2.992993203751057596e+00,2.982495116040425831e+00,3.002077550319064869e+00,2.984051230435238455e+00,2.986329988474944575e+00,3.017202688115658837e+00,3.015435077420482113e+00,3.007025707528449665e+00,2.983642767167961729e+00,2.992702534152485772e+00
3.004764258165899538e+00,2.986261789752818974e+00,2.992146942072750448e+00,2.996331194308637702e+00,2.961380473347565712e+00,2.983974697040241431e+00,3.004920196166782631e+00,2.992312273307691228e+00,2.971518822879696931e+00,2.968268934217197952e+00,2.986498736529473064e+00,2.962163085907024040e+00,2.969171270919807260e+00,2.991355161457365686e+00,2.974090922344997168e+00,2.964943537634681103e+00,2.978962066537446329e+00,2.956014880211855989e+00,2.984200976083715595e+00,2.977900891569577269e+00,2.963851234791075484e+00,2.959861657067874408e+00,2.983897632258063926e+00,3.001571799702680288e+00,2.961516316080361921e+00,2.982870297410230354e+00,2.978513565841095279e+00,2.975051256777464737e+00,3.011444151625759957e+00,2.977808541014342669e+00,2.970773421197049124e+00,2.987461206166508454e+00,2.961133236067224672e+00,2.992972666762252043e+00,2.991785060249118722e+00,2.980235319748591571e+00,2.999510150579471457e+00,2.968018712651705915e+00,2.985186011614695545e+00,2.999629523253479757e+00,3.026526469820598919e+00,2.960989011644228786e+00,2.988414804533699343e+00,2.985024488101122753e+00,2.997233217684539319e+00,3.019070283561166246e+00,2.987911062212897040e+00,2.965878238461423955e+00,2.989623699289309933e+00,2.980983682069683560e+00
2.959683166168253887e+00,2.941696381614975486e+00,2.981467652551224923e+00,2.972399696259432123e+00,2.986010988334766303e+00,2.975963917994629782e+00,2.955130517619130259e+00,2.973678736735999806e+00,2.943012652996583878e+00,2.960066126340769266e+00,2.968742939294791938e+00,2.980117753964439675e+00,2.962704926323441956e+00,2.977444849411713168e+00,2.944276395221357756e+00,2.970635894492787532e+00,2.969867079071399463e+00,2.956645181736102579e+00,2.965598308324006727e+00,2.959118136983050373e+00,2.939246944661332961e+00,2.953277059320038145e+00,2.949046727003858948e+00,2.942726038619380091e+00,2.967307990310289245e+00,2.968661973699939782e+00,2.947289377857728265e+00,2.968942609211463246e+00,2.962073266839869490e+00,3.007229958027063610e+00,2.960611757033804192e+00,2.962309633079900806e+00,2.969339042350726654e+00,2.956118424084797969e+00,2.942442547028148336e+00,2.975196199984033285e+00,2.970829833381918306e+00,2.997759210977452682e+00,2.961757133461544900e+00,2.975856395839246105e+00,2.962948742340758557e+00,2.961739421433536634e+00,2.976441356497389279e+00,2.961436118235418746e+00,2.947044492527644444e+00,2.962773481827975175e+00,2.979899632994036818e+00,2.934836625771925167e+00,2.961888899731214053e+00,2.960315843354669685e+00
2.945218915503262647e+00,2.945380977928683919e+00,2.943580080174081015e+00,2.949139652981207060e+00,2.936639012131372350e+00,2.932127594699177831e+00,2.950959378679220979e+00,2.945003563053094631e+00,2.957659445992677050e+00,2.963706824215602609e+00,2.950292427725701216e+00,2.930950396236672528e+00,2.948037103296171413e+00,2.963314634949568038e+00,2.942612288297246081e+00,2.956583646847132041e+00,2.955394014811270509e+00,2.961895934302872568e+00,2.963296449649873932e+00,2.930949845665830722e+00,2.952929713551425639e+00,2.949731846598278917e+00,2.942775193102763254e+00,2.937273214483846928e+00,2.936503170676323826e+00,2.959677340809095281e+00,2.952012573484374958e+00,2.945892757229540138e+00,2.951412097144693103e+00,2.931829453538664421e+00,2.975115099449478162e+00,2.925102859479944861e+00,2.929525413554559421e+00,2.973421795797112299e+00,2.949242556248235836e+00,2.929730811260030876e+00,2.941317397053946348e+00,2.952690603195010866e+00,2.964440348802654501e+00,2.954676598884298677e+00,2.967158489753553230e+00,2.956272852814168406e+00,2.938334639513482394e+00,2.958168864271978116e+00,2.937402226200690247e+00,2.947469830601334717e+00,2.931374282341589588e+00,2.958779497847399131e+00,2.941668382218914690e+00,2.956319836660706191e+00
2.930872775075967773e+00,2.919449076670369347e+00,2.917887949282822024e+00,2.962964304234491753e+00,2.917016837781031047e+00,2.903435812076480271e+00,2.954381011900855558e+00,2.923754124393099563e+00,2.949801520570598523e+00,2.947458588066410368e+00,2.923069726289139414e+00,2.935704723255597060e+00,2.952350065464211415e+00,2.918057746430782640e+00,2.952358230363787861e+00,2.921438680308019453e+00,2.926610082538220858e+00,2.966209355103913481e+00,2.933450884870561381e+00,2.918435940712384546e+00,2.912811557245559957e+00,2.914163664999454895e+00,2.942165715495715261e+00,2.921451373374212679e+00,2.905597456628315811e+00,2.906641087522822797e+00,2.931350392576579367e+00,2.930156635528816444e+00,2.936717867832774331e+00,2.940121005986749747e+00,2.937641059098978769e+00,2.897434300282242692e+00,2.920610756481924142e+00,2.925010096771290868e+00,2.924765571878423565e+00,2.912091259764674422e+00,2.906099962819182814e+00,2.926389897765349080e+00,2.936508162445625736e+00,2.949730045063376771e+00,2.928273322231418785e+00,2.940767261779699382e+00,2.916488549346561321e+00,2.943940108924032018e+00,2.933480612645794405e+00,2.931598323710873366e+00,2.938939844986511396e+00,2.944694926447331440e+00,2.916735483899346892e+00,2.926656533200189259e+00
2.898949031812948274e+00,2.919447110713989435e+00,2.888263059290795187e+00,2.886679717247116805e+00,2.893706623594006100e+00,2.903675097180676179e+00,2.913774881178534670e+00,2.881613499375698773e+00,2.900391389126484754e+00,2.894559708073438653e+00,2.888552493026801837e+00,2.907713148064627884e+00,2.904023461430271791e+00,2.914592301955325482e+00,2.883502324389817684e+00,2.888745639962855716e+00,2.904329934951114467e+00,2.910873311349301495e+00,2.890534622544334908e+00,2.877025832890262702e+00,2.892518485352541191e+00,2.889976931313515074e+00,2.892380513124385377e+00,2.894090300837887764e+00,2.914494262799111723e+00,2.902478249001537058e+00,2.927511441766665445e+00,2.892740498802218951e+00,2.882513384030954473e+00,2.889766965082922301e+00,2.890233726769992462e+00,2.891401859333934787e+00,2.893379697830094077e+00,2.906997825924467094e+00,2.871477313278634647e+00,2.920269276126825631e+00,2.861514356280334681e+00,2.893368780081884584e+00,2.853030463116444260e+00,2.914369115989031034e+00,2.888732661803641744e+00,2.892941501220024580e+00,2.870700368932339597e+00,2.913505872830260301e+00,2.883857720140310388e+00,2.903952465404165739e+00,2.894341739890835097e+00,2.882510110019389948e+00,2.908842267692262507e+00,2.894507394210277251e+00
2.868544537765505442e+00,2.856324104506346995e+00,2.894640750502998294e+00,2.874656570984417403e+00,2.860286834727061134e+00,2.863766176095448479e+00,2.870189473520201595e+00,2.858908856616483085e+00,2.869252677469026125e+00,2.910521033228259391e+00,2.877579060119398235e+00,2.864904394131883691e+00,2.847807024521656238e+00,2.859579649143149549e+00,2.856797324672479377e+00,2.885828062307264741e+00,2.867418422513564380e+00,2.878369871156898796e+00,2.876117124850821050e+00,2.873141880077493049e+00,2.887106851875815838e+00,2.867392794910165410e+00,2.892093483737558923e+00,2.891392719176218762e+00,2.895655313610896897e+00,2.880149925603025185e+00,2.880329982817855239e+00,2.875434582333962208e+00,2.864199144948400555e+00,2.862773148158180181e+00,2.893600370479116890e+00,2.887161173428017591e+00,2.858133903952758015e+00,2.878317252477124999e+00,2.879017306515520680e+00,2.864962187214167066e+00,2.862760725889174296e+00,2.840294288430628811e+00,2.859295378589372216e+00,2.888685767620766232e+00,2.864942321502963019e+00,2.890012734926583171e+00,2.873970735138927868e+00,2.885332444734817869e+00,2.873853396704858287e+00,2.868140391007670154e+00,2.856260348178281561e+00,2.831529971252031874e+00,2.882081420566251939e+00,2.855870402309240941e+00
2.830325611478932135e+00,2.856182110715054012e+00,2.836685055120379051e+00,2.843948471524942789e+00,2.857976575368442518e+00,2.837273507694956010e+00,2.827016034426165891e+00,2.820840709370884269e+00,2.835448174925441656e+00,2.832263133852892523e+00,2.826725121077986458e+00,2.838252590162039901e+00,2.853083811688026383e+00,2.819071680514063427e+00,2.822541165749925973e+00,2.808439519849589061e+00,2.828500499755870923e+00,2.849502154660228825e+00,2.844654628126626061e+00,2.835024671529120077e+00,2.827778699767709458e+00,2.834680602469348720e+00,2.839735889856433104e+00,2.836549507807825776e+00,2.836589521680743520e+00,2.811145890225676069e+00,2.838769168055198300e+00,2.814474244057141306e+00,2.843788815815142534e+00,2.846991024901785572e+00,2.835825507419723834e+00,2.818174789967841321e+00,2.841304374184283610e+00,2.842454807744534406e+00,2.849432849170727700e+00,2.860170751611121442e+00,2.834547131667831010e+00,2.838195140884694379e+00,2.818528144676733405e+00,2.847283054926916801e+00,2.808569936762792096e+00,2.809796212395048176e+00,2.853252645846648949e+00,2.840503143654224516e+00,2.835406270805141737e+00,2.827605733998422188e+00,2.839517248727173815e+00,2.825990890382838128e+00,2.841088191024782716e+00,2.842355361333357866e+00
2.837323122289014954e+00,2.795158665999398995e+00,2.820189420778599132e+00,2.811108378217507475e+00,2.836246662239993110e+00,2.791179225304588840e+00,2.802578600813268039e+00,2.797443676317954431e+00,2.809122248038356862e+00,2.818724704869899345e+00,2.797821327012897541e+00,2.791575487246983567e+00,2.806948703160033087e+00,2.807672966218262900e+00,2.816808924445989515e+00,2.828256511457732714e+00,2.815857415114920492e+00,2.809310280858433373e+00,2.813392793282272208e+00,2.795907888808213393e+00,2.797093338867364221e+00,2.829717089247397510e+00,2.823640910292296358e+00,2.819226133748191643e+00,2.791788198002242094e+00,2.837598604225993526e+00,2.823765998610128225e+00,2.815813932371462602e+00,2.784510416609878636e+00,2.814946785887058933e+00,2.805338578078128364e+00,2.777444705185770246e+00,2.807751616107822201e+00,2.820075431624598394e+00,2.786956344828015464e+00,2.782761987737435216e+00,2.812820875141829546e+00,2.794419159593316326e+00,2.808434745884440531e+00,2.830715067176612365e+00,2.790670867036650016e+00,2.809644698629332193e+00,2.802809869556949440e+00,2.834683287359427428e+00,2.826809441430940151e+00,2.795379488832451909e+00,2.826379917383750495e+00,2.826672945227095557e+00,2.789007230821352490e+00,2.786558305200331986e+00
2.763320669089655457e+00,2.777067164774156272e+00,2.778086942234362144e+00,2.747655307123328061e+00,2.785943735384840192e+00,2.772073753736827406e+00,2.770354668401981080e+00,2.785484575350838377e+00,2.789468507658625196e+00,2.782757327763436095e+00,2.797949186614173023e+00,2.754451171949008348e+00,2.750913040804294329e+00,2.745539529444169791e+00,2.782000874621342490e+00,2.788658396543357565e+00,2.789978903283764300e+00,2.772918177445059751e+00,2.778691743541477521e+00,2.761780645616550789e+00,2.781845956130532205e+00,2.770761108362966851e+00,2.767324389353725156e+00,2.784354233703428605e+00,2.774141102367031930e+00,2.782638412602933098e+00,2.794129971852956640e+00,2.791856491371623950e+00,2.788339666944761319e+00,2.780081368892964200e+00,2.762924507427221066e+00,2.768341434970281068e+00,2.769917995845606828e+00,2.764760511209871208e+00,2.756839104721274580e+00,2.799004301553952079e+00,2.779745195223131127e+00,2.771613661768529191e+00,2.765164189151033014e+00,2.752967899448645284e+00,2.789327641109208944e+00,2.792874686585573585e+00,2.762298726617066436e+00,2.769614231149672978e+00,2.773249581742201819e+00,2.783499794133441174e+00,2.768203380210449094e+00,2.759744482366497387e+00,2.770262072393673058e+00,2.783296739079332394e+00
2.736837883718334474e+00,2.735807621013437885e+00,2.725111185816442294e+00,2.740340131593310247e+00,2.748699072610089278e+00,2.735787592685272607e+00,2.726125405474042029e+00,2.714180964867539458e+00,2.720209684681067497e+00,2.723835422348563462e+00,2.742294521549005992e+00,2.752932076299293929e+00,2.760606272141078676e+00,2.711140536432353088e+00,2.739535942835547466e+00,2.757848904571029269e+00,2.725430952428795184e+00,2.742018570689527923e+00,2.746370273509156412e+00,2.722878976115870930e+00,2.699411567793464695e+00,2.716127861539621158e+00,2.732750894222668592e+00,2.744137793864458441e+00,2.706241551706674020e+00,2.729448315256156832e+00,2.733296673139642419e+00,2.712812317022692987e+00,2.736233998695171366e+00,2.729385975408906262e+00,2.721942976724021523e+00,2.755136770924581313e+00,2.722877744811989853e+00,2.727392561799224513e+00,2.711160925290507784e+00,2.724468886217747965e+00,2.748616810340942518e+00,2.729320042456554241e+00,2.737530569073330255e+00,2.732266772507971453e+00,2.737730493283236921e+00,2.725449435597871339e+00,2.718973893669873743e+00,2.743817282293301130e+00,2.758081703538883822e+00,2.749515547031637475e+00,2.733487937919124811e+00,2.750744032175259868e+00,2.719820664376496389e+00,2.740536709871438603e+00
2.694142362268400426e+00,2.699216562812666087e+00,2.709737445730540539e+00,2.696118780339899157e+00,2.696683905846423812e+00,2.685545940846891799e+00,2.704943189342143839e+00,2.663867485131845569e+00,2.696723449804187211e+00,2.689320505506683112e+00,2.684837775825657413e+00,2.691741437160480199e+00,2.712734378701007643e+00,2.686854564016625257e+00,2.719668761680427149e+00,2.711046550910189534e+00,2.685643229272880017e+00,2.702927555375486790e+00,2.709880584175174079e+00,2.688455155006916453e+00,2.699747773228321268e+00,2.705562693219894399e+00,2.690724035049569807e+00,2.706232501033339233e+00,2.697364302540686154e+00,2.698279329369980495e+00,2.701543436371010021e+00,2.686387802285524540e+00,2.684137596280111282e+00,2.703608307512525233e+00,2.687085854057591483e+00,2.700533506610077961e+00,2.717192255892110442e+00,2.702903044489735951e+00,2.703839858484892389e+00,2.713003365667763678e+00,2.707120132514271305e+00,2.704555595970393966e+00,2.678195582208101388e+00,2.676289255926499244e+00,2.687832164773419574e+00,2.679625255435279296e+00,2.687109611655600805e+00,2.698719695254002016e+00,2.690737778377658707e+00,2.697912055345923488e+00,2.693202696885884428e+00,2.693843878924869983e+00,2.697597709712947101e+00,2.689187124846077026e+00
2.635036118382407810e+00,2.649799832382945919e+00,2.641306423980374962e+00,2.671412166773725616e+00,2.651724675650051211e+00,2.673877226539648877e+00,2.648241154884262372e+00,2.654543468526025407e+00,2.641635662497180181e+00,2.650622992584264370e+00,2.693969765982908271e+00,2.669507727075647097e+00,2.675467720971492991e+00,2.643838589940332717e+00,2.654475807945106958e+00,2.666494487202448305e+00,2.643392823418612370e+00,2.629010449599668231e+00,2.662893915973790104e+00,2.628177777017476568e+00,2.653127617698551877e+00,2.663193639947816216e+00,2.654940179259160704e+00,2.675015999569605452e+00,2.659499084724759932e+00,2.665959805470194510e+00,2.656071096622271810e+00,2.646514751354769768e+00,2.634935057227765220e+00,2.648478795001700803e+00,2.649260004385538103e+00,2.691202492929190448e+00,2.650865510499362809e+00,2.659590014808320468e+00,2.643759591732766534e+00,2.645979558152076194e+00,2.646425855114972858e+00,2.638678026787819153e+00,2.666528091025349934e+00,2.654510435387174017e+00,2.630710489032273447e+00,2.645761197366677031e+00,2.653631105744759022e+00,2.657227796511107520e+00,2.676943704448060846e+00,2.646267417594530436e+00,2.647679994814222226e+00,2.660974405788903763e+00,2.661783341652841806e+00,2.645504210752744445e+00
2.612433546643520010e+00,2.647369366336512098e+00,2.627264002941190668e+00,2.613236883379353781e+00,2.606653652635275709e+00,2.611858100658655868e+00,2.595625390900698548e+00,2.609414488108077634e+00,2.600968611175219269e+00,2.584420622398174938e+00,2.588323772274087720e+00,2.616614522806896659e+00,2.643443588106118458e+00,2.608784680568510428e+00,2.601773612949565440e+00,2.599076126531651099e+00,2.615968942339649494e+00,2.647474130130053727e+00,2.595202196925285421e+00,2.602397425412610321e+00,2.620551119501327797e+00,2.620928113767478695e+00,2.601568936958596812e+00,2.616143604933151678e+00,2.620393681020997789e+00,2.615996624495672052e+00,2.604035844955950640e+00,2.614420910600065540e+00,2.631821035353838489e+00,2.593616844871850624e+00,2.620863357843620900e+00,2.593622577916661953e+00,2.590084773355376679e+00,2.637674493770765238e+00,2.605114906749497639e+00,2.633519704665747252e+00,2.615771842815943771e+00,2.618888566970199339e+00,2.604825890838721847e+00,2.592532725728723175e+00,2.599206051665822859e+00,2.606798921929795565e+00,2.624368038360391342e+00,2.611879246786269704e+00,2.615857007696844150e+00,2.607713651621729856e+00,2.601277794893623430e+00,2.597290162210859066e+00,2.619527574813388160e+00,2.599925673699329476e+00
2.556537200321107317e+00,2.564845470293392715e+00,2.584829536539352546e+00,2.558290528168375211e+00,2.560403624190004113e+00,2.571732674210872815e+00,2.572858794981292441e+00,2.566243313719376307e+00,2.566431356363837679e+00,2.549392037943237099e+00,2.574057056824850864e+00,2.582644332802099818e+00,2.552881078894336131e+00,2.571220924179244971e+00,2.577862550354056204e+00,2.569189631623192582e+00,2.532867988229976941e+00,2.547624673286177810e+00,2.575617049241603951e+00,2.544121742679216869e+00,2.572875488060983873e+00,2.538315267258885122e+00,2.539443472333239971e+00,2.574876982073539100e+00,2.589922637391705695e+00,2.588485108080698094e+00,2.540078292705512553e+00,2.560918668884184957e+00,2.567019619317386425e+00,2.580628213436354734e+00,2.563500891746985033e+00,2.577932222642235871e+00,2.563796557080872507e+00,2.553287917589531553e+00,2.551068353228187480e+00,2.589609585385042045e+00,2.574974022406095742e+00,2.555322101219494435e+00,2.563245797795834946e+00,2.567285734290706500e+00,2.563181168709323998e+00,2.566968688124172449e+00,2.564035871608422390e+00,2.600144374283719806e+00,2.580291174129734522e+00,2.567632279827910757e+00,2.593102910003477479e+00,2.565726424008859308e+00,2.571201899926296885e+00,2.566505559651488966e+00
2.525268131135216088e+00,2.522898569558913451e+00,2.511046640959674114e+00,2.523249345677240907e+00,2.531523184149619965e+00,2.512461785767385880e+00,2.531369972753451769e+00,2.519511440400510782e+00,2.528413943998208069e+00,2.505431891336362238e+00,2.529533582304435146e+00,2.528932094834376532e+00,2.506676790701854785e+00,2.509383747297046607e+00,2.541955547442716234e+00,2.517700535090142910e+00,2.519924832355252775e+00,2.505707272359633642e+00,2.520080133262062372e+00,2.531138205474324554e+00,2.530141430542832026e+00,2.512055513887052616e+00,2.485803727083609971e+00,2.532892010007734118e+00,2.511739254627916917e+00,2.516939388833656643e+00,2.541272096409945558e+00,2.537067081035827343e+00,2.529772180802925874e+00,2.493502391005526064e+00,2.514823299303455162e+00,2.534256094555175753e+00,2.502474426988094525e+00,2.508006123719922265e+00,2.532224034513200106e+00,2.522761129778362754e+00,2.525701794616035389e+00,2.536046374127585601e+00,2.528071001225584258e+00,2.530700811024459096e+00,2.515782228998203252e+00,2.517520064007267244e+00,2.518914817208731449e+00,2.496955716231803901e+00,2.546485822179358482e+00,2.518941267444873233e+00,2.525779408774941004e+00,2.523176219612110582e+00,2.535271314085729699e+00,2.525600446505251728e+00
2.488523573786098453e+00,2.467426727481480064e+00,2.492412359598728422e+00,2.486356292491184394e+00,2.452621101825098737e+00,2.474045588886372826e+00,2.453699378142434107e+00,2.453889100512468335e+00,2.472298517786649885e+00,2.489085243245443557e+00,2.473438761613194981e+00,2.480494243554562939e+00,2.468727148952848172e+00,2.483903479639172129e+00,2.470013044147346459e+00,2.476720956794602024e+00,2.478790579827089058e+00,2.489992834555557533e+00,2.459145148320063257e+00,2.487446373747722816e+00,2.484034200251464153e+00,2.466259112697402500e+00,2.476589760053161893e+00,2.476324272517042679e+00,2.468155130092819505e+00,2.502980414758748218e+00,2.479786132561755618e+00,2.492969547127545926e+00,2.479736890687428641e+00,2.487228851728023660e+00,2.465403747654348887e+00,2.443811816484822597e+00,2.442626202700865168e+00,2.437953508471943032e+00,2.474947245453960498e+00,2.466966719517737161e+00,2.481404089046099326e+00,2.472795415717720324e+00,2.453235250923000876e+00,2.459663127455501641e+00,2.474390545621977022e+00,2.496972847329154810e+00,2.449250973134794673e+00,2.476137124813549306e+00,2.450831802461184150e+00,2.490568651632556474e+00,2.462997084861774155e+00,2.451479429515265984e+00,2.487319739896823201e+00,2.461699359856905023e+00
2.402227175188519137e+00,2.432013018579295860e+00,2.433500898394628909e+00,2.425764555761117158e+00,2.429091937183415428e+00,2.436695790856539645e+00,2.420332598197200369e+00,2.397746113872731399e+00,2.431387171392221713e+00,2.417953897445982658e+00,2.442072884564045587e+00,2.404964783552295149e+00,2.413596077260367956e+00,2.389569745180312399e+00,2.420616837127471221e+00,2.408879872348525630e+00,2.411246606518941960e+00,2.414851930041833850e+00,2.416803147157062348e+00,2.422965963457493377e+00,2.413862212906487947e+00,2.411428976494455423e+00,2.418766975673646069e+00,2.411184095933929683e+00,2.444011515143840629e+00,2.402603704360555703e+00,2.406052212889113751e+00,2.430530652181749129e+00,2.412141002150691715e+00,2.401889785384204945e+00,2.402617192506660615e+00,2.419900772061617911e+00,2.397280320486349314e+00,2.411513002072841250e+00,2.402076034677399718e+00,2.412946683536093762e+00,2.416898236758358465e+00,2.436475038825226758e+00,2.403730985779954032e+00,2.408222219625979932e+00,2.423239531646817380e+00,2.394032035789333879e+00,2.405934406416670335e+00,2.419407728509200162e+00,2.422457380999681220e+00,2.423195661291058567e+00,2.403329623433102302e+00,2.427661020136992587e+00,2.420507141619040237e+00,2.443008150777146170e+00
2.384162786797496381e+00,2.402421852910893385e+00,2.383547601502649993e+00,2.361209830727938108e+00,2.361350613579875635e+00,2.349947812896479693e+00,2.340585441105202502e+00,2.373958089861808674e+00,2.360792954644584274e+00,2.362526496629056005e+00,2.360677372050830058e+00,2.354897952415775375e+00,2.346625131484741722e+00,2.381530337892374227e+00,2.379476276032913340e+00,2.350298453395726739e+00,2.356179030801074159e+00,2.378523513595921290e+00,2.364506691345226397e+00,2.379749792625049487e+00,2.362151149031284980e+00,2.354699838467287698e+00,2.362882183536197722e+00,2.358969080916576644e+00,2.385898889137414436e+00,2.360481808555051408e+00,2.358734829739187688e+00,2.354685895038001853e+00,2.355552800756928189e+00,2.373282859269412182e+00,2.345391681095362557e+00,2.340824118094479545e+00,2.396634828731018629e+00,2.369749400857533050e+00,2.360146587918067862e+00,2.402759064820276347e+00,2.368401563181959268e+00,2.323094628888770607e+00,2.355741821174613726e+00,2.350426520720513501e+00,2.381468445478060580e+00,2.353663030512427312e+00,2.373732704412460315e+00,2.379077787135875699e+00,2.365345665389319230e+00,2.364369716046637038e+00,2.374510108265889929e+00,2.356758088276926788e+00,2.375725866087515126e+00,2.389359191998877030e+00
2.306501164016161010e+00,2.323021833686793158e+00,2.306336495109934770e+00,2.313898194422210786e+00,2.318824902326138471e+00,2.292475713459154463e+00,2.343166676974771878e+00,2.288950764448198338e+00,2.310541139092900043e+00,2.300363537362349664e+00,2.327921264522824885e+00,2.305129223310417697e+00,2.311189919982060026e+00,2.311390384602147741e+00,2.325881358568593349e+00,2.327902135189368504e+00,2.321162617035134268e+00,2.326483112589134539e+00,2.294657050363912099e+00,2.292476433431901661e+00,2.334400042244060725e+00,2.302021284320129091e+00,2.300252764121599292e+00,2.306903454963740607e+00,2.315488499370203623e+00,2.295427815285373985e+00,2.296684084397134562e+00,2.295221476184415632e+00,2.280869622807691677e+00,2.277059715963155373e+00,2.301606915089748462e+00,2.310154056009846357e+00,2.296936591525370552e+00,2.343760922693367110e+00,2.342035154767053928e+00,2.316790735191117445e+00,2.304584749241641806e+00,2.313220438428633674e+00,2.307604673170537968e+00,2.323923079241460687e+00,2.301732899971510538e+00,2.303389411904321893e+00,2.336385554101755080e+00,2.340716813690471021e+00,2.321512677159646820e+00,2.323614965300369484e+00,2.322923313255206956e+00,2.332611104079952646e+00,2.319053711680775454e+00,2.312812222146324981e+00
2.268861916197733919e+00,2.273601370904855035e+00,2.264902145091758356e+00,2.256353024001057861e+00,2.256430435425834435e+00,2.245673229153130723e+00,2.249289090711742656e+00,2.258104235431563023e+00,2.271773871810472301e+00,2.224301174405091786e+00,2.271858299974310658e+00,2.263543667157505102e+00,2.273277203577215744e+00,2.254784976591129642e+00,2.253818409013057078e+00,2.259769170647796699e+00,2.256492422288151722e+00,2.240261777869583248e+00,2.249812484047811534e+00,2.263280809664419468e+00,2.261894030189658622e+00,2.247847378022520548e+00,2.269449984113956820e+00,2.272952783822108636e+00,2.246861181728110779e+00,2.238473749852199823e+00,2.263116200212314855e+00,2.225011034374737129e+00,2.247758911838614981e+00,2.267727821014505984e+00,2.251258764251122813e+00,2.264785313046469017e+00,2.244844467419109701e+00,2.254885926143061603e+00,2.250262449529627062e+00,2.241920533765414447e+00,2.260446927964786301e+00,2.248161833838995260e+00,2.243630591362347992e+00,2.250035365407834664e+00,2.242737122160796126e+00,2.237608018481050287e+00,2.275701605916115700e+00,2.251597316285151251e+00,2.261581707918984385e+00,2.246552081542964707e+00,2.256252707886119868e+00,2.282000853908859650e+00,2.258972400587502261e+00,2.264245540433414305e+00
2.205881229154642131e+00,2.216246281135361595e+00,2.199051666182483711e+00,2.181497636494138526e+00,2.194097400945048459e+00,2.195063653518840585e+00,2.186480837029431523e+00,2.189121985629157940e+00,2.182472816907215396e+00,2.209103644915805909e+00,2.207955959882740515e+00,2.199087205392762367e+00,2.194461647435451912e+00,2.213572575747240201e+00,2.207323750121357175e+00,2.188491847882309660e+00,2.173259843351560860e+00,2.194509625159038357e+00,2.179009626261873223e+00,2.176823175656075193e+00,2.180976858820807163e+00,2.195092159417501243e+00,2.179225950682154078e+00,2.191888925138754107e+00,2.207795380394255602e+00,2.174404084341575949e+00,2.196058002160794942e+00,2.197185710733440267e+00,2.189433220686595405e+00,2.216940467245019697e+00,2.199109205503449349e+00,2.195524078533718448e+00,2.179781271015752697e+00,2.202596081332427236e+00,2.183944890724086374e+00,2.224545687491703116e+00,2.178002302358586828e+00,2.197793689734299338e+00,2.198768005731452480e+00,2.193025935305069840e+00,2.182829808281147255e+00,2.187538183016929150e+00,2.195897643856856707e+00,2.203798702988851499e+00,2.191269215982114549e+00,2.195315969035517067e+00,2.206093204622888049e+00,2.193469419163248002e+00,2.151147208063287852e+00,2.180020398925528902e+00
2.161339190149075939e+00,2.136904202864116531e+00,2.140885077587435514e+00,2.137086283530661213e+00,2.132635807587956123e+00,2.131990114580595730e+00,2.137904522778695249e+00,2.127406878536297175e+00,2.151820689672270692e+00,2.147910376282454514e+00,2.133832030594710716e+00,2.132633737062214596e+00,2.119591513619868195e+00,2.137076725289873469e+00,2.137161676120994169e+00,2.158160250797660051e+00,2.161083254801073217e+00,2.155372323389532330e+00,2.149412530741855676e+00,2.129066982312188827e+00,2.131193393629644106e+00,2.158661611083508625e+00,2.117841466990143307e+00,2.121840228884217527e+00,2.134909940207643242e+00,2.130990328552230473e+00,2.134926386641568197e+00,2.137330140518624688e+00,2.152101787622632489e+00,2.145634160663100420e+00,2.128233875898476679e+00,2.146984768077549788e+00,2.169069625038730464e+00,2.140080465566243983e+00,2.141814119503848701e+00,2.137089784458241493e+00,2.143889647099374240e+00,2.145589013042718207e+00,2.105632470764679631e+00,2.164740819153289753e+00,2.121840816869629887e+00,2.151724168936456572e+00,2.121769681077176006e+00,2.127708066256414732e+00,2.123772815344111553e+00,2.112448866796957425e+00,2.129073870303468397e+00,2.130375772647408628e+00,2.130073427856006507e+00,2.117485934958958538e+00
2.059151546907092012e+00,2.074581034101143029e+00,2.074820816000301882e+00,2.079569833208689822e+00,2.100852235400354484e+00,2.075792635016198595e+00,2.100940088472632361e+00,2.070696905655759590e+00,2.061300923218810865e+00,2.053494767066365245e+00,2.097138633312547018e+00,2.064095977251777736e+00,2.086980319558466412e+00,2.092388309371391308e+00,2.079508595588798414e+00,2.067382868379533445e+00,2.049372048795889079e+00,2.056936227310250942e+00,2.097978223552966259e+00,2.081268738150715780e+00,2.090956665442663009e+00,2.101790366758324868e+00,2.075295832693721199e+00,2.080747378207284726e+00,2.096241285315283864e+00,2.090360510222308399e+00,2.061795307325062776e+00,2.108041258779534299e+00,2.084215646388518639e+00,2.096064662036103421e+00,2.087361981397679589e+00,2.098531054404741525e+00,2.086423658906033207e+00,2.071978892478931300e+00,2.070450270534189396e+00,2.095248341784532897e+00,2.065319203097987888e+00,2.059423411354088795e+00,2.065525201005441236e+00,2.077112993519182993e+00,2.067944250683776630e+00,2.079521434760836396e+00,2.087630481795805792e+00,2.090606155073347683e+00,2.072459060871203462e+00,2.070706479930116028e+00,2.088513410383905367e+00,2.105612129844498082e+00,2.066103531615322897e+00,2.059816731645458532e+00
1.992047492840907319e+00,2.027149913976303175e+00,2.016282307300036880e+00,2.011102258329497072e+00,2.010920781236471111e+00,2.005977237663727930e+00,2.030391007641348278e+00,2.009333069226848512e+00,2.011955489694354782e+00,1.991732072775802997e+00,2.009824728056781140e+00,2.018559858937533757e+00,2.007687093008906132e+00,2.021756938925460823e+00,2.024359164720219262e+00,2.015577698232121406e+00,2.018476318111420031e+00,2.023267036143105990e+00,2.002010284554521125e+00,2.020734445782016220e+00,2.023461530783630113e+00,2.001288942465393017e+00,1.995516310665607751e+00,1.996418150990521445e+00,2.038290699819166996e+00,2.022479949337580241e+00,2.012798357956425477e+00,1.987810425946073156e+00,2.027424954803167978e+00,2.029887850984208431e+00,2.020167141406109312e+00,2.016069815145793864e+00,1.993406118676282146e+00,2.029634113629682268e+00,2.039353175513792138e+00,2.017382747525885645e+00,1.991137872034707490e+00,2.021168870549269858e+00,2.015442685263404865e+00,2.008720877663512816e+00,2.022610843613370957e+00,2.018594045126937075e+00,1.991591153023396510e+00,2.001908846487373772e+00,2.026669990406314348e+00,2.013681159843825785e+00,2.019298319064352754e+00,2.031619649713929832e+00,2.026034662915883633e+00,2.011754214579323019e+00
1.966022018086583278e+00,1.941399374018832225e+00,1.953010540740759637e+00,1.973477849634103665e+00,1.947865460558197093e+00,1.965987144876040871e+00,1.957035790875008008e+00,1.953842451726038432e+00,1.949235192774797287e+00,1.956991400552754001e+00,1.933471186082979631e+00,1.956107314173416434e+00,1.958130744000160961e+00,1.945142142896252313e+00,1.957137202296279410e+00,1.954009431858845680e+00,1.979002788144302194e+00,1.949237210445518231e+00,1.932737038663198792e+00,1.942023703556014835e+00,1.971445091708773578e+00,1.948960762567288674e+00,1.962890952297873248e+00,1.947092128750053108e+00,1.949180900669454042e+00,1.955497590549935882e+00,1.945626743642451917e+00,1.961741324324539848e+00,1.934227625891167701e+00,1.940890875657302228e+00,1.954498716134779546e+00,1.938851620700520195e+00,1.966430541255371756e+00,1.987961142858354791e+00,1.967032890433084713e+00,1.952993239764206690e+00,1.965030705041689973e+00,1.946561817635464431e+00,1.955666821178537074e+00,1.973106297935516507e+00,1.938523992831905796e+00,1.961424411209620855e+00,1.962541065300586141e+00,1.933887781746155499e+00,1.952383217060535969e+00,1.953109904102303673e+00,1.950210533849930705e+00,1.963972235098175201e+00,1.932730398267564542e+00,1.942236006859462849e+00
1.880796765362099610e+00,1.895604165427991594e+00,1.891103171039296260e+00,1.894729496167202765e+00,1.891803363851701336e+00,1.863093374314617634e+00,1.877408089235108823e+00,1.887562607049032337e+00,1.908396777983691006e+00,1.906293079271618618e+00,1.878703927088017922e+00,1.885381814267966583e+00,1.900295733774616469e+00,1.882638386144871001e+00,1.869363302948194194e+00,1.886350672760672031e+00,1.885490144872338236e+00,1.876765874490434083e+00,1.900522437382155871e+00,1.894381731520114576e+00,1.895821689826820977e+00,1.890100176846187363e+00,1.885046265417803735e+00,1.903384119985510825e+00,1.882559243381059177e+00,1.885214157481309938e+00,1.880190269676775827e+00,1.883035391836028083e+00,1.874851518014304164e+00,1.867452850111002371e+00,1.903146978018430024e+00,1.891652258536036912e+00,1.886584787190859425e+00,1.876684668601978911e+00,1.866587121293178386e+00,1.873855976518091770e+00,1.903210184073499178e+00,1.859122623168544930e+00,1.847280421320271815e+00,1.871504936928028995e+00,1.870704401116357607e+00,1.860179895969493069e+00,1.869154043333261406e+00,1.894824288979881421e+00,1.893714623033583733e+00,1.892507348765558373e+00,1.892916459082657266e+00,1.877968800409987926e+00,1.902416783421526869e+00,1.872995968093912778e+00
1.847871113624495854e+00,1.828848749715669575e+00,1.833519172584899604e+00,1.838425935028629610e+00,1.823929291294531962e+00,1.807320126754798695e+00,1.825142769493367956e+00,1.832299962434348783e+00,1.822993248707919900e+00,1.826063670819831897e+00,1.803992747664998175e+00,1.837939650475634457e+00,1.814456762099774689e+00,1.819287276259514696e+00,1.833027794693228518e+00,1.806332123645286947e+00,1.810033912680338197e+00,1.813756571573993837e+00,1.823864894981242157e+00,1.834403580059605909e+00,1.817399889182375494e+00,1.837188969046055886e+00,1.821076331063423037e+00,1.826894804752859036e+00,1.806084685738629236e+00,1.813104973851157320e+00,1.818352338194731521e+00,1.813105850631038685e+00,1.820494321551406225e+00,1.813764569049454600e+00,1.820626215729615360e+00,1.804729857243166480e+00,1.821623777827078738e+00,1.811844522593432094e+00,1.800333504176005128e+00,1.818340032069521550e+00,1.798724876192962618e+00,1.830004612641218609e+00,1.827436700367271127e+00,1.832763644666868252e+00,1.825796948101089612e+00,1.790601898647944168e+00,1.849212481511687489e+00,1.817175254416664387e+00,1.806658303069613503e+00,1.840701788482705048e+00,1.814049858115275526e+00,1.813368354192087972e+00,1.815826456025469327e+00,1.821000511300277402e+00
1.767959242189315994e+00,1.771306490042988235e+00,1.759201354719748478e+00,1.712233490309027717e+00,1.743050164281396475e+00,1.762205090716892242e+00,1.767547500828917428e+00,1.741429604438708978e+00,1.756100129440615998e+00,1.758717042324309032e+00,1.755167382051166847e+00,1.746198667168335383e+00,1.732042658544258762e+00,1.759499170125333523e+00,1.745295843872195940e+00,1.748196536704819781e+00,1.748439347231247165e+00,1.760131404990451953e+00,1.742084179616344430e+00,1.750551071540454640e+00,1.727368006478927631e+00,1.766591521199281756e+00,1.783928536833115919e+00,1.771694395505494901e+00,1.716835089653214297e+00,1.742441100204483728e+00,1.751556857398753220e+00,1.753124059431697690e+00,1.754050023252773149e+00,1.762623541985705256e+00,1.748986911515240106e+00,1.756361180672109334e+00,1.755687526016024957e+00,1.767124911595439274e+00,1.748510518285384174e+00,1.755283657718434309e+00,1.769286102845828657e+00,1.753836143438873840e+00,1.743032439076231954e+00,1.769125193642534510e+00,1.759730291064406371e+00,1.751620016248029099e+00,1.764798536465851164e+00,1.752615453735579143e+00,1.742024791094463509e+00,1.771522911236847353e+00,1.745406004852036563e+00,1.741430635130761129e+00,1.748990698580230818e+00,1.738642063122539660e+00
1.692286227443636104e+00,1.685978740065808168e+00,1.675196280227055912e+00,1.688184131385783937e+00,1.679576094207525516e+00,1.692788602675325826e+00,1.670352336629392420e+00,1.654845932083878868e+00,1.664449395683790467e+00,1.685336007727686436e+00,1.701060358920050808e+00,1.679136803672620859e+00,1.690061552263800726e+00,1.714331346291524616e+00,1.680059293702136358e+00,1.663783378112523970e+00,1.672195927871510390e+00,1.690394273292299410e+00,1.677893411079035779e+00,1.677447438951946923e+00,1.698941383996612986e+00,1.668472799791793193e+00,1.696795886307283840e+00,1.670719318898388650e+00,1.684620837154316764e+00,1.696343064050733540e+00,1.686304119833140325e+00,1.669368021690205595e+00,1.693714166023692957e+00,1.687426012994576174e+00,1.693386022199480756e+00,1.665683735386458197e+00,1.684412278660056161e+00,1.680578237128195873e+00,1.672952026091977018e+00,1.698204217889272005e+00,1.660130160870390004e+00,1.709572055693803438e+00,1.692513157250527644e+00,1.689347831066400296e+00,1.691756647207005804e+00,1.699919850748395911e+00,1.693561683151896924e+00,1.676871019598802137e+00,1.674642318709012923e+00,1.680106954809201802e+00,1.690967806257418715e+00,1.685526248162245500e+00,1.717821208652115406e+00,1.700849773876834448e+00
1.620090125420138749e+00,1.620576518151882972e+00,1.614136319439612333e+00,1.597674129384207831e+00,1.593950541489561612e+00,1.621025042894931545e+00,1.616671257405797979e+00,1.603380909974930546e+00,1.627437717163425779e+00,1.603252349923769859e+00,1.615577713592255105e+00,1.594510113807235951e+00,1.618814323580240799e+00,1.612154386434689224e+00,1.642168320140357407e+00,1.608263991481601263e+00,1.596290013644466432e+00,1.623777921598337004e+00,1.614134393188179750e+00,1.621140004702470661e+00,1.616330728978412123e+00,1.625355907238888120e+00,1.637113866507778459e+00,1.615582787579744828e+00,1.617188270517658344e+00,1.630540594211057570e+00,1.615819314108208449e+00,1.629463640317605266e+00,1.601789160249497801e+00,1.609073580064744213e+00,1.628327840975040575e+00,1.613173487671348605e+00,1.628095040215474798e+00,1.631784719963407460e+00,1.607210533535079477e+00,1.599845263668617124e+00,1.605237633523689533e+00,1.611333661112008153e+00,1.620764127925294673e+00,1.606364485454801372e+00,1.628600241489160716e+00,1.633685823625533384e+00,1.603736238212997378e+00,1.602203059281358311e+00,1.616391184396815062e+00,1.604399998952292128e+00,1.637978401504180725e+00,1.617429765212398118e+00,1.615294166239704454e+00,1.614554964481112131e+00
1.529886248863358000e+00,1.542899541493462312e+00,1.516943723637171004e+00,1.541293687584480265e+00,1.540406120354625319e+00,1.568905202011747768e+00,1.558692268382883661e+00,1.555107558988143124e+00,1.542151289115155199e+00,1.555773055820852235e+00,1.554888281999817989e+00,1.543640339337858602e+00,1.532926529256522619e+00,1.536791404630954538e+00,1.533050070696989842e+00,1.542158020334273738e+00,1.546529695487362410e+00,1.540325066066333237e+00,1.555571139835598693e+00,1.548660458485515701e+00,1.545659897440488262e+00,1.548199045494586201e+00,1.531145671163526512e+00,1.561851477459350379e+00,1.553427149045019329e+00,1.541371467044680532e+00,1.544018954158987489e+00,1.553708229001907970e+00,1.536515032473950493e+00,1.544096795957893287e+00,1.527407229275864031e+00,1.540054579251125988e+00,1.573211287825910132e+00,1.558942140663707177e+00,1.539318982018538451e+00,1.531975981813564980e+00,1.552610024679622613e+00,1.566127239120684189e+00,1.560205336227433293e+00,1.559642799207467068e+00,1.535114069450413288e+00,1.547822490232386938e+00,1.558632523164672490e+00,1.556347039314501357e+00,1.528203172079091177e+00,1.560130900673757814e+00,1.529857254682295942e+00,1.542744063551449551e+00,1.547775072917578987e+00,1.544198089333913559e+00
1.475374290744790873e+00,1.484150725117542091e+00,1.463970425304537359e+00,1.471512025375413923e+00,1.472574355262635137e+00,1.464404757994606454e+00,1.477507058819633068e+00,1.474726568017805883e+00,1.497109199311158045e+00,1.486015092622083200e+00,1.474106395991938712e+00,1.493007314908466387e+00,1.516159306965477516e+00,1.467686756164856332e+00,1.491602536865598516e+00,1.489340819210455136e+00,1.474864331518671356e+00,1.467025055991651783e+00,1.477821529935355649e+00,1.471798084064791956e+00,1.472797196127658248e+00,1.475419205075498175e+00,1.468846857570894837e+00,1.464630941365666406e+00,1.471588072544205206e+00,1.484790243475696991e+00,1.472085025881949560e+00,1.465238445180094384e+00,1.483341555827885960e+00,1.506593993798341913e+00,1.473823960431473123e+00,1.471995641908461661e+00,1.493731057656937589e+00,1.474758747905141387e+00,1.477717897920990175e+00,1.472137808085616673e+00,1.476452093984115921e+00,1.493533618215425518e+00,1.506290983782929471e+00,1.480812162674618904e+00,1.471615522258362452e+00,1.479359136867891111e+00,1.486957383493235918e+00,1.487733548791320359e+00,1.462568528823770198e+00,1.467271807253819338e+00,1.471778433632721761e+00,1.472739630637407870e+00,1.484881397343888798e+00,1.495332416978706114e+00
1.418443160920084045e+00,1.407139148071631984e+00,1.410863300620070149e+00,1.398341568143131486e+00,1.405884838345733190e+00,1.403078979836675177e+00,1.413487523657783962e+00,1.416771973148019503e+00,1.398927405631084753e+00,1.432108931494935788e+00,1.418147635098018444e+00,1.396641705213733875e+00,1.425575920235965466e+00,1.411394787888935909e+00,1.415955003567084258e+00,1.396891972190222653e+00,1.417466388738281902e+00,1.405927731484200027e+00,1.419009298320277779e+00,1.418303025006587337e+00,1.417374097710767167e+00,1.383558722656460072e+00,1.398298878364151898e+00,1.405407827238964513e+00,1.402846198128484545e+00,1.430889910941463006e+00,1.401217284662779949e+00,1.419022344323845219e+00,1.388320263748292538e+00,1.396827678521305849e+00,1.409498428373649581e+00,1.399207390964887665e+00,1.423131539009439006e+00,1.394032872146721669e+00,1.410920376941045662e+00,1.403469936400862705e+00,1.429766755092304997e+00,1.412311516917587939e+00,1.410227701510136322e+00,1.401177484862607070e+00,1.399917469324850616e+00,1.406294025711523066e+00,1.405562766036990263e+00,1.407696199793268432e+00,1.421205461918212620e+00,1.415381812901486791e+00,1.416911584550074155e+00,1.405165452714264740e+00,1.413796576441231689e+00,1.410842847544829137e+00
1.335350445899416760e+00,1.353196722711063948e+00,1.344599308445084018e+00,1.353097083872706774e+00,1.334340749741434795e+00,1.326316499502633528e+00,1.332105792764631369e+00,1.335792698679473256e+00,1.326088075371383956e+00,1.359756047318352756e+00,1.337337506157480593e+00,1.342628247949240627e+00,1.345348577938519474e+00,1.361967240529474266e+00,1.340235680786109329e+00,1.344817706610952346e+00,1.330683681640131066e+00,1.316899019606282639e+00,1.334468439381357285e+00,1.344157730461247091e+00,1.345398862455532418e+00,1.332336299072856223e+00,1.339551301162325458e+00,1.355962491172361561e+00,1.321277889544241191e+00,1.345714834245760994e+00,1.339070029655831551e+00,1.330981097615053788e+00,1.354031062261956020e+00,1.348396330115801733e+00,1.343914390594834973e+00,1.362015115848009383e+00,1.341638977403576849e+00,1.342811314998856309e+00,1.324560104713480291e+00,1.341403461310203049e+00,1.348188316880297721e+00,1.331349400180279474e+00,1.337016166310629250e+00,1.324491988303828416e+00,1.356242021854308089e+00,1.353663346819705016e+00,1.344614300347428015e+00,1.338314376209705836e+00,1.344281875476594168e+00,1.370136556333346300e+00,1.327821755439761109e+00,1.351899995443176961e+00,1.327303029540992885e+00,1.354791802710780591e+00
1.260511744378103094e+00,1.286777702229354503e+00,1.278027868921002286e+00,1.247954300099067160e+00,1.268467020110682242e+00,1.264256469139710237e+00,1.269051701625700135e+00,1.270749659956606159e+00,1.290725692063299901e+00,1.254378972870901832e+00,1.277315619817402492e+00,1.266194264242683332e+00,1.266837515351387333e+00,1.254185872185650918e+00,1.260284034761657734e+00,1.262351476250386684e+00,1.277420652256252120e+00,1.280321717962104033e+00,1.277226596701131145e+00,1.276364901880117309e+00,1.279902476330802896e+00,1.266402002823230344e+00,1.263503735029649633e+00,1.268227766425948033e+00,1.277609161474767552e+00,1.282802101206700129e+00,1.272510257728302951e+00,1.269135792014534303e+00,1.257801384246652887e+00,1.268835779041052048e+00,1.290745975043055882e+00,1.256176303973115527e+00,1.272651822946066602e+00,1.272530113760041992e+00,1.267881296243988265e+00,1.269027970704596830e+00,1.275099228236619364e+00,1.268573616608577037e+00,1.275200126495785735e+00,1.270214572282114318e+00,1.270457901435867898e+00,1.261955337442134173e+00,1.255600042544874340e+00,1.262362358123350958e+00,1.271506198273002486e+00,1.274651176349363757e+00,1.251289469628552586e+00,1.277931373417251715e+00,1.269536902980830995e+00,1.250171506759438111e+00
1.215377811894887472e+00,1.195831242762822377e+00,1.208138634181076476e+00,1.223050431080853429e+00,1.199478459202853564e+00,1.190091818634814391e+00,1.193641777577792329e+00,1.194492837223454007e+00,1.199359223512415307e+00,1.207794096344485091e+00,1.200917707775630561e+00,1.214796489772758559e+00,1.178675574855202468e+00,1.194224920269271184e+00,1.188446477908917664e+00,1.203189314578234193e+00,1.202224241259264081e+00,1.200652524533899923e+00,1.194735421120270757e+00,1.225323544056191372e+00,1.186971023885777798e+00,1.201710227626589411e+00,1.208743802448661420e+00,1.221418651615160833e+00,1.201066911938330151e+00,1.219463361230352039e+00,1.210457813206181399e+00,1.182471821849041316e+00,1.207313586436270070e+00,1.205225201407409408e+00,1.195375331871528113e+00,1.179122026072947138e+00,1.194794993846630238e+00,1.203928123512090886e+00,1.195135810388443964e+00,1.204261816430751253e+00,1.211868933442435070e+00,1.199687858179879774e+00,1.197338980792119534e+00,1.198371490690924412e+00,1.188302609083939476e+00,1.183705832330989915e+00,1.199273421573568310e+00,1.211160855888421706e+00,1.202341665383811264e+00,1.197245192070319320e+00,1.189271502153137039e+00,1.200687061939949674e+00,1.198027035106132399e+00,1.204874663372435872e+00
1.130781387735879218e+00,1.136264230770061667e+00,1.124023997048674950e+00,1.135240129570219914e+00,1.146786656138073512e+00,1.109232366086812638e+00,1.140033851494929751e+00,1.135837143695569651e+00,1.150929735700523926e+00,1.112163508301492021e+00,1.131754797861048489e+00,1.117913718560061831e+00,1.129976966508108083e+00,1.147017939089242988e+00,1.130435623329151484e+00,1.112406060833118771e+00,1.110331513244545265e+00,1.124366880345335939e+00,1.148828133836271581e+00,1.126232473693400848e+00,1.108604211913907900e+00,1.121936114739622958e+00,1.140561663107497292e+00,1.127636285818202078e+00,1.132167214561545565e+00,1.120694577142836490e+00,1.138700784624054663e+00,1.135466966935908983e+00,1.124767028307465777e+00,1.130273400984336929e+00,1.123158216973390910e+00,1.144304875475230299e+00,1.120161215529672294e+00,1.132855968681523606e+00,1.133824968462065597e+00,1.135561160544322323e+00,1.144721674183264870e+00,1.129127105910363360e+00,1.131683237131789754e+00,1.132370762510167106e+00,1.127540664465909392e+00,1.153472953789212996e+00,1.134190017701947495e+00,1.145296937045340302e+00,1.145794094252478912e+00,1.122562328391296660e+00,1.119345461087663862e+00,1.158228678123941036e+00,1.112634631543650832e+00,1.130852440708932649e+00
1.065124294366091240e+00,1.036384032002631406e+00,1.059652654538269179e+00,1.082587065373033619e+00,1.061143905265074183e+00,1.064676621526788658e+00,1.063974112961684426e+00,1.071070841153135333e+00,1.079043194043144860e+00,1.058545173466518108e+00,1.074096591716623639e+00,1.057846847691702230e+00,1.059520641489641424e+00,1.066961582698478184e+00,1.053948360232622061e+00,1.083205532749856870e+00,1.058790969117682446e+00,1.048673104610515106e+00,1.059938890749467566e+00,1.050516751886661382e+00,1.054742666899288084e+00,1.044622648149475808e+00,1.076544964694426509e+00,1.057366648266876874e+00,1.043745942966574747e+00,1.062358636194832950e+00,1.055335045125002313e+00,1.070768483617126510e+00,1.043570100771933573e+00,1.055407267429651519e+00,1.050480290259599547e+00,1.062405785307559469e+00,1.053355810199718245e+00,1.041497686453491056e+00,1.069447117910434342e+00,1.060668121580634837e+00,1.041355277298884552e+00,1.072354545934096182e+00,1.047274772073701898e+00,1.031517089460850523e+00,1.073711320413637482e+00,1.074569473518350193e+00,1.051544092164048427e+00,1.062431792336613334e+00,1.065509664828138359e+00,1.069710875572145836e+00,1.066358251016060743e+00,1.064747268922253465e+00,1.064384457952796792e+00,1.064095021860092416e+00
9.980833824631422102e-01,9.723531153230986490e-01,1.012437985331268164e+00,1.005735129252057547e+00,9.927620718140114375e-01,9.919862785827578966e-01,9.859074954386394252e-01,9.841155068885291124e-01,1.007255981351168339e+00,9.781432901273316993e-01,9.862482166312367404e-01,9.876302732078346969e-01,9.807113256543750213e-01,9.903342253874916068e-01,9.925529700776195563e-01,9.845071570378819414e-01,9.940408792604571442e-01,9.806384121235036666e-01,9.786010802051375856e-01,9.918102483730448782e-01,1.003956281554639896e+00,9.908622063325170926e-01,9.849347942708739367e-01,9.818824067138526290e-01,9.750057783953771651e-01,9.838802238866721783e-01,9.747562004432547278e-01,9.969983162820237332e-01,9.720500167624166465e-01,9.971926570253437649e-01,9.919908944243077675e-01,9.881619266549029890e-01,9.873705882416095037e-01,9.844027320593899955e-01,9.907470162465666919e-01,9.911424905258838791e-01,1.002158975169087141e+00,9.888954749495475482e-01,9.981687185773762128e-01,1.002025987311220057e+00,9.875762949956400361e-01,9.893056498036999491e-01,9.874438131491812820e-01,9.822080397027725951e-01,1.000470888263539138e+00,9.937440082726800572e-01,9.959154471387181573e-01,9.852807787475422741e-01,9.836189965210345720e-01,9.975277224190667313e-01
9.150198204559544246e-01,9.311643181289041005e-01,8.983869041242203979e-01,9.161601095231903802e-01,9.307676044071157007e-01,9.054776401372325312e-01,9.444523712135350912e-01,9.074727378816187517e-01,9.110983086718522639e-01,9.265536610722966415e-01,9.078432790120417595e-01,9.174016326528302567e-01,9.158820391599338251e-01,9.432161608052156421e-01,9.361470149629160797e-01,9.289653757248659272e-01,9.172567477545482406e-01,9.317408851245905232e-01,9.163145319824370638e-01,9.059973155576614978e-01,9.315192444296942487e-01,9.041501619630724074e-01,9.274724523191566483e-01,9.273180394756646017e-01,9.250214819857977000e-01,9.169809740977357126e-01,9.232845696740070718e-01,9.194238862800123702e-01,9.306349182942115217e-01,9.247963461040925592e-01,9.133825310143645071e-01,9.257756362822122664e-01,9.038745651929268599e-01,9.135257551980831003e-01,9.132417461539006354e-01,9.156988924881064307e-01,9.224971724579722476e-01,9.181674643684318848e-01,9.281526163910979177e-01,9.244640693029205769e-01,9.155194610959483947e-01,9.133573417235133496e-01,9.085673117467713000e-01,9.149830804478071844e-01,9.162790150384279020e-01,9.224626211369143514e-01,9.278334940606305370e-01,9.321137860167025835e-01,9.134470439298885136e-01,9.192824129431068636e-01
8.433795069363120289e-01,8.538188711726146796e-01,8.585311385539363682e-01,8.670935644320058033e-01,8.386761281415496816e-01,8.622461987735178246e-01,8.681526602513295332e-01,8.516608356975117200e-01,8.481807894511258494e-01,8.556071988211183532e-01,8.629597499259026305e-01,8.365527070104196161e-01,8.624075818371085278e-01,8.493162025348274247e-01,8.578708450600498470e-01,8.392950587427953080e-01,8.390547026422339183e-01,8.523222522596857198e-01,8.469661292583815504e-01,8.416343109151178670e-01,8.673064887709590609e-01,8.519002775636883573e-01,8.502490461018481493e-01,8.533665565068577763e-01,8.481999756587917938e-01,8.554706770832930518e-01,8.604254585478131601e-01,8.464321371889239609e-01,8.531932313729476691e-01,8.511138210184902020e-01,8.565122538377828443e-01,8.507571138995083659e-01,8.511999420927305327e-01,8.507385617484805040e-01,8.596093470489193367e-01,8.544995617941495425e-01,8.665051360525927171e-01,8.560192600853328004e-01,8.489417028569017365e-01,8.483187054867624699e-01,8.547007204445370432e-01,8.540628805296480719e-01,8.563389894900329535e-01,8.447888630217296191e-01,8.490738945906745050e-01,8.534500754641316522e-01,8.525945920057214078e-01,8.497751743915344935e-01,8.482459733243477018e-01,8.558583896389625467e-01
7.849650160863368420e-01,7.820779052549220456e-01,7.967325406373764185e-01,7.734782197449979746e-01,7.972539802349545290e-01,7.780594960782633018e-01,7.848141712424423488e-01,7.742811939651763620e-01,7.886955960903836438e-01,7.897484230882572120e-01,7.839296430950906114e-01,7.883008861881286577e-01,7.742531222808605174e-01,7.892866429149679730e-01,7.919446945923975800e-01,7.882577005574986639e-01,7.991582407355137807e-01,7.924661387368444609e-01,7.890415637034660090e-01,7.774988942659899482e-01,7.820179498597572554e-01,7.915370264755945406e-01,7.813358694057248588e-01,7.956649871163454790e-01,7.840720494624865422e-01,7.904039654868310061e-01,7.878331278920014391e-01,7.854508049743262887e-01,7.799403104277340404e-01,7.907184805013800499e-01,7.707953570883546712e-01,7.804969537293339199e-01,7.955264905410127652e-01,7.875239026480586046e-01,7.814231104924153071e-01,7.796744388264384984e-01,7.798642265342355939e-01,7.871709718433235192e-01,7.919416506801939537e-01,7.977922319278494268e-01,7.880278450690058056e-01,7.974012013389401021e-01,7.746237053209410472e-01,7.885789757940188105e-01,7.858441771266664322e-01,7.933594481644642427e-01,7.888262913412105171e-01,8.107388094384488930e-01,7.747693361475879170e-01,7.796870976592985558e-01
7.279847674952852898e-01,7.030895485513547483e-01,7.325865270749137848e-01,7.195026153613517383e-01,7.169427221774723469e-01,7.171672135843737417e-01,7.080790008155622983e-01,7.231925869957690489e-01,7.359633057250085653e-01,7.288071729455137815e-01,7.127860366100627898e-01,7.200306752479045391e-01,7.339338018119861973e-01,7.070809093160492775e-01,7.156188407043685418e-01,7.308981296802254946e-01,7.199366666524853464e-01,7.195755598375961348e-01,7.273915635064378549e-01,7.207738496198219380e-01,7.133128211959777198e-01,7.101225448877749313e-01,7.131198721691812681e-01,7.266793439584415815e-01,7.199613304244781853e-01,7.382761440706212541e-01,7.164560127667647382e-01,7.352474724801779660e-01,7.310120407420630517e-01,7.192672352098804511e-01,7.240589381871996855e-01,7.160486540595792926e-01,7.288822638006315913e-01,7.240365507621534524e-01,7.220798880024763555e-01,7.174713162036082670e-01,7.212921155212812518e-01,7.086380708906060422e-01,7.159700191330742314e-01,7.308736808712137378e-01,7.249237832319835872e-01,7.178186709872551585e-01,7.252594238493033085e-01,7.225050960735395211e-01,7.159828088063963092e-01,7.212560896686091017e-01,7.072628938944049981e-01,7.183416507838208398e-01,7.293269549233724058e-01,7.324065786447440107e-01
6.603431326585349481e-01,6.459141098473206721e-01,6.623201629493801201e-01,6.547658386162638067e-01,6.651617382537670098e-01,6.509434831581958347e-01,6.542527048192364747e-01,6.494890688760694974e-01,6.672917170657564068e-01,6.722347617058546110e-01,6.575775775276286872e-01,6.589933051305087996e-01,6.578898319396851990e-01,6.518987596636730553e-01,6.433677435121187838e-01,6.487567314645901195e-01,6.459198033321756904e-01,6.566315623999369189e-01,6.580765612326974212e-01,6.494600963747876321e-01,6.434224850844658672e-01,6.561206768973611991e-01,6.656080003131337186e-01,6.592628909580821039e-01,6.533332062548748986e-01,6.441290535029573494e-01,6.620155482734156882e-01,6.500469049407953115e-01,6.629954417045255122e-01,6.635747735010849579e-01,6.490343260725843777e-01,6.656977923363583960e-01,6.465053895048696875e-01,6.563110141273625908e-01,6.466434949125340337e-01,6.492805390411199307e-01,6.668306660213414450e-01,6.541360994968415943e-01,6.497229004258587848e-01,6.541261793702142224e-01,6.547555924742067823e-01,6.602309079729238306e-01,6.674446658015871225e-01,6.656860271372602167e-01,6.660429714191654638e-01,6.591147804303926216e-01,6.681161416029559597e-01,6.620750696386514811e-01,6.597779897435051000e-01,6.530825292771569313e-01
6.027694135857818436e-01,6.115291506651707731e-01,5.977447118320994290e-01,5.942010323373583258e-01,5.974575095820510162e-01,5.897640432076651784e-01,5.879335546930604117e-01,5.972266397457389742e-01,5.988920912760642423e-01,5.884126234623250351e-01,5.931745326794489737e-01,5.875313719083689046e-01,6.026423335926285318e-01,5.945967686472640734e-01,5.925867487388674082e-01,5.967293880419997087e-01,5.852298829067018593e-01,6.000084329788140103e-01,6.028968013519006020e-01,5.958951209028751084e-01,5.837412853648217270e-01,5.964977245557369079e-01,5.912261091233832477e-01,5.881005609825976643e-01,5.855998131509999594e-01,5.900190494173864764e-01,6.013286671597404265e-01,5.901847782015556820e-01,5.974670496991026925e-01,5.740856369775260148e-01,5.909634213031641492e-01,6.049327662644872206e-01,5.908807403624442012e-01,6.081330982381237815e-01,5.727759434999641908e-01,5.896391020553310991e-01,6.021625381186901382e-01,5.836607576668483288e-01,5.819049055359856171e-01,5.889592609424584291e-01,5.850368201019731096e-01,5.963231963181769846e-01,5.848396768887492714e-01,5.922627385780839804e-01,5.830987160783648315e-01,5.963283467503966984e-01,5.909769772661358500e-01,5.958166804123148363e-01,5.980280774468444971e-01,5.871045339193483592e-01
5.408770369333844030e-01,5.317213849845594531e-01,5.350207106052101702e-01,5.295054099377735080e-01,5.434786855132953676e-01,5.351083069736863873e-01,5.223238010718408431e-01,5.271431010499405545e-01,5.334197951943596694e-01,5.282868659598003447e-01,5.339077229106807820e-01,5.464742514589874256e-01,5.191991842114451750e-01,5.345438417769224904e-01,5.335926487514282002e-01,5.260190364845358513e-01,5.345766638642189816e-01,5.294003194791169209e-01,5.335801227106325983e-01,5.273870937739070230e-01,5.355468471043254297e-01,5.271025254442605057e-01,5.370418905908427298e-01,5.385841825243264935e-01,5.199077429861957977e-01,5.332454544013001119e-01,5.362936327917736667e-01,5.348391234094730384e-01,5.369436830280255313e-01,5.286425179134024432e-01,5.344652704536100307e-01,5.331211422607947670e-01,5.277506073772086914e-01,5.260303262704930649e-01,5.286589961732294229e-01,5.278598093121821266e-01,5.426030621417433641e-01,5.242293430069765447e-01,5.145716323990304764e-01,5.456208741132018147e-01,5.233585681963703884e-01,5.271305946320131719e-01,5.228060402899449288e-01,5.241863431126412287e-01,5.289306312100618968e-01,5.237816197092572956e-01,5.277999514976181583e-01,5.355538172283970111e-01,5.202458941583437690e-01,5.423193176042307995e-01
4.716302603380357894e-01,4.756497386292323215e-01,4.741539041233290841e-01,4.648599746021681578e-01,4.699482122783235072e-01,4.746525771725741416e-01,4.641094675402159253e-01,4.838964986510412292e-01,4.906852368316034774e-01,4.684135650586586652e-01,4.771299239306361351e-01,4.688926171721392033e-01,4.748454052981884166e-01,4.739132982224318336e-01,4.638860300387204205e-01,4.658304750973784603e-01,4.737914300457681249e-01,4.774231829983930919e-01,4.756527514650942257e-01,4.895310174274252191e-01,4.631500024787846281e-01,4.696413531082195281e-01,4.655032000377680168e-01,4.871117761119044265e-01,4.730203807163425589e-01,4.699377065574479873e-01,4.654011933482341545e-01,4.735653791975416582e-01,4.848812145935644247e-01,4.743764904021547379e-01,4.662342305929672581e-01,4.662618441845937656e-01,4.711325133173955293e-01,4.669387401061593779e-01,4.678287977190237479e-01,4.800521110122300539e-01,4.809105284041141903e-01,4.719039465528082622e-01,4.707520326374020070e-01,4.745348096070269306e-01,4.714089423082470920e-01,4.658212330382009436e-01,4.766749726596486991e-01,4.608820125700197612e-01,4.602514617458775548e-01,4.696090799142590422e-01,4.662704341839205568e-01,4.699876084698690892e-01,4.677485175385548422e-01,4.626085937617077093e-01
4.170586959351116341e-01,4.074353919049208961e-01,4.121920590664156503e-01,4.176542109352609500e-01,4.094074089054028365e-01,4.163025253854302776e-01,4.172524989556646857e-01,4.111033225402963565e-01,4.082646689408874208e-01,4.185900372951709136e-01,4.113680828547224833e-01,4.042100779656278009e-01,4.107287410164097707e-01,4.132844868124703197e-01,4.150060906421971785e-01,4.020457879049824657e-01,4.200758155356486001e-01,4.015954353276721123e-01,4.159519934914574502e-01,4.047307026649496486e-01,4.117249457739988738e-01,4.065971843989207857e-01,4.143001470645673590e-01,4.219212792533288958e-01,4.101605072239508654e-01,4.147565012730141665e-01,4.085306029098307312e-01,4.113098181867916314e-01,4.122044471562317236e-01,4.090317837308344306e-01,4.205952934854391145e-01,3.999664533355943297e-01,4.095111280974487733e-01,4.224154545852757403e-01,4.177763682016959468e-01,4.124167230249873861e-01,4.140181353670939202e-01,4.135387182049822807e-01,4.008120399440942005e-01,4.155573217872148284e-01,4.028117159974938799e-01,4.123340918058253091e-01,4.164402093880859024e-01,4.091180243897147295e-01,4.057278644160013381e-01,4.172890572985190061e-01,4.111276350442136240e-01,4.017697435216719404e-01,4.024479526004351992e-01,4.166925962283177798e-01
3.592001595018768922e-01,3.556021128080472660e-01,3.546480811753723317e-01,3.597397392374186431e-01,3.687708730015616942e-01,3.601309629232890552e-01,3.683596640977558345e-01,3.512201522008370214e-01,3.581022440790277983e-01,3.555771958432045743e-01,3.618125559866199326e-01,3.580292706967720395e-01,3.533877650694112749e-01,3.607165369196568827e-01,3.520272734744356868e-01,3.604311335092231228e-01,3.525565905823658253e-01,3.580373943028442585e-01,3.683802928948061162e-01,3.527708805552576821e-01,3.567073230585980359e-01,3.535180391902359442e-01,3.641510313332481097e-01,3.540604164439862811e-01,3.501004302437492610e-01,3.591188280662606647e-01,3.486966878029901240e-01,3.614345032879617836e-01,3.517420400329535624e-01,3.435073723039679394e-01,3.630964691172364756e-01,3.691785340606064669e-01,3.563283312452449891e-01,3.621239720009494234e-01,3.540865874802676672e-01,3.503169308794853443e-01,3.539916857020269370e-01,3.661987627951852065e-01,3.610074048270144886e-01,3.612903568704010637e-01,3.630179098116176895e-01,3.507874091681072448e-01,3.490649068234825125e-01,3.513063381658219630e-01,3.581995818356225048e-01,3.492074461388315343e-01,3.570854832538545298e-01,3.634116695793699892e-01,3.496083485873903163e-01,3.584398762780263148e-01
2.963517504741385866e-01,2.984390344625459934e-01,3.025732909736689735e-01,3.082488425756004236e-01,3.069397402985611922e-01,3.053008778283655134e-01,3.011554986831594394e-01,3.043033897893673290e-01,2.993965579345336803e-01,3.030116125220558287e-01,3.048035152542881709e-01,3.107335713624034823e-01,2.991110060378420754e-01,3.040733601804822550e-01,2.956450815773571938e-01,3.057942525440422998e-01,3.000570372580490530e-01,2.992184369773475128e-01,3.065286361986946928e-01,3.089738514801502189e-01,2.907343585743544234e-01,2.942156631612361517e-01,2.988300076940451633e-01,3.075762196361713774e-01,3.022903475613514246e-01,2.995783850604047949e-01,3.126170323633619130e-01,3.005983575360756666e-01,3.015167362010912067e-01,3.011564411199177393e-01,3.071246220520639225e-01,2.920422169186140393e-01,2.953232308815718632e-01,3.088962529583261230e-01,3.000518591921216838e-01,3.084193299156773871e-01,2.954678251572452341e-01,2.879359321608800371e-01,2.917762377408663066e-01,3.035353704427311006e-01,3.046371200405334490e-01,3.021033812890664416e-01,3.088028750689593149e-01,2.892384591655003945e-01,3.148434921144690479e-01,2.937972781099315589e-01,3.018844155317738087e-01,3.044100485810272150e-01,3.011075545874435933e-01,3.067221979491022155e-01
2.512843549410821442e-01,2.461785454395173378e-01,2.514794463684354997e-01,2.532198389333496502e-01,2.482112085352708997e-01,2.509485901763527926e-01,2.525935236829854325e-01,2.416877238562136765e-01,2.536190715699407350e-01,2.551847418255941968e-01,2.480315821413946187e-01,2.529738568802535892e-01,2.511234657460994502e-01,2.472404035250598542e-01,2.553199439610340793e-01,2.535352400452447474e-01,2.606883576628447052e-01,2.569678971674752566e-01,2.518484211459805500e-01,2.504795116152896961e-01,2.597519229510301120e-01,2.552701381516318535e-01,2.563016714184027656e-01,2.594682710964889560e-01,2.563879824741396307e-01,2.476591735100343583e-01,2.563212466511144427e-01,2.560909799678378618e-01,2.551449837238733420e-01,2.463830806282753805e-01,2.529146793140608640e-01,2.545092400598047977e-01,2.453460794185513827e-01,2.589791067577355554e-01,2.558184652525628544e-01,2.406668946154227051e-01,2.501433688705796410e-01,2.553282653749860964e-01,2.557830564309745980e-01,2.544195644141661883e-01,2.484837313325959640e-01,2.542210019309488200e-01,2.532201156751379134e-01,2.424899377805990464e-01,2.446782860149936678e-01,2.564292182633896577e-01,2.560721764112943721e-01,2.473185170054482129e-01,2.469975249255269290e-01,2.592702979018555731e-01
1.980482423158238803e-01,2.058825590324431243e-01,1.956185228772959750e-01,2.048763674532774470e-01,2.038945887557035430e-01,2.028105744616787720e-01,1.973443510089069042e-01,2.099138948919237191e-01,2.009928439162873837e-01,2.025702553259495498e-01,2.092380733605170573e-01,2.115683062173068230e-01,2.015195799785478858e-01,2.010862571413056521e-01,2.057425465531266262e-01,2.032175115569704871e-01,2.038434859178154257e-01,2.021274770132822363e-01,2.042615767428260787e-01,2.060994676972668083e-01,2.091187102510773665e-01,2.090338976020967854e-01,2.029899019232069557e-01,2.064498403416296923e-01,1.994195707683080465e-01,2.032510222351108509e-01,2.050888081227860704e-01,2.039765382939786043e-01,2.100004366614223739e-01,2.013981978528250616e-01,2.105759242015568800e-01,1.922151153978657601e-01,2.103072102788242914e-01,2.084935388704786674e-01,2.040994118527235113e-01,2.141950574946728247e-01,2.036597806208116368e-01,2.089710762228803309e-01,2.064967520607144946e-01,2.092531192534029527e-01,2.009815485907120725e-01,2.106296310125248261e-01,2.154889015137776975e-01,2.039250401477630814e-01,2.036542277440361592e-01,2.070803372344520443e-01,2.028621745069617843e-01,2.097482883890561534e-01,2.052298507649614190e-01,1.997701435385215996e-01
1.594011972914328168e-01,1.596348895391487832e-01,1.581251037512167723e-01,1.584272197406164373e-01,1.637233495384420312e-01,1.588736806870675866e-01,1.621517484076566151e-01,1.653608078202420950e-01,1.582321495015616419e-01,1.527958618967897864e-01,1.609674198600723749e-01,1.559496941374386991e-01,1.564925076502285683e-01,1.631167630311765038e-01,1.623678522785620137e-01,1.565670908335986544e-01,1.564209738193580168e-01,1.605185479482927891e-01,1.503362268743785868e-01,1.678208098685565197e-01,1.638248607063301499e-01,1.602032286938706585e-01,1.630885145185541896e-01,1.615927910313314508e-01,1.536570073583923557e-01,1.631170852819201766e-01,1.577482496762594444e-01,1.575183519008807875e-01,1.572128485461476710e-01,1.613132790308280939e-01,1.693361747021868424e-01,1.678320552032629975e-01,1.658912027732330208e-01,1.620375473772878716e-01,1.577721846410814754e-01,1.607082658060896563e-01,1.579143309121073535e-01,1.537296243566320109e-01,1.623890916452207234e-01,1.629644567251645748e-01,1.628920791211990182e-01,1.587637313146437745e-01,1.648393210091396721e-01,1.603503108591546322e-01,1.595810056814856437e-01,1.593345668701108275e-01,1.589714411433825469e-01,1.665508608832969029e-01,1.597143697379010685e-01,1.613780857548774150e-01
1.154584239240053073e-01,1.200578604210321559e-01,1.167050126968684903e-01,1.160408435837421287e-01,1.201737167799075551e-01,1.196246540932542068e-01,1.282269023258145735e-01,1.194486244468150465e-01,1.178545794149799542e-01,1.164866460734302611e-01,1.213595447786942338e-01,1.171717030550577521e-01,1.208015805821799765e-01,1.194817001096327574e-01,1.159851322453540751e-01,1.218435495748527303e-01,1.274379825081169426e-01,1.231117792238120567e-01,1.210834238369863231e-01,1.221988323379237656e-01,1.186327292374318026e-01,1.216651547031838421e-01,1.222360442420911131e-01,1.177562256024172610e-01,1.252753094363542041e-01,1.231296270908826679e-01,1.207531303573579906e-01,1.267043099423867947e-01,1.198624006969065542e-01,1.282345241718438333e-01,1.169343639703753907e-01,1.174745214974660251e-01,1.173154366531544562e-01,1.214997507992642001e-01,1.295536556293415131e-01,1.219371408767023213e-01,1.210400562517436884e-01,1.238061590979773752e-01,1.234675383773483903e-01,1.183169517799105702e-01,1.155879778261628549e-01,1.150723974324131399e-01,1.067747277480197293e-01,1.186971493535492611e-01,1.274321970470786436e-01,1.241604839315620379e-01,1.164971783014579210e-01,1.196964016281829024e-01,1.232864616883969783e-01,1.229332202869211910e-01
