2.140232730602889433e+00,2.135624979604951346e+00,2.117160695816318494e+00,2.145703082257854888e+00,2.124194099711403272e+00,2.131877168698577574e+00,2.134473636056818613e+00,2.121605149968628812e+00,2.134442366298397342e+00,2.111605968874834982e+00,2.116710952748734442e+00,2.124647791663589302e+00,2.118458693249889002e+00,2.142634305382829396e+00,2.119393210736251199e+00,2.128262782539800391e+00,2.111119052795582540e+00,2.154992964679844913e+00,2.128432092125893238e+00,2.139939638652159637e+00,2.124936111486507073e+00,2.133776313785192169e+00,2.102407841799651678e+00,2.128850270989179894e+00,2.152746459718590355e+00,2.138896436950882496e+00,2.144675289601724710e+00,2.142137215911677828e+00,2.130921117503951745e+00,2.114067324289272243e+00,2.146228268193542288e+00,2.136228674588060095e+00,2.143101747400833812e+00,2.121256968758482575e+00,2.104505366095139163e+00,2.127571613106600701e+00,2.135773288191671337e+00,2.130790828596326403e+00,2.138334448093683893e+00,2.145519645893049887e+00,2.144940711020777879e+00,2.121391074904315666e+00,2.136167785773048333e+00,2.088511876318471128e+00,2.139279412614584874e+00,2.156886839396201516e+00,2.125316021457414717e+00,2.127279074994294028e+00,2.134724661367136456e+00,2.124039052714657316e+00
2.142145382230915107e+00,2.113320223523326824e+00,2.122591377936874135e+00,2.142933589340718648e+00,2.120478274524998596e+00,2.128490158089290318e+00,2.136654724210719891e+00,2.119332922570609679e+00,2.154366176956895362e+00,2.128277884402819620e+00,2.112605973833560746e+00,2.120741784533091145e+00,2.115258369260932803e+00,2.127051519639041377e+00,2.133415496734430761e+00,2.121930560828233947e+00,2.130808933247620551e+00,2.133627762591951527e+00,2.129663715405489821e+00,2.149712550230200137e+00,2.150601580177201377e+00,2.140669993052184417e+00,2.152789792761565124e+00,2.141358816992798619e+00,2.126458188981362074e+00,2.130129677893821682e+00,2.133746113495820662e+00,2.121715063059730788e+00,2.143394719890890698e+00,2.134815163259766280e+00,2.127727902692539530e+00,2.143830611260346242e+00,2.135130301334839498e+00,2.115767563177540111e+00,2.129270572273664452e+00,2.143129571386278798e+00,2.157177194814408505e+00,2.128795109907750227e+00,2.148962428223267995e+00,2.134346429142343293e+00,2.139320367121683386e+00,2.112585641956184812e+00,2.131750599150636027e+00,2.130164208385817215e+00,2.157657595192705724e+00,2.103288957900728562e+00,2.117087674480869097e+00,2.123232375568706143e+00,2.112188169692926110e+00,2.136913718863510780e+00
2.125104168003190352e+00,2.137519817493742647e+00,2.124990004781390773e+00,2.118277405580807127e+00,2.119811790089947579e+00,2.133865055836463576e+00,2.133372099012444068e+00,2.137700595596911946e+00,2.128495585645091115e+00,2.133062611818280274e+00,2.143870496978894202e+00,2.128243304644891865e+00,2.135465481576194424e+00,2.153809103794909419e+00,2.125646832840548228e+00,2.124295628968278393e+00,2.142621960563324990e+00,2.122870929561731845e+00,2.149074615928749932e+00,2.128893144011690719e+00,2.122117658355363368e+00,2.155308050473458970e+00,2.113600732568264640e+00,2.139435556141267458e+00,2.139426742660488046e+00,2.147178050957402995e+00,2.126336864681327654e+00,2.115019632637081592e+00,2.113720887012293215e+00,2.136730055448604393e+00,2.113272732151230127e+00,2.123047799732575402e+00,2.128397765458228896e+00,2.115116516123583423e+00,2.127231444613347122e+00,2.104716971633993072e+00,2.134038385584065889e+00,2.119881037650662492e+00,2.135049799040408924e+00,2.150459584493941811e+00,2.095826447009456306e+00,2.145306653911132511e+00,2.152272166552807509e+00,2.113091718926900064e+00,2.129637336686876381e+00,2.124438399478533412e+00,2.110752752068489002e+00,2.121531007007677605e+00,2.121406514487753636e+00,2.140811519885474912e+00
2.117164722752848505e+00,2.145320791013768158e+00,2.149730644544175728e+00,2.137859545633606029e+00,2.094566902145460485e+00,2.142889342847613232e+00,2.103886488040150216e+00,2.115145908122850305e+00,2.148266159231442263e+00,2.118188685466118937e+00,2.141582641546331267e+00,2.122463795887707949e+00,2.119841512821744267e+00,2.127588189690279741e+00,2.121893498586019167e+00,2.123057205948115644e+00,2.118134669356117161e+00,2.153377149678669777e+00,2.143089140884402166e+00,2.121048088845279622e+00,2.131980275873044395e+00,2.133657920998771829e+00,2.123065072966626055e+00,2.128080862108400861e+00,2.114886623275984423e+00,2.132341908977779088e+00,2.138699895572086174e+00,2.130547174789849230e+00,2.095346628184087123e+00,2.129217538302133228e+00,2.108640463642293295e+00,2.125473540880821854e+00,2.126434839656393017e+00,2.117744796160445642e+00,2.111153510246988052e+00,2.129099613418461878e+00,2.106119510262823180e+00,2.135575289098007534e+00,2.142687431336444348e+00,2.123956407308254857e+00,2.117948804687831643e+00,2.122701407930620121e+00,2.142508541230555341e+00,2.131583934340236297e+00,2.120956549466185947e+00,2.128146518239546481e+00,2.105769400197099905e+00,2.128887504775041961e+00,2.112235148433959431e+00,2.141808245931588139e+00
2.085255042436880313e+00,2.120563411481525939e+00,2.105365848883019364e+00,2.088430507531370939e+00,2.134952615107541529e+00,2.129033369790553465e+00,2.139182894317462225e+00,2.103916768336140386e+00,2.113058773058297035e+00,2.107359909365326800e+00,2.092613517757912156e+00,2.129122774085632663e+00,2.115280219156060237e+00,2.113566683798136836e+00,2.105902044190930411e+00,2.125951095457298212e+00,2.120637099676881299e+00,2.110291073377663196e+00,2.114241047101636184e+00,2.124947414326560757e+00,2.122995881628849446e+00,2.130307227095729505e+00,2.114600188163382466e+00,2.111733157796147786e+00,2.096929672465773553e+00,2.120850501631573071e+00,2.123399459075918205e+00,2.133985389153144396e+00,2.106219129219756514e+00,2.099638052995994819e+00,2.107500673840200012e+00,2.130742660723082604e+00,2.125059487860093022e+00,2.103529459234839916e+00,2.129171741710065291e+00,2.115650284295319761e+00,2.122708858092523965e+00,2.094310974314144591e+00,2.105803583815057500e+00,2.119441057143495399e+00,2.092989181480231053e+00,2.093321225424506160e+00,2.103424681053180922e+00,2.118406665878176831e+00,2.108164242301814983e+00,2.120989943717729975e+00,2.120065482732181206e+00,2.118305366099924036e+00,2.117046950887663481e+00,2.127837555727734919e+00
2.121363750371656476e+00,2.109123103961499712e+00,2.116492357006449332e+00,2.101989868659226879e+00,2.092669120241958503e+00,2.097848423950134489e+00,2.091820192682753543e+00,2.124765776244786686e+00,2.090173841575980962e+00,2.109921793884215191e+00,2.121957013624333310e+00,2.086944069788623235e+00,2.123552898088851837e+00,2.100412381630119008e+00,2.115044674009751713e+00,2.122419734215200471e+00,2.112851251232855443e+00,2.099604026550399016e+00,2.090548118297063329e+00,2.097623520427502442e+00,2.107301583287664482e+00,2.113153280725821315e+00,2.100999485867319105e+00,2.083388851819683918e+00,2.135098729829356667e+00,2.124046932026171230e+00,2.088701024247885840e+00,2.087799810050544380e+00,2.096601465828494604e+00,2.104251825307340784e+00,2.127410760198808592e+00,2.088173391067040807e+00,2.094760594807246967e+00,2.112925418402367139e+00,2.107074909714683475e+00,2.086019178945413888e+00,2.123933056851531997e+00,2.087626143733899653e+00,2.101639505045489908e+00,2.113529875805586933e+00,2.121011652390079050e+00,2.091553764168532226e+00,2.112377517106489133e+00,2.123160398199690935e+00,2.097852277167507218e+00,2.097144570153705256e+00,2.090341725576486009e+00,2.109414070874513492e+00,2.109534180588508168e+00,2.118013877834659553e+00
2.086977225042328854e+00,2.087571011078110939e+00,2.119627744683366899e+00,2.084768096578150320e+00,2.082305035282698391e+00,2.092338924723235571e+00,2.108554517594757982e+00,2.106642901048436656e+00,2.109197225815771404e+00,2.090761968639744950e+00,2.075707073189200891e+00,2.119292843125106796e+00,2.095118031909468659e+00,2.105522653122531285e+00,2.090835641727402106e+00,2.119312713702273587e+00,2.113110043889308454e+00,2.093992968532917054e+00,2.066055186382263820e+00,2.123087231470960123e+00,2.109819000953035317e+00,2.078186026351073412e+00,2.110172523612349416e+00,2.084762434484157545e+00,2.102984935049042825e+00,2.086046688743525834e+00,2.087424944411038652e+00,2.086648185640980646e+00,2.101162631765104205e+00,2.087263407218932443e+00,2.087447540007710156e+00,2.055543722690874375e+00,2.107883703021983912e+00,2.110088523673268046e+00,2.120661607362404943e+00,2.109972137243820267e+00,2.082831677098410328e+00,2.106336638820173413e+00,2.086256966546341296e+00,2.094083567741551466e+00,2.094813153353041635e+00,2.109161057106737847e+00,2.127965549623671127e+00,2.099598621007535915e+00,2.092466280103971510e+00,2.102593226657921921e+00,2.106927113765604265e+00,2.094349491686699150e+00,2.086948668905244553e+00,2.108774117567967732e+00
2.062091566615566141e+00,2.098970754743769707e+00,2.063958328108252971e+00,2.091855219930729870e+00,2.082915431354390723e+00,2.089349958264479667e+00,2.088658844643963786e+00,2.086731142796394156e+00,2.082218788528339637e+00,2.086647591850231187e+00,2.102118207798835403e+00,2.079129997181044853e+00,2.093190617171984957e+00,2.068412611934410616e+00,2.088079108483513746e+00,2.090578160615786274e+00,2.077213215365011578e+00,2.097026493628243227e+00,2.080085771727274935e+00,2.114898640687961517e+00,2.073410559028619371e+00,2.097127476660702428e+00,2.102900140239166049e+00,2.110510302861098531e+00,2.065134452960578404e+00,2.076042495167391255e+00,2.094410536537259393e+00,2.075838032770051633e+00,2.077480724090164710e+00,2.076792065233457940e+00,2.085009015033381985e+00,2.085105060023766832e+00,2.104513559431639980e+00,2.074429047867930809e+00,2.083092536715282161e+00,2.081365661859333915e+00,2.082147453839644502e+00,2.088071572246912755e+00,2.082190762056590039e+00,2.066945141674167097e+00,2.071803120582827784e+00,2.081033440812588786e+00,2.115478266498771021e+00,2.069222459762521282e+00,2.071672977663078452e+00,2.120853130035158518e+00,2.083964652179721266e+00,2.090979614469232750e+00,2.087420442691885647e+00,2.089158336190027221e+00
2.071865515560478155e+00,2.040726520223889562e+00,2.067609711161382258e+00,2.036247588909555706e+00,2.074350198230371145e+00,2.067040896200076805e+00,2.083027631264778634e+00,2.066042705351467390e+00,2.073004121330589644e+00,2.086747378148039900e+00,2.069590918867141749e+00,2.079736260302367246e+00,2.053033327835308786e+00,2.056008641318417762e+00,2.075421048366354437e+00,2.076058072859255255e+00,2.083256978423130512e+00,2.078774607077238379e+00,2.081052505987491141e+00,2.050935517677989317e+00,2.037381508839812838e+00,2.068049673872721428e+00,2.063802053819448812e+00,2.079990506687688256e+00,2.050978009527031354e+00,2.082247246814742159e+00,2.070637857151700345e+00,2.067202027240701678e+00,2.072075059782263473e+00,2.072920684492038479e+00,2.074264996354817203e+00,2.081889115776708543e+00,2.053752173335571918e+00,2.094833331763549467e+00,2.073713686715742632e+00,2.101157111557410584e+00,2.062909600773203511e+00,2.076783366816167042e+00,2.078823232301593826e+00,2.071909900459739440e+00,2.055646917345555824e+00,2.065809338028988584e+00,2.074891190801718022e+00,2.068251620575415117e+00,2.074707857687794643e+00,2.079709257392699850e+00,2.067072711537607965e+00,2.094521803585211117e+00,2.066961732666276585e+00,2.070770491548899361e+00
2.038062571992325100e+00,2.038310626114687718e+00,2.029008005499318479e+00,2.061955293523364929e+00,2.057931919490368244e+00,2.060174283509889737e+00,2.048253443537416896e+00,2.064540789018552758e+00,2.027867782064537217e+00,2.050496139426963627e+00,2.067328195051755468e+00,2.024403011321445511e+00,2.055696340294754787e+00,2.058396889536814989e+00,2.053498694030304605e+00,2.038818141822364094e+00,2.048205554852747579e+00,2.061021986644116843e+00,2.081383178021661173e+00,2.047971653980250828e+00,2.028275843118635624e+00,2.037718503300652628e+00,2.052394002825966624e+00,2.040713831691570945e+00,2.054966668479031089e+00,2.053378358660594039e+00,2.033710265618047242e+00,2.051474156685910710e+00,2.063548139025205064e+00,2.051695645200592555e+00,2.060869307601105760e+00,2.031619140609294494e+00,2.057259911537066444e+00,2.050097533014714646e+00,2.079740101986923939e+00,2.026798381864757914e+00,2.051010485970534258e+00,2.074802163012920087e+00,2.060673426839816802e+00,2.078422397957312651e+00,2.073003694394087937e+00,2.077356911190274324e+00,2.022188561462395562e+00,2.061343793221565246e+00,2.067509439568124829e+00,2.020962662652889819e+00,2.088854431522429778e+00,2.071860278989547499e+00,2.051222549107145188e+00,2.048065194404380396e+00
2.020092857667188380e+00,2.032845739477877611e+00,2.030682057959468878e+00,2.036370887190281032e+00,2.037605536477494983e+00,2.053772707630300509e+00,2.023879186475749936e+00,2.044354879783407242e+00,2.030001955177988204e+00,2.019021428644406591e+00,2.017516198316567255e+00,2.025617428442057388e+00,2.038038410695683478e+00,2.048038680864072703e+00,2.045918651855715531e+00,2.022706040424743446e+00,2.043416379433825369e+00,2.056021633880742883e+00,2.020205068052737030e+00,2.043166709772770151e+00,2.046766007377198715e+00,2.056928048133904507e+00,2.054170458746134464e+00,2.025592365921933258e+00,2.043688698395552006e+00,2.054556501443808525e+00,2.032860497995583771e+00,2.033707779822128359e+00,2.053945942649700207e+00,2.040610413471577012e+00,2.047051016282795288e+00,2.030822037035989958e+00,2.034837667999211508e+00,2.027869225851830937e+00,2.036554267787712647e+00,2.017302143198928643e+00,2.036061021225747503e+00,2.035326468646572629e+00,2.023332432414006288e+00,2.041742568096019284e+00,2.025047346889450317e+00,2.037329535043806761e+00,2.014656351408798507e+00,2.034007159698250078e+00,2.052223278571153831e+00,2.019707924969957435e+00,2.033535878342957126e+00,2.048666529413702087e+00,2.034875384311692681e+00,2.031454929375763552e+00
2.046517102100708918e+00,1.982239679738676763e+00,2.023055400331740472e+00,2.029430569328062539e+00,2.015043222234492060e+00,2.004400808480195195e+00,2.031761968847948907e+00,2.022274392763871997e+00,2.022525954477441434e+00,2.021123020417672222e+00,2.025390317280109098e+00,2.018998879034122673e+00,1.997312334736867534e+00,2.018609013441780231e+00,1.987647640353919165e+00,2.013369915856213499e+00,2.004431609310720841e+00,2.019673416861540893e+00,2.012550667648692837e+00,2.014476669506894524e+00,1.988580770617266236e+00,2.023922398189419880e+00,2.028315074594414291e+00,2.016008923192002200e+00,1.999583710075285126e+00,2.013644008680062658e+00,2.031543377048765642e+00,1.995913934890662489e+00,2.009705760183927215e+00,2.001991818886927010e+00,2.037204371838944539e+00,2.038268973336062828e+00,2.008790913919378252e+00,2.013359912876885094e+00,2.019290184596067128e+00,1.987864556117643566e+00,2.014212273395310948e+00,2.025273612433152515e+00,2.002507319485937298e+00,1.980670506595779257e+00,2.008357862211429978e+00,2.034760986650134829e+00,2.019253508622800286e+00,1.994840428168569213e+00,2.000864847214258724e+00,2.017583342865550300e+00,2.034955909207143421e+00,2.026942183383440899e+00,1.996980702702011889e+00,2.022177275270771624e+00
1.983929866295484512e+00,1.994234937873208269e+00,1.973085179305758885e+00,1.993499044203839610e+00,1.976563700094767118e+00,1.977646434293001576e+00,1.998132961564988097e+00,1.963681004666003815e+00,1.998028335494326457e+00,1.985938901889938935e+00,1.987996686202892604e+00,1.987032457259196416e+00,1.978459623074367180e+00,2.000712234718825755e+00,2.004294465540974457e+00,2.002327329957251489e+00,1.997288345907419327e+00,1.985829842260109945e+00,1.989311601746604596e+00,1.989794423880815399e+00,1.988612227869974047e+00,1.998819933432266049e+00,1.997479176937638989e+00,1.993269964238924885e+00,1.986402124316239304e+00,1.982360498000151905e+00,1.986023216908342492e+00,2.007124958406364179e+00,1.966863476964466173e+00,2.002016097579414122e+00,1.986960141159771931e+00,1.986028085443146907e+00,1.995553350979746288e+00,1.983274739188414904e+00,1.989031164773369831e+00,1.964380235069266512e+00,2.014252527316247487e+00,1.976286790688794426e+00,2.000698046506975025e+00,2.005473794056335191e+00,1.984660221568537164e+00,2.002975827351470617e+00,1.971337052175150539e+00,2.006407264900054610e+00,2.012107544705688866e+00,1.981144559271675210e+00,2.000190548684373404e+00,2.004282530001958662e+00,1.991911579013841749e+00,1.983696606336935897e+00
1.971209904831066506e+00,1.967530035101378028e+00,1.980935144650192381e+00,1.975241087602092716e+00,1.970366168272072782e+00,1.986392837296373504e+00,1.971173603954033737e+00,1.969372972135937427e+00,1.953390329788581514e+00,1.970718373208929730e+00,1.943267787832170468e+00,1.957285743799530353e+00,1.972873641983333037e+00,1.965774949342725675e+00,1.962246964674591032e+00,1.974406552223968658e+00,2.008390866710594747e+00,1.969560142617156728e+00,1.983050785589979492e+00,1.970980729004561338e+00,1.969541089627007580e+00,1.981687117882974025e+00,1.989399423726536886e+00,1.973701952606799814e+00,1.981994325998426731e+00,1.964142610368923014e+00,1.976104377159849657e+00,1.968771893717554011e+00,1.979542976818826183e+00,1.973061926006592470e+00,1.959097229967708298e+00,1.993486943132285250e+00,1.959211583659650424e+00,1.981579873874572906e+00,1.960619641887456632e+00,1.979057692765772369e+00,1.995833530976126369e+00,1.983841041365212332e+00,1.966738325523112785e+00,1.973957637843865687e+00,1.983680585188850154e+00,1.977067256015667684e+00,1.963739353207607286e+00,1.964077693103667865e+00,1.987907890081879847e+00,1.976705142840527785e+00,1.969900691198350762e+00,1.978808044767907948e+00,1.970335005545495122e+00,1.975351949748136882e+00
1.924613177413405651e+00,1.932491092002303290e+00,1.941495757860099092e+00,1.920318801088143124e+00,1.926656541895028107e+00,1.938782696406681438e+00,1.943198594769742105e+00,1.941041350028359203e+00,1.912833934818757742e+00,1.954167733463743062e+00,1.935659342462517696e+00,1.944528986857788633e+00,1.928958152512967983e+00,1.941612653401512345e+00,1.935234795587839729e+00,1.935076020359178139e+00,1.940933793914209282e+00,1.954133619931013977e+00,1.941996341165791895e+00,1.933076938326768746e+00,1.925149453833410407e+00,1.949346234971691905e+00,1.943654759505393459e+00,1.939765890441808693e+00,1.943155292459439965e+00,1.941680826400023152e+00,1.938639980661492457e+00,1.924613050933695391e+00,1.920994689677943512e+00,1.933828422182843232e+00,1.967738041938831062e+00,1.954410997916648851e+00,1.967137633874807223e+00,1.922965800292611549e+00,1.937002514225584004e+00,1.947273695056624065e+00,1.943772196012883091e+00,1.936181373880897061e+00,1.945095964628805962e+00,1.931813035886189356e+00,1.936467898602332482e+00,1.928589133194157146e+00,1.952077017546969939e+00,1.932188707769641800e+00,1.964490901225120822e+00,1.941209993330954342e+00,1.940427356534668135e+00,1.925604653662717825e+00,1.938886135992864856e+00,1.923274078570863743e+00
1.906673190891058356e+00,1.925015930182277124e+00,1.898592646470340428e+00,1.921297687328582748e+00,1.894717851270963926e+00,1.921214804953635502e+00,1.908225094808247535e+00,1.904184161702955125e+00,1.896231236292296396e+00,1.913794510182651898e+00,1.911987674319513220e+00,1.907091243445605766e+00,1.901961527295459309e+00,1.903616751843202781e+00,1.896209665426096036e+00,1.902790842250582592e+00,1.912168813698611025e+00,1.917467020432460645e+00,1.905215938874473824e+00,1.931466454060354332e+00,1.907400724097305655e+00,1.921040256724706463e+00,1.902692737474094065e+00,1.920203217031432485e+00,1.919445768999440194e+00,1.921089253631379057e+00,1.925884911388892284e+00,1.905075611375969924e+00,1.924648090347896856e+00,1.919616304493206638e+00,1.909062473205575428e+00,1.927948528081952606e+00,1.920917820442658019e+00,1.919215429436181619e+00,1.922723614321610874e+00,1.937778898191806709e+00,1.918230550708016402e+00,1.923403476494321307e+00,1.912499092249966504e+00,1.887807188113048706e+00,1.898290194763764038e+00,1.933602744492549874e+00,1.912450337955603041e+00,1.924886051319954161e+00,1.904875931932503041e+00,1.893060377034230024e+00,1.916881306640760618e+00,1.899212579964477898e+00,1.914364393564232270e+00,1.909721624865248879e+00
1.876558645785265433e+00,1.867624627697879180e+00,1.898181235961909241e+00,1.897015287626996338e+00,1.879957972181457659e+00,1.867448495420829913e+00,1.882622117787920990e+00,1.881612423216791230e+00,1.892743911997567974e+00,1.878555743160872593e+00,1.888787384235922406e+00,1.900842131258979606e+00,1.884471430428081629e+00,1.899722239679201952e+00,1.870763087012800030e+00,1.898130498594101434e+00,1.902566061099024042e+00,1.905864130668400325e+00,1.870898112797001911e+00,1.880108191100089865e+00,1.891608235278846806e+00,1.882190919067536550e+00,1.892533758671956168e+00,1.894464683997307386e+00,1.866182283340601211e+00,1.877996513985859650e+00,1.861625525828187300e+00,1.898539771045625768e+00,1.887528728717700055e+00,1.896542425353603178e+00,1.897215952066106048e+00,1.873784252394625982e+00,1.871147552129938552e+00,1.896955204179035404e+00,1.892039867452501190e+00,1.892577533524469002e+00,1.877037744815068798e+00,1.858898333470155873e+00,1.879687971474320207e+00,1.888418711681023376e+00,1.890358727813727491e+00,1.886665330331135593e+00,1.904898321997064770e+00,1.888055331815539306e+00,1.896586290165587885e+00,1.882137311469055607e+00,1.880813584503632230e+00,1.888860124876834412e+00,1.885006047629102843e+00,1.895044259255170171e+00
1.877994481713570751e+00,1.835196029822572461e+00,1.821245820061698328e+00,1.844243192548558730e+00,1.854216217762491459e+00,1.858511324666560549e+00,1.849758133412755301e+00,1.859232386422850603e+00,1.847759823702220583e+00,1.854665407758317119e+00,1.874936959497946809e+00,1.838747667506640537e+00,1.857242097807499714e+00,1.856064496311347733e+00,1.860022733583681642e+00,1.858344460470899628e+00,1.831888157947655582e+00,1.849520597550523338e+00,1.877031106037771568e+00,1.849363087966489960e+00,1.866820796719407261e+00,1.846861591040952710e+00,1.832274100647706128e+00,1.852819317625798989e+00,1.841263357698966541e+00,1.850338268318273860e+00,1.864224209789892450e+00,1.857072206712553575e+00,1.860793328686018100e+00,1.834045003687989617e+00,1.883526365128337376e+00,1.845920382091030154e+00,1.859806089020031417e+00,1.854784442386791632e+00,1.852508624733248732e+00,1.858018890427153735e+00,1.850416098408975696e+00,1.869973004025577978e+00,1.856004996772592008e+00,1.853598540224990820e+00,1.866143269553415251e+00,1.852222375071746141e+00,1.866565549092643383e+00,1.868346088270448124e+00,1.855408871453167574e+00,1.880025413646666532e+00,1.850205963680948695e+00,1.873925099861939003e+00,1.850798953968909588e+00,1.858009147628224333e+00
1.822828610822454287e+00,1.830938122706108784e+00,1.816566936662678211e+00,1.830607107975851244e+00,1.815041809759289970e+00,1.827194393239247594e+00,1.812735962899011621e+00,1.826326765511105066e+00,1.843870084191507663e+00,1.806856409083648307e+00,1.829860014153511072e+00,1.818762862389261548e+00,1.802649683964978156e+00,1.821728793032439064e+00,1.786861965560875953e+00,1.814731513664782359e+00,1.820422301059468229e+00,1.816758824530495975e+00,1.827204984595751869e+00,1.835156697162690698e+00,1.810557616154479632e+00,1.831006862854166917e+00,1.836813169326363404e+00,1.813530664835691919e+00,1.809049719671983247e+00,1.809592860081707943e+00,1.800975480374328308e+00,1.823452400325930700e+00,1.830193768176381797e+00,1.813357389677342280e+00,1.837226994151043513e+00,1.829903032748783076e+00,1.826131059214231245e+00,1.815710467747440937e+00,1.818898789245216641e+00,1.828369199436254311e+00,1.816811920423406557e+00,1.834985435575145818e+00,1.816722919843919426e+00,1.819636782430189781e+00,1.813563009154298911e+00,1.834872816196978507e+00,1.833491178223281670e+00,1.812641410465116953e+00,1.820796928063024733e+00,1.822036413100208030e+00,1.817510106208255927e+00,1.841414347903684856e+00,1.824626109766610771e+00,1.812744339853835873e+00
1.785385518892618428e+00,1.788732615883787069e+00,1.792841049498899775e+00,1.793153831038542867e+00,1.805308774830807428e+00,1.781360332562479831e+00,1.783128893017483785e+00,1.796566176280160576e+00,1.775549202778784474e+00,1.779994271488904323e+00,1.776446075181516537e+00,1.780957325746780562e+00,1.789461540726785094e+00,1.789070516881158923e+00,1.785308630024863064e+00,1.780876869659145045e+00,1.806821919105137120e+00,1.799682276322190022e+00,1.799485121610534311e+00,1.802050925943919024e+00,1.781795809271877085e+00,1.802776112406890618e+00,1.786970908516700263e+00,1.789587627486077137e+00,1.792242886681329805e+00,1.781093937422604245e+00,1.774870283200948196e+00,1.777600814821493014e+00,1.791484735119736493e+00,1.792424082925830442e+00,1.773834822612402329e+00,1.767278640101870080e+00,1.795598713314512374e+00,1.771940263226485346e+00,1.798011395061756001e+00,1.751731260791612677e+00,1.782558251613302502e+00,1.765039672529155945e+00,1.780095284805711886e+00,1.792194840199294203e+00,1.805171554278137691e+00,1.769378606136113197e+00,1.760975649122945796e+00,1.778542978895153670e+00,1.782178677665986921e+00,1.783696968011832640e+00,1.788374156200700504e+00,1.790839721039443111e+00,1.802330285922139508e+00,1.755785479355133294e+00
1.773542511730193949e+00,1.750533023278052491e+00,1.785641087421387052e+00,1.747752581423702711e+00,1.768513378886776399e+00,1.761787055300553684e+00,1.750552129764411768e+00,1.752191900418679893e+00,1.760817996403652330e+00,1.736999202160276923e+00,1.772383385927640553e+00,1.756222990149928442e+00,1.752902503640719534e+00,1.757079560324656065e+00,1.743173159236879766e+00,1.760866132068581225e+00,1.733553212632711338e+00,1.755364397513023755e+00,1.742187061413866367e+00,1.744464702663802047e+00,1.738465379953691770e+00,1.755367607893857596e+00,1.747827624610458042e+00,1.754549934431245628e+00,1.746879695931381482e+00,1.767811699495005717e+00,1.750657634502122306e+00,1.737465808978590598e+00,1.745360277710697572e+00,1.757054220326182969e+00,1.736800710168231676e+00,1.751128796433241153e+00,1.759394606606505151e+00,1.773261284420162509e+00,1.752550865812463554e+00,1.757929167293881045e+00,1.739136285079498689e+00,1.755788124550760276e+00,1.761273727763011054e+00,1.748927290146089941e+00,1.731630347544125925e+00,1.777858412331565940e+00,1.742310724222884577e+00,1.763632315545158535e+00,1.760087725409007486e+00,1.735823647855899488e+00,1.740142170442237068e+00,1.746788234768075654e+00,1.759504791887890551e+00,1.778423936864271804e+00
1.729085939739204880e+00,1.715585219113023419e+00,1.708214932373471662e+00,1.715290693599838878e+00,1.707071620389119859e+00,1.711933345648137372e+00,1.729989295545782735e+00,1.734650335900683293e+00,1.721800467029381831e+00,1.699265185421298563e+00,1.710999867529092500e+00,1.715424156882514151e+00,1.727992857544487171e+00,1.716263068761645361e+00,1.720488441698631021e+00,1.720248388972257514e+00,1.736460864625225753e+00,1.719953239910668508e+00,1.717082326245519486e+00,1.712762637868646687e+00,1.717171242466064562e+00,1.695877320767266827e+00,1.732245917582918127e+00,1.714661149106246008e+00,1.708112625736823764e+00,1.709596543682221359e+00,1.698548220638826711e+00,1.701523135241851170e+00,1.731119228093667362e+00,1.722150955751482027e+00,1.724972412959637103e+00,1.736390546681864544e+00,1.745280805861555873e+00,1.722762080815695818e+00,1.711775499383866306e+00,1.733432722982003016e+00,1.718071791883503785e+00,1.710727328912444944e+00,1.726692641827201946e+00,1.726704677772670227e+00,1.706725227139483936e+00,1.706788784893493949e+00,1.716784129248669855e+00,1.720643499724757941e+00,1.731998516761292128e+00,1.709488693508631307e+00,1.712925013517658135e+00,1.699030132910295032e+00,1.724722890119808172e+00,1.730080682898736733e+00
1.688071452369980241e+00,1.664394687160457353e+00,1.687003391486968873e+00,1.684596307330982201e+00,1.673836426969161684e+00,1.676496281103230013e+00,1.689751651367825680e+00,1.686225341860947635e+00,1.687077067480302839e+00,1.667477369621979566e+00,1.669447338351806254e+00,1.672065402447666438e+00,1.689098038636024146e+00,1.678967159225384087e+00,1.680108340577663562e+00,1.655006961643955110e+00,1.670195751504448545e+00,1.661931240332229720e+00,1.671621129735047395e+00,1.680518586894522270e+00,1.662896198759572952e+00,1.670580681017862279e+00,1.660815215140440504e+00,1.692661351101811373e+00,1.686984731625415401e+00,1.668971412547454403e+00,1.663314683548580808e+00,1.674850587699101556e+00,1.674252463205147201e+00,1.682860233307086339e+00,1.670899079423457056e+00,1.696678825508036059e+00,1.671909520415304717e+00,1.666729492833416870e+00,1.674971108474230030e+00,1.695953401665924343e+00,1.659915742335564603e+00,1.663476990505141639e+00,1.680111428219341674e+00,1.662522615004643489e+00,1.655028847226732269e+00,1.682524979075610272e+00,1.668115604626242865e+00,1.689930492378720839e+00,1.677692469901590933e+00,1.671877340242102772e+00,1.645047084415096172e+00,1.677887398218658399e+00,1.679055872734001031e+00,1.663195186884337318e+00
1.625954804211107385e+00,1.642250444224475414e+00,1.615720544798382674e+00,1.623871171813835446e+00,1.640063002311875184e+00,1.628234449743078072e+00,1.637727887426052575e+00,1.633019769126059728e+00,1.647593375144006389e+00,1.632463947008005789e+00,1.661501962065096594e+00,1.637951537264727531e+00,1.620548807062242025e+00,1.628569253163059560e+00,1.633468784921848993e+00,1.635916348438627432e+00,1.603962726194211985e+00,1.627711470645961445e+00,1.632901651752719951e+00,1.634290905017631523e+00,1.622884652484912760e+00,1.632791399934649723e+00,1.622423442949755268e+00,1.642537089769256831e+00,1.634839570065620862e+00,1.621912179694051881e+00,1.631282940712149632e+00,1.647112241581564218e+00,1.620938580252533789e+00,1.626949557435619198e+00,1.629194557713890879e+00,1.610938411015419458e+00,1.641786899778358455e+00,1.656577381480834221e+00,1.633120675251262144e+00,1.624325887610846841e+00,1.644747937334434251e+00,1.639319984483609050e+00,1.631008310460280164e+00,1.629155131581571769e+00,1.636253975237327962e+00,1.626637628075274122e+00,1.621062699531816920e+00,1.626436916394471854e+00,1.629243515065033288e+00,1.618704613314460250e+00,1.610083009967034240e+00,1.621144792303163884e+00,1.654594280733113099e+00,1.655555178585381926e+00
1.608258893562752867e+00,1.611075786555720368e+00,1.587354277736648278e+00,1.595793129529633259e+00,1.588097481013625245e+00,1.598221833159135130e+00,1.600708702128735839e+00,1.595691841718967163e+00,1.612939431792103528e+00,1.576084837369899683e+00,1.609721815563337488e+00,1.592214423291868908e+00,1.605788987456237216e+00,1.599770283614612154e+00,1.571479685228166723e+00,1.610544428870625877e+00,1.586742981874754932e+00,1.588793213164681140e+00,1.599886576871474730e+00,1.619374551222536152e+00,1.579972055546496223e+00,1.587684669088326173e+00,1.600357085713231431e+00,1.593790403215334939e+00,1.591973294603604039e+00,1.591622331090920328e+00,1.623788598559947838e+00,1.584184052349658423e+00,1.612091675055948636e+00,1.584842131491432049e+00,1.573268363731531894e+00,1.586396945594745089e+00,1.588077222559793000e+00,1.590142672899738319e+00,1.582393738239529224e+00,1.602608652979094606e+00,1.593155022640871943e+00,1.600797894487681949e+00,1.610565802305583549e+00,1.601829579740615017e+00,1.602142551205546273e+00,1.591366702267000166e+00,1.600224708654466754e+00,1.606824528349654724e+00,1.602766177657426239e+00,1.596984991337471627e+00,1.597802398148093328e+00,1.583978747540864429e+00,1.586681119679354435e+00,1.607862320359348063e+00
1.541343257011369428e+00,1.554054468246274023e+00,1.554209336502425653e+00,1.541411643949080590e+00,1.552320187803115425e+00,1.556545073658867961e+00,1.568382356411222256e+00,1.539257119636772808e+00,1.555503351415588043e+00,1.573955757570860037e+00,1.573737006722679244e+00,1.557758143579400345e+00,1.550987943929946766e+00,1.539666505941343466e+00,1.549505030264987537e+00,1.557616073250808197e+00,1.559908302975144156e+00,1.553993607649389652e+00,1.540673810442641622e+00,1.542176254743665709e+00,1.572355009003884918e+00,1.567426953032400760e+00,1.550142979891162121e+00,1.551389341418170087e+00,1.571270992707560321e+00,1.549239110516681395e+00,1.532616158074308066e+00,1.567546847988341652e+00,1.542228890274127240e+00,1.548214198878590242e+00,1.558271287607440270e+00,1.535773503481400626e+00,1.555972820830991088e+00,1.544014463902399381e+00,1.549885434051646582e+00,1.529218503843236210e+00,1.576661441128089480e+00,1.561292930295416603e+00,1.554714683183367585e+00,1.557701266030498743e+00,1.541155654228306915e+00,1.533862437213402208e+00,1.546104346363934123e+00,1.563589659587307334e+00,1.548556114525695415e+00,1.569740770583418099e+00,1.554355538555176608e+00,1.540036142295824639e+00,1.568604712549640734e+00,1.543845447651967184e+00
1.505506191518167114e+00,1.517937591419473486e+00,1.503998067972657227e+00,1.521953585296967670e+00,1.518118457100516627e+00,1.524723475289436969e+00,1.498943771623121757e+00,1.479519225833050955e+00,1.505256608595684220e+00,1.507152601738391162e+00,1.511983457391783636e+00,1.519552930956398651e+00,1.500311212132416694e+00,1.512805876056746435e+00,1.526849708396991412e+00,1.526518498008012426e+00,1.514411889150402146e+00,1.515166142922950154e+00,1.515538249290737438e+00,1.516777638020489150e+00,1.520604713850186807e+00,1.508571627554588401e+00,1.502159055441172564e+00,1.516971626547223506e+00,1.525913432745026332e+00,1.506375427217454765e+00,1.485592271962202338e+00,1.530811459195982493e+00,1.511959014659639777e+00,1.509110704470944420e+00,1.522197415639989559e+00,1.516357423653644343e+00,1.506355526092898689e+00,1.515839247238803367e+00,1.506757321675191719e+00,1.502914669575379003e+00,1.494913592981498729e+00,1.532963827678361479e+00,1.494374113749820321e+00,1.497029810928317550e+00,1.514893885914082139e+00,1.530162422304728098e+00,1.507804608976800242e+00,1.508763581420027533e+00,1.514139891877162247e+00,1.506792216612129254e+00,1.507534472947042792e+00,1.517554494299226953e+00,1.499985091444622887e+00,1.519799670555116666e+00
1.452275543788469125e+00,1.467548172042320465e+00,1.477523890648272165e+00,1.484121016248183489e+00,1.474214934445607916e+00,1.464405816710067976e+00,1.461079621254064875e+00,1.484424096849833230e+00,1.465916205707274100e+00,1.437822817431312572e+00,1.473150408760797392e+00,1.449402092570647893e+00,1.459899857395298595e+00,1.445712495965089550e+00,1.470609366782395178e+00,1.468193409139349592e+00,1.447782455769917709e+00,1.448822109776943368e+00,1.471376271510397071e+00,1.441458200290308467e+00,1.451231719241693252e+00,1.460289504339756128e+00,1.465720858730112486e+00,1.468769079477352912e+00,1.468856190212410651e+00,1.466357023733924070e+00,1.442098518842906296e+00,1.459471647506666248e+00,1.453849720180425686e+00,1.485807653377179349e+00,1.466788202047145662e+00,1.461428835296872730e+00,1.476858000105757407e+00,1.442371014483352809e+00,1.454720651430921219e+00,1.454161821715550307e+00,1.481197291874436939e+00,1.472254501744200805e+00,1.483318302261595001e+00,1.476116899751028333e+00,1.465293672384820667e+00,1.464231092336307327e+00,1.456159554576512249e+00,1.468929975049066528e+00,1.482657392268612817e+00,1.473899416011038355e+00,1.460477526577747653e+00,1.457195665948700869e+00,1.472833232402263492e+00,1.463194898688538803e+00
1.417464643835435023e+00,1.421441231431192165e+00,1.406109214202629021e+00,1.406642097409928072e+00,1.412855010278625478e+00,1.421387230107141741e+00,1.425507128966591486e+00,1.425052402024876264e+00,1.412992656070459985e+00,1.400347554767356950e+00,1.404355405070899954e+00,1.431626618438779808e+00,1.424809153918081606e+00,1.433283237521183695e+00,1.406744427636410055e+00,1.400771601514662956e+00,1.404603651570028644e+00,1.415222592984620276e+00,1.420026479132140196e+00,1.406747205350842078e+00,1.424050159306757823e+00,1.414446559441446150e+00,1.420807602945579617e+00,1.418445190782123166e+00,1.410029490903014437e+00,1.425367787934505914e+00,1.419816586497365973e+00,1.406970112204229739e+00,1.411441436600303634e+00,1.406809171294058025e+00,1.432324792072549924e+00,1.382683307267418504e+00,1.418149810868140293e+00,1.400771237924463009e+00,1.425251606066880949e+00,1.413153037243206622e+00,1.412786796338626694e+00,1.412696654465120272e+00,1.396623092773582542e+00,1.407439967222358090e+00,1.408226567590151967e+00,1.402646477109052769e+00,1.443455912572564115e+00,1.417817637799850816e+00,1.416875783022241819e+00,1.414663830930527499e+00,1.404267331119683826e+00,1.424636461092009698e+00,1.427062965334115363e+00,1.423981914316375219e+00
1.375398388902789870e+00,1.378092238840211037e+00,1.371109831580402671e+00,1.370925955267812357e+00,1.362427031804454236e+00,1.376642771642199614e+00,1.374683276441679425e+00,1.359027703541291432e+00,1.378679612893905615e+00,1.352436256347825383e+00,1.376933093604190583e+00,1.378022700999809835e+00,1.384853422390333488e+00,1.389713391354428618e+00,1.376259556523982797e+00,1.364799417354890521e+00,1.370936163837314758e+00,1.366364095120176536e+00,1.366998857237039511e+00,1.374293884835824597e+00,1.388270266158351918e+00,1.377220821371087922e+00,1.377882880917367991e+00,1.367067515896402963e+00,1.367128245585423452e+00,1.378389488000400620e+00,1.381883258658562763e+00,1.361334318642616781e+00,1.376754487777838820e+00,1.374026006019570367e+00,1.374938944849851019e+00,1.372166421197581476e+00,1.378444553863852784e+00,1.358888152953732886e+00,1.365883898170887178e+00,1.381267223511528863e+00,1.359447524028159160e+00,1.377692405504703288e+00,1.376070291656170452e+00,1.363921312100708549e+00,1.373401827337103587e+00,1.357278592857628752e+00,1.361796470377175883e+00,1.391626415311806975e+00,1.359491738469766897e+00,1.388679166165869949e+00,1.368626525201590782e+00,1.389131960059142967e+00,1.369524030186835661e+00,1.384566506836647948e+00
1.317388913981649479e+00,1.311823330741898497e+00,1.340926916695448279e+00,1.328980047576679535e+00,1.301112570998538498e+00,1.336796610429593191e+00,1.343031478606763862e+00,1.334031958599077639e+00,1.328404686069915908e+00,1.322859578929445945e+00,1.334004166243010658e+00,1.289090864720557894e+00,1.317220623679096647e+00,1.341060379942516256e+00,1.364017131688782136e+00,1.323016210417975014e+00,1.339736042548568040e+00,1.311771279771316578e+00,1.306869790734647152e+00,1.310090387459542427e+00,1.326746218324685200e+00,1.316735315513221982e+00,1.347968307667894550e+00,1.322622378862315262e+00,1.320524776036824388e+00,1.340416344543228222e+00,1.331794266939092086e+00,1.331428313702215593e+00,1.328007413917329460e+00,1.331556821567399185e+00,1.314492717417805157e+00,1.318135276592160343e+00,1.326716043737098172e+00,1.329198390556928011e+00,1.335606392113687368e+00,1.315244616556806134e+00,1.330257940286731833e+00,1.339660153685125366e+00,1.329901357200670153e+00,1.332400134383027845e+00,1.313163954184736193e+00,1.309088236513054060e+00,1.343892287852737955e+00,1.308691896294390977e+00,1.318770615343544339e+00,1.315607261057478494e+00,1.350114977815430883e+00,1.338594354697091759e+00,1.336758326545879116e+00,1.326650136861719620e+00
1.271484248977575060e+00,1.278361908543845127e+00,1.258228177160597427e+00,1.302525494809624318e+00,1.269878838427966006e+00,1.274187634347771603e+00,1.275996374879305950e+00,1.283784577421378970e+00,1.297361833983817103e+00,1.271560175183977792e+00,1.267210674551902949e+00,1.281640021393482431e+00,1.279313544587367346e+00,1.269438823865663757e+00,1.267015405326857858e+00,1.269283715953980041e+00,1.264644611627725901e+00,1.277463823978682855e+00,1.269367939837434678e+00,1.285142148163792575e+00,1.277569165447329791e+00,1.274604039967929703e+00,1.279014667730475230e+00,1.282286200188753389e+00,1.276868758785499214e+00,1.276697839306640381e+00,1.286097879779042774e+00,1.291927592566941563e+00,1.262013618153449146e+00,1.258378344061540144e+00,1.285432054244014521e+00,1.264674669188792677e+00,1.289770631509559617e+00,1.262365827558143527e+00,1.269271948135275219e+00,1.283569579697776852e+00,1.275736821738352678e+00,1.261888516469724442e+00,1.259604366238676443e+00,1.279837000906111966e+00,1.253421118293838399e+00,1.282206584470907629e+00,1.280795388299332593e+00,1.273592477581363180e+00,1.261281308769967913e+00,1.261432819991392895e+00,1.264020412088711298e+00,1.297494306856430413e+00,1.254149751791333811e+00,1.275682924473609203e+00
1.223241275813551354e+00,1.237402200815273190e+00,1.228244267621422470e+00,1.225333765670339137e+00,1.232745712075280053e+00,1.218299210482400641e+00,1.232999515783038236e+00,1.229607382755285361e+00,1.221175105409193939e+00,1.234389917169781858e+00,1.229417782887247235e+00,1.206620493509568126e+00,1.215454950084967178e+00,1.225797439599131788e+00,1.215888417006804056e+00,1.232876533832695021e+00,1.218081006200099514e+00,1.220506381188306566e+00,1.252315051217729458e+00,1.222228878424783671e+00,1.239220816880677534e+00,1.223727204642512278e+00,1.233560501883657290e+00,1.224660022861736142e+00,1.233290069486898233e+00,1.217477709636134442e+00,1.244294324913425287e+00,1.225044745665059498e+00,1.235468037936532815e+00,1.221112653790008107e+00,1.237243876733022718e+00,1.230914570680719633e+00,1.217676645457086870e+00,1.251281887856983799e+00,1.232973646039287718e+00,1.212797663816744587e+00,1.238137968634885011e+00,1.228880599162746057e+00,1.228159587499940253e+00,1.229124836372057716e+00,1.236498602643566702e+00,1.223303529532839828e+00,1.221975441631367731e+00,1.236086220163197025e+00,1.221497632610906159e+00,1.227987642929764478e+00,1.224546633840717158e+00,1.214964534932759355e+00,1.228548791557298125e+00,1.222514619287952575e+00
1.161429480100837131e+00,1.174639417218344750e+00,1.172388503985163366e+00,1.173497700473072891e+00,1.181025307009897940e+00,1.173662346291998615e+00,1.168761151627290218e+00,1.180814507423572968e+00,1.168344267996974439e+00,1.185639571310795448e+00,1.177302451193382282e+00,1.182562914899985440e+00,1.173848444241025746e+00,1.165106710704678417e+00,1.179535426238383256e+00,1.178479214472025749e+00,1.186812746347777781e+00,1.155576657476942826e+00,1.166462244396643033e+00,1.181363547698340177e+00,1.196025335729042016e+00,1.174212047857301044e+00,1.189597758565175800e+00,1.155648904473789651e+00,1.169853343743156637e+00,1.172798972725201727e+00,1.184880315241265691e+00,1.167019155006009612e+00,1.176760920472262439e+00,1.187531244509068440e+00,1.176529428427140811e+00,1.172944015097034720e+00,1.165637291267354936e+00,1.184623185909107423e+00,1.177841281815378283e+00,1.173010674558454092e+00,1.165258096522197917e+00,1.168552798683030192e+00,1.186423076102791185e+00,1.185877578160800194e+00,1.170629925976435670e+00,1.186590213329336896e+00,1.177636776761240345e+00,1.165804450757559785e+00,1.178644927889242799e+00,1.150521447667121056e+00,1.188260772632435236e+00,1.160113813001638627e+00,1.173307483455275690e+00,1.168776977183569210e+00
1.110641710473327715e+00,1.126618167345097898e+00,1.127670560141224465e+00,1.115451193017107601e+00,1.122084987145263835e+00,1.121392845275040129e+00,1.126472547714675754e+00,1.125059209286560780e+00,1.131278610166932097e+00,1.123419057180989000e+00,1.129867391735322357e+00,1.131992090877358637e+00,1.114789112537618809e+00,1.133972844433573490e+00,1.119004920486631249e+00,1.117456481521620804e+00,1.111866723559710390e+00,1.125468815424089941e+00,1.136801138945652490e+00,1.132427524951440390e+00,1.136025166703265921e+00,1.109047669641234801e+00,1.117921618051489929e+00,1.116157479747069914e+00,1.121067901162230429e+00,1.124943774434534971e+00,1.128591967765651960e+00,1.118408949394005258e+00,1.132825155037268550e+00,1.127595337997098213e+00,1.131394674377896425e+00,1.115260763307865721e+00,1.129125547267450180e+00,1.129045356949900603e+00,1.122437814399068312e+00,1.122221752072898093e+00,1.119231231175898511e+00,1.124030126922160200e+00,1.109009286869168553e+00,1.117471789164681484e+00,1.124418100002799070e+00,1.112957633889445352e+00,1.114445649418157158e+00,1.140209684328626016e+00,1.129744490765016041e+00,1.117632947133485599e+00,1.129254969337560421e+00,1.115123892113442983e+00,1.128916231970627404e+00,1.119858961584134338e+00
1.060526480837541197e+00,1.071086361922023222e+00,1.068912673393541679e+00,1.087001199403635932e+00,1.074722948450555826e+00,1.062916441475573404e+00,1.070727791149941543e+00,1.079632764707817660e+00,1.060675935195348529e+00,1.089072038243572127e+00,1.084266514770711343e+00,1.079412619940258722e+00,1.072316079753960816e+00,1.082771810340082519e+00,1.063939907477492008e+00,1.071384336594212838e+00,1.069196211112172001e+00,1.076645486449343325e+00,1.070923154518447218e+00,1.073125782526798355e+00,1.068277958604040068e+00,1.071022766820015626e+00,1.077376915922766631e+00,1.088571907639729996e+00,1.075332923506822747e+00,1.075937880237171074e+00,1.077183767008075055e+00,1.074807062838839533e+00,1.063671676254274834e+00,1.071860881498552631e+00,1.072786011548412910e+00,1.069438066167696766e+00,1.079212324648101573e+00,1.066275399460871354e+00,1.074117837035578837e+00,1.071956576829361296e+00,1.085227447883349683e+00,1.077011434952674929e+00,1.071522115048651136e+00,1.089723818029923130e+00,1.093221538162025830e+00,1.073816266149425491e+00,1.075571595913436429e+00,1.062027254123515618e+00,1.079622376405203532e+00,1.073682578812213073e+00,1.073849766611141066e+00,1.090778484346583088e+00,1.077976952172715608e+00,1.079062069843381710e+00
1.042681032976847444e+00,1.025063540364718140e+00,1.017364908343134200e+00,1.026333794826658874e+00,1.029696562532753212e+00,1.012489625562081441e+00,1.023820852893889910e+00,1.020509330028540163e+00,1.021027649228363199e+00,1.012143549921024954e+00,1.025775780357649269e+00,1.014896402361597838e+00,1.023401901180886586e+00,1.020043401963442120e+00,1.014448902604363045e+00,1.008543707194937467e+00,1.028761159024140559e+00,1.027984239156767954e+00,1.023987898879387792e+00,1.018592410251216496e+00,1.014639292747463006e+00,1.019234691682651350e+00,1.021566496147236380e+00,1.024266687201048631e+00,1.014295059700413670e+00,1.028077286152858205e+00,1.022896780236309366e+00,1.029010713676482558e+00,1.014443842557486875e+00,1.030034841864803319e+00,1.005673655212089734e+00,1.015614107075977879e+00,1.026000032351404467e+00,1.046628852140878196e+00,1.026126150911452095e+00,1.012446645396594347e+00,1.027491055924412366e+00,1.031340577210983822e+00,1.029913011067568718e+00,1.019531658570206556e+00,1.031044255883405869e+00,1.021067152447236337e+00,1.025946236952201662e+00,1.035165696810735447e+00,1.032841919019583887e+00,1.024329213276312212e+00,1.029029172462713637e+00,1.025151322040700919e+00,1.023829477053591619e+00,1.040252813612331240e+00
9.782761343263238762e-01,9.771661361668285695e-01,9.584659558150874226e-01,9.785602280122273067e-01,9.961742368408004200e-01,9.653819913245755835e-01,9.651700607356454853e-01,9.814283737012421405e-01,9.729766062911403557e-01,9.724879985039617258e-01,9.759047165718269801e-01,9.820001211584481471e-01,9.678401666947619164e-01,9.749787029086839363e-01,9.873328836827417465e-01,9.660751229068206269e-01,9.573549420099094487e-01,9.733357177069850152e-01,9.741651395661988788e-01,9.719884136033017930e-01,9.870030443514039575e-01,9.799619279705501507e-01,9.675973145165983613e-01,9.658021364617405125e-01,9.879146491551122899e-01,9.685916281489805879e-01,9.767277757780683523e-01,9.733777204214424383e-01,9.686344819563518227e-01,9.633893815075355027e-01,9.639053767564000896e-01,9.655343257086332898e-01,9.798524774453948316e-01,9.729485622925078125e-01,9.753727252797615987e-01,9.721075664738254574e-01,9.766693691515393461e-01,9.714049182688969664e-01,9.828737303477271814e-01,9.684219704315198962e-01,9.752644111336379318e-01,9.746093284961794279e-01,9.537465354926859540e-01,9.829286612770137266e-01,9.865669236138866482e-01,9.541866021344416193e-01,9.769912569712095873e-01,9.688987726904895181e-01,9.751446927861008307e-01,9.862891866471505953e-01
9.205333175347787389e-01,9.325320979223642448e-01,9.189972258867016297e-01,9.295877431759145271e-01,9.029202762121374404e-01,9.252410438797423753e-01,9.143495730120261289e-01,9.160371834334494201e-01,9.198396701040316703e-01,9.226971510062483839e-01,9.200067658236273926e-01,9.333954588564374877e-01,9.172698938580241546e-01,9.260980789348000064e-01,9.055031998470606247e-01,9.217304508440106181e-01,9.127694769014685905e-01,9.327359113918850531e-01,9.163977136114253019e-01,9.189962154931636817e-01,9.236428993358829498e-01,9.117371543492733821e-01,9.334728918226551375e-01,9.293626541317372425e-01,9.182551464969660460e-01,9.161003782341748947e-01,9.156307752551864354e-01,9.130528316201367289e-01,9.275656819145062792e-01,9.261993590731792958e-01,9.154022966019168539e-01,9.130978975389120178e-01,9.233135154207933182e-01,9.152960476324483174e-01,9.203671324141277088e-01,9.191649616779079546e-01,9.407818307288187132e-01,9.096857280197048201e-01,9.161777302552719382e-01,9.160457957380350180e-01,9.229484706751832634e-01,9.301955644445727422e-01,9.093238160938997838e-01,9.242483322713186400e-01,9.229715364125193888e-01,9.234503991839878578e-01,9.041082146837079447e-01,9.012217354686682391e-01,9.283707897256567865e-01,9.266943116191539431e-01
8.714822825220923663e-01,8.828459001914136239e-01,8.729900328358319861e-01,8.718052188696935323e-01,8.621994330321359756e-01,8.618730276834587478e-01,8.683930710711533774e-01,8.685478932505251715e-01,8.788807908811518965e-01,8.779878166714900622e-01,8.584424957040026616e-01,8.721705361454363814e-01,8.699244298649362328e-01,8.752479826133149343e-01,8.579771725933071913e-01,8.629085590525363836e-01,8.575386026416125240e-01,8.805067111174862404e-01,8.574050577753800084e-01,8.767491232537397705e-01,8.617544103825950375e-01,8.553207987324017436e-01,8.787774073415119958e-01,8.748773635888440481e-01,8.587908130133329321e-01,8.758936374171045758e-01,8.871456744838245312e-01,8.872904246595364475e-01,8.624920250803578270e-01,8.569073124158117505e-01,8.682870656807191168e-01,8.667361324939031331e-01,8.739361534294063372e-01,8.794724623392313756e-01,8.685614559679953883e-01,8.780634878138976473e-01,8.645244849584169389e-01,8.522851664320094667e-01,8.634073703532439970e-01,8.743330062459673258e-01,8.716377384793640992e-01,8.794274210300964123e-01,8.741774142529719072e-01,8.701999704775914557e-01,8.629932512692749524e-01,8.660787716257756230e-01,8.606693767155502162e-01,8.652838501733786103e-01,8.661621682022132562e-01,8.697418831816663420e-01
8.154109274774226090e-01,8.131181756463943255e-01,8.166550477497876992e-01,8.183767593906138282e-01,8.267664031299162275e-01,8.285773370004916316e-01,8.156159608959526741e-01,8.236856111378575429e-01,8.073062276365685630e-01,8.268061655603387017e-01,8.213716111790242413e-01,8.258775926885332241e-01,8.105184004024165167e-01,8.124601187257390889e-01,8.173604129714491240e-01,8.071705777215982813e-01,8.155924986371131391e-01,8.211856364404838127e-01,8.105069310607933009e-01,8.096444433773499760e-01,8.120793299540497445e-01,8.125949083544089513e-01,8.197722714549104950e-01,8.242092084269987406e-01,8.144173401635761422e-01,8.147619061990788447e-01,7.936788599962945057e-01,8.306554286601581794e-01,8.132490334747444205e-01,8.130099787519160515e-01,8.165246634116775093e-01,8.128641083320911065e-01,8.225925481084835900e-01,8.199789015372325185e-01,8.199888056696942318e-01,8.126771900083650246e-01,8.267135642578760102e-01,8.161919404063727734e-01,8.155697797174247254e-01,8.145822899649790561e-01,8.081398077467806251e-01,8.377814280456081786e-01,8.136129288030304885e-01,8.227395339378181793e-01,8.238417100780519586e-01,7.896174386144806379e-01,8.027955545131797432e-01,7.928805777829373014e-01,8.163074549146359660e-01,8.171002425527881252e-01
7.748892153362985091e-01,7.649418482397460917e-01,7.632714217204796814e-01,7.663536853346863964e-01,7.717424587545197445e-01,7.676993625209536098e-01,7.668600562461267423e-01,7.549492162993318711e-01,7.621428870631803409e-01,7.596407134391300886e-01,7.621392124454579031e-01,7.733953112694577081e-01,7.533629646646323730e-01,7.645288152100293555e-01,7.639875419020117908e-01,7.569684214545410184e-01,7.617992334969848622e-01,7.644252559738456965e-01,7.702178917287225701e-01,7.602326273218550368e-01,7.771760396054485653e-01,7.676642891736698004e-01,7.555358413287481811e-01,7.670718070620423656e-01,7.674558435987717253e-01,7.757350357662755602e-01,7.664869965019401876e-01,7.589517936960766820e-01,7.609638157018390192e-01,7.688143693045121907e-01,7.693560812910308355e-01,7.634410829385612773e-01,7.699103691580382325e-01,7.774614926253475833e-01,7.645372495867762686e-01,7.841064977813276826e-01,7.739804738846915999e-01,7.650443312338763846e-01,7.597084697757093830e-01,7.735568050322492173e-01,7.649767798822280085e-01,7.633239042155529619e-01,7.757861939918659910e-01,7.574628944819652432e-01,7.428449885532315555e-01,7.715651011366786438e-01,7.715104013450715392e-01,7.659518747923883542e-01,7.602122808446108992e-01,7.509905355934640703e-01
7.246740071786585968e-01,6.963080199081853605e-01,7.110724279031790385e-01,7.118783239591297551e-01,7.168132874568502455e-01,7.115492126839882969e-01,7.233263726295682261e-01,6.988139156804620278e-01,7.324796129959614266e-01,7.069309729929630359e-01,7.238555795489620692e-01,7.189790858864775203e-01,7.084350866981984352e-01,7.036571002507615580e-01,7.131345224747821510e-01,7.200679770802147495e-01,7.174744170868665449e-01,7.151250329880839418e-01,7.119796183276728696e-01,7.120453033298026480e-01,7.115032416820789019e-01,7.124683083128631189e-01,7.175100245676482302e-01,7.193444695880165662e-01,7.159529261994332927e-01,7.114703324797734263e-01,7.101538085335018513e-01,7.235352321439956214e-01,7.246804986865225118e-01,7.243508812360091031e-01,7.223857224194553117e-01,7.198639110557133458e-01,7.137252920764457498e-01,7.187109972255449897e-01,7.170431345906074228e-01,7.111778462969204906e-01,7.130956895540075946e-01,6.957233428987414925e-01,7.243700206848889822e-01,7.061346453436816439e-01,7.121081366453839712e-01,7.172917676649704921e-01,7.255692580368765521e-01,7.095778496849541872e-01,7.208528919731904683e-01,7.238552782726150880e-01,7.071546632849776692e-01,7.163938868414660988e-01,7.195951318209489189e-01,7.186212231949234974e-01
6.643928673511453331e-01,6.605166939066496878e-01,6.698381930885192181e-01,6.582751815307529286e-01,6.644076322319013572e-01,6.615118113950105849e-01,6.784422247338961487e-01,6.597244955313158465e-01,6.375316023814129318e-01,6.609459333708249673e-01,6.507797437593638712e-01,6.618290977105439898e-01,6.677638326202662844e-01,6.512892205641561683e-01,6.577654395734747750e-01,6.573519491767914058e-01,6.528389015294480124e-01,6.608636613396575710e-01,6.565534379522129926e-01,6.728329667570803752e-01,6.716037097344487172e-01,6.800851492977969537e-01,6.528855370723106732e-01,6.576470634819380212e-01,6.637031085598852354e-01,6.468470911918982047e-01,6.579356304194770022e-01,6.582080399991051545e-01,6.628468449085233027e-01,6.582972356786429557e-01,6.639755391684075692e-01,6.704576146627454492e-01,6.673779889317300595e-01,6.554905304120930420e-01,6.784577257702855135e-01,6.587045890044506136e-01,6.634026702586670599e-01,6.759296391927682723e-01,6.735104938886713466e-01,6.623412866315340208e-01,6.536547074636128718e-01,6.641999951463851692e-01,6.646360790711863809e-01,6.476578869060040100e-01,6.678601510675018504e-01,6.633533274045280148e-01,6.690132675778815985e-01,6.574837569809622861e-01,6.682555695714909039e-01,6.608545977814797023e-01
6.086291334703705092e-01,6.004277297942818281e-01,6.063377199181547716e-01,6.164027648722619768e-01,6.171923049103139602e-01,6.138072653134571954e-01,6.191170610210702252e-01,6.127494116173500815e-01,6.155516515259255028e-01,6.062192254355148746e-01,6.153907969691484459e-01,6.014253984762226724e-01,6.128839335404001609e-01,6.175957415935711126e-01,6.172269808262925705e-01,6.138821397604828922e-01,6.053674477447905655e-01,6.174160548051549346e-01,6.102862450978852049e-01,5.894830256107167488e-01,6.092960951323640462e-01,6.140194489875224759e-01,5.983101551671186069e-01,6.110861198005703709e-01,6.113326402895491452e-01,6.227891159129032017e-01,6.114582185708639095e-01,5.986299373653690692e-01,6.167733597919482502e-01,6.074088194314518629e-01,6.158055700882891781e-01,6.149539686718217268e-01,6.156481343610882284e-01,6.129909266062959494e-01,6.207821516185253463e-01,6.069588504345986291e-01,6.042898984578786159e-01,6.130185788813360404e-01,6.085352746277751246e-01,6.187514242905459705e-01,6.181353051083718908e-01,6.105812786343755016e-01,6.001462899856518929e-01,6.146978682191621690e-01,6.152247693841539355e-01,6.207174407065650934e-01,6.118534308441906377e-01,6.101036903091376917e-01,6.127360344222007038e-01,6.083856791726732771e-01
5.578572275411277648e-01,5.642669225976214564e-01,5.662485841918443175e-01,5.612121452750459261e-01,5.582481313789822153e-01,5.597740914584067307e-01,5.664477118406413547e-01,5.687337304956463502e-01,5.650997452686373768e-01,5.665072536166814166e-01,5.589288335389108742e-01,5.636628083783460363e-01,5.561634340801816512e-01,5.535023044378354351e-01,5.440820673144071140e-01,5.654442922105544778e-01,5.679852504098271693e-01,5.685507311844336664e-01,5.617557884251132005e-01,5.633004942190127373e-01,5.513029024067201966e-01,5.668294797980516497e-01,5.568719000197033253e-01,5.684540588890116819e-01,5.642170555201837523e-01,5.579789093123347365e-01,5.487356995820475980e-01,5.592128996277001551e-01,5.506779688592982058e-01,5.768971201143471284e-01,5.628417138197998604e-01,5.640947078372715584e-01,5.739669202306899587e-01,5.586430001545207302e-01,5.627730212557474632e-01,5.563793497698631407e-01,5.676832586355197163e-01,5.580418017793451479e-01,5.625321654677907235e-01,5.584302975808819181e-01,5.706091901549258383e-01,5.654123310290417592e-01,5.698522152929649254e-01,5.701040537910110340e-01,5.559351644594608954e-01,5.702199582142007950e-01,5.595932340808169592e-01,5.626037852123786376e-01,5.477566488713129234e-01,5.566352579517493959e-01
5.171984880132796114e-01,5.152363967963881075e-01,5.140113782394631903e-01,5.136286033056399747e-01,5.057490041952652504e-01,5.221210630446342371e-01,5.093828494087466741e-01,5.075891501386315952e-01,5.088407388075316673e-01,5.159805601382266849e-01,5.177978944435162045e-01,5.161756813658013865e-01,5.133612208224515028e-01,5.133111782469240714e-01,5.064781756509291188e-01,5.141899240142859817e-01,5.215698962339527789e-01,5.098052339300639391e-01,4.982194815328810922e-01,5.168871268553282272e-01,5.006243731646500272e-01,5.006756443542895729e-01,5.131233566925910150e-01,5.141000090654141985e-01,5.161069790169143801e-01,5.150489292599089719e-01,5.170939016904166907e-01,5.095907101975111209e-01,5.158515646044515846e-01,5.117942411645491907e-01,4.933797364361685034e-01,5.164261835105792287e-01,5.164954819453267953e-01,5.223254110762233227e-01,5.177481116338250589e-01,5.174416455003846282e-01,5.228932908996385409e-01,5.163797659344709912e-01,5.192444320799831647e-01,5.017962972121202680e-01,5.049979166693597810e-01,5.170884136697903033e-01,5.116312921888427345e-01,5.175886560513026646e-01,5.180881410345439253e-01,5.295032924100607774e-01,5.199566082611343232e-01,5.246458352587278773e-01,5.186898438594469418e-01,5.140417257227202219e-01
4.743047692185072828e-01,4.687548342337136131e-01,4.582464247478332253e-01,4.638788380251336330e-01,4.626182445835795298e-01,4.594284929290282093e-01,4.700504849014311426e-01,4.659066256526194216e-01,4.694921673447886579e-01,4.647756936163405794e-01,4.593863737814250503e-01,4.685183320677754892e-01,4.621795396431769842e-01,4.679686981417267577e-01,4.607237247902735700e-01,4.562676648048991646e-01,4.697001214806308944e-01,4.634022912627723256e-01,4.691372669622198566e-01,4.697817321006070301e-01,4.721291122161817011e-01,4.859092048750474069e-01,4.566616361701935634e-01,4.819380421689778426e-01,4.678118261693657298e-01,4.640286772940037663e-01,4.734417604023580251e-01,4.673231642404299113e-01,4.736182231934906728e-01,4.733499811374022315e-01,4.613073900199935462e-01,4.658842433272869510e-01,4.568760389596122073e-01,4.638328407981174850e-01,4.592828558419499996e-01,4.617089901757901460e-01,4.738128450735260011e-01,4.545626244860560550e-01,4.615927586435789598e-01,4.608951161711959954e-01,4.599002320719610681e-01,4.681135793577109183e-01,4.654496018841337013e-01,4.628001034302930972e-01,4.634407162585932327e-01,4.685129078752870435e-01,4.558746959376993590e-01,4.669659784775684330e-01,4.489532695397170925e-01,4.760494247287166969e-01
4.285253539239434195e-01,4.247962120158972343e-01,4.189629313829755786e-01,4.262948814691081556e-01,4.206286698270007562e-01,4.192985513633951111e-01,4.151876046086508953e-01,4.144163315989728980e-01,4.214188502490035515e-01,4.223862656628861734e-01,4.132645212550585256e-01,4.100143402794010905e-01,4.084968801124970739e-01,4.199776551316243833e-01,4.146541875319108561e-01,4.241934968343450407e-01,4.130083952607102593e-01,4.127534911414613705e-01,4.233525057770234357e-01,4.085097596286343391e-01,4.234594763253787253e-01,4.183497581208424076e-01,4.112665061170774350e-01,4.206463969875153808e-01,4.159329273041676989e-01,4.160504493093045153e-01,4.177596769866688819e-01,4.106035387528006453e-01,4.204913512850859125e-01,4.281125201882789444e-01,4.202833114089870592e-01,4.239678564360891966e-01,4.117540898345256606e-01,4.227265570513188964e-01,4.211850547438495962e-01,4.143401605191460169e-01,4.227572367007929599e-01,4.114139595430428287e-01,4.249814124064028031e-01,4.268011508642509666e-01,4.306161451479668112e-01,4.236126983958494741e-01,4.101639696207944330e-01,4.201284430267732684e-01,4.280482115489522843e-01,4.243527300054568130e-01,4.187483588066689411e-01,4.090854983697176928e-01,4.264980117634857848e-01,4.113121529524891851e-01
3.651435481666383542e-01,3.623230691745867871e-01,3.795409653314710252e-01,3.751927389364131948e-01,3.706991923480863482e-01,3.727088723051055208e-01,3.769105083341688367e-01,3.717332991934785280e-01,3.694735147518177776e-01,3.639849981344185359e-01,3.786235479082758482e-01,3.612666836311179130e-01,3.676393635829326989e-01,3.734764647841476437e-01,3.740507272239461667e-01,3.669566199768578563e-01,3.715453328290126422e-01,3.686470928580126150e-01,3.749335642507736766e-01,3.699770113485152390e-01,3.768703649518015397e-01,3.703213450244144389e-01,3.726078804193274641e-01,3.641411887707964312e-01,3.597728142681821395e-01,3.612258007046114661e-01,3.575166651296547426e-01,3.728391392286355410e-01,3.612149728344065669e-01,3.837402876215535441e-01,3.749722884210898721e-01,3.671927108017637997e-01,3.649292166448983021e-01,3.670921763167221963e-01,3.874704654658192582e-01,3.764547668567008731e-01,3.609993856541375279e-01,3.777747473796808086e-01,3.591169484283076030e-01,3.789603810565917441e-01,3.655517645259420689e-01,3.754500510626735399e-01,3.760842445053546590e-01,3.759132268492394457e-01,3.571104070392205898e-01,3.722483374975135151e-01,3.878583321877292489e-01,3.661177670927418526e-01,3.738673545730247239e-01,3.621982955727910958e-01
3.158009928471756100e-01,3.316155603034769417e-01,3.310285259056734986e-01,3.342566292595066657e-01,3.267600908448724528e-01,3.287124476626675507e-01,3.252222596590284009e-01,3.343649785271932684e-01,3.250594651406857882e-01,3.265838913030548740e-01,3.279446226723484181e-01,3.305741010523300938e-01,3.355959461680204647e-01,3.195612935826482870e-01,3.234754406003602645e-01,3.267468268898457984e-01,3.234423613832961286e-01,3.224376526112638364e-01,3.220684843388721963e-01,3.242325152149428957e-01,3.315022901117107290e-01,3.259804600205328251e-01,3.287901208773074679e-01,3.248308378009674979e-01,3.265495714840873642e-01,3.251127013129269105e-01,3.356639758533582762e-01,3.291148858212621375e-01,3.287091915291724953e-01,3.206028538901523062e-01,3.224589445874924687e-01,3.250510644261340731e-01,3.352994603006542174e-01,3.268052812018473197e-01,3.206442228156187180e-01,3.240300121153498192e-01,3.252980125807302669e-01,3.366224041854232740e-01,3.191095113964199093e-01,3.347491898349292949e-01,3.353137092191163515e-01,3.243882727194494220e-01,3.354390556327879191e-01,3.325185365478672828e-01,3.316621955192131099e-01,3.215348942007151822e-01,3.261590236547668442e-01,3.337565185631448106e-01,3.222112156934940908e-01,3.256031299372723065e-01
2.873017034052118279e-01,2.812292100582514665e-01,2.866511634350654147e-01,2.834741804212075889e-01,3.006001577589578755e-01,2.896973448977155363e-01,2.818569127407037911e-01,2.768928682435512489e-01,2.953144753806343781e-01,2.820912422534544439e-01,2.786337550777071570e-01,2.920693653311320914e-01,2.880330453092799226e-01,2.920030268328343559e-01,2.831004896956965666e-01,2.866981085158050169e-01,2.878004343873178938e-01,2.789734644311402390e-01,2.821457226203779034e-01,2.875311774810956900e-01,2.828634559262671044e-01,2.842694909859113661e-01,2.736832407304354287e-01,2.928711868214581848e-01,2.836666082389758814e-01,2.733008349850941654e-01,2.787223186639976036e-01,2.841334030767273533e-01,2.790567019480847399e-01,2.904457110620153326e-01,2.871246484999637749e-01,2.876102445099456562e-01,2.883374127233158668e-01,2.778439156006312083e-01,2.926850223684202557e-01,2.869992767158808800e-01,2.869705471103695671e-01,2.858602624442682094e-01,2.925443085523332098e-01,2.840660656790268135e-01,2.874029748002007723e-01,2.926625006651062399e-01,2.887416248250908590e-01,2.853639289460982442e-01,2.877854281274051518e-01,2.869735598685788647e-01,2.850284177396961161e-01,2.820164786976159799e-01,2.857036023816328374e-01,2.844218694319911589e-01
2.494355208072414065e-01,2.519286559337641784e-01,2.510668435435268742e-01,2.420456536213988485e-01,2.454854805717665844e-01,2.458335661503735503e-01,2.460177762840262683e-01,2.467218952135629417e-01,2.496634754143015611e-01,2.418651136445056082e-01,2.488437823667262183e-01,2.491919947597064366e-01,2.475785930435491500e-01,2.518825931368988136e-01,2.479709959902537952e-01,2.481159792059086933e-01,2.403971367632627698e-01,2.464913362895456705e-01,2.431717047726704439e-01,2.426444662623133131e-01,2.349502037531371323e-01,2.426373218797434339e-01,2.463012662330019142e-01,2.439906677072903873e-01,2.486579394054002912e-01,2.376394127772061271e-01,2.383805704353337551e-01,2.347553181516674192e-01,2.395238798281731363e-01,2.371571706276942582e-01,2.431807472539219972e-01,2.402096485807068971e-01,2.402522892637669882e-01,2.431629537339971836e-01,2.416062092232511560e-01,2.501302878254824114e-01,2.413677513660925644e-01,2.324638425214821946e-01,2.376196899983550603e-01,2.395164549357282346e-01,2.495874489874406466e-01,2.430753078581329440e-01,2.440803057522476782e-01,2.344529809872824277e-01,2.458942778131155138e-01,2.476674958979347141e-01,2.458708788753035945e-01,2.384082928811225022e-01,2.491960585344912549e-01,2.404896450922087703e-01
2.040716532385194459e-01,2.041057332289014925e-01,2.095441514775721881e-01,2.024751963846619096e-01,2.098479239381594863e-01,2.032958555750472296e-01,2.046441636734509795e-01,2.000722900403759663e-01,2.111053687593021644e-01,2.058612119684676001e-01,1.959217615355917375e-01,1.973979154641895828e-01,2.082767304938533404e-01,2.032727425172839719e-01,2.017945228612129105e-01,2.053635062160764080e-01,1.944157656572307324e-01,2.036293765931010691e-01,2.001419553019588848e-01,2.063900553219812917e-01,2.080239990349132262e-01,2.003672411838302858e-01,2.059434490287824215e-01,2.026677359062465655e-01,2.087116752978027401e-01,2.028159834836876507e-01,2.054056036110031014e-01,2.079712079559714044e-01,2.007480876502253098e-01,1.989102148575791484e-01,2.084931221260525047e-01,2.067551590870090328e-01,2.077069378259367438e-01,2.115689385737799799e-01,1.981417992563835606e-01,2.054542065552404373e-01,2.021084179402192205e-01,2.032693758397383921e-01,2.120749358365998372e-01,1.962754965887374969e-01,1.976086433880037685e-01,1.999489500605048931e-01,2.049605572631781059e-01,2.043018508441529768e-01,2.041789987593547184e-01,2.055263008724277640e-01,2.024951527139695617e-01,2.070697642868973565e-01,2.033254159327523014e-01,2.071482411433841486e-01
1.708882317882241819e-01,1.667655841169899678e-01,1.683553658786168805e-01,1.771752709820658966e-01,1.757483239619657966e-01,1.680246477130344640e-01,1.656337850093324016e-01,1.664286328367285961e-01,1.680267618796743578e-01,1.684245654799544079e-01,1.683741469048743999e-01,1.637078040711007487e-01,1.723324782623601725e-01,1.703959343686604067e-01,1.683294479091518303e-01,1.661966504721330840e-01,1.657125432463308345e-01,1.686083449949011825e-01,1.658819291296659837e-01,1.717495505961833535e-01,1.660476613168388182e-01,1.695703431808600059e-01,1.753704719715943328e-01,1.622315241998772140e-01,1.643022920301440704e-01,1.698509307185087358e-01,1.667015384572459735e-01,1.659435891108147765e-01,1.648442251522814206e-01,1.658356950997448009e-01,1.700232704189572341e-01,1.663008223577404909e-01,1.674848394389699124e-01,1.705076034841085109e-01,1.642951412324610838e-01,1.700922696228502617e-01,1.630090881437745998e-01,1.728928946051339344e-01,1.716892964013562728e-01,1.656945388355952342e-01,1.722756546527162147e-01,1.632157223940643997e-01,1.709989018704875796e-01,1.718616254612637395e-01,1.709489834413358000e-01,1.703778558868352666e-01,1.669703409369400204e-01,1.670494806315118153e-01,1.706358846216400049e-01,1.681404517624582318e-01
1.326719126063062026e-01,1.371635294505198222e-01,1.411541397616292159e-01,1.342867619206975505e-01,1.348336334827911487e-01,1.374870553261491324e-01,1.310762716515883053e-01,1.350043994762952504e-01,1.322851422116161912e-01,1.373401665958710327e-01,1.284020279669076947e-01,1.341694804104378580e-01,1.396997124554841818e-01,1.392618391756725305e-01,1.339001522310080960e-01,1.365246590175809571e-01,1.320240394072914325e-01,1.267448089565821889e-01,1.330044732363210302e-01,1.309891923969911942e-01,1.401445238155118456e-01,1.300565669840478555e-01,1.317283553337061097e-01,1.289108971248312252e-01,1.295826984931196524e-01,1.357464471587000732e-01,1.354380240796649038e-01,1.328969197874641794e-01,1.387158127262344831e-01,1.335744744397786288e-01,1.326473161459330863e-01,1.361687258199535400e-01,1.397196200030115243e-01,1.333206987687124978e-01,1.332936989029905039e-01,1.307193065649484565e-01,1.322899940498294402e-01,1.316754854928963991e-01,1.317263157544519281e-01,1.310194099544833846e-01,1.334398047879629956e-01,1.325659287082812110e-01,1.369892036710839978e-01,1.396525481386405587e-01,1.281585265190854916e-01,1.333381249740411834e-01,1.345378003946698930e-01,1.331015592704653805e-01,1.276314123841704173e-01,1.368132112411594714e-01
1.009201353222772130e-01,1.042823635564986001e-01,1.002370004369927264e-01,1.052050601476715724e-01,1.028809414652801235e-01,1.046434448384698651e-01,1.038967688589603477e-01,1.016144284591567193e-01,1.064578754628191654e-01,1.023992178484010168e-01,1.029224690886515886e-01,1.057529406715006642e-01,1.048705420928081056e-01,1.013041098792513695e-01,1.006790481367508122e-01,1.026349340884466776e-01,1.014212218865086362e-01,1.091242522073294363e-01,1.033647947545715678e-01,9.834980724492661808e-02,1.016553996849857561e-01,1.025916128453033399e-01,1.012975369611928272e-01,1.076165085186675946e-01,9.738715978478705571e-02,1.001776256211162064e-01,1.025656091309203599e-01,1.013324058067518602e-01,9.984290062482815975e-02,9.816006553461852080e-02,1.055590559864122424e-01,1.041659235467169153e-01,1.065305138237297028e-01,1.028167769979174279e-01,1.013439280747603782e-01,1.044554252422599527e-01,1.045248806583632672e-01,1.000078477549024569e-01,1.052348963117903657e-01,1.010845013745014787e-01,1.019646248040631670e-01,1.012056055289072692e-01,1.008549631896852317e-01,1.019920471553633773e-01,1.054665058071449224e-01,1.056164145344875710e-01,1.059676815270864242e-01,1.005856008161002124e-01,1.032655433801325517e-01,9.928539982590753321e-02
7.075506005010308297e-02,7.411017106649463171e-02,7.315513493047544336e-02,7.629072474217725441e-02,7.220467315194743774e-02,7.162855029176970478e-02,7.366990906158657482e-02,7.373735742295128848e-02,7.193288255683227828e-02,7.089323129932280365e-02,6.927749619874777609e-02,7.424713451330677838e-02,7.384494469695486452e-02,7.380645074638116088e-02,7.399202725803583069e-02,6.997183351323740808e-02,7.426340332061941163e-02,7.601935447441349192e-02,7.428187622397317003e-02,7.726402257369992255e-02,7.135772750565226585e-02,6.914748727409635032e-02,7.307623593535859940e-02,7.152782421033505866e-02,7.283704147677837193e-02,7.794254656716873009e-02,7.338303168778327612e-02,7.301158993930235985e-02,6.783081180211945893e-02,7.609987045044019904e-02,7.789612110392661604e-02,6.946744826202493062e-02,7.058771324762179444e-02,7.095571361764495266e-02,7.022803351737606781e-02,7.469137933208103153e-02,7.546092354584522932e-02,7.581339340477766253e-02,7.119394474621947022e-02,7.381524094326301355e-02,7.338163127714840417e-02,7.394809186198449125e-02,6.984405717984949746e-02,7.713571291280242603e-02,6.827552813775547569e-02,7.181630157916159274e-02,7.443174277585176690e-02,7.627024271633314756e-02,7.128611558086700439e-02,7.400437566328037231e-02
4.842493613543091824e-02,4.878870823896113568e-02,4.786559927210274484e-02,4.810817859336972979e-02,4.400414355486830659e-02,5.072687288805615563e-02,5.142570702901172464e-02,4.667582560989604057e-02,5.095792734973374205e-02,4.864984513845709013e-02,5.018138982785316782e-02,4.830472695436081876e-02,4.653326524747761900e-02,4.515250244416026126e-02,4.820652589578362790e-02,5.118050917101120423e-02,4.531551331605483679e-02,4.523289039580725979e-02,4.784735810230897335e-02,4.383639299495624420e-02,4.652492477892677947e-02,4.881234909531290828e-02,5.146693470207691634e-02,4.852042238923267442e-02,4.870150464689421838e-02,4.534891201843049835e-02,4.875530505305802897e-02,5.045436833642648333e-02,4.855518869999644188e-02,4.645041146583497871e-02,4.662365514415627021e-02,4.885946871900595512e-02,4.515225230378883126e-02,4.595722218299255063e-02,5.137768755107306046e-02,4.718545930243200209e-02,5.040930540307074492e-02,4.518792684146479693e-02,4.675030383710417764e-02,4.919483804230195823e-02,4.695093345294244769e-02,4.657355742106802921e-02,4.854284624495137923e-02,4.774910014247012863e-02,4.972661531693222531e-02,4.569543385396238055e-02,5.018990266912856657e-02,4.859972963725182199e-02,5.170571377667180363e-02,4.770800236359267615e-02
2.524964291288355270e-02,3.107744913241381260e-02,2.699992208409332864e-02,3.146233621831572014e-02,2.899906181856901771e-02,2.536424725026726126e-02,2.507737458076700343e-02,2.500091274186145088e-02,2.672146102591545919e-02,2.855111152438247549e-02,2.496178425426745159e-02,2.949757905899891980e-02,2.689807421878877627e-02,3.231744114548205926e-02,2.547297515563683168e-02,2.483249180252537422e-02,2.472342071112431858e-02,2.969940137260400695e-02,2.987044065941692195e-02,2.751603170726404229e-02,2.753764575463397285e-02,2.818575566972238849e-02,2.563918436809047713e-02,2.906692888232096858e-02,2.613550654776318830e-02,2.865164027484336587e-02,2.840240055464966773e-02,2.729261148147470867e-02,2.613116914952462108e-02,2.755402031399436028e-02,2.727459027269244635e-02,2.642951722051983116e-02,2.754083718411094034e-02,2.459130010018713980e-02,3.087800109501604578e-02,2.619938704982650857e-02,2.664607585754428382e-02,2.702757057414784114e-02,2.771858637540606379e-02,2.792294711352141107e-02,2.609662184117192765e-02,2.874545355551308759e-02,2.829096570842016406e-02,2.647596601705037508e-02,2.744267702774115525e-02,2.630108255654091398e-02,2.585487667105329165e-02,2.672788118728913059e-02,2.674265882477366504e-02,2.805540395193699063e-02
