3.546400774781619837e-03,3.561878192335817938e-03,3.536824731639590103e-03,3.498686772556513537e-03,3.528109102766100943e-03,3.585302022303857826e-03,3.502572434864660144e-03,3.500992585894304072e-03,3.552458919562639234e-03,3.567586452641355148e-03,3.539243959503740426e-03,3.492363363750352386e-03,3.563475119991042252e-03,3.555875556364432831e-03,3.511111799973873088e-03,3.546942857046550459e-03,3.545953428295400573e-03,3.538204538602040660e-03,3.561474859333625329e-03,3.555030460529034868e-03,3.511154476968647142e-03,3.522311503441765031e-03,3.572640893228105820e-03,3.579587108010927419e-03,3.460662532009330019e-03,3.543723737336910637e-03,3.561670512473922960e-03,3.561516318535870237e-03,3.518832019102413177e-03,3.546705300433294385e-03,3.539569327013875402e-03,3.509653015072226184e-03,3.547204243211071056e-03,3.501820087031550476e-03,3.527049792864811115e-03,3.525489025618052091e-03,3.512713862806774150e-03,3.571215390506325173e-03,3.511964434009609733e-03,3.528093401119836506e-03,3.570405832887692862e-03,3.535467105107530355e-03,3.594009971266991753e-03,3.553218607158729458e-03,3.508400776314890036e-03,3.517527828767543635e-03,3.535511048627320782e-03,3.546953725264849738e-03,3.549323871917798440e-03,3.520143972290404322e-03
3.541780961138472211e-03,3.555420418989099600e-03,3.503762992518323280e-03,3.489470380774146313e-03,3.550518308523354771e-03,3.515900192350509840e-03,3.534652046617824291e-03,3.511322669878471150e-03,3.490617754995761768e-03,3.534590053605407654e-03,3.585637970943662302e-03,3.535049196394446022e-03,3.543306221023250456e-03,3.538262259574139878e-03,3.524494981602755653e-03,3.488184980022021944e-03,3.531222401354056854e-03,3.523150108776202088e-03,3.553261549766695976e-03,3.556007216876806796e-03,3.499918606145672149e-03,3.535114174380977765e-03,3.528132845715594140e-03,3.510437807327725004e-03,3.551908513067032758e-03,3.476719493914592462e-03,3.561555253772865672e-03,3.536775165331530399e-03,3.520715444018634576e-03,3.523755484942085129e-03,3.540471413667008096e-03,3.535857790251628347e-03,3.466225756603239991e-03,3.488439119533634589e-03,3.519017955583928110e-03,3.542697997023485073e-03,3.557805410859724536e-03,3.537967958108989650e-03,3.483567241239265023e-03,3.559472288580903254e-03,3.543719399892983173e-03,3.574914974197148081e-03,3.483566232051116610e-03,3.552795148557017033e-03,3.577866568188411544e-03,3.540755557692764829e-03,3.570494566468923429e-03,3.472237780778305704e-03,3.539826007343957730e-03,3.540383717006250625e-03
3.474119065695256865e-03,3.481591596401390973e-03,3.524577344320582988e-03,3.540947592465808636e-03,3.513495841807977652e-03,3.548174620067660705e-03,3.502971994729838119e-03,3.495084108017915223e-03,3.538232104993928578e-03,3.529157301636414411e-03,3.514867773584924495e-03,3.551569209773151187e-03,3.528317260583705654e-03,3.524822414913253432e-03,3.570349420868810728e-03,3.565833566222538931e-03,3.520509277443464695e-03,3.556247455672334294e-03,3.611128108636186759e-03,3.534452049498457843e-03,3.516006450394845891e-03,3.513635462494658652e-03,3.532972844114279452e-03,3.545644368392051812e-03,3.489353645836493819e-03,3.615579535429941978e-03,3.479317828235641962e-03,3.508898891312452108e-03,3.489854482010101237e-03,3.503756026623493572e-03,3.574964491769965381e-03,3.513702534430032404e-03,3.563462428697859209e-03,3.544709483776636427e-03,3.589634789358003841e-03,3.524018360372985215e-03,3.553683533919698573e-03,3.518521638279240374e-03,3.510352088328404490e-03,3.544640380367242421e-03,3.483193424307761549e-03,3.537110656619812336e-03,3.546887785976791333e-03,3.514947059731615524e-03,3.513023090245528165e-03,3.490451840654584890e-03,3.536792079194964796e-03,3.541551907996205121e-03,3.600474550249393568e-03,3.594402249397319216e-03
3.537797360192410263e-03,3.530541291336455716e-03,3.509269908111349763e-03,3.525930707634241604e-03,3.546624321637020360e-03,3.553213683892904925e-03,3.497767127217068627e-03,3.521033918865845193e-03,3.576536958425188990e-03,3.483984027361131455e-03,3.564087152808039730e-03,3.615152804778891914e-03,3.510448476306736020e-03,3.557292844543051037e-03,3.558319288281284586e-03,3.515580542086078203e-03,3.519600542595431591e-03,3.503806411665045736e-03,3.526163165863525299e-03,3.527086828956960390e-03,3.512381708794384480e-03,3.547272389740219883e-03,3.542979306644019558e-03,3.525593928867753156e-03,3.590761949572077259e-03,3.531951155213898345e-03,3.519548828185805906e-03,3.483270467063908932e-03,3.502229905054477909e-03,3.505920482972178787e-03,3.527471912701842828e-03,3.547903860582319203e-03,3.545380368599230017e-03,3.497907321076441662e-03,3.542513134931806786e-03,3.555234743124142515e-03,3.510965415639168922e-03,3.522040238408183973e-03,3.547798020935817760e-03,3.496918986762454200e-03,3.561629807974910251e-03,3.517762541005560028e-03,3.450971864018301510e-03,3.537310734405918131e-03,3.524052961880168571e-03,3.537291646345387935e-03,3.550535419956419528e-03,3.463571341587797468e-03,3.525126484032022316e-03,3.521922924039553020e-03
3.570746417604977584e-03,3.515511825551192755e-03,3.501220999311470145e-03,3.496843835020693996e-03,3.511221844158579977e-03,3.552928498783039513e-03,3.513472817572414406e-03,3.532989110328044711e-03,3.532477232198940210e-03,3.467818391427229287e-03,3.507977467547549952e-03,3.510539062996062380e-03,3.489315430874103535e-03,3.529445275780472221e-03,3.513262984653196287e-03,3.520091546862907754e-03,3.508272346745494076e-03,3.511453571718192203e-03,3.518346737203533782e-03,3.549077570013938268e-03,3.558449381600354601e-03,3.491603458847325394e-03,3.506122128735088099e-03,3.462391636520369392e-03,3.502415579989521296e-03,3.514586035294429804e-03,3.511151495428699917e-03,3.456993468282001068e-03,3.534982136577533452e-03,3.567043902853871736e-03,3.569985560038889741e-03,3.504301275921996219e-03,3.528294854974598892e-03,3.487027664567733491e-03,3.476874865922305238e-03,3.537236241607664457e-03,3.584324455961410832e-03,3.536744992637088063e-03,3.577724155765351147e-03,3.522557333441340890e-03,3.503322583176170669e-03,3.576760483131730377e-03,3.473522652042236765e-03,3.524003095987033804e-03,3.539921000893002812e-03,3.568231698485860564e-03,3.556820279507347422e-03,3.521762643257081177e-03,3.515887530655904293e-03,3.490011310943444932e-03
3.543578613276971226e-03,3.483690705896083564e-03,3.489534409691222219e-03,3.522352266847953318e-03,3.530060750640115399e-03,3.527983629351884136e-03,3.506144486757307305e-03,3.500834777988605807e-03,3.459166444255957606e-03,3.572920956661844623e-03,3.507020084614895401e-03,3.524392741773918220e-03,3.507162524337694223e-03,3.531903916677713202e-03,3.539185594919709230e-03,3.532045404030838016e-03,3.489383343371901640e-03,3.515065923357673251e-03,3.520767857803169809e-03,3.464462548556878924e-03,3.476677883600484513e-03,3.506313025184090108e-03,3.450099908025234738e-03,3.550476705621399311e-03,3.502079057559294526e-03,3.496112896368704526e-03,3.539237256891985747e-03,3.503510347858924436e-03,3.542289736917688010e-03,3.485272105295891560e-03,3.518296775478623340e-03,3.545859756867377095e-03,3.499887195140667217e-03,3.494586843145074204e-03,3.524073658421334344e-03,3.479709625928699163e-03,3.502022903441884705e-03,3.512313084947336038e-03,3.547590043881849314e-03,3.526723352084632987e-03,3.486556687224699053e-03,3.514715036307642509e-03,3.520807586946859535e-03,3.475545457093795997e-03,3.477231109435750724e-03,3.516111630869533846e-03,3.511701945750840374e-03,3.497953064831980756e-03,3.452480797533686620e-03,3.495807111301424321e-03
3.514886454022239128e-03,3.508832656200362200e-03,3.514172032612574836e-03,3.449894334016003015e-03,3.499732153478603280e-03,3.540080128574000541e-03,3.484045050320819410e-03,3.538912412261400759e-03,3.490354574743278343e-03,3.462387272396806864e-03,3.530125438034494370e-03,3.541017737966872542e-03,3.452838168322972488e-03,3.427358216614434863e-03,3.462558034697946034e-03,3.516342757979669907e-03,3.435958017963254389e-03,3.490814347355265714e-03,3.440960379041176770e-03,3.487535114344480006e-03,3.471860443755289682e-03,3.493244960860108876e-03,3.486059202004716893e-03,3.485741743561570054e-03,3.462417326649058248e-03,3.535080534748893943e-03,3.466416565590219132e-03,3.482151300853842876e-03,3.492236225368357348e-03,3.524249914514847228e-03,3.481812615109308468e-03,3.517647597651368547e-03,3.470741020594254878e-03,3.520962113739540666e-03,3.511153978501975990e-03,3.512289705667445954e-03,3.487931613002567214e-03,3.455550694013283415e-03,3.448221663187108973e-03,3.466407567789979872e-03,3.530196888529871409e-03,3.524433128409469249e-03,3.541199317714895708e-03,3.512279284467185146e-03,3.478718937855400546e-03,3.533947834200455631e-03,3.557388892111501295e-03,3.543428415396677501e-03,3.488757589427722659e-03,3.527214421741000066e-03
3.507839633383700098e-03,3.437750607865426664e-03,3.476985397236484303e-03,3.478842065538847571e-03,3.468910212369414117e-03,3.483481193386715573e-03,3.431959099923977130e-03,3.496407349237688235e-03,3.454686831951083326e-03,3.452698446072117316e-03,3.437943600286311706e-03,3.451707532064913434e-03,3.495469540163398565e-03,3.458493552658232963e-03,3.448037717310393959e-03,3.477422632100342532e-03,3.502208223438407243e-03,3.472453994223813432e-03,3.462163652334253761e-03,3.475448282350009598e-03,3.486428661689598696e-03,3.450871265314169826e-03,3.384014143776137989e-03,3.476837366391221599e-03,3.452507228581701802e-03,3.412090030023487604e-03,3.511105517866504495e-03,3.491512471814163694e-03,3.506109858266140324e-03,3.459582128508832590e-03,3.442495553665868638e-03,3.443120715792902849e-03,3.445303223328651399e-03,3.469344732057998062e-03,3.508472281584778391e-03,3.496661077007886045e-03,3.515458789700498955e-03,3.447676123070784679e-03,3.477247322711667001e-03,3.503090686593298645e-03,3.469773851162353921e-03,3.448686944639591662e-03,3.476949904886018558e-03,3.468082913505460448e-03,3.523025712642779798e-03,3.457695206303678780e-03,3.477742699290287814e-03,3.485365336740539350e-03,3.487652762538409525e-03,3.472884390005346461e-03
3.519983894586945720e-03,3.434519418848696638e-03,3.542054464945047949e-03,3.522218101397635217e-03,3.403134905208624571e-03,3.454384993140696431e-03,3.465510726515968250e-03,3.443953027742101616e-03,3.473710472811420737e-03,3.502367875792494669e-03,3.477551163863416925e-03,3.448543085114208311e-03,3.473330435338519741e-03,3.494814131397221829e-03,3.449526648189001239e-03,3.489445742841687775e-03,3.437660895954093836e-03,3.511386783933782060e-03,3.457997632337703880e-03,3.400552909593791175e-03,3.445367800648399537e-03,3.452152940464203474e-03,3.411445898929115535e-03,3.455713034421075813e-03,3.491681807470687487e-03,3.434716113167732114e-03,3.457624955499259863e-03,3.456346598000119372e-03,3.486944753372524155e-03,3.397947289254557926e-03,3.516605771509591794e-03,3.434071132360720820e-03,3.412755116206667074e-03,3.438802285102571243e-03,3.423160522208595988e-03,3.428367071109517886e-03,3.482353484527032743e-03,3.438468996214279119e-03,3.442579556020776595e-03,3.473526916714775922e-03,3.470470491516865208e-03,3.469721415487676645e-03,3.441169212515210289e-03,3.478170756498990233e-03,3.436937759249304204e-03,3.495782078175939042e-03,3.447012497510527299e-03,3.481452057111080953e-03,3.462152720415037545e-03,3.447444002477643120e-03
3.468910577782526213e-03,3.423426584852261919e-03,3.441979658163851936e-03,3.410157660806753099e-03,3.501565042021257887e-03,3.457768171119804911e-03,3.406174728247027012e-03,3.476548718005313069e-03,3.440986951499179405e-03,3.398627527156258734e-03,3.411980380875413027e-03,3.395487539614388747e-03,3.451950014514635224e-03,3.462815832945981449e-03,3.481028762877962784e-03,3.473292921894361850e-03,3.419459247880462811e-03,3.470811749596892665e-03,3.433981921809923111e-03,3.487222930390421714e-03,3.432475212683860476e-03,3.460606433021666886e-03,3.484606473634857798e-03,3.445761457276331693e-03,3.422982026949782011e-03,3.433352153132728912e-03,3.426392708441709702e-03,3.385880491875512942e-03,3.426170666684776045e-03,3.428881771497855994e-03,3.411492017043006673e-03,3.477956188582217046e-03,3.417102470961048358e-03,3.440706783456351416e-03,3.474628716230921798e-03,3.429601048973360961e-03,3.408586924284643521e-03,3.489003895422113262e-03,3.473563124353706844e-03,3.479656652928221280e-03,3.421239260045930500e-03,3.453622192689164479e-03,3.411284074572762132e-03,3.427666253375062037e-03,3.427508429814274567e-03,3.464113599893431372e-03,3.443232652918980664e-03,3.453089089217980558e-03,3.484973001730202070e-03,3.461073876361426844e-03
3.452266122023567741e-03,3.386450198748171183e-03,3.403256572030543062e-03,3.421559528792958872e-03,3.393495067087120860e-03,3.475302944899602130e-03,3.485392203586790139e-03,3.428664529386310500e-03,3.420269254190283058e-03,3.446751586885678145e-03,3.391751103245055441e-03,3.394639288565775518e-03,3.442192130574706598e-03,3.459675720387570506e-03,3.432229526883268534e-03,3.440650471592110373e-03,3.464769688441989536e-03,3.450792402013622313e-03,3.457346172450193912e-03,3.414952980901973106e-03,3.371928331499852039e-03,3.448185529345756343e-03,3.382691846755909917e-03,3.416161052460445734e-03,3.413135188598234119e-03,3.394546758493310282e-03,3.380546919212570976e-03,3.392247014370034820e-03,3.369564892861694107e-03,3.439476224375433502e-03,3.429582287316654873e-03,3.456049624958002983e-03,3.429267260396927277e-03,3.437730365643661568e-03,3.402781103123138189e-03,3.425168331068510850e-03,3.472557123442074085e-03,3.440127094465083180e-03,3.418633226143202170e-03,3.432450782266491252e-03,3.388971663355341748e-03,3.463820981006867587e-03,3.409984360054723034e-03,3.496647187609566634e-03,3.367759368342830312e-03,3.458755017584548824e-03,3.392247414742542971e-03,3.435785710730989914e-03,3.374896918632940175e-03,3.381962699751377144e-03
3.366867813886059626e-03,3.394787046599680516e-03,3.364412256701028274e-03,3.400158113535724138e-03,3.383953748640210462e-03,3.430768801221436258e-03,3.369243953749802723e-03,3.462466631857475177e-03,3.399446643995347479e-03,3.448570626186895065e-03,3.358795221768535316e-03,3.447277521315838481e-03,3.452861894093390248e-03,3.405772325325188282e-03,3.357082725638487614e-03,3.411651105528839927e-03,3.344790758268350282e-03,3.424934941022565564e-03,3.400671114652659838e-03,3.384161164132424779e-03,3.335751015089510451e-03,3.368536081851793672e-03,3.449133182256749683e-03,3.394989018291927167e-03,3.442863760883551477e-03,3.479281757487249441e-03,3.340590923274434822e-03,3.412481538946872568e-03,3.427134200264013789e-03,3.414234006840532413e-03,3.396332982165071231e-03,3.401101529639400604e-03,3.428941806888371243e-03,3.391136783001834701e-03,3.423703838149926362e-03,3.413142185536495975e-03,3.412844492196712154e-03,3.383568769131082600e-03,3.384197923259020264e-03,3.398782850627029249e-03,3.394865160003578911e-03,3.386679333645414760e-03,3.354018933341381022e-03,3.386990266317961486e-03,3.411915656217377486e-03,3.417171029091172277e-03,3.418292706337902956e-03,3.404636255529054894e-03,3.330540407504021735e-03,3.388793009952708549e-03
3.385693185386694660e-03,3.353008203524846919e-03,3.385480127444078467e-03,3.341725737517697338e-03,3.428644420067316224e-03,3.357051494264577836e-03,3.380355961141988733e-03,3.388555637797546240e-03,3.386196041696120252e-03,3.373489172938632513e-03,3.391942266546276157e-03,3.416048490386833225e-03,3.369097705079425551e-03,3.335197404193250299e-03,3.382617352140078904e-03,3.466042532140594951e-03,3.384831608431299304e-03,3.350440529462157813e-03,3.384219842103809803e-03,3.341740019237002778e-03,3.377984786575190506e-03,3.391254639397173025e-03,3.373166490841138926e-03,3.364378810794409376e-03,3.422162768010030432e-03,3.371364143131474946e-03,3.389377113346292696e-03,3.350528385299534218e-03,3.348783510792953649e-03,3.413644657628008006e-03,3.366477744843345953e-03,3.420094027033249162e-03,3.360445600407804302e-03,3.366301218475382245e-03,3.310119388448934732e-03,3.397166129205669675e-03,3.359085355349169730e-03,3.347737114888879161e-03,3.391146804484999715e-03,3.325744058883885450e-03,3.366484021226052482e-03,3.378940362151105527e-03,3.334207523239021611e-03,3.332651333181591968e-03,3.396043672153609312e-03,3.350818676031303185e-03,3.379875485112338821e-03,3.390964945937421059e-03,3.397343103883661806e-03,3.327930810840976604e-03
3.368950089425832954e-03,3.332627306768263901e-03,3.324052115733540022e-03,3.373810585590469868e-03,3.301228261565516010e-03,3.360639939273226805e-03,3.346702744976186219e-03,3.329371134704159959e-03,3.345397215046669662e-03,3.310951042618778210e-03,3.357789835750613593e-03,3.298665663041586149e-03,3.315127194928782928e-03,3.391979974646766333e-03,3.353546425622058215e-03,3.328405177818337304e-03,3.416002568148429792e-03,3.365209469644216394e-03,3.358195191167925690e-03,3.356428529065105370e-03,3.320093990653443482e-03,3.354088966762514088e-03,3.320379826114784258e-03,3.341614003709582684e-03,3.334238116502429017e-03,3.298031545788701006e-03,3.356905996533337926e-03,3.351155226782152712e-03,3.348157103325604192e-03,3.337223328084021595e-03,3.325825369029065254e-03,3.314366321076309217e-03,3.344876205284691689e-03,3.346478024596159263e-03,3.353849160351229149e-03,3.349779730595331840e-03,3.352710747678699834e-03,3.263917811772642456e-03,3.348780321790675689e-03,3.354898346152540047e-03,3.320124663021411463e-03,3.354162650616542788e-03,3.314821470292480220e-03,3.345715892346438035e-03,3.331007017636099590e-03,3.360667157170535609e-03,3.355733079818232819e-03,3.329192225282071992e-03,3.291921696208711945e-03,3.310685925275635901e-03
3.351656187935737018e-03,3.327968002292916450e-03,3.308737498641662212e-03,3.295941147097896078e-03,3.268581427929601914e-03,3.308408726464064781e-03,3.263160449769757655e-03,3.284194157258753591e-03,3.288890139964705233e-03,3.279561276379029319e-03,3.282621104322296784e-03,3.304883878934424587e-03,3.291995460507837409e-03,3.357522601250633853e-03,3.351165162882823682e-03,3.326209315256217509e-03,3.286936445782621605e-03,3.312444765948352379e-03,3.286814671839469355e-03,3.297990115947219483e-03,3.305844552627478557e-03,3.330582134782010973e-03,3.297525148601266644e-03,3.256537789583519981e-03,3.344440209487798375e-03,3.341778961814522234e-03,3.316914401695532540e-03,3.323482498033892771e-03,3.363570545737922055e-03,3.345132993230837213e-03,3.326958317057369160e-03,3.302477495490359523e-03,3.274477969271598343e-03,3.282055783028826976e-03,3.285763738755294924e-03,3.324864291949730308e-03,3.267670491563403560e-03,3.289353508410960969e-03,3.291517349877492310e-03,3.330965071075116680e-03,3.292831863108641819e-03,3.335807670544236117e-03,3.266304057327376175e-03,3.304700108879590932e-03,3.348452071301903209e-03,3.318059838100745427e-03,3.348089223886334658e-03,3.338043044764971851e-03,3.307668797561469712e-03,3.373045922456011179e-03
3.300483015166450883e-03,3.272414428632159245e-03,3.292990599870492668e-03,3.266308345808582609e-03,3.278099972867679242e-03,3.300588082600763168e-03,3.257292900101618847e-03,3.242970630668216836e-03,3.305236406721512397e-03,3.273409963966109320e-03,3.210505812226555327e-03,3.308695930248648897e-03,3.305280291487762596e-03,3.276435805699391170e-03,3.258508364418513398e-03,3.282890143685302485e-03,3.295413282917417867e-03,3.321226641543545324e-03,3.263152692420784404e-03,3.291976782499538099e-03,3.341273976713196505e-03,3.264367865308199015e-03,3.292558948642459408e-03,3.273155612007339586e-03,3.287839025315620559e-03,3.312322408624415477e-03,3.284535591130663835e-03,3.300103149021792713e-03,3.292168480111362823e-03,3.243637854765127337e-03,3.261497939457088865e-03,3.296496854925339611e-03,3.314295257103320493e-03,3.231051592741238879e-03,3.245449468042547504e-03,3.269462013842175125e-03,3.273899222977352981e-03,3.251021544017196081e-03,3.269653896416265405e-03,3.281412244627911722e-03,3.303686117845660002e-03,3.287744955940810013e-03,3.293420393635274144e-03,3.256263821548686412e-03,3.246578120760693510e-03,3.284618106801114826e-03,3.250118311645955327e-03,3.293917912123145181e-03,3.308878193483202456e-03,3.276116155631764778e-03
3.234914905946623034e-03,3.239795836958267190e-03,3.311506845077440836e-03,3.246541329569998819e-03,3.221832221293547283e-03,3.228641483449457960e-03,3.297360674085572131e-03,3.278830050136907152e-03,3.297870476737722271e-03,3.187000516734809184e-03,3.193301773236137831e-03,3.232110301585159034e-03,3.229541946735856213e-03,3.280042396601137288e-03,3.242225804087649384e-03,3.335199517001385776e-03,3.208782434011625551e-03,3.242603861684078843e-03,3.213553910013191607e-03,3.241811250303125707e-03,3.199797400601909602e-03,3.280881694586060791e-03,3.235107740623919485e-03,3.250140475143508626e-03,3.234561402289230520e-03,3.276341961370792758e-03,3.191043449519945750e-03,3.236307912689344139e-03,3.263510129109406174e-03,3.301215914940061353e-03,3.255896436611504206e-03,3.258376654538763361e-03,3.289559084399169137e-03,3.233564851812048817e-03,3.246815060649045799e-03,3.285759641755472190e-03,3.281479711996917493e-03,3.246464230582575723e-03,3.229227451103221062e-03,3.259068516928299158e-03,3.255059365512370188e-03,3.251011486811093438e-03,3.250173937113394994e-03,3.221487822460124186e-03,3.300390840428372562e-03,3.276457382237521563e-03,3.231021298452088717e-03,3.202094544220259083e-03,3.223285156364792854e-03,3.254776444947116935e-03
3.215015526605412809e-03,3.154280429218676851e-03,3.257002195445793825e-03,3.181271919949190015e-03,3.196524600018691483e-03,3.235351846237254341e-03,3.235420424705472749e-03,3.166869743747949186e-03,3.178172146521605988e-03,3.240185668423231722e-03,3.251262335632399032e-03,3.196189691565557746e-03,3.237626518700369941e-03,3.236563414820883399e-03,3.202949431985310444e-03,3.268198990392308465e-03,3.147823169513353121e-03,3.231116162936606938e-03,3.247377427553677001e-03,3.230849738880575694e-03,3.199375187649379504e-03,3.235658234640987393e-03,3.201462121296501893e-03,3.225539499302911006e-03,3.209614696513812294e-03,3.188600479613728274e-03,3.251626187990647437e-03,3.245050740013116081e-03,3.255824131768208368e-03,3.199697687194284594e-03,3.222552705250695138e-03,3.232663772102328022e-03,3.180662142763039570e-03,3.156333451974785605e-03,3.184011851107472306e-03,3.228792254252435805e-03,3.152407702630103271e-03,3.206059091560143834e-03,3.163679807149177761e-03,3.227868188997819621e-03,3.208992388054833847e-03,3.204788200476127533e-03,3.220731356320551304e-03,3.218170349569232733e-03,3.162493688806724060e-03,3.237171537843127299e-03,3.210024450248439784e-03,3.214613048747870169e-03,3.232391580312519649e-03,3.225822836477013674e-03
3.200509346144480953e-03,3.166269001996063238e-03,3.197297573493777627e-03,3.158143634141669705e-03,3.164532217582494839e-03,3.177965437832228415e-03,3.197581576509764528e-03,3.135690026306300025e-03,3.180943103668184592e-03,3.217771468466041045e-03,3.166802386608751334e-03,3.195677844163780611e-03,3.160620996570898556e-03,3.211808403360637883e-03,3.190937492327795746e-03,3.175652260193541354e-03,3.200725657432273736e-03,3.130831308102706694e-03,3.217788462685635970e-03,3.199383069197379685e-03,3.158923017792157183e-03,3.139771728676007522e-03,3.133201788010687473e-03,3.198078190824488187e-03,3.126521043840167335e-03,3.150795924533203972e-03,3.190711782100856455e-03,3.207083323216711104e-03,3.167209599150407930e-03,3.196595552486505756e-03,3.193052841591784586e-03,3.191518823884243773e-03,3.140996146177937876e-03,3.149555630181849041e-03,3.159987865463369325e-03,3.153179640029149782e-03,3.159515784837809219e-03,3.193573038645244021e-03,3.170169571581197328e-03,3.198561407992238457e-03,3.168054326416171879e-03,3.171121866062795534e-03,3.129925121818549587e-03,3.161894506853897124e-03,3.205003441062107949e-03,3.207785329534400525e-03,3.136909553104407118e-03,3.135963210667842404e-03,3.166929428128951313e-03,3.133698826363752465e-03
3.187654535617679818e-03,3.135016936418530843e-03,3.153192670816414543e-03,3.149805420929268317e-03,3.133251358732287457e-03,3.162394356372108268e-03,3.184644344905794826e-03,3.116770132335076101e-03,3.080361345674285413e-03,3.169951278331934602e-03,3.145957082911734776e-03,3.157018640052963471e-03,3.169419746911747438e-03,3.112769222725706841e-03,3.149066072319209493e-03,3.081046995219244300e-03,3.105928685873704173e-03,3.121836578594913529e-03,3.199614581240623271e-03,3.152859387566731789e-03,3.157324225190480827e-03,3.175218879788880254e-03,3.112810427959694735e-03,3.126998812478650955e-03,3.190805034952872744e-03,3.121477010190715131e-03,3.126616551471397224e-03,3.141487014595088258e-03,3.087524565902754255e-03,3.129493074067847460e-03,3.105768764913848044e-03,3.157853163003545519e-03,3.131309484711824152e-03,3.168290703730705475e-03,3.121087890810952167e-03,3.176153241702226512e-03,3.170023875189013386e-03,3.116254869288407475e-03,3.098635025113060694e-03,3.130759600016295215e-03,3.129704488663268350e-03,3.083329684318486964e-03,3.144094786499329695e-03,3.107296491221588422e-03,3.136549118882811342e-03,3.138556876082540959e-03,3.107395375516815769e-03,3.107123936142209154e-03,3.100148543919852354e-03,3.164657574707455644e-03
3.050949974780638868e-03,3.086350062768472569e-03,3.161092032026427412e-03,3.139549783017238013e-03,3.103209696895267624e-03,3.076395724135694981e-03,3.081939053875748600e-03,3.083904095550049369e-03,3.072825174090425184e-03,3.069723402075196818e-03,3.093791049657332315e-03,3.164739852439613869e-03,3.065812013239918934e-03,3.092715975107345350e-03,3.069391742940282084e-03,3.065033598796550966e-03,3.092964429024886060e-03,3.094968517374493099e-03,3.145236568312289194e-03,3.102279807379015094e-03,3.101679187868552293e-03,3.049023592866676423e-03,3.076647783788090049e-03,3.129555853317590643e-03,3.075486547309398862e-03,3.070321149342841466e-03,3.065457749871461964e-03,3.122304987505936623e-03,3.084743368078688222e-03,3.112087800307011126e-03,3.089277186817162950e-03,3.138532977162757261e-03,3.079209707088653974e-03,3.143603594845584270e-03,3.106500316669251905e-03,3.088153434717535138e-03,3.043692486358576862e-03,3.091521929906720489e-03,3.076271047829041289e-03,3.075698142797052368e-03,3.130112246264642357e-03,3.129771517798849746e-03,3.046522158565941052e-03,3.100273944436334438e-03,3.104304400241525257e-03,3.111584735206974865e-03,3.074075613074194174e-03,3.068664192290216763e-03,3.127438656896572473e-03,3.084058219405711246e-03
3.022638276834380307e-03,3.040334130073926028e-03,3.061315284378691819e-03,3.043121418805273641e-03,3.086839878378945176e-03,3.137632447271418261e-03,3.071381081777470410e-03,3.038642190554936666e-03,3.082991497876603430e-03,3.051595882068577296e-03,3.066602950570997653e-03,3.048614035248815423e-03,3.044769544186608223e-03,2.991986269326261678e-03,3.049903511030084211e-03,2.992776006322798998e-03,3.086326784594306538e-03,3.057483085716183446e-03,3.032723423407815075e-03,3.028154835033999761e-03,3.058315901794836974e-03,3.000951366732770419e-03,3.018900500300622687e-03,3.028585007764992947e-03,3.003166585941443624e-03,3.051974113275688141e-03,3.075990551814435092e-03,3.058184787470408141e-03,3.100817511384717194e-03,3.058870358168374725e-03,3.040882441893739876e-03,3.081396262020961053e-03,3.036142051935644941e-03,3.037343765104703192e-03,3.050060131425742088e-03,3.063447304127555129e-03,2.992405026791126240e-03,3.028301147983175363e-03,3.088160617468262235e-03,3.079550320550163579e-03,2.987500211846616776e-03,3.066683440714538383e-03,3.043477318535525809e-03,3.019201781510018161e-03,3.044356076275903794e-03,3.030632987952359796e-03,3.064642416764079644e-03,3.077104277877502035e-03,3.059717305367324735e-03,3.104004019432516845e-03
2.977784760502631602e-03,3.026323050327261056e-03,3.030282996632301454e-03,3.037444965798758063e-03,3.017480455351868960e-03,3.019314068947870355e-03,3.015710914515723571e-03,3.014836194042113011e-03,2.996310781247434659e-03,3.024203728823360651e-03,2.970364628739988969e-03,3.017618348922789656e-03,3.008104911629770530e-03,2.974251190350784852e-03,3.044021492849447938e-03,3.034902090237500977e-03,3.012083026953515843e-03,2.983639033732563787e-03,2.986137736063911030e-03,3.019064635294651210e-03,2.987403140482572210e-03,3.033995055957554397e-03,3.014165903468785969e-03,3.042849449272250293e-03,3.006420704815731919e-03,2.995923274035856235e-03,2.973048126549772234e-03,2.951170208717944759e-03,2.993576101769990835e-03,2.987227021125901227e-03,2.958463082201413363e-03,3.048400739418356993e-03,2.974544650544174926e-03,3.010587027914905962e-03,2.973501742455966421e-03,3.034456924702985236e-03,3.047680786727469289e-03,3.007162521332716436e-03,3.010938926050992295e-03,3.031584161150644406e-03,2.988163901325405214e-03,2.947943402027508684e-03,2.989526504411937728e-03,2.979365430736841038e-03,3.000256664624868352e-03,3.049711617012898328e-03,3.009364774979713698e-03,2.993769099948661184e-03,2.996774380868718734e-03,3.019578373300415512e-03
2.934317182150046870e-03,2.973178137697431080e-03,2.937939549705264036e-03,2.919600420328109184e-03,2.973542317292914190e-03,2.996655311540115298e-03,2.940784700267997775e-03,2.951253552810560385e-03,2.975183496811734281e-03,2.885083992973723303e-03,2.965045749350077135e-03,2.940381064117076389e-03,2.981133799006803822e-03,2.878796975150772937e-03,2.936626378170053772e-03,2.963124636604077752e-03,2.952724692213765795e-03,2.969928994048587085e-03,2.947219276509640759e-03,2.928985720927320281e-03,2.907074826706415940e-03,2.912565826403309271e-03,2.959809686119541702e-03,2.930604681462637470e-03,2.935460200071284172e-03,2.907773682448670707e-03,2.963419765921799197e-03,2.966699640300907940e-03,2.943894612835962384e-03,2.951709513062818202e-03,2.981812465138415982e-03,2.984177576606399530e-03,2.978256249676551441e-03,2.951039473072222374e-03,2.904047955019778415e-03,2.927346265155126529e-03,2.977483822064744354e-03,2.922757101085678676e-03,2.936071349230736510e-03,2.967282682552013079e-03,2.951040880370528908e-03,2.869539273615276647e-03,2.943287911585614879e-03,2.921382331243211825e-03,2.910262879321426268e-03,2.959390572169824218e-03,2.945431672691335451e-03,2.958355861015050242e-03,2.972752046719379180e-03,2.930943213948200825e-03
2.844899743292583858e-03,2.886256342658698095e-03,2.885582744413845054e-03,2.910928776570766152e-03,2.921090765167622290e-03,2.921063156078844512e-03,2.954808907254564184e-03,2.865136871385527001e-03,2.956039596140602310e-03,2.877101191035049722e-03,2.831343663682840944e-03,2.872197267099982267e-03,2.969845401643854063e-03,2.867748684360543754e-03,2.916727284664371971e-03,2.932454278759485250e-03,2.904340619362646720e-03,2.882642611412674326e-03,2.937518919978834506e-03,2.906390982107442261e-03,2.883306643114280556e-03,2.907833782170813654e-03,2.936910550424849838e-03,2.891993735387413545e-03,2.879116114049254556e-03,2.859907444204785876e-03,2.879507735881889179e-03,2.896081033411748197e-03,2.949237937976449935e-03,2.921112931649483702e-03,2.899867794472585358e-03,2.866721332039512665e-03,2.918112822382266935e-03,2.880346674505845916e-03,2.901911501636314592e-03,2.939925747707859520e-03,2.889880511510226156e-03,2.894979446661044738e-03,2.912303774297427591e-03,2.915193721690003716e-03,2.913202763960390327e-03,2.915285708320340414e-03,2.926455940363541491e-03,2.892538215616274454e-03,2.890203008568979336e-03,2.882674622684682463e-03,2.907995775964788109e-03,2.904875722888899687e-03,2.833442374415210026e-03,2.948118313781260096e-03
2.851964792966565042e-03,2.853444934486276240e-03,2.864984824774980624e-03,2.876339653870653261e-03,2.897734080927577473e-03,2.874666150257955931e-03,2.840574151103736952e-03,2.878196426121542532e-03,2.851028177961028968e-03,2.818540958298176077e-03,2.874452867074198028e-03,2.856567984349043642e-03,2.889292118055812424e-03,2.875939542503176162e-03,2.877066194218295264e-03,2.809895994634912814e-03,2.897079947775476477e-03,2.843170781025251316e-03,2.821908173819390880e-03,2.852448499543120894e-03,2.818962151315512147e-03,2.825818556136564224e-03,2.892995979974322378e-03,2.869861662181785993e-03,2.818505170132220173e-03,2.867416961026486924e-03,2.845922711713423734e-03,2.875894392016133897e-03,2.860448814017388462e-03,2.831474741294978149e-03,2.842509372273450356e-03,2.827112363333660582e-03,2.895334898769245501e-03,2.820713023922495795e-03,2.920381555390275975e-03,2.863957160666054120e-03,2.820097833615389533e-03,2.872158237092652458e-03,2.859264103192344243e-03,2.887757890333357298e-03,2.841095790112835046e-03,2.864679287447775835e-03,2.882491774374384974e-03,2.925918871639445092e-03,2.856343346475157061e-03,2.779523089420802250e-03,2.880885966681604252e-03,2.831682754495377062e-03,2.868046329274531649e-03,2.859950426718086205e-03
2.816536402787131466e-03,2.764849639142777545e-03,2.775549396980860929e-03,2.800726733328650318e-03,2.755250737124191867e-03,2.791097825900504432e-03,2.806621329966015044e-03,2.803506467560180557e-03,2.841762006125169229e-03,2.769750822513579024e-03,2.795807697276342547e-03,2.837160450642495571e-03,2.814437244709592362e-03,2.837851531813782857e-03,2.790307297942900069e-03,2.816658994939684555e-03,2.824156956893432956e-03,2.827721947319305953e-03,2.822691896383693402e-03,2.837725486763493805e-03,2.805371279816078808e-03,2.765318782911594178e-03,2.802486375455911453e-03,2.856435772309783450e-03,2.807898542340144660e-03,2.839361316311805189e-03,2.824606390221767998e-03,2.807981287477941384e-03,2.726661908952179598e-03,2.771032135867231190e-03,2.803800673943708088e-03,2.817082402894310195e-03,2.826837729671941805e-03,2.810681879173467738e-03,2.830696763121146736e-03,2.759739172971055650e-03,2.782347319660087581e-03,2.760025627705569532e-03,2.767146649212303116e-03,2.748160630982394732e-03,2.842212161953134274e-03,2.833781764462756179e-03,2.768750441339475326e-03,2.834030457625141743e-03,2.811721736162131353e-03,2.767087407124109270e-03,2.820446467210988972e-03,2.825875634578473364e-03,2.775957943177210282e-03,2.827038015791848331e-03
2.747095828902256474e-03,2.745666757320182165e-03,2.728589816421768312e-03,2.756551437261139936e-03,2.804834106669425002e-03,2.728613139443377810e-03,2.731203611256436282e-03,2.758003913420931964e-03,2.763007165870358731e-03,2.736993134074341538e-03,2.765494277201897572e-03,2.734642466760779569e-03,2.769539093988006729e-03,2.830762791131651197e-03,2.768504748225867305e-03,2.675478470627171146e-03,2.728555595055369258e-03,2.759480257727180228e-03,2.721004150562930136e-03,2.720240495118777212e-03,2.728341187551147368e-03,2.762229527095978569e-03,2.784261430294829830e-03,2.764651097152747566e-03,2.811153691482861251e-03,2.740528765345127873e-03,2.701966403392777171e-03,2.765496851639743636e-03,2.739396827765467560e-03,2.699423884789579550e-03,2.797390044177797998e-03,2.750286630448846564e-03,2.777833837847248129e-03,2.744285714650617717e-03,2.784538981684217020e-03,2.709461798491089903e-03,2.714245306480594054e-03,2.763735776659065422e-03,2.710098336191376581e-03,2.724006545710703359e-03,2.765531274636905124e-03,2.772342314791410075e-03,2.731133753930421303e-03,2.763351501598718118e-03,2.781839696936190542e-03,2.753991435008495275e-03,2.702933828542517392e-03,2.757652658702145973e-03,2.724570796478586153e-03,2.772418543672058346e-03
2.725019510740449031e-03,2.718442879248279386e-03,2.750654176453925202e-03,2.722653450855390574e-03,2.709001199626365295e-03,2.704572818311563182e-03,2.683827986924363588e-03,2.673550621022410378e-03,2.728634913494784337e-03,2.702321494223760591e-03,2.723982675537593105e-03,2.675134852108502700e-03,2.703521964506962107e-03,2.696174902663669038e-03,2.694771748502713254e-03,2.728157527649143280e-03,2.671189192975583458e-03,2.638745902882373966e-03,2.661517508320383578e-03,2.714416868401656885e-03,2.682380787391361581e-03,2.708093155937426992e-03,2.732069816900147951e-03,2.660843051341192124e-03,2.715887128382886082e-03,2.710812167878160969e-03,2.713823562477999697e-03,2.691471356771268746e-03,2.657120724138464698e-03,2.698429578084671730e-03,2.703882740491905974e-03,2.669572782086018607e-03,2.759531254925359865e-03,2.690526209111714431e-03,2.715999858088626387e-03,2.711399835870587777e-03,2.702399415429667957e-03,2.680464025306152163e-03,2.658489112594556933e-03,2.645543858593875450e-03,2.707701168294985444e-03,2.706816982464979506e-03,2.695520315149387783e-03,2.693638973026410682e-03,2.702793931228704601e-03,2.665729367040851200e-03,2.743560109099322381e-03,2.739899246347251259e-03,2.667474550574848707e-03,2.685416223776501167e-03
2.664065090009431949e-03,2.606244141165777167e-03,2.633467906173163429e-03,2.647446437965108538e-03,2.619487292224580242e-03,2.597955814856910128e-03,2.594062250978856031e-03,2.620874379367720865e-03,2.629836856577386257e-03,2.674487394860414029e-03,2.554709521249047890e-03,2.623490221231519239e-03,2.601877899482176945e-03,2.640216071446797614e-03,2.661793388128569186e-03,2.646804926953909027e-03,2.616063322878160909e-03,2.653715361287473096e-03,2.628719440024848437e-03,2.571908446000348552e-03,2.572274280862010994e-03,2.598284736090767516e-03,2.628806989111930406e-03,2.626829617418093878e-03,2.571507202593376756e-03,2.685261291074275344e-03,2.603752742526856817e-03,2.569813655789216986e-03,2.557531383293960413e-03,2.668471863346026131e-03,2.594644171097678243e-03,2.581451493178656565e-03,2.642336314614097265e-03,2.604674578558657111e-03,2.606287039985606940e-03,2.602665904479409872e-03,2.644120119086333046e-03,2.609015634433040076e-03,2.576027752795848492e-03,2.615300005252433561e-03,2.625353552671668821e-03,2.667121144398726211e-03,2.641498147585673653e-03,2.669437169444996861e-03,2.698670163330834770e-03,2.641310749706129654e-03,2.628690548600114054e-03,2.633121464632418030e-03,2.633769830972138969e-03,2.657258071109458181e-03
2.648964234698194652e-03,2.582786070540797705e-03,2.593221906328148536e-03,2.612190200773736089e-03,2.561488844250296194e-03,2.590022819625228349e-03,2.552219234865781873e-03,2.590906028726528126e-03,2.565371671886725827e-03,2.572133453358544167e-03,2.606196813426937646e-03,2.574557986575205966e-03,2.560334387876228579e-03,2.565678585742368293e-03,2.624070521007300285e-03,2.557792553778686240e-03,2.561601724196639444e-03,2.578392659583734949e-03,2.581934994602460426e-03,2.516412909565220440e-03,2.595670867669493988e-03,2.602104059326862048e-03,2.547635647404781611e-03,2.579683196572197038e-03,2.599176570625189378e-03,2.570227245084159146e-03,2.566574817129696658e-03,2.577401413481165537e-03,2.607722126432592945e-03,2.557078436850460275e-03,2.551602306069170045e-03,2.512918312728378619e-03,2.545332838337940710e-03,2.566679222495570675e-03,2.555300918493436622e-03,2.547466759413774453e-03,2.497592155524800371e-03,2.547551699238609184e-03,2.608230092250035312e-03,2.564553217379192136e-03,2.557985334292774051e-03,2.587406380753799577e-03,2.584238861599226413e-03,2.563699784644264939e-03,2.621602116608822211e-03,2.610553198753167835e-03,2.602219420897684127e-03,2.578109717170534200e-03,2.562054671414578690e-03,2.575589647470464053e-03
2.470295930609316126e-03,2.542020981999806428e-03,2.512389062995579094e-03,2.541891272219098941e-03,2.485251017930240145e-03,2.538324689380898943e-03,2.531895838118144049e-03,2.512475852860969906e-03,2.562332507294984730e-03,2.521976946648013442e-03,2.543503513656759397e-03,2.523655228098809454e-03,2.477032042207574780e-03,2.490675578223667651e-03,2.463269613225917230e-03,2.460983225717097711e-03,2.437842305447799826e-03,2.487937664100497645e-03,2.534834873459883113e-03,2.499527483695718980e-03,2.492078439824732625e-03,2.523147464500090191e-03,2.569219232755451821e-03,2.519572347941982822e-03,2.489867911101806622e-03,2.495997020722523756e-03,2.505428135065368694e-03,2.529798602133758421e-03,2.479576609459902947e-03,2.481100399929520028e-03,2.497164160654883561e-03,2.523978834363691057e-03,2.487544700813150520e-03,2.451508228333909318e-03,2.517019459743456092e-03,2.540810422026459469e-03,2.468158020396938723e-03,2.556291802422863430e-03,2.510213465268216603e-03,2.510945906523810549e-03,2.516169095268124510e-03,2.502638264395315709e-03,2.476120956071185819e-03,2.508057263769889345e-03,2.486198476615856384e-03,2.544531875482423152e-03,2.473855930580783936e-03,2.507964160499995352e-03,2.501638699360831438e-03,2.497196867762530807e-03
2.449990619986075480e-03,2.468829622027834698e-03,2.403154887873418244e-03,2.405123919703913617e-03,2.437539300111156264e-03,2.437121527356319196e-03,2.418355663724982597e-03,2.462868752748971230e-03,2.364933546639240002e-03,2.434547812358142140e-03,2.467208298965213511e-03,2.457769452504711492e-03,2.438299256391800261e-03,2.405420391501778606e-03,2.473766864910896882e-03,2.403973127948855724e-03,2.433033362686080631e-03,2.454491613518624410e-03,2.415302344678932345e-03,2.462001817520084301e-03,2.437554737382353291e-03,2.410872023166809718e-03,2.430778510710428567e-03,2.452553691385324971e-03,2.366291929394116322e-03,2.423074288443249208e-03,2.414724255918627473e-03,2.436243385294240352e-03,2.407397796718870921e-03,2.434518210360963122e-03,2.380605674086895291e-03,2.430152711561775307e-03,2.403423361884302924e-03,2.441095425872765769e-03,2.447081094540849797e-03,2.416546504461046605e-03,2.480561541517728712e-03,2.395631728698257613e-03,2.452248492822527333e-03,2.444936857057008681e-03,2.471072943266627506e-03,2.493637734815327880e-03,2.431389729385294730e-03,2.419799028133849672e-03,2.462960038869086918e-03,2.390658581550300470e-03,2.403640854364075003e-03,2.416550581936115563e-03,2.439047485297665945e-03,2.428675230020699034e-03
2.376691973306704116e-03,2.421764690496107635e-03,2.408469044781449270e-03,2.408860072936632075e-03,2.382458459301408163e-03,2.354243303025262656e-03,2.415863649398843592e-03,2.351897058922248086e-03,2.352987547303259097e-03,2.350828618210617366e-03,2.392057148708616986e-03,2.360071906233938629e-03,2.354251029534846704e-03,2.370132203718054199e-03,2.358192359885746478e-03,2.317796584995317384e-03,2.383799131020107338e-03,2.338375032525295567e-03,2.431471707143813710e-03,2.379718989995846003e-03,2.430421900417921530e-03,2.339459796236596084e-03,2.402703735219940007e-03,2.375107479262486901e-03,2.385053601789422807e-03,2.403841616117433425e-03,2.411757585479863426e-03,2.373624280558359056e-03,2.383791634502743870e-03,2.378437727546827644e-03,2.393746847589066622e-03,2.354895455890359830e-03,2.438861678997406544e-03,2.327954938464272573e-03,2.403768723153282185e-03,2.348535416556403639e-03,2.412877829176937518e-03,2.372216451042236020e-03,2.401961987208222054e-03,2.355063681596641662e-03,2.339491190819678601e-03,2.362749054245298283e-03,2.349614828646952140e-03,2.402623503556712819e-03,2.394289246872877575e-03,2.397567126663279879e-03,2.334071690476517604e-03,2.405320604022147691e-03,2.415659089356511895e-03,2.378209875318616252e-03
2.311890222230275019e-03,2.320034987672300614e-03,2.287489699427754184e-03,2.270709176974469896e-03,2.307451651200816221e-03,2.255939210010195206e-03,2.335786260091013249e-03,2.292795198762589536e-03,2.276035571885718940e-03,2.338039265020952755e-03,2.317996914116333528e-03,2.333140425120026028e-03,2.320421122654294302e-03,2.278966326244498755e-03,2.292400643783623192e-03,2.296973637754604666e-03,2.356308077586077854e-03,2.319210542769692407e-03,2.317182853050977175e-03,2.292110154686128470e-03,2.357288515408233372e-03,2.336942034668612004e-03,2.288807830559307869e-03,2.321241866462081700e-03,2.321892900663867585e-03,2.288844396533571985e-03,2.283343212592064356e-03,2.288162167885338279e-03,2.281499096257182113e-03,2.294326426743101104e-03,2.298954546364530196e-03,2.288457609937821855e-03,2.340989496643412077e-03,2.302833978849859898e-03,2.323074252987374598e-03,2.315350280978715862e-03,2.288878172695400347e-03,2.302312663208638116e-03,2.294932651685011905e-03,2.263462500258009436e-03,2.291551537864642326e-03,2.240539694511340090e-03,2.329174392507568810e-03,2.348622913104797365e-03,2.241466612734697300e-03,2.316841043227041777e-03,2.304543864904232478e-03,2.357327171303302479e-03,2.314612235834252480e-03,2.328010373773950308e-03
2.263763518515833368e-03,2.209346961053865882e-03,2.253778396654210463e-03,2.277297291930689433e-03,2.218465167165425793e-03,2.274018424247870821e-03,2.198427380020295807e-03,2.227924826154122160e-03,2.207890651493456518e-03,2.195261752384847567e-03,2.142695297424107061e-03,2.273193029103916067e-03,2.241255741004340510e-03,2.197228392683951183e-03,2.216102890076941147e-03,2.239866190367492248e-03,2.231343403777180743e-03,2.222166663329046450e-03,2.259310236838379254e-03,2.246687697866664012e-03,2.276250481398204347e-03,2.203535385121469826e-03,2.208285898361134550e-03,2.242078426280603911e-03,2.295860358866155804e-03,2.231797134852735089e-03,2.269037950581631428e-03,2.203365235370396448e-03,2.199987982373338962e-03,2.232623356074523585e-03,2.213689295197991073e-03,2.258239893917346822e-03,2.225437602725976582e-03,2.213561986135324615e-03,2.279191882003068093e-03,2.171318133444444937e-03,2.205562578296844760e-03,2.209160830842008417e-03,2.219131079043302774e-03,2.266625337882582567e-03,2.251723063969327844e-03,2.228809093051579461e-03,2.243549702469570858e-03,2.221729345498986170e-03,2.293523489433223553e-03,2.260586104577519580e-03,2.249075292620716839e-03,2.282807627342053284e-03,2.223467382536944200e-03,2.172572231500497809e-03
2.177837134280906015e-03,2.144867455782067858e-03,2.173429415193978316e-03,2.183631917998621243e-03,2.167038218184524304e-03,2.149332048660019482e-03,2.154805888697035755e-03,2.207610633421046992e-03,2.186461148336028143e-03,2.201138879984160246e-03,2.219629600546140034e-03,2.213469201649163540e-03,2.143116484750490214e-03,2.134641443502503007e-03,2.169919652230272149e-03,2.193209755197693227e-03,2.186772037755234290e-03,2.186939834991680123e-03,2.162582658579401650e-03,2.206904510206820786e-03,2.158612329016062516e-03,2.214633579398849784e-03,2.175098800528658862e-03,2.184205930315415243e-03,2.206909939379225402e-03,2.191922831788909246e-03,2.182187162249691476e-03,2.179232165629132936e-03,2.159614606543560841e-03,2.147140496821699739e-03,2.195063949099481868e-03,2.196194318618577539e-03,2.164152953164522920e-03,2.224556875494704006e-03,2.166018194247616713e-03,2.140463756749756176e-03,2.158898672028676871e-03,2.185447527395901774e-03,2.217080810240331604e-03,2.199425520505292157e-03,2.175190766460636301e-03,2.232885498364652922e-03,2.188059966530253846e-03,2.223454293190016244e-03,2.182095385262127103e-03,2.165569505495049032e-03,2.127972722832312345e-03,2.190520095963287284e-03,2.195485766769244510e-03,2.169927906524438729e-03
2.054758170957066924e-03,2.093469555700180028e-03,2.104825887387125425e-03,2.096315852529083857e-03,2.071608099287955852e-03,2.061232624520916833e-03,2.036516616428004495e-03,2.101880209063534694e-03,2.048140884885604404e-03,2.127595095261957531e-03,2.120548658654820666e-03,2.118269832450040205e-03,2.146480568670507474e-03,2.094753659162422108e-03,2.132983868250126064e-03,2.061221819200287700e-03,2.141373352996332486e-03,2.104007843703598057e-03,2.100562599967059803e-03,2.077046405883915814e-03,2.094482952079760891e-03,2.107499326887864524e-03,2.137438061497656545e-03,2.067280785206495209e-03,2.109536449286780919e-03,2.051764205922907390e-03,2.121636356624775812e-03,2.112552813960096119e-03,2.099179155667728336e-03,2.181530269383288780e-03,2.092480362704982229e-03,2.128749127036159462e-03,2.105472131897902915e-03,2.126287289212725092e-03,2.108662182425913648e-03,2.122799951390416402e-03,2.150834352180284407e-03,2.131727718482356003e-03,2.109994163673666219e-03,2.097560242697116793e-03,2.154793645784813111e-03,2.133134801324449575e-03,2.124124317328190438e-03,2.088867519257087309e-03,2.121758017875299395e-03,2.136739712877469641e-03,2.169966378822728564e-03,2.034972369983601391e-03,2.096824185444379641e-03,2.084548991569360344e-03
2.004136510865573047e-03,2.055721719541883045e-03,1.978074940901256018e-03,1.971962935054815975e-03,2.011424905105160896e-03,2.027139435604465110e-03,2.028107190431241002e-03,2.087557328706152876e-03,2.009499752123308173e-03,2.059459858730374165e-03,2.054837707953237596e-03,2.081295647742933443e-03,2.031262718659320246e-03,2.032737082389470852e-03,1.995416096875393848e-03,2.004928766194273397e-03,2.043721896793337586e-03,2.010507606177360396e-03,2.062707276856190312e-03,2.069504527603918242e-03,2.003780360445870344e-03,2.050660980908446639e-03,2.056645571935295739e-03,2.024291215838525983e-03,1.951236446375392451e-03,2.029131809816188490e-03,2.055881485173476336e-03,2.040833131527492600e-03,2.021656959363653337e-03,2.010353108790876794e-03,1.990583572339356660e-03,1.982750931461866543e-03,2.023074030474570489e-03,2.086191053208465238e-03,2.051442951153436937e-03,2.015002590674998609e-03,2.039099650136499704e-03,2.065082718328128085e-03,2.086402953109454429e-03,2.020499364942515263e-03,2.050595880685334663e-03,2.031217301930204021e-03,2.021492098036406417e-03,2.039447193040799713e-03,2.055881792182218115e-03,2.058729137974960911e-03,2.015031640965554965e-03,2.043818004561385321e-03,2.035938579303292126e-03,2.045251313718752465e-03
2.013865337398383203e-03,1.965025004707875601e-03,1.954102663783131855e-03,1.900235827115284801e-03,1.920534605127801383e-03,1.955191164411819449e-03,1.983181451722788608e-03,1.948750483592949501e-03,1.918068638785419078e-03,1.947455516881902143e-03,1.890413650008977275e-03,1.929363344294926464e-03,1.989646654465364144e-03,1.950192601713013080e-03,1.927048375316770500e-03,1.929053748703948900e-03,2.008723853893330195e-03,1.987383531023345640e-03,1.980157573434232574e-03,2.044796963417621054e-03,1.939463098006286241e-03,1.965143738896522885e-03,1.985539005142307294e-03,1.959856071778620212e-03,1.934423663502896941e-03,1.959380278717792918e-03,1.914622624982215658e-03,1.925269446386611771e-03,1.908395214093795006e-03,1.973950662847817790e-03,1.948923700513492674e-03,2.007210557857218042e-03,1.965450224283903612e-03,1.935462771053613742e-03,1.986016442523478535e-03,1.957962652652172914e-03,1.950604922405166234e-03,1.970578005513926728e-03,1.930062084608391440e-03,1.910088816699237208e-03,1.996603492023240733e-03,1.979037212293444006e-03,1.965486752553324574e-03,2.010681374342463551e-03,1.954161294699034105e-03,1.959068301854630274e-03,2.013897334407317979e-03,1.921022872801201632e-03,1.996830725073257297e-03,1.964436387176071112e-03
1.858378203164570610e-03,1.881325592929803227e-03,1.882900106100424955e-03,1.919705491473514295e-03,1.834644145073168831e-03,1.901573603294598458e-03,1.888949785279756812e-03,1.894792810297646216e-03,1.905832544334523952e-03,1.904220971014105798e-03,1.922257413364984301e-03,1.912585482600216583e-03,1.848692551616539859e-03,1.856943807237133480e-03,1.906216152816977896e-03,1.806589431565677230e-03,1.892577735799452722e-03,1.826810877867562606e-03,1.912977911181805088e-03,1.865331276662996569e-03,1.886684584068081460e-03,1.858557596210726236e-03,1.870142888715525852e-03,1.961735692962079686e-03,1.920553126604024113e-03,1.859058120228225400e-03,1.916216452345711769e-03,1.852375766849871652e-03,1.897048219502116056e-03,1.811964383741883648e-03,1.929153270205784037e-03,1.831019946869541677e-03,1.902087295705804466e-03,1.920047478380213944e-03,1.894291197415989359e-03,1.862982155242275204e-03,1.839224913258965394e-03,1.931815689459206878e-03,1.853428989948392204e-03,1.831100714193234936e-03,1.878541929411675724e-03,1.924019539110789333e-03,1.934878721517753648e-03,1.903718366284865493e-03,1.917864228026949780e-03,1.914525957921455954e-03,1.871590855932302264e-03,1.811904965409174510e-03,1.893525025514231639e-03,1.899986363724064965e-03
1.802058076439383080e-03,1.850795272836996182e-03,1.819219969704250232e-03,1.808642953760971088e-03,1.804903433661355153e-03,1.821143856463992936e-03,1.807984569365951848e-03,1.814318906819534921e-03,1.799944839383467183e-03,1.798110316887651218e-03,1.774888875870223211e-03,1.770088307371953367e-03,1.762682369945952135e-03,1.838401986102169679e-03,1.868789345969570307e-03,1.834858080166413413e-03,1.810675929680434504e-03,1.811409909308228042e-03,1.800206778471803021e-03,1.868921246484354795e-03,1.784874605644995406e-03,1.802473319073622741e-03,1.808574840817069257e-03,1.816213374200820836e-03,1.802873159341268454e-03,1.779593487173216368e-03,1.818708022411509757e-03,1.804317817273289786e-03,1.800866893378684323e-03,1.768873185906858934e-03,1.793485330600934260e-03,1.801324649244157548e-03,1.824471199148933057e-03,1.788662011500189580e-03,1.786345114091392747e-03,1.803125068274113183e-03,1.793175697000040734e-03,1.784668962502145365e-03,1.822609024019138666e-03,1.831122933652421783e-03,1.802369283255198006e-03,1.821565953668557785e-03,1.817330168542213636e-03,1.806516035439233777e-03,1.874501777861449937e-03,1.795786581751281216e-03,1.893457118924362628e-03,1.776595030382878675e-03,1.803253147851083260e-03,1.808851928502756660e-03
1.690907813548462495e-03,1.679474657694024486e-03,1.727056422087744998e-03,1.737472649085904054e-03,1.771376685053844885e-03,1.753188516951425819e-03,1.727615377303629149e-03,1.681031926224896842e-03,1.688524450124516277e-03,1.717729658015619510e-03,1.724568579718981044e-03,1.772895390393090277e-03,1.750839598669552428e-03,1.702369153814108386e-03,1.739726509627443794e-03,1.753444070499352286e-03,1.761888315236282906e-03,1.721760691350055893e-03,1.747788258375703114e-03,1.739283652111396237e-03,1.709172405672811871e-03,1.707734865052278322e-03,1.736780303746540124e-03,1.737906764816294497e-03,1.701249768731938079e-03,1.764094117982186209e-03,1.744454784719661530e-03,1.679811534530643510e-03,1.746185163938596780e-03,1.741495679860960953e-03,1.728688966850257984e-03,1.685373300689599514e-03,1.725512646591416486e-03,1.775194060744310527e-03,1.730794433571440595e-03,1.712271845326375974e-03,1.752895203845221492e-03,1.730604414586151820e-03,1.728798025707217962e-03,1.726619999531020001e-03,1.766518349231173185e-03,1.714661679336955966e-03,1.744314759767801688e-03,1.728481951488193818e-03,1.723178880421357469e-03,1.769730428970858358e-03,1.753742298680257368e-03,1.685933507805600006e-03,1.739826162164601281e-03,1.726007108882606595e-03
1.645229272321298763e-03,1.690495982750378880e-03,1.668427199115287947e-03,1.692200497549073380e-03,1.624635712544744703e-03,1.682816283120873923e-03,1.644654247852059790e-03,1.664020273824163643e-03,1.654362140235017542e-03,1.654800697411753672e-03,1.673471129590608153e-03,1.703024299291056379e-03,1.585084164907789089e-03,1.651412867951231609e-03,1.664061593097354097e-03,1.628013022669535072e-03,1.641970130946257284e-03,1.646414802193190688e-03,1.684927369301778954e-03,1.639265277879596713e-03,1.659557113379072279e-03,1.613243715275465475e-03,1.654341569788140426e-03,1.675221102342668153e-03,1.665482139329237197e-03,1.683784283587905781e-03,1.629267926248757813e-03,1.626166205198584106e-03,1.667666343423044066e-03,1.707893927426739830e-03,1.606332342684448121e-03,1.672792269291059923e-03,1.683870159254933748e-03,1.708697142020877170e-03,1.675753380488769059e-03,1.650743836871523774e-03,1.647935528838553789e-03,1.665042507984970102e-03,1.600113477178494214e-03,1.667455633619843204e-03,1.589295665929589150e-03,1.666358181580455044e-03,1.619052595510983572e-03,1.678598815960215523e-03,1.652524952012415132e-03,1.708813648566826111e-03,1.693340679805963251e-03,1.600195209418137565e-03,1.650323432200823072e-03,1.640951212518153767e-03
1.601869395153977371e-03,1.600257320211558986e-03,1.516237308258760455e-03,1.555874940335427638e-03,1.593561923323053714e-03,1.503031291759643947e-03,1.559249292624192203e-03,1.565941344435189085e-03,1.592799342624952709e-03,1.601625960920823348e-03,1.560739389898958612e-03,1.592467956433928338e-03,1.561834810416660221e-03,1.629849361115592345e-03,1.546318138675467245e-03,1.619050150792112654e-03,1.567543114553761677e-03,1.523505738365958954e-03,1.591631112886346356e-03,1.528650380160221549e-03,1.530913600670850581e-03,1.536891380829729812e-03,1.585274735489846125e-03,1.582379886542010887e-03,1.605075738001178476e-03,1.614724026585848647e-03,1.599454636695211030e-03,1.570711400044319745e-03,1.587061265226519637e-03,1.565406648410015006e-03,1.562183966414205363e-03,1.516906851418479280e-03,1.560283342955649322e-03,1.540854653493713925e-03,1.550254326045106754e-03,1.568859542667456683e-03,1.576308443714326572e-03,1.605947471497934376e-03,1.604383078897803679e-03,1.579475345190540104e-03,1.536267813377080330e-03,1.582786477589630258e-03,1.572681138725208006e-03,1.623719464140488226e-03,1.597510553543858222e-03,1.584806620989146191e-03,1.540393120382389965e-03,1.578388354379577346e-03,1.591703712620553797e-03,1.548854224581925438e-03
1.479560284333260268e-03,1.462435047611918741e-03,1.466560393805053019e-03,1.458794079345651163e-03,1.542812319300770028e-03,1.473059686268974027e-03,1.464188741081107236e-03,1.515444615349687560e-03,1.495282733423970766e-03,1.448941639616710105e-03,1.473773445340133097e-03,1.452660214098727828e-03,1.477545928840753907e-03,1.429275001467626401e-03,1.504237579320118852e-03,1.542358644251103170e-03,1.521296526719900875e-03,1.469602626300284829e-03,1.494198009599700776e-03,1.448369323897392763e-03,1.500395096249976593e-03,1.472512966667321749e-03,1.474046394236818444e-03,1.457287938559160764e-03,1.475091217036721483e-03,1.516155977380474230e-03,1.524343286023933323e-03,1.479603651001552920e-03,1.564749092944390943e-03,1.537945798788349248e-03,1.488092624304640423e-03,1.513907920835346225e-03,1.498084916822737091e-03,1.463684453813128171e-03,1.465789909888220218e-03,1.464336867811961724e-03,1.457200263554375014e-03,1.482418667876028457e-03,1.522749916882795923e-03,1.498064238087473904e-03,1.486208282331774860e-03,1.492570230462768582e-03,1.460807611951646856e-03,1.492441166879170805e-03,1.486720781292841806e-03,1.502524545089066639e-03,1.446963002981288505e-03,1.511784268857576134e-03,1.541247912493480662e-03,1.475826659250816441e-03
1.487188101874172040e-03,1.420827758323802998e-03,1.414216826650325923e-03,1.412949704696819710e-03,1.346968699010158170e-03,1.447991448977386554e-03,1.402991963460917084e-03,1.444515610671044279e-03,1.415366822521912709e-03,1.447621676882058714e-03,1.411079692035246145e-03,1.391957440620870175e-03,1.445258344988001754e-03,1.437647722169480479e-03,1.411674726414570771e-03,1.361278341053749749e-03,1.450695996550436032e-03,1.457464414145970884e-03,1.392730381963813886e-03,1.444079846804989216e-03,1.446302153222594122e-03,1.447204957184820883e-03,1.441426332806880137e-03,1.400000066612594983e-03,1.427245380966616706e-03,1.479183675395803537e-03,1.421271602711758966e-03,1.420186143998385412e-03,1.440446419949268243e-03,1.356912994445097498e-03,1.454450287782061129e-03,1.355028431311193016e-03,1.439965266210085524e-03,1.434023546045138124e-03,1.368692130773901386e-03,1.405704497758866484e-03,1.359549544620825478e-03,1.337250531891617236e-03,1.442420730489794335e-03,1.320640238975995121e-03,1.449231513310059215e-03,1.376183304442457362e-03,1.396848648233261787e-03,1.458514353109889583e-03,1.375686109924131309e-03,1.357056092497459709e-03,1.350438949085268521e-03,1.367390715477265119e-03,1.413474702593743235e-03,1.423624424278795543e-03
1.347935813169562260e-03,1.333259658448527089e-03,1.342560616666998519e-03,1.353839356998091156e-03,1.293864907435988802e-03,1.354326421216936211e-03,1.336247989969823607e-03,1.375737134779373132e-03,1.353490086752033019e-03,1.322814081764622915e-03,1.319866207188349861e-03,1.342701582460139979e-03,1.324042101044232327e-03,1.340283959497175562e-03,1.337248029144206662e-03,1.331407055059923798e-03,1.289110190430052148e-03,1.342422013368598128e-03,1.304809435206421989e-03,1.355265336332449550e-03,1.301540994178259367e-03,1.329310214599595469e-03,1.357792088557565821e-03,1.310574730847549911e-03,1.320593168748875664e-03,1.311558025926834242e-03,1.318273042919601915e-03,1.350711322413227725e-03,1.373000438231649408e-03,1.351388400293409555e-03,1.314108385076024049e-03,1.303449346138236056e-03,1.333743224082215972e-03,1.254824240073639657e-03,1.319063973145676114e-03,1.326219296904010934e-03,1.303469676514169579e-03,1.297227243720693122e-03,1.335427164489388615e-03,1.317525570992536402e-03,1.308578177737334093e-03,1.351008544424194208e-03,1.306166236136822433e-03,1.332896770854419873e-03,1.331324422171222292e-03,1.344359467414029405e-03,1.376074903663485321e-03,1.309699534318528331e-03,1.298550161323304636e-03,1.343970778084643478e-03
1.222370808245318947e-03,1.246824176318636884e-03,1.272268095328140790e-03,1.181337386272824893e-03,1.217124802875012551e-03,1.307802950598809574e-03,1.247563538469275823e-03,1.202676483530573399e-03,1.262574946880919407e-03,1.272752780465584996e-03,1.258500695898884377e-03,1.207995497771830167e-03,1.194922808583545994e-03,1.193098644415001037e-03,1.240166054209002316e-03,1.203586168865525274e-03,1.214123703122137665e-03,1.294191426722424631e-03,1.217769540281144749e-03,1.228990742542343268e-03,1.226910972371893834e-03,1.264193250044712844e-03,1.278585926263588234e-03,1.209889412126150931e-03,1.277263405415579199e-03,1.279801971322088415e-03,1.233531020223663189e-03,1.261998820959329666e-03,1.276164531390011408e-03,1.236222231551412738e-03,1.251925164111062283e-03,1.264812549653975037e-03,1.262453902068770128e-03,1.246954748876771130e-03,1.223094387162009574e-03,1.285195572080089508e-03,1.212420794229487810e-03,1.234382741562617099e-03,1.236481496040945077e-03,1.269193299259527372e-03,1.220953182505274664e-03,1.299068577602430089e-03,1.280319653641751000e-03,1.283692320996432682e-03,1.289172575722270959e-03,1.242880497255047928e-03,1.248049785258930570e-03,1.201365085908925618e-03,1.270874405480072441e-03,1.197054486879661718e-03
1.183999573676253018e-03,1.152784678906561841e-03,1.128686070214353267e-03,1.154648870151560053e-03,1.190896311818364197e-03,1.151473300008343768e-03,1.155721980184898053e-03,1.141651075415705185e-03,1.130422315900597415e-03,1.172460855444939663e-03,1.137794046208456464e-03,1.142885158179573991e-03,1.118270657879220920e-03,1.207303570288927909e-03,1.154465053218233775e-03,1.187388640346379379e-03,1.124855915882103357e-03,1.113735755286489630e-03,1.181001460185505253e-03,1.197018535176205866e-03,1.178338485430334946e-03,1.136935382583774932e-03,1.147364032450469071e-03,1.083362606576457722e-03,1.194524837929180662e-03,1.158241002787868418e-03,1.146906223886574264e-03,1.167147989319474756e-03,1.108476797480940175e-03,1.072928506215747391e-03,1.155383168840142232e-03,1.116465583870903744e-03,1.126498806516411030e-03,1.158799659201518095e-03,1.131811716157534028e-03,1.148205468683269294e-03,1.109200669938982401e-03,1.184614924345000781e-03,1.125650115731231197e-03,1.202861542499424237e-03,1.156295952586398760e-03,1.140057741029900729e-03,1.138381204356959898e-03,1.098450335587902466e-03,1.114927352458355402e-03,1.126135733779382204e-03,1.203320036336401680e-03,1.145338450625708708e-03,1.097800343052298278e-03,1.150912166526079630e-03
1.046922753404341561e-03,1.057436346091447307e-03,1.053035436832499769e-03,1.020906174590117781e-03,1.071196917172255632e-03,1.098865669329632385e-03,1.056572197396190519e-03,1.072019048650079201e-03,1.073391835932023183e-03,1.084946522668084204e-03,1.018476464929036606e-03,1.049659259206739718e-03,1.112897755910678080e-03,1.064417267169016522e-03,1.054580442659773260e-03,1.001287145017435137e-03,1.090499346418855823e-03,1.011210426691080706e-03,1.045195366046157426e-03,1.058986828637539920e-03,1.087384147725005672e-03,1.077488089078501663e-03,1.054221105608989370e-03,1.048602199166303282e-03,1.065710207194625484e-03,1.100423237048702612e-03,1.070249010130135126e-03,1.120113308169383513e-03,1.070685236937354975e-03,1.042594931656580211e-03,1.078717897741333616e-03,1.027046310688174181e-03,1.087245959666030808e-03,1.023638731800251582e-03,1.053915433593781209e-03,1.126700038471011110e-03,1.095478187962194410e-03,1.036039430039588458e-03,9.976463629045692789e-04,1.092995443188658333e-03,1.073071926180369472e-03,1.120708901225416767e-03,1.055835930057595368e-03,1.034779256179567137e-03,1.023423361411078016e-03,1.062550016294568338e-03,1.071447778204880855e-03,1.054887167082753027e-03,1.066433470028345333e-03,1.048832356566639472e-03
9.973341878558295275e-04,1.016881859604042973e-03,9.677078616522876570e-04,1.005739548707915978e-03,9.535877475407478253e-04,9.961513580293798222e-04,1.022857201257848774e-03,9.555574013847655934e-04,1.025587138498630212e-03,9.768936074614920778e-04,9.890361700384024072e-04,9.934270849362998156e-04,9.147629185021128630e-04,9.661836847546887309e-04,9.100715438810538360e-04,9.482508774100109486e-04,9.483519433740488554e-04,9.654929998527717354e-04,9.876078285213595303e-04,9.861084053172269100e-04,9.877420633754869367e-04,9.722629024252638519e-04,9.884712737407359059e-04,9.947883984500270182e-04,9.521606457292794727e-04,9.793756432572961641e-04,9.533516640670593309e-04,9.588692351283283717e-04,9.866611024956181177e-04,9.850175157310949066e-04,9.950347519707412099e-04,9.820722015993067593e-04,9.901251123389442563e-04,9.989062588988009781e-04,1.016357205394593762e-03,9.543381072233632139e-04,1.017630575171093966e-03,9.738435011500262695e-04,9.819613548323106143e-04,9.703574323973334671e-04,9.512951442297875150e-04,9.688075934042556609e-04,9.592376296033624378e-04,9.713865083343901788e-04,9.978933157882563521e-04,9.781938722767211537e-04,9.339696881183988386e-04,1.008565513069618804e-03,9.618518102054888575e-04,9.466959266181604587e-04
8.858512123932990199e-04,8.916672196161259164e-04,8.550150787456855216e-04,8.094365183395737032e-04,9.117101133336903435e-04,8.489671209141161270e-04,8.307373510159915672e-04,9.692961941368745697e-04,8.302768696607646434e-04,9.102667437023319926e-04,8.662818453140800137e-04,9.141119197854941916e-04,8.956273863521557483e-04,8.629437449353896542e-04,9.006893837360652579e-04,8.907038553745735398e-04,8.924331220321975915e-04,9.164870895698132725e-04,8.386526900375367195e-04,8.614613498455517228e-04,8.869923155805353038e-04,8.656955722133504718e-04,8.619505510022167256e-04,9.262555015999583610e-04,8.752902687437735764e-04,8.690094238033397667e-04,8.764959676966504890e-04,8.853817115680725569e-04,9.073967132227099336e-04,8.655199460776188394e-04,8.604729973115005657e-04,9.099825676882532200e-04,8.448318811491873498e-04,9.065127963633409910e-04,9.354517891535919869e-04,8.810974601691366932e-04,9.008005463039248355e-04,8.984555433747614620e-04,8.696192302453551945e-04,9.061474523538351044e-04,9.177223891674046209e-04,9.048505430653138674e-04,9.087342159053829992e-04,8.814212426240575259e-04,8.610402644881749419e-04,9.573304705583703155e-04,9.234069640730958655e-04,8.528719440018250062e-04,8.343443610232850445e-04,8.682377203584677565e-04
7.636793616267477164e-04,7.956436270127003989e-04,8.213657465859905199e-04,8.149135732641895995e-04,8.135308297022960430e-04,8.005815423408318282e-04,8.186037715584862590e-04,7.650118501699515938e-04,7.558471334264794212e-04,7.762367741000651081e-04,7.333545679793708645e-04,8.005551120944157757e-04,7.923850783511450675e-04,7.655647515401279180e-04,7.494839221277288912e-04,7.851912223244501615e-04,7.928921326384266201e-04,8.114051025272933648e-04,7.455858270896303973e-04,8.103601608555887096e-04,7.495380010287415505e-04,7.439656393291958899e-04,7.858822003331295426e-04,7.927323977807899545e-04,7.684448479578254469e-04,7.500387355376978782e-04,7.378678248195254122e-04,7.678581132545291878e-04,8.053227048302458429e-04,8.183228440948641172e-04,7.864559220723308470e-04,8.146696822212283647e-04,7.627548101843297087e-04,7.813319075752315655e-04,7.852555223260583844e-04,7.275961161248770256e-04,7.861919025899707491e-04,7.726925666331012875e-04,8.610210094980561045e-04,7.211410571356103834e-04,7.660465420049860762e-04,8.015012159350740030e-04,7.890277862312700639e-04,8.651058620219267319e-04,8.404797735138387973e-04,8.393688744180229653e-04,8.317270971957216189e-04,8.147133530194106913e-04,7.540100838952328282e-04,7.410773571977465665e-04
6.909928489286242025e-04,7.280271401074219894e-04,7.225389433541432819e-04,7.295253939462087358e-04,6.495623549615574472e-04,7.456463268886991428e-04,6.744829005092730636e-04,6.868635913369808060e-04,6.941673797230778339e-04,6.901934327807484910e-04,6.763760499825197678e-04,6.806581423208825105e-04,7.079143608377681113e-04,6.849487754704963044e-04,6.928759864543157163e-04,6.654500444799900513e-04,7.050850988301105883e-04,7.047722244667139818e-04,7.138977262048541847e-04,6.886608148077747555e-04,6.849031713842524370e-04,7.182088586055815089e-04,7.300232531286832702e-04,6.828817452470192437e-04,6.895124145530344591e-04,6.661105546996338046e-04,6.800867566315809505e-04,7.386318895628432102e-04,6.531052251979990991e-04,6.413475139742054378e-04,7.564867016800873051e-04,6.827730243105050150e-04,6.555710263856429944e-04,7.321960977494308990e-04,6.863703082865197421e-04,6.974959151500375806e-04,7.028807830372386933e-04,6.748760943149810987e-04,6.871363477162951853e-04,5.960811170257753963e-04,6.689960880942987182e-04,6.925157845440289102e-04,6.973965381877485735e-04,7.091920461218012388e-04,7.062038620290754824e-04,6.756598749582633972e-04,6.437999915024692323e-04,6.488377333983823703e-04,6.404234973033221022e-04,6.470694768421639612e-04
5.888364284545232960e-04,5.979321232788620743e-04,6.004860256928929189e-04,5.849052836889587562e-04,5.388728103137642488e-04,5.182124631844242917e-04,6.081020697600695874e-04,5.672351748468781049e-04,5.880704041511585021e-04,5.780232450794554194e-04,6.097311024790910434e-04,5.708344060620300191e-04,6.096083262187934962e-04,6.389105096168007109e-04,5.137113943695746773e-04,5.987336543720235289e-04,6.299325043077120580e-04,5.920254713773090774e-04,6.807739124535318624e-04,5.461780431504406055e-04,6.208313298874723390e-04,4.843679598695089963e-04,5.796689674134051151e-04,6.522778846719376380e-04,6.055876260366919832e-04,6.224379287683097549e-04,6.137270631559002152e-04,5.722327613666143868e-04,6.044804571958062919e-04,6.343971633030073788e-04,5.563897116095296727e-04,5.833266487651003491e-04,5.318310649703634780e-04,6.084512700242869802e-04,5.669352192826928802e-04,5.718756549792569296e-04,5.604245353895295984e-04,5.906213744257889260e-04,6.084657131374597658e-04,6.108976047702300996e-04,6.130345858121279048e-04,5.720312264059419262e-04,5.589257848964238355e-04,6.030938795238191931e-04,5.832607318153381964e-04,6.076249947184923306e-04,6.162078750878503992e-04,5.798004990841881465e-04,5.947666664929590662e-04,5.667318313981027124e-04
4.870938522426908812e-04,4.642924719143073204e-04,4.662310544672160044e-04,4.350056848491822199e-04,4.617213416717591968e-04,5.210669361119663057e-04,4.995661442247684202e-04,4.495869647360907387e-04,4.591683055211534937e-04,4.720923182133195378e-04,4.727378093235071752e-04,5.488930124822606182e-04,5.073009681902812280e-04,4.888809581075249803e-04,4.969735537917837525e-04,4.722343627555533304e-04,4.968342206375286809e-04,4.984944011109046242e-04,5.181303046095963368e-04,4.230955492379078267e-04,4.440609490475485839e-04,5.097375255345302971e-04,5.342132208503301734e-04,4.273966716164786573e-04,4.516834934236219263e-04,4.330633219803294129e-04,4.647568918540958172e-04,5.129409210692587647e-04,5.059511931703755639e-04,5.383355479783197587e-04,4.268976991017777996e-04,4.606360234267370575e-04,4.928999583910630014e-04,4.304919445606081915e-04,4.264461459368202754e-04,4.777893493691181648e-04,4.364304136828268932e-04,4.417638567026861327e-04,5.051732904388662451e-04,4.505467456663364220e-04,5.052755645516694271e-04,4.764095862333167313e-04,4.758144434135623459e-04,4.599006425944931445e-04,5.005314875821678059e-04,4.757962607371140381e-04,4.390139406458448863e-04,5.033176357069198094e-04,4.476574487780309182e-04,5.016761606228873314e-04
3.689076768612919738e-04,3.553561736157171574e-04,3.667928832896438004e-04,3.297369259307067978e-04,2.856050813750337465e-04,3.027637590445043350e-04,3.956453574321767627e-04,3.626921609786376089e-04,3.310499571682872649e-04,3.755778551890581718e-04,3.495814235270764325e-04,3.245266579352383573e-04,3.303490493850542238e-04,3.950576745717787890e-04,3.683182916464673045e-04,3.560543569436345514e-04,3.311967704475298488e-04,3.717433191069733842e-04,3.632465441029543809e-04,3.268274438609849336e-04,3.060095241062726944e-04,2.917549625314111005e-04,3.228824616176428496e-04,3.583386156004525957e-04,2.861611488861826253e-04,3.603573346561618918e-04,3.554353942429876222e-04,3.516028215252669890e-04,3.559098314867445391e-04,3.455080716558611080e-04,3.642239487279820250e-04,3.638695985804393470e-04,3.677096204708242685e-04,3.452583858215865732e-04,3.653121217355370849e-04,3.670833683129940176e-04,3.333905996562085096e-04,3.452883527789651842e-04,3.097588198476098698e-04,3.733007211074339314e-04,3.742402588195855228e-04,3.952422165341084280e-04,3.345009431502547260e-04,3.731068321446270788e-04,3.264060722311344902e-04,3.813666692762116613e-04,3.360408888631924830e-04,3.210517699893197948e-04,3.138223647919861198e-04,3.861056175589910096e-04
1.628558320207548359e-04,1.899678303518831509e-04,1.808864177385991943e-04,1.638907046014167676e-04,2.316474972789918287e-04,2.049297198880992621e-04,2.168443748541315128e-04,2.024902363506399542e-04,2.359961527930296748e-04,2.094429910979399962e-04,2.559982257050552427e-04,1.817816450197860367e-04,2.374194364278108265e-04,2.783231315834020772e-04,1.935764113755347564e-04,2.417103252007130531e-04,1.983175443633679324e-04,2.584196623545934480e-04,2.632960944993756585e-04,1.947279909896954496e-04,2.341223771709685761e-04,2.538083129739433178e-04,1.625157931896052091e-04,2.616619648747750223e-04,2.493550727637899346e-04,1.953806259305106456e-04,2.044207717196432105e-04,2.313470848271830850e-04,2.251226290938804404e-04,1.908355826186398409e-04,1.834971451805972754e-04,2.498987450918338515e-04,1.941404897822338483e-04,2.241301719249290836e-04,1.892518231431684352e-04,2.137091705855841746e-04,1.996953254650746549e-04,1.737685308743874802e-04,2.188512028242158871e-04,1.750165750052632720e-04,2.834580281244528490e-04,2.086736178668171843e-04,1.945817119914407798e-04,2.248701595055034575e-04,1.929836071523391796e-04,2.322940839304843570e-04,2.641865390533483125e-04,1.817675461290076003e-04,1.924671160656888107e-04,2.502822321087106155e-04
1.108253828655981631e-05,2.180636800297151449e-05,3.218962549934272345e-05,1.218330016740293883e-05,2.924396292950077558e-05,2.980032523300816402e-05,1.043701590355583823e-04,4.123376560162690506e-05,2.547012175452503615e-05,4.793069723954568475e-05,4.514129136817698005e-06,3.134857807488330278e-05,3.206497148560136571e-05,7.969526925455121984e-05,1.502788782009366068e-05,2.997844785687908461e-05,2.656076432243872055e-05,3.671665985550408463e-05,1.145481162516359777e-05,6.549381609994873251e-05,4.107891890045243524e-05,1.559119618934757780e-05,1.838716683493262698e-05,6.071993626419947601e-05,2.190933223727000316e-05,1.525113515396400260e-05,2.841308513806266688e-05,5.330092652041030821e-05,2.068693775401181403e-05,8.041183986291909912e-06,2.313238899658563954e-05,4.928714663577061803e-06,3.707466506538352035e-05,4.983303889096851849e-05,2.135219382933170303e-05,2.063839096292819446e-05,1.422846057524635619e-05,4.055363896203921303e-05,2.846734664693911662e-05,3.977424555162895926e-05,8.033563043507822854e-05,6.262420779777261629e-05,2.316472260158431598e-05,2.959959300090823396e-05,1.865780233947461164e-05,7.679314926974965881e-05,6.294707312011370217e-05,5.362492783300296052e-05,1.401003802736651337e-05,7.318581424046071207e-05
