7.900725729150912327e-03,7.867493829941509323e-03,7.880007267607572891e-03,7.906226064922902697e-03,7.875560312619938816e-03,7.842870223223635806e-03,7.856999115947419995e-03,7.850060766113031371e-03,7.912221082157064669e-03,7.857994604721805706e-03,7.891519641264338122e-03,7.894205459706440942e-03,7.918192546589713707e-03,7.920738825855680801e-03,7.884110966926913266e-03,7.931404738739950694e-03,7.865133988820452449e-03,7.885435311497272087e-03,7.902436274384928502e-03,7.887533339938022567e-03,7.887962444866990566e-03,7.893887979312445846e-03,7.872635987669501095e-03,7.882461945175299467e-03,7.892653165728243103e-03,7.880043780274742157e-03,7.866647696445430021e-03,7.914065970208394168e-03,7.849483749967575003e-03,7.833256856561563244e-03,7.933899089476668595e-03,7.860695322645189220e-03,7.879887284463541613e-03,7.887164713499263471e-03,7.897481506772491625e-03,7.869514498939541788e-03,7.843531154900393668e-03,7.871316228622901590e-03,7.868458327274195641e-03,7.866029341620412590e-03,7.881704495703188360e-03,7.903697986967883615e-03,7.898192369757885828e-03,7.878788316455203472e-03,7.861613273987868786e-03,7.855497743697814617e-03,7.891158771481552800e-03,7.903713341900342818e-03,7.892760324687147361e-03,7.900835618450969405e-03
7.897337024361862287e-03,7.882171263016105739e-03,7.878458225414450636e-03,7.830398853994134656e-03,7.903799614304776733e-03,7.844486896317556107e-03,7.881770610816600173e-03,7.850603273985944444e-03,7.866734941554293092e-03,7.852285664560976208e-03,7.888160923274049191e-03,7.870116841011860764e-03,7.873766183692579301e-03,7.893631495971893675e-03,7.878463788480265934e-03,7.886067307051396538e-03,7.887956123781394643e-03,7.890303764988303159e-03,7.878984556481463675e-03,7.903588358001197717e-03,7.875095983723186602e-03,7.908731756325393381e-03,7.876739162645833223e-03,7.871143710535906737e-03,7.916826122496625762e-03,7.854758188943680025e-03,7.891662183286613994e-03,7.847064100026564237e-03,7.893217607045087056e-03,7.856751374154192363e-03,7.898793753086861408e-03,7.882032932503404976e-03,7.880511408828424005e-03,7.887248779835554988e-03,7.882140464730702858e-03,7.891509548968734730e-03,7.901721690358161701e-03,7.883633868666903299e-03,7.869015757216324403e-03,7.896571752216051399e-03,7.864382585278193588e-03,7.859468379050981238e-03,7.896570401149719670e-03,7.876980026151147660e-03,7.909816075254585618e-03,7.876188879291033326e-03,7.885675591082380934e-03,7.846837664746510177e-03,7.884555105278093223e-03,7.873613331058725365e-03
7.874518310470680904e-03,7.907916553106143429e-03,7.879944360202161338e-03,7.852139556716628693e-03,7.899292956727909168e-03,7.862615655608612419e-03,7.871530268811663747e-03,7.875132823190970216e-03,7.857066154718473500e-03,7.853749303098152626e-03,7.846046266029161123e-03,7.879875400541769617e-03,7.890260914195684067e-03,7.878757959005383907e-03,7.897839766856982677e-03,7.855143321539718657e-03,7.882517759715008260e-03,7.851943083883608510e-03,7.842663901683321476e-03,7.885699258454642591e-03,7.873447140038578387e-03,7.862761319793585071e-03,7.892103292290576430e-03,7.884850564449333299e-03,7.874882633869526027e-03,7.872620331612059305e-03,7.879647860985602298e-03,7.865503187113258299e-03,7.884028829308770484e-03,7.862895143144889992e-03,7.869999857270378735e-03,7.842971317065679931e-03,7.873237481601394125e-03,7.873383098757399251e-03,7.896930543361404403e-03,7.872207054673063809e-03,7.846477064372353941e-03,7.889428024849319196e-03,7.877959508347642109e-03,7.881481056538250721e-03,7.842059848769249511e-03,7.891638766015980980e-03,7.875395852391503179e-03,7.874075605049950591e-03,7.920011452101133678e-03,7.885096366406314436e-03,7.899346565948900389e-03,7.850592045761928955e-03,7.880803852177349980e-03,7.867042283957655438e-03
7.846360231603628776e-03,7.901681427286946086e-03,7.855075156405030845e-03,7.869897429573710634e-03,7.856974395593992536e-03,7.844482071727641032e-03,7.850540378366143573e-03,7.839468004803838361e-03,7.883581331371711937e-03,7.886160927539888343e-03,7.841575548913778948e-03,7.880774794970690084e-03,7.893284213324303078e-03,7.871669225319323504e-03,7.864198531205892836e-03,7.865774289094832131e-03,7.898770325860105662e-03,7.898177303305071312e-03,7.874852266832885542e-03,7.886365316244424092e-03,7.853652342545553583e-03,7.885628532441818495e-03,7.881830444936821153e-03,7.863905013955533804e-03,7.905807931790151052e-03,7.835181070653089372e-03,7.881337860931517461e-03,7.891063508300467932e-03,7.904941352657360309e-03,7.889442880306156078e-03,7.860039686927507152e-03,7.854755495251903447e-03,7.890647943305970427e-03,7.879259155365556794e-03,7.893360621679123418e-03,7.910369666859857693e-03,7.887737156088066651e-03,7.874210441544255562e-03,7.915271505314376912e-03,7.866945273409350903e-03,7.838370284725509549e-03,7.861872301159828630e-03,7.874355112656781022e-03,7.872537481173945070e-03,7.879019727748218585e-03,7.906864218128931143e-03,7.852061695582054218e-03,7.858520623742057051e-03,7.860400285506699905e-03,7.894508647888952291e-03
7.868284166601208218e-03,7.890198620699628157e-03,7.862862325286393284e-03,7.877234837803101519e-03,7.861686140813273910e-03,7.866711945721636609e-03,7.838694891159550884e-03,7.835222052860375125e-03,7.890565829859374353e-03,7.872244594851881758e-03,7.877466486905338600e-03,7.902702485808075356e-03,7.867701226415736368e-03,7.872900463062692741e-03,7.854075540936630850e-03,7.872586216207948240e-03,7.848321232561234276e-03,7.867379276747148500e-03,7.878107986595789952e-03,7.882189340679366177e-03,7.873154796846205603e-03,7.881329302840578421e-03,7.873779759745848719e-03,7.852441899530188119e-03,7.866990280205781241e-03,7.879523542866272157e-03,7.872645590018849046e-03,7.875404157576381542e-03,7.864124846286645043e-03,7.891694393378969469e-03,7.842100964500638496e-03,7.865181196491656881e-03,7.873924012605582404e-03,7.874124352002059152e-03,7.850758201913951920e-03,7.888735167782686200e-03,7.845730577031488975e-03,7.868342312846771450e-03,7.874111349598901521e-03,7.890041644757834344e-03,7.871022345103451112e-03,7.860428167921691342e-03,7.855744370356890563e-03,7.835957632841091328e-03,7.884531264680586654e-03,7.873412844780637576e-03,7.886794847473186168e-03,7.835588486573332942e-03,7.858481053051974766e-03,7.867641348545879529e-03
7.877173229536732837e-03,7.864628599356552480e-03,7.854587441568661524e-03,7.857641581690839871e-03,7.856633911171627752e-03,7.860946741296103227e-03,7.878190662721289497e-03,7.826949358318324376e-03,7.867865231104633622e-03,7.874848145316996548e-03,7.852420231948070706e-03,7.861103624215845173e-03,7.884010826591372062e-03,7.842790087378129563e-03,7.847569192645948224e-03,7.854588938961643702e-03,7.858225589144863035e-03,7.850013421104595074e-03,7.876607548776963855e-03,7.842897998313188776e-03,7.848209318631383519e-03,7.861181304548065657e-03,7.889756729753189674e-03,7.861606290056052243e-03,7.844690063136459252e-03,7.874932279807966146e-03,7.869278674743488897e-03,7.843409042050030963e-03,7.876366524513820494e-03,7.828472859501318590e-03,7.885447397800577490e-03,7.863052920664961518e-03,7.885090265795176648e-03,7.866626040347129978e-03,7.879642454840313920e-03,7.876313347440384860e-03,7.820296846180227468e-03,7.861736431462873487e-03,7.843288773737263839e-03,7.840263114562805516e-03,7.848496458521127261e-03,7.856285029555617680e-03,7.875611908902721559e-03,7.875908715327973111e-03,7.838033188989809372e-03,7.854265691795325049e-03,7.833657852046534836e-03,7.843600184471952522e-03,7.856154327688593883e-03,7.877945255904300267e-03
7.861288236509318336e-03,7.853547179944415924e-03,7.850153831125578421e-03,7.814045656561244974e-03,7.854138344754199239e-03,7.838200666315553108e-03,7.846410666864901684e-03,7.857686169089205322e-03,7.871953665553545545e-03,7.815942930147116649e-03,7.846953770574848983e-03,7.832564051116444603e-03,7.853853466201370093e-03,7.874585211568630588e-03,7.896957331175308986e-03,7.850884638168870860e-03,7.861276487138706484e-03,7.826078982102167153e-03,7.841769321071261761e-03,7.838639487537074624e-03,7.840122895210617157e-03,7.816667475850984717e-03,7.881102467495199743e-03,7.850366867461325976e-03,7.816586678203103419e-03,7.839225226746526082e-03,7.858351152727293884e-03,7.829857266339841637e-03,7.858432885636878334e-03,7.837143262732380530e-03,7.843053372794729985e-03,7.846322475037657840e-03,7.845866918484973793e-03,7.875501120084976714e-03,7.830277647924989773e-03,7.797450771420203798e-03,7.853702413574472144e-03,7.845259944985810349e-03,7.846434946202147237e-03,7.841710973847667437e-03,7.856863980332751130e-03,7.860816488275237587e-03,7.839688326475741445e-03,7.868994066260891554e-03,7.802069799860885876e-03,7.865232573134499708e-03,7.841754184358663143e-03,7.835865766436515834e-03,7.850535134267918463e-03,7.863247395597346839e-03
7.854945064512761782e-03,7.858822650280591210e-03,7.845237109928430638e-03,7.813643496250587822e-03,7.845642149278924185e-03,7.838939079163524323e-03,7.807209920439451938e-03,7.868137282200019303e-03,7.828160171548753307e-03,7.842065075372554178e-03,7.858663255420323887e-03,7.856208226866757960e-03,7.837627118771057014e-03,7.804491508299015931e-03,7.809506908344176698e-03,7.854982201645153636e-03,7.860197997395738240e-03,7.880446672654086229e-03,7.796705851920422356e-03,7.822043233791819983e-03,7.857032058705042468e-03,7.860466953814343460e-03,7.812993865552409975e-03,7.831966590312095314e-03,7.833255949381820460e-03,7.812954805414898396e-03,7.837455797202561025e-03,7.817625998034309631e-03,7.844736790022267814e-03,7.830967007191162038e-03,7.845632096059380889e-03,7.837171986493881790e-03,7.844630692940956357e-03,7.841696625924959863e-03,7.845590223825896561e-03,7.817620726189246708e-03,7.883067111642818800e-03,7.803923958432312617e-03,7.804539354861129291e-03,7.827432921976445329e-03,7.828590862004687970e-03,7.836697491373528779e-03,7.840432450702376072e-03,7.835794166964459712e-03,7.833083282185376861e-03,7.845656528318187273e-03,7.819019986058941066e-03,7.830116272316580556e-03,7.875113084346541462e-03,7.825090599592647925e-03
7.819241253303540681e-03,7.836760327318717176e-03,7.785954326819357479e-03,7.840024934843627114e-03,7.816592797218741354e-03,7.825337418785011795e-03,7.825820660541495458e-03,7.796670078071912119e-03,7.840600225609039783e-03,7.774403447250870063e-03,7.846872699254332784e-03,7.861313274888983085e-03,7.803691290840730592e-03,7.847767435865625127e-03,7.832296784958642233e-03,7.848005135520775069e-03,7.817044778172396735e-03,7.799060528253884232e-03,7.828665021584692643e-03,7.830906241992636324e-03,7.827194864693494750e-03,7.814980476344924459e-03,7.832949391981860673e-03,7.783832136510533857e-03,7.846800730670231913e-03,7.824465779942285301e-03,7.825195368377035540e-03,7.832537726361613745e-03,7.804798688582382030e-03,7.833446558666169734e-03,7.809274146843544866e-03,7.787328179503964255e-03,7.815174262080407108e-03,7.818478617012491680e-03,7.806661660541400552e-03,7.794717471803168200e-03,7.810216790588678758e-03,7.837914428948922901e-03,7.830612810993514347e-03,7.807170017924485242e-03,7.808295919564466059e-03,7.826589693668475206e-03,7.822386337683754839e-03,7.797544849398085724e-03,7.819867068255756393e-03,7.829037194510134190e-03,7.835058113140697111e-03,7.825391076833880522e-03,7.803290301075923793e-03,7.794730467888171498e-03
7.806736117918277457e-03,7.798724764272613880e-03,7.847101954919447758e-03,7.782963131569724247e-03,7.785854098219319869e-03,7.812848891343439003e-03,7.801094089008749760e-03,7.802782040833533897e-03,7.834604813262813217e-03,7.809271439019500882e-03,7.811726816864500260e-03,7.793340215250421817e-03,7.749723562753298850e-03,7.825204481614703514e-03,7.837001472734167473e-03,7.805048694967174280e-03,7.801617813559792725e-03,7.796637160973327908e-03,7.811798694515327199e-03,7.775623799066869700e-03,7.825197474246639237e-03,7.788097824034802968e-03,7.829916864453435182e-03,7.807405563779789247e-03,7.773298723476387839e-03,7.831616640672143387e-03,7.791265189239071805e-03,7.766608148268022357e-03,7.795881044506956445e-03,7.803025114117148782e-03,7.813081382687669246e-03,7.827816388718726939e-03,7.852825404404954746e-03,7.781295182463024429e-03,7.833779054501457950e-03,7.826772875137688948e-03,7.811593029789354499e-03,7.783343610318821382e-03,7.785510002422350341e-03,7.806603756088227250e-03,7.826796831015531142e-03,7.817337262121871674e-03,7.797330149259045981e-03,7.826595125916281301e-03,7.828269910494033146e-03,7.811006409219964884e-03,7.820012148915624073e-03,7.811020818087463340e-03,7.826956695660389901e-03,7.816747662231714536e-03
7.796734541985481277e-03,7.792920481663063656e-03,7.802292876321594885e-03,7.794157369970317745e-03,7.796751133203541281e-03,7.760007162388807452e-03,7.785651207707488565e-03,7.801682342588818313e-03,7.821479342501750157e-03,7.802275853032057326e-03,7.771819436470424163e-03,7.787212986760780678e-03,7.800048626152280597e-03,7.777767960701678467e-03,7.783160088151703723e-03,7.776023868248496500e-03,7.770925611364012074e-03,7.777560977187212427e-03,7.790698034993766979e-03,7.797840860063143427e-03,7.759998700759583763e-03,7.808110817811006465e-03,7.779676872929732964e-03,7.822436349058166372e-03,7.781385820433825082e-03,7.771129648161193872e-03,7.795020470634469491e-03,7.799449779760530416e-03,7.767833105574955925e-03,7.773349669853674843e-03,7.766127386142289424e-03,7.793433737196362766e-03,7.759573991443548431e-03,7.793050508378977087e-03,7.779801530954972948e-03,7.811564590031878398e-03,7.742109080466207972e-03,7.805819088756893627e-03,7.790680774932427603e-03,7.770035392341133329e-03,7.780965478337116374e-03,7.753655884753358173e-03,7.791714515093767918e-03,7.791919613591625007e-03,7.756787602960288699e-03,7.791866394032100074e-03,7.781349586867463385e-03,7.808587374805114542e-03,7.778885665513747549e-03,7.792458453567904959e-03
7.759699387192715500e-03,7.777068304977374780e-03,7.797779728415147986e-03,7.731173799045215449e-03,7.764304203754276990e-03,7.738279420581728983e-03,7.780232362696036172e-03,7.763391365791627585e-03,7.774804320641520890e-03,7.772801431827603379e-03,7.764049441637759646e-03,7.753984716178828271e-03,7.755735158438566666e-03,7.752564885049277772e-03,7.743479137585833512e-03,7.813517714030833450e-03,7.777079408411032534e-03,7.780650762318253727e-03,7.773722008449506123e-03,7.744893189312137237e-03,7.766719255407988215e-03,7.778372111609627333e-03,7.758155230239722339e-03,7.756617841059265141e-03,7.795595688029278297e-03,7.776110506876817569e-03,7.783364294484888812e-03,7.734419284798204307e-03,7.762279983045016450e-03,7.754748636555263037e-03,7.767755005331652973e-03,7.781982429149640959e-03,7.806199224138579869e-03,7.773328295754217479e-03,7.751641584397374329e-03,7.741901468570602275e-03,7.761286940685713405e-03,7.744445181177695217e-03,7.781867164375274280e-03,7.746516163565843327e-03,7.799369789029779454e-03,7.757013650910573807e-03,7.752968210073915567e-03,7.741810523173873158e-03,7.792440997420474642e-03,7.740866338771381500e-03,7.785888105207528810e-03,7.764462676377295938e-03,7.778440955206003017e-03,7.780999795336573759e-03
7.748202783895221345e-03,7.750715700653895181e-03,7.717083664530318375e-03,7.755689659397743511e-03,7.767989030431122349e-03,7.745441679274648293e-03,7.750704984789753837e-03,7.686232738710807241e-03,7.773531144899950736e-03,7.734313559782152528e-03,7.735117108640670799e-03,7.751719571262218750e-03,7.748046319457926011e-03,7.698492297087022006e-03,7.748321476207237560e-03,7.760107642996214028e-03,7.752892993470168054e-03,7.753237150328538309e-03,7.745498487763979346e-03,7.742343407024226444e-03,7.746256464065181223e-03,7.771841793816664998e-03,7.716877981826259641e-03,7.783419824224820094e-03,7.758676783043244769e-03,7.739595654816127691e-03,7.742105844908764474e-03,7.739586376128515174e-03,7.697557349036561643e-03,7.763919554698063726e-03,7.761970186422099093e-03,7.713038940035106365e-03,7.701434814365137882e-03,7.759350950132592323e-03,7.744105847697023079e-03,7.785750524224526771e-03,7.693636648394432120e-03,7.771289917508551574e-03,7.726005110242064808e-03,7.705066806531481356e-03,7.746616467472012928e-03,7.733541857605977579e-03,7.721985282579633091e-03,7.710973549375828122e-03,7.747696610047954957e-03,7.763908408203162165e-03,7.780450702878560429e-03,7.765162975269977556e-03,7.762430783722210244e-03,7.720422719017299915e-03
7.721457319295387152e-03,7.731386446672779307e-03,7.718665090095527814e-03,7.724720049472349852e-03,7.726981479927549912e-03,7.710793192125021261e-03,7.735653502826045878e-03,7.703676971386054506e-03,7.702092430210477278e-03,7.740028560047729905e-03,7.738949691721054742e-03,7.691143926263235495e-03,7.703248933877565770e-03,7.712517765032781379e-03,7.693211458834392502e-03,7.703356107450590705e-03,7.707521856728932752e-03,7.751254698015938409e-03,7.724636178891752109e-03,7.723417978273121147e-03,7.726833697536009647e-03,7.751707955389480244e-03,7.739874621370742072e-03,7.697420187688456747e-03,7.703865078468543140e-03,7.714256781966751832e-03,7.692444156554701165e-03,7.729933144919935023e-03,7.703459948942719716e-03,7.732435732610155009e-03,7.709527773452153759e-03,7.707036974521877699e-03,7.712302315762824614e-03,7.695736731279397176e-03,7.724282262794421490e-03,7.729656696949305239e-03,7.742259347362437025e-03,7.714388703065865049e-03,7.714326930397391591e-03,7.712383161049702826e-03,7.698824154899468197e-03,7.712168369092092107e-03,7.701859965548814649e-03,7.689826407826746632e-03,7.704136896105143531e-03,7.757444489087730009e-03,7.700625253970590223e-03,7.735617239436301702e-03,7.717873095331050440e-03,7.709073179951629433e-03
7.706707307211081368e-03,7.697148009218413370e-03,7.700348046797850406e-03,7.670641218286988923e-03,7.718874091081403405e-03,7.684358139152568448e-03,7.659082477773014944e-03,7.684889776562195060e-03,7.698796205057556810e-03,7.688474994275011978e-03,7.699525108200900095e-03,7.707508524501262802e-03,7.697702124325273877e-03,7.683743889324281574e-03,7.686559293379151628e-03,7.693397370257339801e-03,7.711122796085360769e-03,7.684528609785054414e-03,7.692208268877465289e-03,7.698922249189882674e-03,7.703359047695027516e-03,7.713749095398290609e-03,7.664959319604093893e-03,7.691547326400785707e-03,7.667114718242965150e-03,7.673809751358814761e-03,7.698528586765651313e-03,7.678846192830050127e-03,7.655859579758584124e-03,7.681703051983715738e-03,7.671924038540045392e-03,7.696203283479191061e-03,7.656192687551979792e-03,7.700981943812796986e-03,7.695555307291325822e-03,7.690273501224999080e-03,7.715895459465041926e-03,7.698389266883702564e-03,7.644127677701595056e-03,7.699622941972712221e-03,7.693066183680020119e-03,7.674453424637213764e-03,7.679806015464694588e-03,7.666229539882168584e-03,7.732245562034683987e-03,7.726058089852379067e-03,7.672410525513585072e-03,7.680799047384112566e-03,7.748676675737819347e-03,7.704811283253920964e-03
7.679925766134706663e-03,7.664002344420483073e-03,7.674498871043645282e-03,7.682874722322810199e-03,7.681455954513460686e-03,7.633729299601974862e-03,7.666636562670430324e-03,7.682767213034642946e-03,7.660398722948929574e-03,7.656921845052346368e-03,7.642718951766569804e-03,7.678791549442347437e-03,7.625018926115069949e-03,7.646812283278410505e-03,7.659406894924359124e-03,7.700718817978041697e-03,7.675220072111978674e-03,7.679359033168755254e-03,7.677061363310221098e-03,7.660830903481806280e-03,7.653982675636665685e-03,7.682795331876135156e-03,7.616916517347276615e-03,7.637627756353078390e-03,7.700713192023307500e-03,7.634122019145136127e-03,7.666412276375145912e-03,7.681621780080892699e-03,7.644451329950366532e-03,7.649432962122637916e-03,7.701035395433135193e-03,7.673185771067744278e-03,7.666408619629972755e-03,7.645142510027286634e-03,7.637152116892389347e-03,7.669488663709812283e-03,7.659546283906696479e-03,7.682574206223195812e-03,7.671973345849344289e-03,7.667421801194547124e-03,7.640981513752814411e-03,7.663753414515887472e-03,7.665710260074804633e-03,7.636404625699238363e-03,7.678397458440188589e-03,7.673040576931319454e-03,7.657247383821897714e-03,7.684179400314654872e-03,7.663143156386879006e-03,7.688597043944683102e-03
7.620356036119650678e-03,7.603057118493018220e-03,7.647921653985979319e-03,7.608376138832475058e-03,7.636499599680140332e-03,7.638965499013767972e-03,7.625444532239721365e-03,7.613399666726957359e-03,7.622991058751998027e-03,7.642997369794037738e-03,7.642164813854828050e-03,7.626374995453034239e-03,7.621211743269599645e-03,7.633286007597039728e-03,7.634621174029571425e-03,7.638572803286031165e-03,7.597857109532475499e-03,7.616865030880761063e-03,7.619287556268405232e-03,7.610417916976588808e-03,7.642378797238672666e-03,7.637172301701886795e-03,7.626163095191000087e-03,7.665013361962069727e-03,7.642974511625284101e-03,7.643374390181881251e-03,7.620691219773347708e-03,7.633153194300858549e-03,7.590141444190541889e-03,7.611353304988370885e-03,7.645338101093759886e-03,7.636460164278736744e-03,7.648660401179247642e-03,7.645993583610128340e-03,7.609863610017111174e-03,7.631358881670107994e-03,7.638411989989888143e-03,7.621777410623365757e-03,7.620222562731331431e-03,7.619438040616511969e-03,7.620688996060506239e-03,7.621193152186365137e-03,7.639189053527633069e-03,7.635947763341565872e-03,7.643460536241901068e-03,7.616420495631587469e-03,7.615554446433546454e-03,7.646325284263329712e-03,7.647106016192358087e-03,7.625866788464613286e-03
7.585718613400715613e-03,7.630873961135331736e-03,7.627470935336794905e-03,7.590659939246896873e-03,7.601149840962554555e-03,7.604228619812778561e-03,7.617942896638884610e-03,7.592340648565117783e-03,7.567230559120908737e-03,7.596562351230800800e-03,7.596162796586134781e-03,7.593616345327136759e-03,7.534948240412940069e-03,7.635806812675765415e-03,7.600036541413036049e-03,7.562988555039261603e-03,7.570948463602083026e-03,7.568278025421138616e-03,7.584573569524343320e-03,7.618879450393232534e-03,7.582725388714036015e-03,7.573140980371630138e-03,7.530075102033138672e-03,7.611084450841564333e-03,7.610263103479002200e-03,7.611423369650359774e-03,7.571592973929616895e-03,7.592166603779509047e-03,7.616817775337144866e-03,7.610654078953437221e-03,7.579993117089031326e-03,7.568565648679587664e-03,7.596431940742452531e-03,7.605042575774534179e-03,7.633117840699138804e-03,7.648366556326936967e-03,7.578531702750775437e-03,7.594904311881139382e-03,7.581111031351899995e-03,7.604911558407864008e-03,7.629787953319864743e-03,7.602349055850093212e-03,7.574898519233567648e-03,7.611639607387462279e-03,7.596109409021734211e-03,7.639043434948992496e-03,7.575420087863471950e-03,7.606676399946755117e-03,7.559039990328092137e-03,7.594229119098253045e-03
7.569160003709355863e-03,7.568577630366155919e-03,7.575812522860251100e-03,7.567552061987113318e-03,7.540189129552538061e-03,7.552420482411798669e-03,7.580521182609442112e-03,7.574094672904123880e-03,7.534042381638766071e-03,7.534292142110802018e-03,7.569346266221357693e-03,7.587613612885755164e-03,7.597117735889729814e-03,7.564218533542847213e-03,7.550585633614417293e-03,7.551821520693881469e-03,7.583505279045534009e-03,7.550449214626315728e-03,7.554153460518094228e-03,7.539710693212569627e-03,7.591532404514478999e-03,7.587523506403745857e-03,7.589258443422751410e-03,7.558559457251968344e-03,7.574645223208256208e-03,7.561328450371487472e-03,7.555116505295576823e-03,7.551024323106252621e-03,7.561174935063252021e-03,7.565935978312732235e-03,7.569915832551870304e-03,7.555179407790597705e-03,7.560723139486517919e-03,7.566077629357154111e-03,7.568333889363283544e-03,7.536773530588018917e-03,7.557717538897527551e-03,7.523761468242602148e-03,7.511299518152131371e-03,7.581207818532532082e-03,7.613439266553593925e-03,7.576789598505068862e-03,7.574542331877260129e-03,7.574213857500132312e-03,7.558398480766820478e-03,7.583179911956747753e-03,7.524054682446200751e-03,7.563248117706470285e-03,7.556191651147786160e-03,7.548731791856443628e-03
7.496997235458382862e-03,7.552704454869143581e-03,7.504915972662776734e-03,7.521604563519139648e-03,7.502815079864106999e-03,7.536763363777865612e-03,7.521405804179456638e-03,7.526939532478127415e-03,7.492228792806949512e-03,7.542350417428048473e-03,7.513116819579872090e-03,7.497462097662133465e-03,7.536454237785568736e-03,7.539844819985894696e-03,7.511960465248570390e-03,7.513542594163731894e-03,7.509424807904208597e-03,7.531482767395121340e-03,7.508274133711760959e-03,7.501472911821975911e-03,7.524863604651228950e-03,7.527986975478519541e-03,7.529511870828418073e-03,7.534711349593717182e-03,7.515250884213294826e-03,7.530190349271149303e-03,7.529534919315620210e-03,7.537944389046279982e-03,7.505523480850306677e-03,7.507264050721943610e-03,7.520153895722406744e-03,7.539446315551091328e-03,7.488918195062770414e-03,7.483047218616378955e-03,7.499836975284029060e-03,7.553651427073964503e-03,7.523665537761497352e-03,7.509348805419175689e-03,7.520136404372536505e-03,7.511284318097772097e-03,7.503618305591896499e-03,7.499462019836307218e-03,7.549973108803093892e-03,7.509215034007608869e-03,7.530604693840387692e-03,7.524424815935694920e-03,7.523307211573862507e-03,7.505925349141640175e-03,7.501245858687091185e-03,7.511638629596960673e-03
7.494167340331010264e-03,7.454991115901461393e-03,7.453587316313006403e-03,7.496742158534604530e-03,7.460262678803131382e-03,7.438966674784602308e-03,7.493724718696877403e-03,7.431089851475608868e-03,7.477999169965937956e-03,7.448793990180803230e-03,7.483772299912558844e-03,7.467533772271571502e-03,7.489022163191080134e-03,7.506248607456330983e-03,7.451037107693460684e-03,7.468526343290515443e-03,7.514161428466720541e-03,7.484592040766658259e-03,7.456474271162456466e-03,7.466210640714481504e-03,7.530499261676389285e-03,7.459382373175256833e-03,7.505077970323327519e-03,7.486366218128799252e-03,7.459718979107857022e-03,7.440024931047013734e-03,7.493883793325999305e-03,7.466940398385837376e-03,7.472520646927710911e-03,7.475887459280521237e-03,7.439785650017941357e-03,7.478419579613866490e-03,7.470856530470719112e-03,7.496842937032646877e-03,7.484720130502863986e-03,7.505932196871080951e-03,7.474273203693006067e-03,7.486030726713502163e-03,7.501098295454751257e-03,7.498745059287402481e-03,7.497461439892020782e-03,7.473005741944099486e-03,7.450116963356887868e-03,7.476978579190645541e-03,7.491387608687710004e-03,7.485644395252757238e-03,7.463041827147641298e-03,7.466087293036454201e-03,7.470012679752074773e-03,7.488268791640167663e-03
7.414947519952762127e-03,7.436381330347556322e-03,7.426666891150333384e-03,7.430120382759927179e-03,7.375638939173920390e-03,7.429412500547105322e-03,7.434850965148695999e-03,7.428759014802006899e-03,7.478527484289562884e-03,7.431283048079806094e-03,7.428859150490358353e-03,7.411077296511916872e-03,7.446981914717086884e-03,7.428072892738337221e-03,7.448278150640723003e-03,7.456182540083310106e-03,7.453020332209148516e-03,7.455424174636641511e-03,7.467992905990267737e-03,7.434002272378548853e-03,7.433216306162628538e-03,7.412112001123602294e-03,7.414552055689955720e-03,7.387465087779639637e-03,7.464387962437685382e-03,7.431272964960257583e-03,7.416069915179858071e-03,7.412779178392797479e-03,7.453566533655105360e-03,7.460356880919691812e-03,7.473242724089361119e-03,7.454423408910374263e-03,7.439271012694082669e-03,7.464559062407367419e-03,7.439459650417977118e-03,7.434867107628658975e-03,7.417208605046187418e-03,7.447701638796985074e-03,7.454757837921173642e-03,7.455042361888352884e-03,7.452301912833463049e-03,7.462013884282032994e-03,7.462776863221365006e-03,7.443924243431663049e-03,7.435928470458039348e-03,7.395481131078240900e-03,7.428665823465914475e-03,7.435583366395367988e-03,7.455093093789810429e-03,7.430389746016972941e-03
7.366619999358320521e-03,7.395824156691446771e-03,7.381166153096183936e-03,7.410006434484402681e-03,7.375770961070630440e-03,7.352782043962186737e-03,7.385464213438840825e-03,7.370879458726147665e-03,7.418806920664632217e-03,7.376379467850710178e-03,7.376144154004115293e-03,7.381167608817376831e-03,7.399872744675086399e-03,7.362754749837734439e-03,7.401388778451366800e-03,7.398822582027960761e-03,7.374695800289828886e-03,7.425446563457958719e-03,7.382415163407017762e-03,7.405637875511753877e-03,7.361060792940877888e-03,7.383040205014563054e-03,7.394054139537822000e-03,7.382885918016657972e-03,7.384789334267514820e-03,7.352241434745469470e-03,7.413339352523773754e-03,7.382363475699035144e-03,7.394546622159620802e-03,7.376457848301778107e-03,7.361888568286283942e-03,7.408970152367381698e-03,7.400745939435045620e-03,7.400602083203462397e-03,7.398063385742543671e-03,7.371784794004713690e-03,7.374417673359843009e-03,7.414931877158277909e-03,7.373576700646493690e-03,7.381087785292925023e-03,7.382927098437595814e-03,7.420355492342229492e-03,7.341499505388177950e-03,7.402589867982960030e-03,7.403984023738952383e-03,7.387270711999085158e-03,7.390180405828186694e-03,7.379434371186325420e-03,7.381043863674479483e-03,7.388769682362223909e-03
7.344555850246348161e-03,7.376674559552779710e-03,7.361094299337619246e-03,7.351013913196250381e-03,7.333141629365382344e-03,7.306319095110045195e-03,7.344591746730424163e-03,7.347336396180002317e-03,7.351712192909139014e-03,7.298645334054752049e-03,7.338177845852374669e-03,7.358140550556306267e-03,7.363660642603768111e-03,7.348875259691778870e-03,7.329775538051228750e-03,7.308644664030503751e-03,7.312410710835903251e-03,7.343330807248479343e-03,7.334691276375443318e-03,7.345420717614715121e-03,7.332032346970754691e-03,7.338815084469997238e-03,7.322523801476622102e-03,7.312649546686532040e-03,7.341340781227764789e-03,7.341241817967822901e-03,7.319664573454162659e-03,7.315580677225428860e-03,7.333289387636763614e-03,7.346157529802215848e-03,7.371425352223562842e-03,7.360583567832702269e-03,7.324066172723955534e-03,7.308255092261789834e-03,7.323551688440172250e-03,7.349434166728012648e-03,7.347030867550737900e-03,7.332241795063523457e-03,7.355960222159114818e-03,7.359028746487236705e-03,7.343060408852500678e-03,7.344578155237251049e-03,7.318154467399418106e-03,7.320969408684964430e-03,7.364535192408224948e-03,7.355618862955253662e-03,7.371376002556063664e-03,7.319582458550770096e-03,7.359603096361292361e-03,7.349714176295447238e-03
7.299937985012246514e-03,7.263049245849258206e-03,7.267158105144812252e-03,7.319239075790181376e-03,7.293687253524439376e-03,7.298984857881040192e-03,7.251888988851927162e-03,7.302011578814955779e-03,7.266819306852187639e-03,7.280880014317135142e-03,7.271354558626610953e-03,7.281779729949098938e-03,7.288020019149265595e-03,7.299107387513869942e-03,7.306538423388515661e-03,7.286733709674781713e-03,7.327724202783723710e-03,7.292931292780237447e-03,7.297607995596505637e-03,7.288149814780407916e-03,7.305681266945472305e-03,7.281850612549331005e-03,7.279434736896476556e-03,7.318537552221301631e-03,7.295153218527861139e-03,7.261438042426186096e-03,7.281960500284723886e-03,7.308669623832943912e-03,7.309743238474395235e-03,7.298544938210112590e-03,7.296838504717126535e-03,7.291052745557023360e-03,7.295796798272752813e-03,7.298254077478954355e-03,7.264942452318024109e-03,7.300172787463397178e-03,7.281723200795116140e-03,7.264159234164909752e-03,7.305639013300406839e-03,7.284517842209901548e-03,7.256774391521102555e-03,7.291428338683994884e-03,7.303352893724907383e-03,7.277591493992248937e-03,7.291581677198187388e-03,7.289329790182316922e-03,7.287874689529906871e-03,7.281141901393048399e-03,7.262912831615612151e-03,7.304763568039432907e-03
7.270707518742104344e-03,7.248885422848901777e-03,7.207980120984843787e-03,7.258622695727095023e-03,7.199370256388418383e-03,7.243131808968334036e-03,7.213064846648895891e-03,7.233942908801291316e-03,7.234991987615194131e-03,7.244530849112896208e-03,7.234740197011583183e-03,7.237584510543594411e-03,7.272835218410110374e-03,7.194837242151053483e-03,7.218916782838596599e-03,7.235222763553610451e-03,7.241452382841729457e-03,7.262168659101739601e-03,7.264496077984723341e-03,7.227537823851498330e-03,7.218111695283070846e-03,7.261720354595709720e-03,7.219795983291141424e-03,7.244751059708696116e-03,7.254602665948156615e-03,7.241985180997193190e-03,7.225619208619404703e-03,7.206445746660612370e-03,7.218432970690811905e-03,7.233778983516390461e-03,7.219659006511311254e-03,7.246841177138308755e-03,7.231058035029891591e-03,7.243859215136075683e-03,7.225193682446841639e-03,7.244133859617958235e-03,7.242431410621083705e-03,7.197335875158482159e-03,7.203681543291598315e-03,7.234166631114590483e-03,7.228451353424471433e-03,7.276397121256063770e-03,7.239342453891322270e-03,7.262333776580231701e-03,7.232512837071378327e-03,7.252842367254978828e-03,7.239121285435128061e-03,7.234012396094452110e-03,7.215746893271549056e-03,7.219842643864115422e-03
7.171360552377329528e-03,7.163269965583984183e-03,7.204891021589509420e-03,7.184654761904678624e-03,7.216523306956632716e-03,7.170576805128145263e-03,7.192530872503228451e-03,7.210078323377009171e-03,7.158944855177392860e-03,7.177965190369748304e-03,7.190095595548839924e-03,7.159788716058586820e-03,7.168915398170541339e-03,7.183702705589423837e-03,7.158678595039540127e-03,7.180224673097440440e-03,7.145464318219524325e-03,7.233926448892873291e-03,7.185339509130078163e-03,7.142169872963775347e-03,7.151789857346331492e-03,7.168318419118789933e-03,7.141716704168867523e-03,7.155169302135714303e-03,7.178719044882439851e-03,7.187989690992934409e-03,7.179935830550237229e-03,7.158714882024589700e-03,7.173896256953095005e-03,7.152607778057840440e-03,7.199222772202680184e-03,7.156643192731712393e-03,7.166690123188054241e-03,7.170878992901999656e-03,7.188935664293580677e-03,7.185408710877734181e-03,7.161491184761380538e-03,7.183998485250699464e-03,7.199534335499858419e-03,7.188686812806720054e-03,7.183718298241172605e-03,7.161605047271439942e-03,7.206519521040867342e-03,7.164668639379437320e-03,7.220065346295384198e-03,7.196494944129770352e-03,7.165094014739136451e-03,7.154664386618846128e-03,7.187576343624770339e-03,7.175272076286731172e-03
7.123320704780984267e-03,7.106715897015275854e-03,7.138175510796627293e-03,7.129218262228784360e-03,7.115302055319330278e-03,7.113684312962392439e-03,7.105773490223231056e-03,7.144805369356031603e-03,7.120901526240983742e-03,7.130966334614820094e-03,7.119526837643209288e-03,7.095082366513086325e-03,7.083680778910752922e-03,7.137954040865737183e-03,7.090826296748171768e-03,7.135912153502522656e-03,7.113185547648240292e-03,7.122886253571845960e-03,7.155729548203084919e-03,7.090122771057034978e-03,7.096388232120393567e-03,7.123605806364714452e-03,7.159193797153772139e-03,7.130242876964433540e-03,7.117934339482686126e-03,7.127125073782079184e-03,7.148365832778807126e-03,7.108643817626930997e-03,7.115395761500055774e-03,7.083571753497162546e-03,7.091967427890292011e-03,7.101270197631685127e-03,7.110854679095043873e-03,7.096159638599583257e-03,7.133802763482589501e-03,7.109556983493993225e-03,7.161247243638275278e-03,7.105134914596707325e-03,7.117586598438515287e-03,7.125866584485247325e-03,7.086380951854466537e-03,7.118082822875592720e-03,7.127022360339458143e-03,7.148410537901668527e-03,7.105837408064069778e-03,7.112064228171800437e-03,7.115978668354987907e-03,7.126151062889729722e-03,7.105626854934307679e-03,7.131959304911048882e-03
7.026491332010384623e-03,7.076329023084562166e-03,7.059640480520119193e-03,7.041359103259454445e-03,7.073444395253044616e-03,7.028348335720272996e-03,7.088429255104923554e-03,7.047896883386332509e-03,7.042773429192395601e-03,7.055824730011609792e-03,7.050297235043149514e-03,7.049648909761930225e-03,7.072862014890105714e-03,7.053287634273015284e-03,7.045501757721296318e-03,7.054386469506454711e-03,7.060870938717578836e-03,7.023684638741695477e-03,7.048017799825712776e-03,7.077513286253005360e-03,7.053532406749649965e-03,7.045971258680190814e-03,7.075176843723936064e-03,7.057126764947449504e-03,7.056782387849578134e-03,7.021136940105824654e-03,7.038598962030122308e-03,7.061585793094824620e-03,7.044487164446080335e-03,7.065996435909881711e-03,7.051103216435849683e-03,7.059475613485187082e-03,7.041483035604721719e-03,7.054237232999744159e-03,7.073516347329813526e-03,7.047268403478583638e-03,7.043139526406990390e-03,7.073703466615989532e-03,7.066115115027317081e-03,7.071562335750459539e-03,7.036760024329067817e-03,7.070017329394943234e-03,7.067330230886729146e-03,7.066789509877192954e-03,7.036898423849898519e-03,7.026931819484202001e-03,7.046950603002827100e-03,7.051518096239327814e-03,7.048662777534605087e-03,7.060572915523584230e-03
6.982678236690168308e-03,6.977084924301808419e-03,6.980488266733420911e-03,6.991996060416704080e-03,6.982719982516128431e-03,7.004439383258889359e-03,6.991508710983996948e-03,6.975002617490907476e-03,6.963931701612109150e-03,7.029675589526826647e-03,6.958978456205971649e-03,6.990414417561209917e-03,6.979238732338131565e-03,7.027481477632616103e-03,7.000588341475853099e-03,7.014419684477130393e-03,7.015395856098232026e-03,6.988263804899749049e-03,7.011045887225646721e-03,6.998653522721024096e-03,6.959396365139739263e-03,6.967533288523144325e-03,6.971978137579739471e-03,6.979284987634557132e-03,7.034856994029319716e-03,6.947764926963257391e-03,6.963996010337936311e-03,7.002160252957566680e-03,6.979764862126027099e-03,6.986409853443982867e-03,7.000128726461459124e-03,6.978220662802404363e-03,6.985077389961375817e-03,6.984414286967546501e-03,7.027214175172380450e-03,7.010467512921223117e-03,6.991653621484952494e-03,6.985361053395046892e-03,6.974327391307095017e-03,6.991054789080746075e-03,7.007661698228423094e-03,7.018911145996015698e-03,6.967521831898693986e-03,6.976650338073345399e-03,6.957879853486119599e-03,6.981477789348194268e-03,7.007252511312775378e-03,6.957678893549799383e-03,7.006988655192054709e-03,6.989713615066004034e-03
6.906783464606573372e-03,6.890746053471341614e-03,6.948131878142386683e-03,6.938522393661034245e-03,6.909988724442068554e-03,6.923508460373062681e-03,6.945855305161223459e-03,6.929575184873598519e-03,6.957471973242277362e-03,6.898437453399704385e-03,6.924358369051596823e-03,6.881031468849757755e-03,6.912634381190400391e-03,6.923219709626896728e-03,6.906020651519738027e-03,6.937979546966161100e-03,6.908221683562609274e-03,6.900697289067822537e-03,6.927733378091961540e-03,6.941795677230238638e-03,6.905093384070168198e-03,6.965503439861868776e-03,6.896863872743917538e-03,6.911224513957339027e-03,6.935854426427260667e-03,6.932384531826686624e-03,6.930830896759150248e-03,6.892928572574587125e-03,6.913809402207696762e-03,6.954358261892849315e-03,6.914802573833693511e-03,6.923923856361666705e-03,6.914211408309523313e-03,6.898916825539826332e-03,6.910408933925565184e-03,6.880107621981222492e-03,6.941157285068569327e-03,6.947269623888321921e-03,6.938975316014711799e-03,6.911095444255483874e-03,6.924657442738439521e-03,6.904743874620537097e-03,6.937389898981542388e-03,6.939689363433954560e-03,6.917354174312980407e-03,6.901591945978289948e-03,6.924567963812212727e-03,6.920914423110542495e-03,6.931405499478755089e-03,6.917330980984195965e-03
6.849018951051790392e-03,6.841698737498004730e-03,6.853142173355999262e-03,6.851057853215155452e-03,6.845578844002465739e-03,6.882149216964923190e-03,6.824039784918177823e-03,6.847699807533230015e-03,6.817153162081234126e-03,6.847362352297825527e-03,6.875336108622493066e-03,6.845689838009720932e-03,6.900700449433403751e-03,6.813449943734561053e-03,6.873143486427807716e-03,6.853295587896260019e-03,6.802969217735738150e-03,6.844295756208726086e-03,6.866978028732578961e-03,6.879475023978637131e-03,6.842732885544572374e-03,6.804901147353070202e-03,6.836554739795934477e-03,6.857162098070635793e-03,6.838315979736100600e-03,6.858813817050384010e-03,6.836740633351867484e-03,6.817033370361304245e-03,6.817764618877214695e-03,6.832121593081974184e-03,6.835007583073017534e-03,6.861653444459395179e-03,6.815070803610418122e-03,6.878126160695999074e-03,6.840512911228798995e-03,6.864831890963517431e-03,6.859638565948794273e-03,6.822152305772484319e-03,6.829075815429039818e-03,6.884517518791758404e-03,6.861223713687813336e-03,6.864098788897580843e-03,6.853358087190537275e-03,6.827233008361203483e-03,6.814165518374866101e-03,6.849014027358549944e-03,6.851635565599475258e-03,6.814643479842221949e-03,6.840470751794888900e-03,6.836635261137970383e-03
6.794674961326174593e-03,6.779251944230475953e-03,6.761782178105719444e-03,6.772456446250358329e-03,6.784234227788988290e-03,6.750964002239818497e-03,6.738760629158685109e-03,6.802349301628597168e-03,6.790365220618241153e-03,6.815958667289670134e-03,6.775219887827465051e-03,6.779922655187710367e-03,6.755975227265680234e-03,6.761576546123971611e-03,6.773886861422519050e-03,6.776926398384685440e-03,6.774584429766053635e-03,6.765133227847921517e-03,6.803266383402883748e-03,6.783736293751209401e-03,6.802495394003978298e-03,6.778992992846534331e-03,6.774086060326875783e-03,6.783081493439197321e-03,6.769789983564849373e-03,6.781822771634293638e-03,6.751827537787305315e-03,6.763905446452654104e-03,6.786724648126661770e-03,6.762712293230780519e-03,6.796370737698458238e-03,6.760963205026141939e-03,6.764567132057040626e-03,6.814474585404603317e-03,6.757862325259030543e-03,6.772334998003759141e-03,6.784101945887121080e-03,6.778057500658744156e-03,6.780385371765533173e-03,6.785951481280668232e-03,6.758167177512332778e-03,6.793984748124393472e-03,6.773661638247324181e-03,6.760984383789783204e-03,6.746107442946782003e-03,6.771276520581754471e-03,6.713727512512347728e-03,6.811765468696769771e-03,6.757510632918835823e-03,6.781460001900518376e-03
6.648470163545162730e-03,6.739916298660920957e-03,6.731970420179067202e-03,6.696202832372303952e-03,6.694001683387556384e-03,6.646780959693020067e-03,6.644762720341071752e-03,6.676776629575763636e-03,6.743478629851199641e-03,6.696693485499228583e-03,6.679061355529437513e-03,6.701712111240590818e-03,6.709684874583153776e-03,6.687059974281272384e-03,6.708511378228675277e-03,6.729226109375519536e-03,6.697711478641886831e-03,6.685124049736516742e-03,6.706927942870698732e-03,6.699588063067694541e-03,6.687279423591639162e-03,6.703317086465475708e-03,6.697791313553467726e-03,6.700933375526855335e-03,6.692898555988023059e-03,6.684442275892224505e-03,6.691505205719123529e-03,6.748782237409332689e-03,6.699615069366486424e-03,6.672752763566673975e-03,6.711978330969137901e-03,6.653318289661255130e-03,6.681295627457782202e-03,6.687641857472435315e-03,6.712529968067361581e-03,6.667164457636392053e-03,6.730235077117647548e-03,6.690182572315309106e-03,6.704197478896785356e-03,6.674724258756955901e-03,6.682875592440874583e-03,6.695096170547123506e-03,6.684152858054394526e-03,6.666235386816363184e-03,6.728134870000176265e-03,6.670055816223075494e-03,6.697539468950622008e-03,6.712764541494449511e-03,6.702990101016776357e-03,6.684032829478237306e-03
6.606813432176165089e-03,6.632332655148244147e-03,6.614024260799770266e-03,6.618228125141307344e-03,6.621580277475152404e-03,6.624466496651118530e-03,6.601689754269072542e-03,6.592229423398598964e-03,6.631129178002877558e-03,6.604747057745306155e-03,6.610722641419360633e-03,6.566660266614029670e-03,6.622618259662346567e-03,6.588733471252960529e-03,6.614095748791103298e-03,6.608218778634340936e-03,6.606806043579627544e-03,6.611784036205257432e-03,6.658126781044896615e-03,6.571126289244416663e-03,6.647075661144080140e-03,6.586161581446830886e-03,6.619212619170655038e-03,6.605951182871609879e-03,6.625995864152031158e-03,6.604336793750380241e-03,6.604199065013361715e-03,6.621516310906796002e-03,6.635720571727325538e-03,6.618180395105461786e-03,6.614427051000040109e-03,6.619353659150522054e-03,6.581981051583104744e-03,6.605859841571854255e-03,6.637665013062932738e-03,6.617707723265479208e-03,6.615562253744103165e-03,6.635689351583871562e-03,6.578487514450178687e-03,6.627601775424511385e-03,6.633970804756474451e-03,6.615996626561058969e-03,6.616470885279072435e-03,6.632718366596313322e-03,6.598987333266346546e-03,6.590377149884142118e-03,6.643958145905146627e-03,6.643963846129043692e-03,6.615380996100986982e-03,6.614095095217125374e-03
6.526324255057767455e-03,6.471744706990833693e-03,6.511235927996053031e-03,6.548372153971951729e-03,6.533399183673004387e-03,6.507015383575121860e-03,6.522278153140859645e-03,6.524427046873181729e-03,6.561424869276110024e-03,6.544906393799125761e-03,6.540394042667250531e-03,6.542508473116414799e-03,6.551797123932145625e-03,6.518917775367252115e-03,6.561258086424541502e-03,6.553680270284558719e-03,6.483179556991069958e-03,6.508336940233817869e-03,6.515109008479527675e-03,6.516084046626150969e-03,6.505890141458838850e-03,6.534390382357944081e-03,6.501195889363767938e-03,6.543954970991095951e-03,6.567346616033734388e-03,6.551116305596215057e-03,6.507305403101662847e-03,6.503796313732277193e-03,6.497165827910112920e-03,6.524296396207949870e-03,6.512848131302969266e-03,6.557804658179668296e-03,6.530363473811762361e-03,6.499452219524689406e-03,6.527361746057442141e-03,6.527270847224670575e-03,6.499570404340529461e-03,6.545351924969966539e-03,6.531156536965754614e-03,6.533201723504921538e-03,6.509900087330612248e-03,6.513040628315576973e-03,6.540303420760330139e-03,6.528219045257448866e-03,6.552459083067012531e-03,6.534392379341746361e-03,6.526206552406901146e-03,6.509872730396659701e-03,6.492234064800579338e-03,6.509399327738277403e-03
6.454699973210496940e-03,6.414621024468393148e-03,6.461693958453426992e-03,6.443242669197207263e-03,6.443007732369539740e-03,6.430742604079978456e-03,6.482184664539706459e-03,6.449520009760440105e-03,6.479150714168687222e-03,6.423766561981185570e-03,6.466611250593147509e-03,6.433175410153627385e-03,6.442197579561491014e-03,6.461246643801668577e-03,6.423668708606380603e-03,6.431645729401215365e-03,6.443894293314773869e-03,6.408961472296903321e-03,6.422504251710822211e-03,6.462179960847230960e-03,6.466156220375020997e-03,6.447331281088042321e-03,6.433530565430634410e-03,6.403478802297072302e-03,6.445686345990987547e-03,6.449513502375101189e-03,6.475126805233589328e-03,6.440858151143596597e-03,6.436497988228456757e-03,6.457294722105321426e-03,6.471385669666791275e-03,6.455325149586929254e-03,6.430503456980691743e-03,6.427965425379720057e-03,6.469825717569384349e-03,6.473200223117766584e-03,6.435432832653626214e-03,6.471550724701296761e-03,6.459584516969409974e-03,6.448335792743083335e-03,6.429162099102412459e-03,6.450334046647159501e-03,6.433122707531474700e-03,6.457792828346389270e-03,6.433439668443691022e-03,6.419750381036501072e-03,6.419454538242601316e-03,6.457739047136340504e-03,6.441589126752970268e-03,6.435158920430651686e-03
6.341466907622399576e-03,6.362268538391268116e-03,6.341135205841643557e-03,6.352531940720686048e-03,6.347755875222959275e-03,6.381346658274101441e-03,6.309832964285458368e-03,6.342837177751068679e-03,6.349014204648509123e-03,6.333308289193585912e-03,6.360035145134369794e-03,6.334094073410978867e-03,6.360193131762338983e-03,6.312115491604549690e-03,6.323540399474653767e-03,6.357420343923478150e-03,6.356279050781431413e-03,6.377259828278779470e-03,6.367998889739533500e-03,6.356718009902411273e-03,6.350294271341440019e-03,6.338011579943603722e-03,6.308470178006453377e-03,6.360990441539742662e-03,6.363178227082526978e-03,6.344429880760451938e-03,6.319302285976701253e-03,6.341830815292328130e-03,6.320700289803676125e-03,6.366145080436895996e-03,6.331265377467029838e-03,6.377166436216204735e-03,6.345304502497053911e-03,6.322658318495093244e-03,6.319029600753828940e-03,6.354539451953005597e-03,6.332130592484663811e-03,6.339739402026920920e-03,6.345307133215245809e-03,6.340491769008864582e-03,6.356689203775537679e-03,6.320450668262267598e-03,6.317296652291535912e-03,6.315729001730943475e-03,6.395622951227251593e-03,6.340289674321380672e-03,6.330473860558603200e-03,6.310129401037246205e-03,6.346585541429032758e-03,6.331735874871300199e-03
6.269178968364812199e-03,6.246992667824622682e-03,6.247120198800773690e-03,6.219538224781116613e-03,6.249333600246513229e-03,6.219912695161089466e-03,6.251561856711666115e-03,6.246958154122043624e-03,6.256631530962905065e-03,6.261744246557105972e-03,6.214421948217381704e-03,6.276696670598149938e-03,6.274759364267749190e-03,6.252695211420654375e-03,6.231158521123250117e-03,6.182717661143727339e-03,6.201770039598084906e-03,6.274983523341545050e-03,6.222359804882041448e-03,6.281728331440280914e-03,6.242613064435152681e-03,6.258581508763725633e-03,6.265015622022899848e-03,6.265172519164629097e-03,6.252765582480364695e-03,6.272141827474184833e-03,6.276979287944284974e-03,6.234815591251516818e-03,6.301376083907847710e-03,6.224967386640804096e-03,6.223435787966211628e-03,6.257379052645173356e-03,6.297242521911589237e-03,6.227537897902990678e-03,6.277608158234281206e-03,6.267565511655985924e-03,6.249381609574061400e-03,6.273003736378250129e-03,6.237503232514701214e-03,6.241544524892552945e-03,6.255035134721382423e-03,6.237434314662783710e-03,6.241064959662292501e-03,6.238046985720622009e-03,6.251100536425669395e-03,6.272058627791468610e-03,6.325418467461133357e-03,6.233729391235630184e-03,6.237497083521202808e-03,6.235131574816923754e-03
6.176426306426108931e-03,6.142930415194433960e-03,6.171149539958719135e-03,6.124986195474634541e-03,6.125839772565091872e-03,6.157899266091136636e-03,6.172636197492644208e-03,6.156296639504414171e-03,6.122869505834767703e-03,6.133271646978992117e-03,6.163314062687759963e-03,6.147215023213576171e-03,6.159951659131426838e-03,6.160702812927149746e-03,6.161635765591440446e-03,6.158419340840944056e-03,6.126443367910574915e-03,6.155271624168994621e-03,6.165685404414688112e-03,6.190619032800380103e-03,6.160658781460237945e-03,6.135864607511289093e-03,6.181788994739614157e-03,6.123102794422994460e-03,6.137479137180939723e-03,6.160166193000607589e-03,6.138949389592564254e-03,6.200308770001922327e-03,6.182040745905710219e-03,6.164852853751576559e-03,6.121603798437577973e-03,6.134265662386703503e-03,6.157157880466589302e-03,6.150300474819556107e-03,6.117772617441773544e-03,6.192598369170418740e-03,6.135888379558811397e-03,6.131002800494000059e-03,6.137307808027677586e-03,6.140042761120476610e-03,6.126376681975264672e-03,6.134361537946247944e-03,6.087754452632974413e-03,6.144682819317190750e-03,6.133270459285833018e-03,6.190071217496737749e-03,6.138524210110459650e-03,6.143138161061695475e-03,6.132740753073415499e-03,6.178254232768119227e-03
6.052961247739644703e-03,6.049606432896034898e-03,6.072142558965933426e-03,6.027036774823663068e-03,6.033336901250545802e-03,6.086876855264967100e-03,6.069167941949210783e-03,6.058012414990185217e-03,6.046905348642033634e-03,6.036552638119155323e-03,6.044589950394265408e-03,6.058037882239999429e-03,6.027094278828760629e-03,6.062643310249692628e-03,6.046939093820521104e-03,6.060064969240272666e-03,6.044143354813858067e-03,6.015740899169699958e-03,6.023294237386824825e-03,6.012897030919030911e-03,6.071679503952431833e-03,6.040836793837549464e-03,6.073364431921283828e-03,6.048348246884482741e-03,6.057227960102378773e-03,6.063846383987059503e-03,6.064124514545349634e-03,6.042331352294370503e-03,6.043297418600465480e-03,6.042610872753447979e-03,6.057425023913172620e-03,6.016814703754969768e-03,6.039514384468489330e-03,6.052038206181348072e-03,6.056362112615808202e-03,6.059403588134173839e-03,6.080752848398129559e-03,6.065766620459883338e-03,6.039479913730967132e-03,6.082300162760366502e-03,6.056375467800001987e-03,6.034188691193681509e-03,6.065585626810058792e-03,6.038703057681858721e-03,6.060962891053812800e-03,6.026045616902606095e-03,6.037302215937596396e-03,6.040220474648251049e-03,6.053170124673444390e-03,6.046698364811408169e-03
5.929461923111755892e-03,5.939429410804001469e-03,5.906494580931231052e-03,5.950817145867973688e-03,5.967146161670174205e-03,5.936070351870632346e-03,5.954871232758047681e-03,5.909446051410791045e-03,5.934957575250680677e-03,5.929779482947801147e-03,5.915462034908227154e-03,5.919743498093989545e-03,5.942696633550820229e-03,5.914421328760622459e-03,5.966174374437259280e-03,5.938445090926396282e-03,5.952448090002618146e-03,5.925308749419636381e-03,5.916270346755962001e-03,5.944432972281748530e-03,5.914345932331962173e-03,5.941029360599467402e-03,5.959350598574508079e-03,5.934632042196221792e-03,5.910062958108025857e-03,5.956609951228551518e-03,5.899929400225168916e-03,5.943645645506072210e-03,5.958900361401039784e-03,5.960940812728256731e-03,5.938664308774569030e-03,5.951353951534542504e-03,5.946249164326527017e-03,5.949855284532624446e-03,5.952360288177148233e-03,5.933209435165603257e-03,5.951560960870252125e-03,5.959318931577365502e-03,5.956467932469924204e-03,5.901830187881610713e-03,5.966282499761350194e-03,5.943574569068858955e-03,5.934165376218747921e-03,5.962032640610684213e-03,5.905139443065947867e-03,5.935825919249396697e-03,5.962562246551792247e-03,5.928239850801676585e-03,5.944778534146382895e-03,5.946144084823723995e-03
5.817413281542609983e-03,5.848054866551552836e-03,5.842111327523132405e-03,5.832960476259613225e-03,5.863543879794447071e-03,5.826717739456313376e-03,5.884313334979658118e-03,5.816146648968728919e-03,5.835488937766569045e-03,5.862609080353972137e-03,5.839731435112632471e-03,5.867179738891687563e-03,5.829437223858562576e-03,5.805041692238000796e-03,5.841716607637933295e-03,5.821647535609799674e-03,5.798041150574402211e-03,5.839468025262140038e-03,5.836389393876150432e-03,5.802159521041316305e-03,5.868142260475247077e-03,5.814914364414685947e-03,5.829514019743501155e-03,5.844273373414791799e-03,5.824399562511224301e-03,5.808882711521187042e-03,5.809569688564695383e-03,5.809852075083793248e-03,5.794153611629580120e-03,5.835288035985339815e-03,5.828918480878219829e-03,5.821377076309033720e-03,5.867063317629496108e-03,5.787569735701289173e-03,5.805301942738591743e-03,5.827759317772076945e-03,5.792803544214195424e-03,5.865235591175819128e-03,5.846155412139696084e-03,5.842819902811930213e-03,5.836113526935724632e-03,5.827323917112184511e-03,5.819871948423440376e-03,5.822229450853168981e-03,5.804384097930181431e-03,5.813223858310592913e-03,5.792116506541765929e-03,5.854028547832285448e-03,5.837707391996855254e-03,5.855605514730118609e-03
5.662866640520833328e-03,5.682427995754135708e-03,5.690923220763524290e-03,5.698371656807942054e-03,5.690455827750200493e-03,5.739472464300958594e-03,5.704971324994548287e-03,5.681608696687729526e-03,5.723660927214819019e-03,5.665018147539245541e-03,5.735469337430570448e-03,5.688671875381651026e-03,5.673934541451765637e-03,5.737527602611249174e-03,5.715541936095460893e-03,5.696939896738253788e-03,5.724168940168073566e-03,5.723051998484327170e-03,5.642047289725215034e-03,5.687893237320956578e-03,5.713085366421840477e-03,5.718801982893504353e-03,5.693213843691842004e-03,5.703301246768005366e-03,5.741755911013749110e-03,5.678013755491857426e-03,5.702604198599092906e-03,5.693285073850394735e-03,5.698719996077499655e-03,5.675754297040997570e-03,5.730410732125434080e-03,5.660771301429735544e-03,5.727863179019574910e-03,5.721307608144567819e-03,5.701780445991059230e-03,5.707472441477176757e-03,5.771355816852272169e-03,5.721779384234347218e-03,5.682630765395014875e-03,5.689059276005816075e-03,5.772395738930059979e-03,5.709038727457086369e-03,5.699471143940578431e-03,5.704951438427462510e-03,5.699557624968870986e-03,5.739236218577008913e-03,5.717371893395219520e-03,5.731391910913122452e-03,5.725201950909525675e-03,5.747367397436372628e-03
5.567273778065793405e-03,5.549819576164622195e-03,5.600548471184703565e-03,5.597317743628711650e-03,5.566350777238539445e-03,5.576315902767444224e-03,5.611486334077636813e-03,5.571474011330910039e-03,5.597480396643951354e-03,5.562290702387703671e-03,5.562928674576488389e-03,5.572975925119167014e-03,5.591840697738108441e-03,5.566047871170857857e-03,5.580425412325428110e-03,5.609114719741923293e-03,5.545758160420426533e-03,5.598087111057435672e-03,5.630108294278121824e-03,5.610319758613079369e-03,5.590373539014033104e-03,5.602530855483972387e-03,5.567286214384564204e-03,5.611687700249506569e-03,5.606313147588504707e-03,5.578574345191409517e-03,5.586032028721322519e-03,5.601575804522597977e-03,5.572614414571924572e-03,5.570806514999106056e-03,5.614529033047758154e-03,5.596668164698989645e-03,5.619849912235657351e-03,5.537963781530809600e-03,5.589655161430138151e-03,5.576555037529133847e-03,5.562492112211606804e-03,5.571099448640920784e-03,5.623368392567325985e-03,5.586149435744548405e-03,5.608482297930332885e-03,5.540409354553719329e-03,5.589113687213500235e-03,5.606609031427959439e-03,5.599059042007000289e-03,5.578661671417108059e-03,5.599975423495415910e-03,5.533034078682289893e-03,5.566939820858394193e-03,5.560544577861955932e-03
5.498543403358564265e-03,5.466874237344395045e-03,5.411509368481962068e-03,5.485804176048998670e-03,5.469206215395185089e-03,5.469823948750748496e-03,5.441683318309186411e-03,5.504440341554319750e-03,5.434720050058066722e-03,5.443830409325129543e-03,5.483743233069778879e-03,5.497305799619130531e-03,5.499837408133181373e-03,5.424203332476493222e-03,5.464464549914825088e-03,5.498649624199613423e-03,5.492011593286862114e-03,5.446997855109543367e-03,5.469002248975365216e-03,5.442957050001676414e-03,5.454355340501340806e-03,5.513919422418483811e-03,5.467529702710916852e-03,5.493732630204585000e-03,5.458546482559300562e-03,5.481478443076647118e-03,5.460262751395265901e-03,5.488123524503846738e-03,5.442626373198103384e-03,5.477825870607234277e-03,5.482318006743357522e-03,5.443466879291778381e-03,5.515560445873636704e-03,5.467269997140125973e-03,5.466541068619733268e-03,5.462734446607117079e-03,5.479136482848184948e-03,5.450897700463252192e-03,5.442660637663000733e-03,5.442945003451910013e-03,5.457973274340489206e-03,5.445884499449854532e-03,5.477741051505473878e-03,5.441784583200348982e-03,5.438169049251699583e-03,5.464905206539395766e-03,5.450274296670616636e-03,5.455513910522146771e-03,5.503801008371020029e-03,5.475649570732282582e-03
5.322773447158223037e-03,5.327019899216945374e-03,5.358971733532475780e-03,5.329784811558566614e-03,5.322639092317702630e-03,5.388029518743873286e-03,5.320969948490867490e-03,5.344743575493451394e-03,5.348762795391391600e-03,5.336053526744284799e-03,5.339456625791804030e-03,5.372000149703105853e-03,5.330609929666455839e-03,5.331370990791276486e-03,5.353962256107193916e-03,5.321603133041359450e-03,5.303573937200541794e-03,5.358219710201255447e-03,5.320755556590077776e-03,5.349803169118466824e-03,5.324811925095124243e-03,5.320210953400410399e-03,5.346732680594620465e-03,5.340985849416719604e-03,5.346622886938181413e-03,5.361248329982559388e-03,5.327634753690460231e-03,5.290736126785346854e-03,5.326487593692988409e-03,5.364004468717206014e-03,5.353704131445736168e-03,5.353003438238582851e-03,5.300351907044881065e-03,5.327373653772589715e-03,5.342850282617705830e-03,5.290167022853257614e-03,5.327651574927938678e-03,5.343219393852507645e-03,5.321975233247107015e-03,5.347213782003562565e-03,5.310187423706042541e-03,5.337372650432828207e-03,5.330625020200281845e-03,5.330061115339621187e-03,5.356264646881414224e-03,5.324251875392744734e-03,5.311417820590364457e-03,5.302431162491726482e-03,5.339233059507231260e-03,5.312616068167856816e-03
5.187568674316776936e-03,5.208557459299692841e-03,5.194222847420928643e-03,5.233760667810080300e-03,5.239203898914936847e-03,5.228698637088245380e-03,5.222200406742081615e-03,5.220732127416585593e-03,5.175668921173980433e-03,5.202596008749474539e-03,5.189360277576968855e-03,5.239024377650724172e-03,5.230936506368247946e-03,5.176179974277001460e-03,5.201308657286095316e-03,5.213652915810185542e-03,5.213132660653898437e-03,5.264207674454554620e-03,5.221048249190628904e-03,5.224849331557915831e-03,5.216779006510286615e-03,5.210512877351548659e-03,5.180603999537484669e-03,5.209835206298622616e-03,5.190194103073406985e-03,5.186779182522133561e-03,5.232833617957779668e-03,5.210028568075099342e-03,5.178970530661489331e-03,5.184983977398824849e-03,5.193085298558683914e-03,5.167042488207823289e-03,5.213134118759028997e-03,5.212900008534355860e-03,5.184702879110672513e-03,5.193050155757331782e-03,5.201659425740869612e-03,5.177999710327696806e-03,5.185201981600346538e-03,5.208580161318841946e-03,5.209420684948218999e-03,5.177850575442277496e-03,5.205288000277427142e-03,5.215453527804856347e-03,5.203806218680460949e-03,5.218837405228804981e-03,5.210487608299339476e-03,5.174682418575324468e-03,5.203908416459138153e-03,5.200917648126040897e-03
5.109892115348509817e-03,5.069476265939240958e-03,5.104157807919717897e-03,5.082594424708677255e-03,5.056398354884156926e-03,5.064934267093021414e-03,5.075868312734834430e-03,5.073192960370168612e-03,5.091798331062307587e-03,5.095943588007065261e-03,5.073111190887345801e-03,5.110818272392161389e-03,5.087830295619733337e-03,5.035461836887934577e-03,5.052920947833933543e-03,5.018596621671312687e-03,5.080479569343466194e-03,5.079002336655014625e-03,5.088976357749832626e-03,5.089480539510178245e-03,5.080045618081892138e-03,5.061514272362455970e-03,5.022360801538425928e-03,5.054382933162192108e-03,5.071614633926212201e-03,5.078663810854451913e-03,5.080104320746198915e-03,5.064561700682247876e-03,5.068750192114598006e-03,5.058384336951229909e-03,5.065048621997092666e-03,5.066041993090264831e-03,5.024872202080555086e-03,5.078738063736573487e-03,5.076652522833046896e-03,5.073118267027613287e-03,5.095728913491896599e-03,5.077646918991198140e-03,5.052276216679620069e-03,5.099450300491747100e-03,5.068893176704052095e-03,5.076127512514692734e-03,5.072312022695917022e-03,5.086730840912154390e-03,5.083502476011537638e-03,5.062032931663035078e-03,5.064644505688549285e-03,5.074201334833089612e-03,5.112885207680539605e-03,5.072597923554688325e-03
4.986721581228772092e-03,4.905108863623610163e-03,4.933822486076686747e-03,4.942964697665408295e-03,4.935498261775498816e-03,4.913554542555868820e-03,4.954798834600438080e-03,4.934942952370072015e-03,4.917653077918499038e-03,4.901450346908070750e-03,4.928969005329474767e-03,4.923793092372579297e-03,4.943847575577572928e-03,4.893962469593112624e-03,4.924243395830110032e-03,4.921856802611492519e-03,4.965639759210696905e-03,4.881769902277620886e-03,4.884978789722429701e-03,4.906081438908557572e-03,4.921944133154635900e-03,4.905938334754124906e-03,4.929073258563052007e-03,4.930300984658033368e-03,4.936349550498579479e-03,4.920753283715909206e-03,4.935048886325722924e-03,4.944623380884327103e-03,4.917177661747791986e-03,4.948506730986347059e-03,4.909874208795585691e-03,4.942123366366061275e-03,4.921296555064997788e-03,4.946689614692443421e-03,4.941761474999245909e-03,4.945675870330307894e-03,4.877662343792650221e-03,4.935108361772342668e-03,4.942874543629444291e-03,4.930553191193540880e-03,4.908482573853739303e-03,4.899819137273409356e-03,4.949021776141553433e-03,4.947559151712591953e-03,4.910363600276947127e-03,4.957506260976636547e-03,4.926290448418361306e-03,4.975960516896667588e-03,4.882842172785082334e-03,4.953938529823779212e-03
4.800484869204525891e-03,4.759106597123821669e-03,4.791574038390334148e-03,4.781696416822888047e-03,4.762923147626217310e-03,4.810284091768239449e-03,4.746852737243885921e-03,4.765413452171471734e-03,4.787259718258145107e-03,4.781314134449075187e-03,4.760973933733098594e-03,4.762634213563600796e-03,4.785706188359142334e-03,4.809096350828467523e-03,4.831300335623177865e-03,4.760955299072961583e-03,4.798980672495832024e-03,4.814895991534552840e-03,4.765661191633167697e-03,4.756472126468122737e-03,4.735735422829375277e-03,4.743026981519039668e-03,4.765203392572186537e-03,4.806585211440682175e-03,4.762332418317852777e-03,4.788707635349944217e-03,4.796988911108593379e-03,4.753461334881394808e-03,4.759516164740787078e-03,4.765271815725180722e-03,4.804732052269537583e-03,4.795126780773841663e-03,4.769951189795011010e-03,4.792156286394295105e-03,4.715195863571662246e-03,4.791838925726379754e-03,4.792974621076290416e-03,4.820263385186673334e-03,4.803917068127099878e-03,4.797844024945385928e-03,4.757019573512539894e-03,4.750509338670235067e-03,4.752705199923564980e-03,4.783756835243263561e-03,4.754782033489363124e-03,4.761861160268003774e-03,4.766198154071856971e-03,4.801676342977965854e-03,4.790422774176122424e-03,4.778197138743550156e-03
4.600673877605786222e-03,4.607936799920927216e-03,4.639380757853271697e-03,4.691557218187511306e-03,4.633750868028926363e-03,4.619114758103372298e-03,4.634379920922532779e-03,4.601161232294686404e-03,4.669534848274398131e-03,4.632664851259750936e-03,4.618148685471275099e-03,4.613518814204508982e-03,4.647200204594153020e-03,4.622012878157017585e-03,4.631515202556666863e-03,4.620211224882727827e-03,4.596045523313955529e-03,4.633957836732613064e-03,4.629514410747605571e-03,4.625890931330048361e-03,4.640556659808263255e-03,4.657527930988059062e-03,4.646684453588664776e-03,4.661859586814110293e-03,4.571714516624554928e-03,4.672405303394075622e-03,4.626733212218092986e-03,4.620509306114056920e-03,4.628977500348845087e-03,4.645369077485363499e-03,4.661469617967542271e-03,4.661201354697408830e-03,4.636354015393858580e-03,4.637126915860005985e-03,4.616096563693977001e-03,4.620219274821685436e-03,4.624834963340112952e-03,4.643245726819817711e-03,4.640997529441609482e-03,4.609348397383430940e-03,4.630432477364481575e-03,4.662996981143762570e-03,4.604248947221589380e-03,4.611149314904604279e-03,4.607690694112764017e-03,4.610798867106048575e-03,4.630379629147906954e-03,4.628099602239576886e-03,4.646881138980742121e-03,4.645501131591651435e-03
4.469286987074376494e-03,4.442229719340901745e-03,4.471966278907796993e-03,4.515689161430255262e-03,4.465851109462908204e-03,4.459676148473082011e-03,4.492693198163944315e-03,4.434257349645103277e-03,4.497047365426528991e-03,4.494658189421823179e-03,4.468255882714047660e-03,4.473982775679557523e-03,4.441563562166500785e-03,4.422629924397009429e-03,4.444711467895944706e-03,4.506081793753868511e-03,4.472066756986276849e-03,4.438963205297320573e-03,4.489659345168364388e-03,4.492614385190730683e-03,4.485655742983132334e-03,4.489703525423384758e-03,4.477548657121344783e-03,4.442280697751200408e-03,4.466371645638143005e-03,4.467309944200519023e-03,4.478283586656706290e-03,4.460958035719711154e-03,4.461335034335870385e-03,4.494800762134913523e-03,4.476284075286026190e-03,4.492462276114769087e-03,4.466211979183022304e-03,4.469077626223137700e-03,4.491292903714810478e-03,4.450344620841828643e-03,4.447318096451661346e-03,4.474139504504687399e-03,4.492021844936815514e-03,4.459989407152987681e-03,4.464811773467711707e-03,4.435220382904913640e-03,4.452861621578417875e-03,4.463030711027318395e-03,4.439117301412655488e-03,4.451454540586538729e-03,4.498446114624198716e-03,4.483907651017811358e-03,4.475518944421615075e-03,4.446732079304787678e-03
4.316324067301412562e-03,4.302674459202304909e-03,4.328998089144140554e-03,4.307226119953955559e-03,4.315987096711638125e-03,4.264354926793553074e-03,4.317296279439643281e-03,4.309048424155042037e-03,4.323945146384622351e-03,4.266842955181570848e-03,4.281599005747211382e-03,4.335901071888152193e-03,4.303936763479576828e-03,4.305239956530993069e-03,4.311138103159805300e-03,4.310799481235558055e-03,4.293002974878768613e-03,4.360207060046089253e-03,4.306301716642568431e-03,4.314367418482226678e-03,4.284621142304113547e-03,4.256777367647475614e-03,4.370665917950752009e-03,4.319666909298044630e-03,4.279613508920212216e-03,4.323540765917327673e-03,4.310111106634889437e-03,4.328015840119262513e-03,4.327705944338564210e-03,4.314142033941380933e-03,4.329672946579355385e-03,4.313964438692057500e-03,4.310193673006897964e-03,4.288948392908106984e-03,4.325006852965208176e-03,4.312328372935679555e-03,4.302849211650092501e-03,4.326037160503351520e-03,4.320720431637004033e-03,4.306941863542457921e-03,4.296857413004457303e-03,4.271819620750008303e-03,4.336663896995878766e-03,4.319833856598202446e-03,4.306340750723145622e-03,4.291025212185207299e-03,4.322490772229428853e-03,4.303564218221734260e-03,4.320206186829747032e-03,4.320303731431138911e-03
4.134251367321879755e-03,4.140082183745171646e-03,4.172940570892796561e-03,4.178574843124032399e-03,4.140367100659608085e-03,4.166954622915418523e-03,4.157478419861404366e-03,4.157004474374927094e-03,4.175728948971970528e-03,4.143765589158691226e-03,4.156302128082762885e-03,4.187082593191548789e-03,4.150481378424931284e-03,4.185760364308723988e-03,4.155695122657506596e-03,4.125709108346287644e-03,4.154919760940544056e-03,4.176005441959061357e-03,4.136067793007323218e-03,4.124947224400649440e-03,4.168036698772711532e-03,4.166689391126436257e-03,4.135807461701070629e-03,4.180482116743347749e-03,4.224622392971970862e-03,4.150939502711157615e-03,4.149763726052858349e-03,4.170263234240230085e-03,4.126247120034836659e-03,4.201587792683576447e-03,4.125494806271138779e-03,4.160805697220702239e-03,4.168053080628991020e-03,4.159860309142134234e-03,4.129598843999593254e-03,4.156599838503465850e-03,4.157082078903784859e-03,4.158524636544340056e-03,4.143107420728295992e-03,4.135694533239463525e-03,4.183848356828242729e-03,4.153026253376864395e-03,4.154778778874143597e-03,4.166040432177350525e-03,4.217593948544058786e-03,4.130818237795318669e-03,4.104917841881583138e-03,4.155058447980658314e-03,4.142339920453829566e-03,4.163165932800518172e-03
4.012095042290004208e-03,4.010141815028421541e-03,3.988513272340913664e-03,3.993083639082639809e-03,3.987757198969873323e-03,3.985696141697312248e-03,3.995180059272435136e-03,4.010164426037971484e-03,3.979190149614415979e-03,3.960913452829896778e-03,3.992014675473874209e-03,3.976726189052631928e-03,3.973703500693886830e-03,3.984329619508585919e-03,4.044603308741431640e-03,3.980433446167276970e-03,3.961621447753428324e-03,3.984689176769893454e-03,3.963924896278693370e-03,3.987144554533986196e-03,3.982867353470150029e-03,3.966259703223705586e-03,3.949612223327481422e-03,3.979478216117239391e-03,3.989734320906698772e-03,3.965058705486424091e-03,3.970300692298889614e-03,3.972057135917200429e-03,4.001759576616710674e-03,3.966464230098028579e-03,3.964263891658112784e-03,3.991719390066809058e-03,3.972316397224049701e-03,3.965629185833478842e-03,3.967468872296942180e-03,3.989439556772247236e-03,4.002841694158465989e-03,3.979978561907235486e-03,3.966183579702843749e-03,3.974276510077211048e-03,3.988905189187204152e-03,3.979071278411424814e-03,3.983357021814486719e-03,4.006754931147251710e-03,3.983742618560952645e-03,3.967013506876867004e-03,3.969737205103957348e-03,3.992172974866199479e-03,4.009107843434138105e-03,3.977209109598965966e-03
3.814433831891237206e-03,3.790465199235763544e-03,3.807392532915462782e-03,3.851247235403547266e-03,3.791955474211024246e-03,3.849388304126933735e-03,3.807452190037185005e-03,3.811769764381785740e-03,3.784122065467713722e-03,3.772185438097922037e-03,3.815131808753717893e-03,3.811288909485356299e-03,3.802483525121773920e-03,3.800581162479029721e-03,3.810361302492975503e-03,3.804667597705319992e-03,3.836245024332842878e-03,3.843523456544590926e-03,3.831710663514332777e-03,3.806937238980521391e-03,3.772308395453671370e-03,3.863972076225664909e-03,3.844768912329737942e-03,3.782195355966769864e-03,3.785740895163036256e-03,3.778739416608810960e-03,3.801208125794310663e-03,3.795754199629246435e-03,3.808975759317045906e-03,3.814168324683381035e-03,3.855112055002349412e-03,3.845731712134813594e-03,3.876750965081006851e-03,3.818461425775574077e-03,3.804974437047671521e-03,3.779884875395803437e-03,3.827961774462257296e-03,3.826885143808380491e-03,3.797730611244565409e-03,3.815422807895873202e-03,3.827990624399592659e-03,3.801795938826832422e-03,3.816970711251926104e-03,3.831065514414357717e-03,3.796921468012185406e-03,3.803606004177500100e-03,3.803135319066235694e-03,3.801838421847726981e-03,3.794189214720530313e-03,3.787804450672484224e-03
3.613929143001186946e-03,3.602972435586960891e-03,3.674178526766001211e-03,3.620241750713908743e-03,3.630400326603323152e-03,3.602172967850598984e-03,3.623636367054681312e-03,3.639929600282318725e-03,3.588566936367610684e-03,3.633136373208512189e-03,3.610073685795110905e-03,3.628694326343150003e-03,3.625867582193860461e-03,3.610842612615109207e-03,3.627977216712433700e-03,3.647815818185169354e-03,3.625445280212699108e-03,3.636108600439004815e-03,3.655434037104227617e-03,3.590557700387140075e-03,3.637265257277980807e-03,3.618395141700414801e-03,3.612898429865390917e-03,3.638544048551997558e-03,3.636613299595198821e-03,3.611693609738093804e-03,3.606362599547752266e-03,3.609549902981964466e-03,3.629987547845420822e-03,3.599598494873953308e-03,3.612125706192557874e-03,3.641373856023750848e-03,3.632641786117492104e-03,3.596642258852848599e-03,3.662196772281675183e-03,3.613588669453718198e-03,3.651123778654518509e-03,3.614069397349271243e-03,3.636662798659623386e-03,3.621722210591156454e-03,3.624340439290246307e-03,3.637075915582462307e-03,3.647000131853461377e-03,3.635625877061902239e-03,3.579374279111399975e-03,3.600777060329251895e-03,3.587718948834030166e-03,3.612173110969763099e-03,3.661878519037758007e-03,3.659175080983810557e-03
3.470780397683556791e-03,3.397484569967467415e-03,3.424153718681210989e-03,3.422846564022496898e-03,3.437106638416099601e-03,3.468914473584596043e-03,3.427922712183136596e-03,3.463752373747107979e-03,3.479087769666344178e-03,3.470725382150118433e-03,3.446505459445837159e-03,3.433378690142460058e-03,3.426577802500671479e-03,3.433299263395045691e-03,3.425019379261240969e-03,3.419040182019190879e-03,3.432478739413432484e-03,3.445373819842196140e-03,3.464079804217235891e-03,3.480751626397902976e-03,3.461265685717690357e-03,3.460684938064899092e-03,3.440349097979875613e-03,3.486120699908560033e-03,3.460765705328727043e-03,3.442783289607739741e-03,3.434110759366768885e-03,3.487727939859090655e-03,3.446294115804304867e-03,3.433663510172936875e-03,3.442603388696076436e-03,3.414407649419138636e-03,3.477464621669037418e-03,3.410453364077086977e-03,3.416793712575419244e-03,3.447058018016571548e-03,3.440215165903499645e-03,3.458092447850478340e-03,3.442742494402507153e-03,3.449659011160040659e-03,3.487304270578887085e-03,3.465608978028584565e-03,3.433503184787518696e-03,3.448800937746391952e-03,3.420002831346642680e-03,3.414499212285698661e-03,3.500040102477010653e-03,3.479407905405999639e-03,3.443166144745051557e-03,3.498851221421286559e-03
3.243078395353568393e-03,3.236663966631873803e-03,3.257288867652784799e-03,3.247692894809725388e-03,3.262871009826518592e-03,3.245837765802853103e-03,3.290682525649689209e-03,3.283221015673474033e-03,3.279618334149669943e-03,3.254873401720684636e-03,3.283397571416838290e-03,3.234642044804297237e-03,3.245829028580035462e-03,3.267167730967353127e-03,3.265112345269610347e-03,3.255764788612004225e-03,3.248240618518607754e-03,3.312733165831155662e-03,3.281315576275827765e-03,3.274393803474569004e-03,3.249976553072674371e-03,3.257215337290239078e-03,3.278198063249910046e-03,3.262583506935789676e-03,3.255967234003955772e-03,3.241965609824573949e-03,3.250715024166678582e-03,3.264652510455613374e-03,3.295504977940313246e-03,3.250841373926341253e-03,3.297067914197711769e-03,3.271966272162233139e-03,3.269500953145506802e-03,3.290743772011311703e-03,3.268256512409363837e-03,3.250312160438747350e-03,3.266578453635557086e-03,3.297217086779176149e-03,3.270315721089914543e-03,3.239319781508127796e-03,3.256444692058434696e-03,3.243502828486600608e-03,3.294851834051433503e-03,3.278663697895744036e-03,3.260791517784662665e-03,3.246621941953374557e-03,3.248053167460997637e-03,3.272320149738149834e-03,3.297785894826473895e-03,3.235844734324102266e-03
