2.526842994314362420e-02,2.499853959441170753e-02,2.511396990160461029e-02,2.517754312568151742e-02,2.506063005088033507e-02,2.508097927200189994e-02,2.500736666777697223e-02,2.512671880354800172e-02,2.499809990081890143e-02,2.514935341870513236e-02,2.521881394860511424e-02,2.510429578370481501e-02,2.509071433945883958e-02,2.509162138649683252e-02,2.505514984515949672e-02,2.519887310976532541e-02,2.508310036937153736e-02,2.526013847563875550e-02,2.505061237031484117e-02,2.520637721632401282e-02,2.506798189157275619e-02,2.516526987589282408e-02,2.509779297972969392e-02,2.515482100897014142e-02,2.519302520641997223e-02,2.514560016931078126e-02,2.525372903930765342e-02,2.506086892104755770e-02,2.508037471471689581e-02,2.514480696112154565e-02,2.508306695793422261e-02,2.508519148912875807e-02,2.514062614821796840e-02,2.515087060777933953e-02,2.509628254897573046e-02,2.514310723908727910e-02,2.506601895795921783e-02,2.507271295433185360e-02,2.516401479249722253e-02,2.502721169540299967e-02,2.500336807771223052e-02,2.498913561522054724e-02,2.525474345787720801e-02,2.513097532852474544e-02,2.519885586452653634e-02,2.514264612452864547e-02,2.513933127665696210e-02,2.509083902974923452e-02,2.514731667484338198e-02,2.501458718721604607e-02
2.504735141123316106e-02,2.511697450105300836e-02,2.513148941434111341e-02,2.508504753607591550e-02,2.503569101688998128e-02,2.508755782530059861e-02,2.509797441868861015e-02,2.518037691388447935e-02,2.514298848366721545e-02,2.519606006342886562e-02,2.511209824333044544e-02,2.512604070536907097e-02,2.508139868528940636e-02,2.516947168618844516e-02,2.497503400873073501e-02,2.515478631478244853e-02,2.512052092279868504e-02,2.508689117089595716e-02,2.531656703957446686e-02,2.510969854626527581e-02,2.505996854003417207e-02,2.511970181301949670e-02,2.501403888110364376e-02,2.514183750961616198e-02,2.506248474537632609e-02,2.508685248442941648e-02,2.518880493928660202e-02,2.518057828233146583e-02,2.512079458329662118e-02,2.516605738903400155e-02,2.509509856447861634e-02,2.503189281816598638e-02,2.505898376960562571e-02,2.521062896327409125e-02,2.511420854952867154e-02,2.523715186194912252e-02,2.522734633883340002e-02,2.512808393794385697e-02,2.510777794206719288e-02,2.516588204343673391e-02,2.508562941766646209e-02,2.503319756845772195e-02,2.495991877065754927e-02,2.517343690927732053e-02,2.501902551394677432e-02,2.516338624645314201e-02,2.515108075761066445e-02,2.501786149123008673e-02,2.515304012153792360e-02,2.505913504551654514e-02
2.520316608517290946e-02,2.504725033391537806e-02,2.516097728028385272e-02,2.511882784238882518e-02,2.509408901448676593e-02,2.516763636253911349e-02,2.505178164419578912e-02,2.499903983494481188e-02,2.506247446330437875e-02,2.502566652420250629e-02,2.503616173348070101e-02,2.512840294783968628e-02,2.506730504219219918e-02,2.508385973487085863e-02,2.518101280534960906e-02,2.502992284183370650e-02,2.504338727933260594e-02,2.513517461765460426e-02,2.497244665044324671e-02,2.503768713404997542e-02,2.510448071438144135e-02,2.506772633889863336e-02,2.514944901634634869e-02,2.524428509036606011e-02,2.514529869465707834e-02,2.512048668811188434e-02,2.519090745466406878e-02,2.510661675574360138e-02,2.499164874830898941e-02,2.508332292210172301e-02,2.519908369739776860e-02,2.525672266523739870e-02,2.502530370161900469e-02,2.505068136859855965e-02,2.513795850057456982e-02,2.498981017378922379e-02,2.501377868932196102e-02,2.504298419294375896e-02,2.511028104951699633e-02,2.496267240688035752e-02,2.504064389238832081e-02,2.513893992155346105e-02,2.512657114252081145e-02,2.513937737805152506e-02,2.510852428229930905e-02,2.522094046947359267e-02,2.507903956803448839e-02,2.529881766673682322e-02,2.498854695467427403e-02,2.502466730127418312e-02
2.498391398145747080e-02,2.505784229488792689e-02,2.514387030469601367e-02,2.516593153134881120e-02,2.496028837876728898e-02,2.510199869996810121e-02,2.505904784311251132e-02,2.519347031012009880e-02,2.505138384150774888e-02,2.508755105010600575e-02,2.503484352430779963e-02,2.513928672004055523e-02,2.496519808058061257e-02,2.495498403041615521e-02,2.501979046622430577e-02,2.509721785778923700e-02,2.506776557189784038e-02,2.511300117577875898e-02,2.497760238779796887e-02,2.504545261600787942e-02,2.518957811934302918e-02,2.507690491252643344e-02,2.512279181022728999e-02,2.517568779043548657e-02,2.514947956419372535e-02,2.519655069240068351e-02,2.501126408103556895e-02,2.507099904715202193e-02,2.496440952949294592e-02,2.508261324843163997e-02,2.514137515715630239e-02,2.513629632516386700e-02,2.498698916395074993e-02,2.505636906774099879e-02,2.504628195984802408e-02,2.498651336245852339e-02,2.508183229567542694e-02,2.503667391925524718e-02,2.505517371634882751e-02,2.503327695640776909e-02,2.510520745221082872e-02,2.510820116276909694e-02,2.515270630704666971e-02,2.498609585221991600e-02,2.505074104368223975e-02,2.510954308192355627e-02,2.504911252608615913e-02,2.516307693693941791e-02,2.515877640630674594e-02,2.515494205811110925e-02
2.509335693465982939e-02,2.518379604790068824e-02,2.510289576472800668e-02,2.499108918812814953e-02,2.486557862190240734e-02,2.514406851265339748e-02,2.495519861255152128e-02,2.506724786021885878e-02,2.520398252665921254e-02,2.501958082951833903e-02,2.512378068885616142e-02,2.509472739167597360e-02,2.501723174879592546e-02,2.486435572077954140e-02,2.522479329079485577e-02,2.508279816162859929e-02,2.516714478398860561e-02,2.501556389056928606e-02,2.518949485385761286e-02,2.501975660791136771e-02,2.505852463787767992e-02,2.509909497655770858e-02,2.501968998867047309e-02,2.507454635819472699e-02,2.504622603807792405e-02,2.503844593572209648e-02,2.507594763140339605e-02,2.486004822652674445e-02,2.510569019080026790e-02,2.511087549337361405e-02,2.510386365273796147e-02,2.511813886448594976e-02,2.516900240397413127e-02,2.506242362568490700e-02,2.494365553594415919e-02,2.498530099673830496e-02,2.500176899638955133e-02,2.493228002048795272e-02,2.495997386765741802e-02,2.499498776513869175e-02,2.501291684099911025e-02,2.496396815615900197e-02,2.504934347106805431e-02,2.514171527596103725e-02,2.494799793750759193e-02,2.506069857217469235e-02,2.511379370435242245e-02,2.498450233573056706e-02,2.506268271370242287e-02,2.506031245687576417e-02
2.491261285269113016e-02,2.503800805863567666e-02,2.490796045735289843e-02,2.492077583691893264e-02,2.507551864311828582e-02,2.507213866777491598e-02,2.487993724853492655e-02,2.492366479928515705e-02,2.492895600469526712e-02,2.523564037291617726e-02,2.498376798972790427e-02,2.492608306859410428e-02,2.517777190500488163e-02,2.496333583036764586e-02,2.498054169429094265e-02,2.495657071674110133e-02,2.497049705918909582e-02,2.502572422907683308e-02,2.500233070889797127e-02,2.511033720298341473e-02,2.499875567051075900e-02,2.498779611788135013e-02,2.500187215145144998e-02,2.499212930164925253e-02,2.502936243533478156e-02,2.497276498759537153e-02,2.489932458250502037e-02,2.502487273162362982e-02,2.493226699584984857e-02,2.501424416619925026e-02,2.510074565151439521e-02,2.491052229497328629e-02,2.496654570904136353e-02,2.510316223123780499e-02,2.509716250702263493e-02,2.493440714128266830e-02,2.492633424315766552e-02,2.511263416638485554e-02,2.498559646978697202e-02,2.499922669931346070e-02,2.491894235928223192e-02,2.511859028565209193e-02,2.490342588839547858e-02,2.486506363414983656e-02,2.505521367677092034e-02,2.502963559670144320e-02,2.513669430619895617e-02,2.492553050006920956e-02,2.486042413031151060e-02,2.477225011930072468e-02
2.492563336001175217e-02,2.484805877974394575e-02,2.492781088990245197e-02,2.486518564153017766e-02,2.491097325943875465e-02,2.490299453049511086e-02,2.498928789358486821e-02,2.481467567020946216e-02,2.494681289389873158e-02,2.486468918778699314e-02,2.488808065281451765e-02,2.506690542097434957e-02,2.483395545237253657e-02,2.494353560275554271e-02,2.503397056511444743e-02,2.501145633950466879e-02,2.491805954211086943e-02,2.494577215415719890e-02,2.494414270268032960e-02,2.489062713891448952e-02,2.498591779313623015e-02,2.487861251946391766e-02,2.492563135449716097e-02,2.494151532635960691e-02,2.490800880518789784e-02,2.499100963430656713e-02,2.483158037384805908e-02,2.491593879879694037e-02,2.494363605903723163e-02,2.501669270498498715e-02,2.500120613734662517e-02,2.496752659781814251e-02,2.490450927611657927e-02,2.496129687636347225e-02,2.496231217176547723e-02,2.493164815019081187e-02,2.492347065323525374e-02,2.501514977600390044e-02,2.488471094807118145e-02,2.489115126108631601e-02,2.499324032749222074e-02,2.488807724888858139e-02,2.492668980214311769e-02,2.483705227578732883e-02,2.485406266781667664e-02,2.501518780085370749e-02,2.493096133553382443e-02,2.497798445259496319e-02,2.487646109033609179e-02,2.492164599393653299e-02
2.491425465555421881e-02,2.484392333716851226e-02,2.472007062981562003e-02,2.481823401316620575e-02,2.490480402902998935e-02,2.490011404642825110e-02,2.496643530711977269e-02,2.485907163148322677e-02,2.499264761384424952e-02,2.487377138877608709e-02,2.489790665798795669e-02,2.479855582819400286e-02,2.487268185154691696e-02,2.490403094080335597e-02,2.492884787539824398e-02,2.485235933176715289e-02,2.482317788664285471e-02,2.490369557091682076e-02,2.493670900448171149e-02,2.494939681324917502e-02,2.495331462785706569e-02,2.491498375147295496e-02,2.503043891894450243e-02,2.488305585601405592e-02,2.482171145108771904e-02,2.482449176145424749e-02,2.498686128877430565e-02,2.483593246988081982e-02,2.484834901589096437e-02,2.489900873296079301e-02,2.500809535894064906e-02,2.488337451878167017e-02,2.478839431592262318e-02,2.486655944796159826e-02,2.484582936935259001e-02,2.474361284000102523e-02,2.477785873141956016e-02,2.488165591511039276e-02,2.488370343976178609e-02,2.481873298578025910e-02,2.495460730988558612e-02,2.482689982446634192e-02,2.484313386569543883e-02,2.487734599485224782e-02,2.481617338287437843e-02,2.480594585581123723e-02,2.500334484590321926e-02,2.481417980599524842e-02,2.478465683239585229e-02,2.493253140135162638e-02
2.472593349642968064e-02,2.477724732330477062e-02,2.490453866312890979e-02,2.479190398682391827e-02,2.492378660319509789e-02,2.471354446134218022e-02,2.466332580744064890e-02,2.480160874503663238e-02,2.485708582598643995e-02,2.481420454483762236e-02,2.479572183960087467e-02,2.484517584721595423e-02,2.480318882171930750e-02,2.473600123152348146e-02,2.480079200522702573e-02,2.476992363469682559e-02,2.482108059293178931e-02,2.488753751737322537e-02,2.479451563052547866e-02,2.481217564628957969e-02,2.478892058134250440e-02,2.492400942552602805e-02,2.481497011356306043e-02,2.471552299851167284e-02,2.477069365573104573e-02,2.480169313323132840e-02,2.481773568797612795e-02,2.485180036786218544e-02,2.484289268579641802e-02,2.483113268869316728e-02,2.478187443045691205e-02,2.480410777610360384e-02,2.488603841775295297e-02,2.472672998034156772e-02,2.480948916955126246e-02,2.501302385284285071e-02,2.478532242429202018e-02,2.477920285597704289e-02,2.494296663181528456e-02,2.486654478165704896e-02,2.487521942324601512e-02,2.479401495361956489e-02,2.476392013620051097e-02,2.472088542225194668e-02,2.488317896221770714e-02,2.482296897981465730e-02,2.487776327850075089e-02,2.480091482652321822e-02,2.474404136681209940e-02,2.485969705198144350e-02
2.469810091726755072e-02,2.471481563391494940e-02,2.469126079546782315e-02,2.468756415282711073e-02,2.473413162137493709e-02,2.465492961509957795e-02,2.466137920392043326e-02,2.472854503601444251e-02,2.474427710508095984e-02,2.471942552545891569e-02,2.454996621322517655e-02,2.468398776292227842e-02,2.470791438287425756e-02,2.465366755188376155e-02,2.460029782376534427e-02,2.464697361790944147e-02,2.476707348383453897e-02,2.462678710190856907e-02,2.477074790471613802e-02,2.461466645229945516e-02,2.474931998360434607e-02,2.467245399786130097e-02,2.469170453783213481e-02,2.478614356786529305e-02,2.480633133870426346e-02,2.469684029491371266e-02,2.471211507529391324e-02,2.474093157195658699e-02,2.472463451084869895e-02,2.479192063557217676e-02,2.458149758202293755e-02,2.476126472827947303e-02,2.477595110534982700e-02,2.456133655553966941e-02,2.462894370063002311e-02,2.478180348583504389e-02,2.470276547214653520e-02,2.467423683634352438e-02,2.472896449667229615e-02,2.473260183581245386e-02,2.468810341131976588e-02,2.466384655686550131e-02,2.461421344137258369e-02,2.460254455502615054e-02,2.485358094364869749e-02,2.475659172422738433e-02,2.468612403229589192e-02,2.475202596108231831e-02,2.477002670662864156e-02,2.484968791612545899e-02
2.457919546261281771e-02,2.454254770228799648e-02,2.445189243482697589e-02,2.477314678884598442e-02,2.460202061432202603e-02,2.466511592731849764e-02,2.468699483147238777e-02,2.449562207792196911e-02,2.466276706911855673e-02,2.472818174783231529e-02,2.482816834768398345e-02,2.472168135267561323e-02,2.460428690546662481e-02,2.472381243136727302e-02,2.456336167867733192e-02,2.460869379955713671e-02,2.453599735601342396e-02,2.464940514305612174e-02,2.454970548618760559e-02,2.465548866483683460e-02,2.451526251404385209e-02,2.460642748022591822e-02,2.462872647858587588e-02,2.470928945403491964e-02,2.470981297374290342e-02,2.468059286546639072e-02,2.468448479787446054e-02,2.455333706211191777e-02,2.472100126049483343e-02,2.450829409573926712e-02,2.475551548265593829e-02,2.456784152935451854e-02,2.452815244911492332e-02,2.454964074719141742e-02,2.473558333060387263e-02,2.454113570092402580e-02,2.463477780714424387e-02,2.446908253282110285e-02,2.455863082145233814e-02,2.464592567201672954e-02,2.460440086958995409e-02,2.459958288252259151e-02,2.460427450779100952e-02,2.465519582536469453e-02,2.467139856568441314e-02,2.458113739315541391e-02,2.472913820223810594e-02,2.459201072283397418e-02,2.452544882311937999e-02,2.463387940994773984e-02
2.451218497839472571e-02,2.449923545953408555e-02,2.452014970360941529e-02,2.453366620929495548e-02,2.454323114395893721e-02,2.443683861556591314e-02,2.453411966845493036e-02,2.446377090549495259e-02,2.444675263760719489e-02,2.471509542665182788e-02,2.447793328540713922e-02,2.456282605430456373e-02,2.443011315078337173e-02,2.462222680682923590e-02,2.453763187652222705e-02,2.467124858971390250e-02,2.459457494735176053e-02,2.455035905636352572e-02,2.445979890282792488e-02,2.449297607152939663e-02,2.454469358721781541e-02,2.466803234247133200e-02,2.455544596638478336e-02,2.458393084413187935e-02,2.453180476433792362e-02,2.451890558010543994e-02,2.458037304516498198e-02,2.458410600514612104e-02,2.444746806559137606e-02,2.450273790259882567e-02,2.438385882346615421e-02,2.450798069873853791e-02,2.442024040389709910e-02,2.451620544996374954e-02,2.451046133697048005e-02,2.452464215480011298e-02,2.447853788602808237e-02,2.441192093103607477e-02,2.449009005496962862e-02,2.456400634709249992e-02,2.462779399016384180e-02,2.450930109592666314e-02,2.453119139299615378e-02,2.449889586366750874e-02,2.438991280847126533e-02,2.445868452874932347e-02,2.471385443506657342e-02,2.453013294693153629e-02,2.454305120412515404e-02,2.455888818532320217e-02
2.436096715076687194e-02,2.444491814358184037e-02,2.440725570290091379e-02,2.433415753100877030e-02,2.429088153199927824e-02,2.438697249733841332e-02,2.444522505169744245e-02,2.434267784129147405e-02,2.444646896975269379e-02,2.428970511677056021e-02,2.422340382792404975e-02,2.438868275527671450e-02,2.438815630108952248e-02,2.443359956998345656e-02,2.442674484749957076e-02,2.434441632247151890e-02,2.440747507988152640e-02,2.446655148646640493e-02,2.440882526782110762e-02,2.447917628924649314e-02,2.423851369905469580e-02,2.440701750676448414e-02,2.433512463941652632e-02,2.437889924985414333e-02,2.435092679330279689e-02,2.439550843536779368e-02,2.440426554602296780e-02,2.442409918797619831e-02,2.441479445836126222e-02,2.437360880617857675e-02,2.445933323107657084e-02,2.442110869410176605e-02,2.438374955721958962e-02,2.431753340655894158e-02,2.431831473020000869e-02,2.444230465957733869e-02,2.440391673029492642e-02,2.437366408438202889e-02,2.451529197884084327e-02,2.432844700804568175e-02,2.439465972710342517e-02,2.445332805595993100e-02,2.428448178088183154e-02,2.448861272132629371e-02,2.437861027684010140e-02,2.437029133025557168e-02,2.434120119394483223e-02,2.455681730107647787e-02,2.441624820823111788e-02,2.438798413783034927e-02
2.438898677954381630e-02,2.431259864566240672e-02,2.434586537351806149e-02,2.428115207719793930e-02,2.424533517885455944e-02,2.419772168894328973e-02,2.425458559387881283e-02,2.427751519572887012e-02,2.422773957874599024e-02,2.402968595646226210e-02,2.418504259886533614e-02,2.425126167536309149e-02,2.419768433520830264e-02,2.421807733331225732e-02,2.428797186985377082e-02,2.418254683848281711e-02,2.422393539876002699e-02,2.428046177262111957e-02,2.418672560997463944e-02,2.426638177284271003e-02,2.445465573417840086e-02,2.429400090420934938e-02,2.432132133301769319e-02,2.421155476172138013e-02,2.426911653229446922e-02,2.427098095112005180e-02,2.427286167773015646e-02,2.424831701093174696e-02,2.439472453116838316e-02,2.425764266859066487e-02,2.434148548972910400e-02,2.422998316267809329e-02,2.429344132242569620e-02,2.426552403752026132e-02,2.424874890409973310e-02,2.429653519090290217e-02,2.441756040360643781e-02,2.423452548882689545e-02,2.415676466607036971e-02,2.420359973368894566e-02,2.427473081015741468e-02,2.429270232587904185e-02,2.427882892046020688e-02,2.429395758972724417e-02,2.411329863491506673e-02,2.432434798328656639e-02,2.436022351698951746e-02,2.427020686539115360e-02,2.411895216911258757e-02,2.431655752995137698e-02
2.424264760032211058e-02,2.418214824384973261e-02,2.417602508193439359e-02,2.412220440701762225e-02,2.410638143948772710e-02,2.420579942330124829e-02,2.401474565028098238e-02,2.411257381372508557e-02,2.416462677251616717e-02,2.418528866573034508e-02,2.417020925878427332e-02,2.417043776919550885e-02,2.404546766725468993e-02,2.426360743162115155e-02,2.406209810797118112e-02,2.424395252177616311e-02,2.408256585289794693e-02,2.399334330789635455e-02,2.415098125239038482e-02,2.402010378052512468e-02,2.393600763326468595e-02,2.421763870993831613e-02,2.401672756684322327e-02,2.419837502196983334e-02,2.398185975465815661e-02,2.412590888301617553e-02,2.413728180661222841e-02,2.414928989410890237e-02,2.390130006390049286e-02,2.400962499100807099e-02,2.413370946570016218e-02,2.422111539582844780e-02,2.417978443698157176e-02,2.403498685275341079e-02,2.408517703992898648e-02,2.406721611878105335e-02,2.422380989019296341e-02,2.407274715145910765e-02,2.415666895507834894e-02,2.411936882971050036e-02,2.418702769682197148e-02,2.406083505847624385e-02,2.413783437294679188e-02,2.413305514380343492e-02,2.418480719234544427e-02,2.399994586987494113e-02,2.426722216365040721e-02,2.410330872679057601e-02,2.422166272714134164e-02,2.403274560061672768e-02
2.397535213209476407e-02,2.406698147205752619e-02,2.399511258346336343e-02,2.393098164684727414e-02,2.396677788192815711e-02,2.400582329079159818e-02,2.396967756131446539e-02,2.397271384482114673e-02,2.396577304443744602e-02,2.404976305656923719e-02,2.393088445508442449e-02,2.378561592769097219e-02,2.399077104878263519e-02,2.389931621937986181e-02,2.426553889641245090e-02,2.393891375523525891e-02,2.400754603727375119e-02,2.398611240309005480e-02,2.399545057808427292e-02,2.395276477281482047e-02,2.406967311692258943e-02,2.400872473341001886e-02,2.409995256784015771e-02,2.404569471389400928e-02,2.392997972594268496e-02,2.407079679322335006e-02,2.395788024402505101e-02,2.407624946946293476e-02,2.398431876611105754e-02,2.395158337444415475e-02,2.399221471002047079e-02,2.401406411772142452e-02,2.396142915564803549e-02,2.398689012121957634e-02,2.390163405681253184e-02,2.405393895745743665e-02,2.399651563402871099e-02,2.388660148019175825e-02,2.388201030463911120e-02,2.392107417452042292e-02,2.395319912410617119e-02,2.401189720791175458e-02,2.395032778290044975e-02,2.393853836019847053e-02,2.387078658039964302e-02,2.394055178056866962e-02,2.404156133655024549e-02,2.396149996121291897e-02,2.405811491670848193e-02,2.391155148452316428e-02
2.372456074734959411e-02,2.378065150006245659e-02,2.390624743891531928e-02,2.382442518570270298e-02,2.390939143228680563e-02,2.376703560291673623e-02,2.371730001041400665e-02,2.387372095260668209e-02,2.377145916229011016e-02,2.375975940545851928e-02,2.396051118217881401e-02,2.379526954114021334e-02,2.376858346275168357e-02,2.383686786825700565e-02,2.366249031826168567e-02,2.383006100117610049e-02,2.376705248195031678e-02,2.384078228590503015e-02,2.384944456742246754e-02,2.389665425152584163e-02,2.383915240115506637e-02,2.394223569306911520e-02,2.388410079326186430e-02,2.390626712167794737e-02,2.385066437426273597e-02,2.368297384751909263e-02,2.379988789829886112e-02,2.392342784415547527e-02,2.367867704976300142e-02,2.383167658695011654e-02,2.373211464469372062e-02,2.375174537528463095e-02,2.370931885105609718e-02,2.360450086968900532e-02,2.379835834290448121e-02,2.371789950280173837e-02,2.384716704068261944e-02,2.370570423876217775e-02,2.383472712734788918e-02,2.382245064302109666e-02,2.377683982132640372e-02,2.376849171123620805e-02,2.383049534738363243e-02,2.373867726190273530e-02,2.381153613948124026e-02,2.371532342568944199e-02,2.394049732059753618e-02,2.389619795038410918e-02,2.382479302344607877e-02,2.374072882977916119e-02
2.370701230372204357e-02,2.357292893170638559e-02,2.374456369175541662e-02,2.355487431765833362e-02,2.363961151472291841e-02,2.370503555801511258e-02,2.361781664429291050e-02,2.365733573518541757e-02,2.363830243053915287e-02,2.372024296662480006e-02,2.371479948076108540e-02,2.370608081095362807e-02,2.366421293171346377e-02,2.355007260695501231e-02,2.370716636233573954e-02,2.362325773247786129e-02,2.356990682675865270e-02,2.353045398109065989e-02,2.358548232331008493e-02,2.357609600150874229e-02,2.379062021169660660e-02,2.360155401559752356e-02,2.375048073575531868e-02,2.365980459360742319e-02,2.382394815334088617e-02,2.370033708367533243e-02,2.370875517186511738e-02,2.372375880828672678e-02,2.368716394057088920e-02,2.364336528605633439e-02,2.360296941486271158e-02,2.374317660248911888e-02,2.358713635925398233e-02,2.378268234333438466e-02,2.369732391773419697e-02,2.363043836779562396e-02,2.355435530059048557e-02,2.367668865210331014e-02,2.352075576867406967e-02,2.357465617857662857e-02,2.353412327384840630e-02,2.361141227142744825e-02,2.364344438885259206e-02,2.361967593045570524e-02,2.351681244040127600e-02,2.374181237387419999e-02,2.356649121882888401e-02,2.362391089255422641e-02,2.355010736072662286e-02,2.373841735002573533e-02
2.356089052342196996e-02,2.352476878408345934e-02,2.358581539329733523e-02,2.354938998402389058e-02,2.346084538439835443e-02,2.352967158748040660e-02,2.342230697482748300e-02,2.343686918267704616e-02,2.335288338868036009e-02,2.347780108714906874e-02,2.358422101062489229e-02,2.343341408973676973e-02,2.338093401819185679e-02,2.354624955100130534e-02,2.340880457758831232e-02,2.350792424680226908e-02,2.349847325353987895e-02,2.360033260867685362e-02,2.340535897722354972e-02,2.336645123068519653e-02,2.347952305237278534e-02,2.350863788286468997e-02,2.338160349594054638e-02,2.336864340564093895e-02,2.337027561661606662e-02,2.345859721033120848e-02,2.351063921770834078e-02,2.348163104746812252e-02,2.336134461741427165e-02,2.336876108714580277e-02,2.349368054236418771e-02,2.349283644669666882e-02,2.331929801655948861e-02,2.356701354587826050e-02,2.343575736876888152e-02,2.335654764359291688e-02,2.340218256603997238e-02,2.330833893338793775e-02,2.350015066949015866e-02,2.351565585363898578e-02,2.346980054549995670e-02,2.347764025993242035e-02,2.336326102312048097e-02,2.325493192843121337e-02,2.342588673739734104e-02,2.345437591700494373e-02,2.340333856046179078e-02,2.339042808874809004e-02,2.340672994469526411e-02,2.344155265881265812e-02
2.328830353437918999e-02,2.314975119246092880e-02,2.314595761697518100e-02,2.332649760820013768e-02,2.334238672895542002e-02,2.325265978202145645e-02,2.324522419612416735e-02,2.328875154788988960e-02,2.317629887627980709e-02,2.326439787460754180e-02,2.334412493801818131e-02,2.328676761880572529e-02,2.317899035199135274e-02,2.316675921936365429e-02,2.329968543129641925e-02,2.306131774854093888e-02,2.305408697149688782e-02,2.326536779391773571e-02,2.321891965376963671e-02,2.325844195302183975e-02,2.315860512842810720e-02,2.333901041154426426e-02,2.336844734099205456e-02,2.321654759846281807e-02,2.327726863597334370e-02,2.320622590191976850e-02,2.334434632764008366e-02,2.324462170513287573e-02,2.328830901939009032e-02,2.331509372114743545e-02,2.318937633047056524e-02,2.327293373815375599e-02,2.321274607812789242e-02,2.332684618289303236e-02,2.320487496433013691e-02,2.329857995684967917e-02,2.332704307723743736e-02,2.333188265802732184e-02,2.327568672415645384e-02,2.328039174436575751e-02,2.320068464523106569e-02,2.335185490099857264e-02,2.327999199715923354e-02,2.323431789234834191e-02,2.330704309930720780e-02,2.324032827944398985e-02,2.336826263272069604e-02,2.328525830002987559e-02,2.330062615356552624e-02,2.309939589976542362e-02
2.298299738363884098e-02,2.287600036278200286e-02,2.311105609958354762e-02,2.306594383852338115e-02,2.319899563908673842e-02,2.305197010295887208e-02,2.297259409402391608e-02,2.294727411506574874e-02,2.316456919866983349e-02,2.306943596211116429e-02,2.315068724267020650e-02,2.293684050390572965e-02,2.302861243136627989e-02,2.309045065416044651e-02,2.317290436261473449e-02,2.291119863223921652e-02,2.307724178475308724e-02,2.304425730290639643e-02,2.299247864079138892e-02,2.297786690035038409e-02,2.304432628061284238e-02,2.309289653240620410e-02,2.293176371510037906e-02,2.292398655074757985e-02,2.296214199614764542e-02,2.300225983437643312e-02,2.299038598188598778e-02,2.306055385116577774e-02,2.298940621173406820e-02,2.312346787447585109e-02,2.297488198880229954e-02,2.301935814922174278e-02,2.305884056626513259e-02,2.316676636887168503e-02,2.297320891974820659e-02,2.311792330521387009e-02,2.294733171620047529e-02,2.292978281874639979e-02,2.320019282586726836e-02,2.317921052003047919e-02,2.290920610250384362e-02,2.290929604856870028e-02,2.293584088308736960e-02,2.321982326851716391e-02,2.313901498488777839e-02,2.303013482070044582e-02,2.310568974399098210e-02,2.281651817894077977e-02,2.297163101033080843e-02,2.302869687871430399e-02
2.281515116671016183e-02,2.280001765458978744e-02,2.293165535058146187e-02,2.282778863721206947e-02,2.288075129620641482e-02,2.288413211731344168e-02,2.297243775749043329e-02,2.275446805793561109e-02,2.276969177708195596e-02,2.272739073261690820e-02,2.278924551924470590e-02,2.280468894202944408e-02,2.282809623234655777e-02,2.299793889221882215e-02,2.284108859975677447e-02,2.290797216550921264e-02,2.272381684119605463e-02,2.283158211658495654e-02,2.267413417377677279e-02,2.280350116982244116e-02,2.283217265922338202e-02,2.279905554632836659e-02,2.284834899419327728e-02,2.282531960323932671e-02,2.275671824889235681e-02,2.273828120561357038e-02,2.285487282933283334e-02,2.277156692892293860e-02,2.286398132547590514e-02,2.294998502648450123e-02,2.295437291526858034e-02,2.284225171268562324e-02,2.284733640710429059e-02,2.277657095217162572e-02,2.299531502372830286e-02,2.282351196125113543e-02,2.278595097835051791e-02,2.290098816160728024e-02,2.282566042158082342e-02,2.289102670376838219e-02,2.277801704891701043e-02,2.280139958333802716e-02,2.266171122264416457e-02,2.282144798927036866e-02,2.284125471256865519e-02,2.292525497788407834e-02,2.288018421261211327e-02,2.272924168458676300e-02,2.277219300611317554e-02,2.286223902366894128e-02
2.264463242503798879e-02,2.250835267129425860e-02,2.266948759794851914e-02,2.259201599445997619e-02,2.258815315971516788e-02,2.243548502532125011e-02,2.252131590551178369e-02,2.251243990367493217e-02,2.256103004013574123e-02,2.256261356754281355e-02,2.251726442468516762e-02,2.258212352049597874e-02,2.233274692207744619e-02,2.269118560323010042e-02,2.247523269014408201e-02,2.276858146333368693e-02,2.235589096482626381e-02,2.259201232346542618e-02,2.239489009622761678e-02,2.264261098862251423e-02,2.251982293564685697e-02,2.256640375709804622e-02,2.264131089290155260e-02,2.262770943864012008e-02,2.256570125792228126e-02,2.266295592971433875e-02,2.262536820397986412e-02,2.263123822476065597e-02,2.265223898028219732e-02,2.258652325288014809e-02,2.248834412947369604e-02,2.250359070857675323e-02,2.253401867993657173e-02,2.262260930533370115e-02,2.250092742616642549e-02,2.260215802314026814e-02,2.258530988238938858e-02,2.256130002574760485e-02,2.253468759283991027e-02,2.268591980744489797e-02,2.255179943766651846e-02,2.250458847853903377e-02,2.260218817999189514e-02,2.256647071935643373e-02,2.245456935191861292e-02,2.264913732073695063e-02,2.253659685049884398e-02,2.260269302815067632e-02,2.274559480740870679e-02,2.272773089035236282e-02
2.243337911448631261e-02,2.216658802974492276e-02,2.224331040671181925e-02,2.229478655020780339e-02,2.236989442955824789e-02,2.234795025561634244e-02,2.226762392029715126e-02,2.228097100674961140e-02,2.234138675056483725e-02,2.225421790521991960e-02,2.242520903923126904e-02,2.243803326343143945e-02,2.239065419541862514e-02,2.228832926110287799e-02,2.240664908952941584e-02,2.238985486412700329e-02,2.235868342954745042e-02,2.232089338296868591e-02,2.231499340080895719e-02,2.222559283322414828e-02,2.231438155414584151e-02,2.242766543912113816e-02,2.239005883738041935e-02,2.230878263862487096e-02,2.246751212880944426e-02,2.243126410783191638e-02,2.237545773745145891e-02,2.228084658706519158e-02,2.241708462561643397e-02,2.242862250396402204e-02,2.219826942688611984e-02,2.237317112207526035e-02,2.239022367826291535e-02,2.232951273275193479e-02,2.240875564637886605e-02,2.243467311406745213e-02,2.239314446374759265e-02,2.231068142569791676e-02,2.237815031067386107e-02,2.247193033018251088e-02,2.231223505527645326e-02,2.215441540714784691e-02,2.235268728454310391e-02,2.239595174761012733e-02,2.234058023388009809e-02,2.227933839373864855e-02,2.221043022450674281e-02,2.244320011841062501e-02,2.248002561759090967e-02,2.230483817780335234e-02
2.203323381127954284e-02,2.211580229683825574e-02,2.205829536976000593e-02,2.218173767982594205e-02,2.209181131712651541e-02,2.223307257075883558e-02,2.206538594339589252e-02,2.181438546156027475e-02,2.200734075960622538e-02,2.209995399271996036e-02,2.210902432520336913e-02,2.208248119678578314e-02,2.200953136388863335e-02,2.214084169708162644e-02,2.207134947802319794e-02,2.198292689146850998e-02,2.196897471482286632e-02,2.209050100193922506e-02,2.207394016592909014e-02,2.225847645765264768e-02,2.192351708894961157e-02,2.211072445209792334e-02,2.201594581492141711e-02,2.204000943817397210e-02,2.216372912639878040e-02,2.202432086780585149e-02,2.215718665752303140e-02,2.213110020978754922e-02,2.190720532523670119e-02,2.201674481277559811e-02,2.209985712326947849e-02,2.216799611270700576e-02,2.194158419025413198e-02,2.206286970577769208e-02,2.211440576309613854e-02,2.215064260998683351e-02,2.199839704988398176e-02,2.204072695775516691e-02,2.206768135016571111e-02,2.210844545147739107e-02,2.209311069658412979e-02,2.206779092646606044e-02,2.214986772641016136e-02,2.195373904304943544e-02,2.208168231183988209e-02,2.223007024153021358e-02,2.205628645246814762e-02,2.221703204227688452e-02,2.214072785446139641e-02,2.206506177611857952e-02
2.181954661518374985e-02,2.174969567953519492e-02,2.198152206111533488e-02,2.175049065093628831e-02,2.191187292710235560e-02,2.172882901905320852e-02,2.173242986761285064e-02,2.192910977777372608e-02,2.178059923325038894e-02,2.175012542426599249e-02,2.167607882433998656e-02,2.183293975715852597e-02,2.194393381993938255e-02,2.187738657198566236e-02,2.174729413311387791e-02,2.175380279259646679e-02,2.180785040950562401e-02,2.186743361300206440e-02,2.183069221690616887e-02,2.179472221307981322e-02,2.184430751581861382e-02,2.181527619181191854e-02,2.183496036640097254e-02,2.170424631003959465e-02,2.172743478626580280e-02,2.174103249825471568e-02,2.180669336679982515e-02,2.175984736110568932e-02,2.186351022789858461e-02,2.190736193247874372e-02,2.182100382918319287e-02,2.177579576636475348e-02,2.198294970695518352e-02,2.179178597136924994e-02,2.186959599582146904e-02,2.174949420713278778e-02,2.174893326069712168e-02,2.184342223740630765e-02,2.173368075250931009e-02,2.174449274951446159e-02,2.185124110044606507e-02,2.171188893523029462e-02,2.192840488853528905e-02,2.181174062093307539e-02,2.181300131416672936e-02,2.185321860668385310e-02,2.189815292233659658e-02,2.174297662019361241e-02,2.189067709322841532e-02,2.182163776028554422e-02
2.153257370250109132e-02,2.149550704685796246e-02,2.150441096264307100e-02,2.160310595983070889e-02,2.147456425650406259e-02,2.153730732292195860e-02,2.156639150015740927e-02,2.155213861119710181e-02,2.152505853554438631e-02,2.153513305187282345e-02,2.159349036565199470e-02,2.149042606847905226e-02,2.140124081571753017e-02,2.161199155617599468e-02,2.154966036015030020e-02,2.134002756084606156e-02,2.149299951038559711e-02,2.163249950464394070e-02,2.167310123352906084e-02,2.145351497245241365e-02,2.145218959458725094e-02,2.142957048167615924e-02,2.148175021378637140e-02,2.153850323400272743e-02,2.153420771552501736e-02,2.139423291499276472e-02,2.150003729726532309e-02,2.166138355349451344e-02,2.148582473109767951e-02,2.146499963472375469e-02,2.139102168581887703e-02,2.164285766517587417e-02,2.166061820571372684e-02,2.137728231402069232e-02,2.154320128484810831e-02,2.151231699812676534e-02,2.152638880826630852e-02,2.161880928628683377e-02,2.144843921279490639e-02,2.158328841844205093e-02,2.153947248540692694e-02,2.154447758433305701e-02,2.153792094596793105e-02,2.146252091864074910e-02,2.154278896900954296e-02,2.151557932757240318e-02,2.154256240990112467e-02,2.152440668807628285e-02,2.161994925803480128e-02,2.146772376001825772e-02
2.128619386864079310e-02,2.130158071917812729e-02,2.110418864893899224e-02,2.115147663228892499e-02,2.129259897618948280e-02,2.109729713116837574e-02,2.122683707156503008e-02,2.107605300017757061e-02,2.125011043641130901e-02,2.136566301680293753e-02,2.107757489230309075e-02,2.115779855632842626e-02,2.122575315098313570e-02,2.122604446466894515e-02,2.125171912092664941e-02,2.134226594812351982e-02,2.133582470857217292e-02,2.116845619722209845e-02,2.141461794237015451e-02,2.125983869132010151e-02,2.121672288704696055e-02,2.113426616743370456e-02,2.109617257731367240e-02,2.107528737865373841e-02,2.124832443578722474e-02,2.137687160405974535e-02,2.123674100651098615e-02,2.123996812008276808e-02,2.138003262174311900e-02,2.124495664409914442e-02,2.115509534305761580e-02,2.135453643307876417e-02,2.134973610974336480e-02,2.115090159918492710e-02,2.132910008080071695e-02,2.125652553896286226e-02,2.118718937526802362e-02,2.129891139241042730e-02,2.147715113323076311e-02,2.119582129293872200e-02,2.128282111854581937e-02,2.113156055109734893e-02,2.126066511835687789e-02,2.121693608668374920e-02,2.113974118612698891e-02,2.109696032488393366e-02,2.134296856568464879e-02,2.123277435154737741e-02,2.128521064782867497e-02,2.145702532754651878e-02
2.080977758842731534e-02,2.093835670080983896e-02,2.084325864318103266e-02,2.086769567410357365e-02,2.088550443727461153e-02,2.081183178150323304e-02,2.102537121492117911e-02,2.100300554310435136e-02,2.099198045094978135e-02,2.103958372702573881e-02,2.101511069330069120e-02,2.085444100281124910e-02,2.093938128077809865e-02,2.079671092432980664e-02,2.084607430297226102e-02,2.083668270115291918e-02,2.085213849390190818e-02,2.085660322051610671e-02,2.087495620089364554e-02,2.090906440424227311e-02,2.101040630880672902e-02,2.084374396847679320e-02,2.084243377062725347e-02,2.093072262868345829e-02,2.112308069832358887e-02,2.097283589228939732e-02,2.088080278416583682e-02,2.075112538970600579e-02,2.091548782965380743e-02,2.089153435765626204e-02,2.086428667435029360e-02,2.096636777034668192e-02,2.080123576938876576e-02,2.090884794744643504e-02,2.099130226220259979e-02,2.089147143139612195e-02,2.084800636005159150e-02,2.103924910337189036e-02,2.089732093771750482e-02,2.081146788057359684e-02,2.096144798385432204e-02,2.094272723394405636e-02,2.083261474468892788e-02,2.092604538836454961e-02,2.096867475414424670e-02,2.089176469839665318e-02,2.097499842225365729e-02,2.095235814079542472e-02,2.080511553255656038e-02,2.096871925190720368e-02
2.053590587677879900e-02,2.054170049353486530e-02,2.067396022143064629e-02,2.067124340136492280e-02,2.061088108846658926e-02,2.067690863460553558e-02,2.054836068016079043e-02,2.057310586531211141e-02,2.071413252931037993e-02,2.062954136878383457e-02,2.054786295482203401e-02,2.048154939268997596e-02,2.043968707439973789e-02,2.054516257956382624e-02,2.069563552803875203e-02,2.054562021147949072e-02,2.052487286935519503e-02,2.071590030909930755e-02,2.057813794075418271e-02,2.050312811495814957e-02,2.055568555653819462e-02,2.051511841348607409e-02,2.059138489530278060e-02,2.051320476631679837e-02,2.055308727962389115e-02,2.066970756317240698e-02,2.065840240641443268e-02,2.062587750871266654e-02,2.069318534677276958e-02,2.049261132975662911e-02,2.056355506911500611e-02,2.069336733609239420e-02,2.041656231738613048e-02,2.061493886160958855e-02,2.047419582931028076e-02,2.064443063204220163e-02,2.049058424222422251e-02,2.065685751746343390e-02,2.052707355000937817e-02,2.060250772588113899e-02,2.050873815046024354e-02,2.051871873628525675e-02,2.066802097483276882e-02,2.055539865950781198e-02,2.067685260590108529e-02,2.064425911286161056e-02,2.046338989541038669e-02,2.072997797227886518e-02,2.060353152286422893e-02,2.069427425414440205e-02
2.037104736970924215e-02,2.032037487079758550e-02,2.013418954573311520e-02,2.022060027814798558e-02,2.017894963964603910e-02,2.026087212386951456e-02,2.025188187985572930e-02,2.026551505217896385e-02,2.014977598707581169e-02,2.022169178627325134e-02,2.008903588134882193e-02,2.024859370604805558e-02,2.029741846739776742e-02,2.016027066782632299e-02,2.024349796517956393e-02,2.018105501684650666e-02,2.023791024288706247e-02,2.028492738605600088e-02,2.012987705693737583e-02,2.021596143615221608e-02,2.016966275988102061e-02,2.034849452553588386e-02,2.019849589325720118e-02,2.013000589737327928e-02,2.022692415585744183e-02,2.000001816453886999e-02,2.010008363589807501e-02,2.031079089424197431e-02,2.032962111617772280e-02,2.014830413627787323e-02,2.020847534807944726e-02,2.023358329796630384e-02,2.027497042609524222e-02,2.017966972650512766e-02,2.031688532705153497e-02,2.019658968516949843e-02,2.027492193447048494e-02,2.035966842055954990e-02,2.023544742236370320e-02,2.028353323551762913e-02,2.011070695101416228e-02,2.015965395658665671e-02,2.013498777650935337e-02,2.022803922547491626e-02,2.037187426736225895e-02,2.018496202332382625e-02,2.008566356479205353e-02,2.022839433131186360e-02,2.015992866849520421e-02,2.026485289539896317e-02
1.985566932028755976e-02,2.002404178252046793e-02,1.986798425633388640e-02,2.000305198645567495e-02,1.970018304099979689e-02,1.985074039710195762e-02,1.985983301681070942e-02,1.978374066236742237e-02,1.988271570098569876e-02,1.988696644739931796e-02,1.980475658111336898e-02,1.984717734424951488e-02,1.992604931393025455e-02,1.988657881101452488e-02,1.996871967549631449e-02,1.988639000965240766e-02,1.973616108774230507e-02,1.987757897230945162e-02,1.987491508962152889e-02,1.987131723383283796e-02,1.976753201240360677e-02,1.983772148742695557e-02,2.001074317427645535e-02,1.974986595733744035e-02,1.977203518351456843e-02,1.996701820197549840e-02,2.001359341321523946e-02,1.988754701825149254e-02,1.992922008991293223e-02,1.985692339848133328e-02,1.988772983505746397e-02,1.970634568210433493e-02,1.984086469617746609e-02,1.985630941859403351e-02,1.973939932403006789e-02,1.984042265486939474e-02,1.996307526122765783e-02,1.998254910906140103e-02,1.979635040319698003e-02,1.985452834450203083e-02,1.998586553386631770e-02,1.985492458789493361e-02,1.993795832322787717e-02,1.999199442029177265e-02,1.984711111168964426e-02,1.987981376842330727e-02,1.995564888434719561e-02,1.974814077341823307e-02,1.994866171474948824e-02,1.977202438133056350e-02
1.947307935177651148e-02,1.942190564756826263e-02,1.951789283663558569e-02,1.938221394161010122e-02,1.942072362419288920e-02,1.961646415050335643e-02,1.937534337682189287e-02,1.946417094116682789e-02,1.954303885072950983e-02,1.955162429951629380e-02,1.957450344967113717e-02,1.949132220059331816e-02,1.944367929057507979e-02,1.968147241662300539e-02,1.951183097759510987e-02,1.958498459755967508e-02,1.951605811003618435e-02,1.956462005210508545e-02,1.980298183936719802e-02,1.942019710076136468e-02,1.954843378188126160e-02,1.940945455538626435e-02,1.943820846908575484e-02,1.950991129802456467e-02,1.952371613310356288e-02,1.962980117302939170e-02,1.948965880069138817e-02,1.960302364740972719e-02,1.966032123283812522e-02,1.949080214011302339e-02,1.956729089647726502e-02,1.946258858216190143e-02,1.941285884305033599e-02,1.941713009766025261e-02,1.958621458566162446e-02,1.966846496901915667e-02,1.949981975356144745e-02,1.946462664442384985e-02,1.941383119974349203e-02,1.951784983996440390e-02,1.954759092861614242e-02,1.944507146966815980e-02,1.955836613058264256e-02,1.947295982281211507e-02,1.962011693809810609e-02,1.954719495704777127e-02,1.948276493679007224e-02,1.946052028953542193e-02,1.955271299284083719e-02,1.966273687399981360e-02
1.904482398650417241e-02,1.916369768265924547e-02,1.923456823342161587e-02,1.910864759069308416e-02,1.904926557387086675e-02,1.905305470673124973e-02,1.918216796279067354e-02,1.901921758938642307e-02,1.913076334143356746e-02,1.907127644112226184e-02,1.906000925380215566e-02,1.898165784228797101e-02,1.901474408326092602e-02,1.889984036844665621e-02,1.919377207112804573e-02,1.920714002256101657e-02,1.904842646239120890e-02,1.910247494757048858e-02,1.916238355719608946e-02,1.908013490551493940e-02,1.907185042528620339e-02,1.928202847506315862e-02,1.907707230811066593e-02,1.929642529630976391e-02,1.905568962805722841e-02,1.923234021893570345e-02,1.921169015985703735e-02,1.923587207063033253e-02,1.912287586237967560e-02,1.913812350435049880e-02,1.911612845600721075e-02,1.916533444504310568e-02,1.905919902298968890e-02,1.929711237153437439e-02,1.913077180319455034e-02,1.903802780732226016e-02,1.903414320767122386e-02,1.919567735596931432e-02,1.916695807498478010e-02,1.909133991223213242e-02,1.905611386912220429e-02,1.905002000061145270e-02,1.914259157888809071e-02,1.911743818450550511e-02,1.904782843207988158e-02,1.919527296124513491e-02,1.929112364770339122e-02,1.900128044385711659e-02,1.913614240167084424e-02,1.926010523104134883e-02
1.884964165886843235e-02,1.859344968111801069e-02,1.864961012263667214e-02,1.851785599099642354e-02,1.881869837893238723e-02,1.879042001639310080e-02,1.869454240955701479e-02,1.882994446416006579e-02,1.880553349567627708e-02,1.867970505647937110e-02,1.885856659984722419e-02,1.877732828721586852e-02,1.864896460925905344e-02,1.883375186244235638e-02,1.868453509059865569e-02,1.870628323428799242e-02,1.854701919529906651e-02,1.886481670842864167e-02,1.867516956265863684e-02,1.885667613793292827e-02,1.863249855448765105e-02,1.871598635183240392e-02,1.864779367091599221e-02,1.879310937124913441e-02,1.879967522348101328e-02,1.871760947811031139e-02,1.865407740337628184e-02,1.881036969636907391e-02,1.867975790900195873e-02,1.866912381832231543e-02,1.871621964678000377e-02,1.880043007205882064e-02,1.861275814920219582e-02,1.866286671269671432e-02,1.871998597617498608e-02,1.847020747156838394e-02,1.880117775830750931e-02,1.864139362013634074e-02,1.875100478134623591e-02,1.866072119323192863e-02,1.883394648760834331e-02,1.859175816389169178e-02,1.870103036595512080e-02,1.871483261594375849e-02,1.882400168616534669e-02,1.863070193950933789e-02,1.885836694935332306e-02,1.902276437375496551e-02,1.864234445081089722e-02,1.867212451521396005e-02
1.831018991865409132e-02,1.828153655663821570e-02,1.838654205654793872e-02,1.828812815787451973e-02,1.825482650922712405e-02,1.830845873904960938e-02,1.814068541570785370e-02,1.812985188145832191e-02,1.815673892706302570e-02,1.824465413289945784e-02,1.831089095284320692e-02,1.839929016267907724e-02,1.829367295128342744e-02,1.835331605868368784e-02,1.831357445538925321e-02,1.839508704685554469e-02,1.836697783745638163e-02,1.832147373432745432e-02,1.819011810183594063e-02,1.831401469566328391e-02,1.831965051043850032e-02,1.852674976758843586e-02,1.826764273728119503e-02,1.844597925339964625e-02,1.830592045628635575e-02,1.835233984550799918e-02,1.844979565909042954e-02,1.823223918944864852e-02,1.818768028851990015e-02,1.833767737588545485e-02,1.843804276287186114e-02,1.818410832857899825e-02,1.835227469698182817e-02,1.849690605907548455e-02,1.838810907921057877e-02,1.841509136344099754e-02,1.820746043100563219e-02,1.826230650765551036e-02,1.822195066988874582e-02,1.833787086614494313e-02,1.830679702432223832e-02,1.827354776064438191e-02,1.840361751998875750e-02,1.839243034716782701e-02,1.836036829114593566e-02,1.837943815832822000e-02,1.837819973614947602e-02,1.828381371012378215e-02,1.825506774022343098e-02,1.836218809645285763e-02
1.779023745773013546e-02,1.795571511932186892e-02,1.785042239385662907e-02,1.790891981164356023e-02,1.794767644245735122e-02,1.775972412957828317e-02,1.802635948385647446e-02,1.788869561891558504e-02,1.791902321149708988e-02,1.782496537299797790e-02,1.790473227775050968e-02,1.783134911882955365e-02,1.794313864161372826e-02,1.781921599423726826e-02,1.792130270081254695e-02,1.785020636764520288e-02,1.795907827343324464e-02,1.780503183208168375e-02,1.789107500774657702e-02,1.791887091802273763e-02,1.784339628760158933e-02,1.789405582429196701e-02,1.790135166638755562e-02,1.777026609179506791e-02,1.801289415364404692e-02,1.787272874779404636e-02,1.791157465610508995e-02,1.788112997923131317e-02,1.793389496166330338e-02,1.799820073994060424e-02,1.774866481274398750e-02,1.777344042728636053e-02,1.780818769357821879e-02,1.790084078637714515e-02,1.796251642416877778e-02,1.780542208799004711e-02,1.794212659437064220e-02,1.790467805841683413e-02,1.788763156717457226e-02,1.788323043360491929e-02,1.773722650761085443e-02,1.792948101555680990e-02,1.787855471550217623e-02,1.774772335083283151e-02,1.794767127272656193e-02,1.773748561074466046e-02,1.793499651085975199e-02,1.812732331224351998e-02,1.790589688586721739e-02,1.813528186897096078e-02
1.760602890129735892e-02,1.739589486434159685e-02,1.748994546477667181e-02,1.748546091834900923e-02,1.745096622894666896e-02,1.756878464262202899e-02,1.747778409601087948e-02,1.735323826772698988e-02,1.745334147739159916e-02,1.749673599466372576e-02,1.746273603600836596e-02,1.743621186812746582e-02,1.733755811227088994e-02,1.720171548211038570e-02,1.766532554577763744e-02,1.741130313822131237e-02,1.738913480424262095e-02,1.757809213475919688e-02,1.730539112349759392e-02,1.749347148890835132e-02,1.736603279083765924e-02,1.734736341829501080e-02,1.754220307531468431e-02,1.747570188178423217e-02,1.742225095672797833e-02,1.739644158424279163e-02,1.736980675095600377e-02,1.748930177371561118e-02,1.744170852255493703e-02,1.736238416325038350e-02,1.729867919987247704e-02,1.748155316928631450e-02,1.734291194764939550e-02,1.746432847131053345e-02,1.740011660711532696e-02,1.748559350863327158e-02,1.755512392836782939e-02,1.730527792653029431e-02,1.748276863265162823e-02,1.743404381655397350e-02,1.752927448083597614e-02,1.728476911163690996e-02,1.753409102976794670e-02,1.740549460817281124e-02,1.734431278008944505e-02,1.752809413263272179e-02,1.746415400056629957e-02,1.749530491672974739e-02,1.739472987223624964e-02,1.726309015990938264e-02
1.680973688544139602e-02,1.692361723757338648e-02,1.687414400111728052e-02,1.685348813381321031e-02,1.686133861299026621e-02,1.707864304194043822e-02,1.704489106253858147e-02,1.722991637282933822e-02,1.695898727399964764e-02,1.701082343856365545e-02,1.713770015182910361e-02,1.687263252886674753e-02,1.707564099996551274e-02,1.705219498848526208e-02,1.706878687373154443e-02,1.700394671945834948e-02,1.686566572265575312e-02,1.690860388474660012e-02,1.693503564521876836e-02,1.688865006171810790e-02,1.678456829188803082e-02,1.709016267251874457e-02,1.696573088359253773e-02,1.694861147631103113e-02,1.695559037076352013e-02,1.704349448456622673e-02,1.715993257443279574e-02,1.692114796370547056e-02,1.699795576871181851e-02,1.690578189769880932e-02,1.703588628305735195e-02,1.700424226023683483e-02,1.679949157136036500e-02,1.694377223890916606e-02,1.708935421099368190e-02,1.695223502239166444e-02,1.704613772450662076e-02,1.693483118487926903e-02,1.690828003328713469e-02,1.690392692833034283e-02,1.700730547196796505e-02,1.701923191800509133e-02,1.690764557325493897e-02,1.682594600000977131e-02,1.685800506682586658e-02,1.692572403793692407e-02,1.714946165578653745e-02,1.701385302087286139e-02,1.694710106490166651e-02,1.713660415691600075e-02
1.652257287737220887e-02,1.656082728912566110e-02,1.642967108372067955e-02,1.647082046263162458e-02,1.644453725737955382e-02,1.652627499837801620e-02,1.648074075813356701e-02,1.653213897907932634e-02,1.656447308075373673e-02,1.652858626297658978e-02,1.650029937197411770e-02,1.650614664867520662e-02,1.659227562652462393e-02,1.651662496176811365e-02,1.641473986201711505e-02,1.645164396039414112e-02,1.662270776098929287e-02,1.655292475368407706e-02,1.653056251949875863e-02,1.652760977710758875e-02,1.652916921561836672e-02,1.670300445122919336e-02,1.638993863053345851e-02,1.647723480572892488e-02,1.643537694990613446e-02,1.669640403610008622e-02,1.647184298456945070e-02,1.645107195065687727e-02,1.657907730354168246e-02,1.639717344190774057e-02,1.650596968793783745e-02,1.624523720750953651e-02,1.654755768278523553e-02,1.632000016779993831e-02,1.650729434243379881e-02,1.646279969045596689e-02,1.658285985322222739e-02,1.651188828174729104e-02,1.648459449537881608e-02,1.658656289458148789e-02,1.649789449195689095e-02,1.644652613826989504e-02,1.639862867947554370e-02,1.652835342205769692e-02,1.623580735166143055e-02,1.658009940254084186e-02,1.663533657145231312e-02,1.648217909083591476e-02,1.658920565028303151e-02,1.655667453041033063e-02
1.603871108386158845e-02,1.606518075744497315e-02,1.599629982445445117e-02,1.594324692866139204e-02,1.590271545021548771e-02,1.593414166284797678e-02,1.600458806505520443e-02,1.601708918677702612e-02,1.598643029320998693e-02,1.608739277634247539e-02,1.602168340464785526e-02,1.599498546756512526e-02,1.606115364050683669e-02,1.599291680291750617e-02,1.616164472270906205e-02,1.611750421970883571e-02,1.590317448473504633e-02,1.609816724019622405e-02,1.604594483201652808e-02,1.613496387239968244e-02,1.594076203256812249e-02,1.589038190149088051e-02,1.598233126836392376e-02,1.600638788815294741e-02,1.588371930745142990e-02,1.602493982699732672e-02,1.595725419496007297e-02,1.594870604277240367e-02,1.572415087428495964e-02,1.601860506147207222e-02,1.605636613001009891e-02,1.606207908959463374e-02,1.584698702995737327e-02,1.602989721752078045e-02,1.598015579294203084e-02,1.617560554970064179e-02,1.587275504084209241e-02,1.586480696753259090e-02,1.584436981501944827e-02,1.594500285152413571e-02,1.588272257091298545e-02,1.595455631017259068e-02,1.580684533532249886e-02,1.597109431020310097e-02,1.593442982095639657e-02,1.591527366730479190e-02,1.598872607569205503e-02,1.586927523301883552e-02,1.611074433634302958e-02,1.590458920384371991e-02
1.544760910289335459e-02,1.557634498052816625e-02,1.557672779120286045e-02,1.541158035761305833e-02,1.551166571834845451e-02,1.551925621389233304e-02,1.559621949813191910e-02,1.554412042850608633e-02,1.561175865588560786e-02,1.547340348325467949e-02,1.548810288063335629e-02,1.546174288651798109e-02,1.552288467135541465e-02,1.539679888768949456e-02,1.545188785201828501e-02,1.554892010512413936e-02,1.533525079342623609e-02,1.546760304141534849e-02,1.551640278848556882e-02,1.569617740066314715e-02,1.549240896965406629e-02,1.557071216869587715e-02,1.573275367413624892e-02,1.566436729123223820e-02,1.542727947165810354e-02,1.562251542431669811e-02,1.544840479473817176e-02,1.556654195615618866e-02,1.554106710353422675e-02,1.554682002554517994e-02,1.557717672645172330e-02,1.552356947834447436e-02,1.554181586632410496e-02,1.544945069459994699e-02,1.553641176562518995e-02,1.564247375154701955e-02,1.554613311219969242e-02,1.530810101781760954e-02,1.533609299469569122e-02,1.535873477250995073e-02,1.543001952084839534e-02,1.546376902555401424e-02,1.565143393320776039e-02,1.548161699733787040e-02,1.560819326250942850e-02,1.546110204636604903e-02,1.539827894725010089e-02,1.556292333597557136e-02,1.538603303678324000e-02,1.548831696081806597e-02
1.492626142230860965e-02,1.497246381977902080e-02,1.480211404373406314e-02,1.516441913389538626e-02,1.489947850018128427e-02,1.495064294887951672e-02,1.493923848966609465e-02,1.496482785749935450e-02,1.502664117641188540e-02,1.495214754732318400e-02,1.496765481400679117e-02,1.492277338711900207e-02,1.496595431618941846e-02,1.478581690234631596e-02,1.494881730698005042e-02,1.489879737821824847e-02,1.492335770083568630e-02,1.488273846035140062e-02,1.500649760398523914e-02,1.471699011749708422e-02,1.491950558017708130e-02,1.488980480579180608e-02,1.504824956473761050e-02,1.498672612672313255e-02,1.493027545813529512e-02,1.492739250124473088e-02,1.505363159408548007e-02,1.503369610378051460e-02,1.508494582893879846e-02,1.483986964061993243e-02,1.517277699726153443e-02,1.487981422049798434e-02,1.486299804577128139e-02,1.503254579812808057e-02,1.497638246456084107e-02,1.506273799914707376e-02,1.495468106532057799e-02,1.502230173722046008e-02,1.505278932122383964e-02,1.484682012561255003e-02,1.504048441867661227e-02,1.508029020518655318e-02,1.508320911399970918e-02,1.497208647257593402e-02,1.502191285559182320e-02,1.509713959018368738e-02,1.487105885090689826e-02,1.492517364970512815e-02,1.485330053519857627e-02,1.493000110731211236e-02
1.452206896869549096e-02,1.427468710377099645e-02,1.442727353395058601e-02,1.457244737519475426e-02,1.432826660179060962e-02,1.444789315330838840e-02,1.447909691849373973e-02,1.440453089408409194e-02,1.432666956897355078e-02,1.436360399757232419e-02,1.439456544975601868e-02,1.454109043273742186e-02,1.438911123922408455e-02,1.437890223113824813e-02,1.423495175395645025e-02,1.430910037462343291e-02,1.465408182836291061e-02,1.444259066619127917e-02,1.434882056733690486e-02,1.432857092827100574e-02,1.461197168329869157e-02,1.442807954415335943e-02,1.437763284120938123e-02,1.438756224443198291e-02,1.433099100311164067e-02,1.438944402153144106e-02,1.435841329281179260e-02,1.441679440841871739e-02,1.444499781458116923e-02,1.443268402183754684e-02,1.435782956078945904e-02,1.429708465150146893e-02,1.437071769938744019e-02,1.446095275253706132e-02,1.434606648970805642e-02,1.440018542333944100e-02,1.433148431087439244e-02,1.443760293372309267e-02,1.427488292443123037e-02,1.442987516324190610e-02,1.462953162676101579e-02,1.433852654927388059e-02,1.421356897526139876e-02,1.446001250058715111e-02,1.452315930677558660e-02,1.449133279066852110e-02,1.445238853210316886e-02,1.426268754365697493e-02,1.436055511142113675e-02,1.431837765768729544e-02
1.397695386270004884e-02,1.393866873772648535e-02,1.387833330674790276e-02,1.382647881739072424e-02,1.381149485497825367e-02,1.386836856456955674e-02,1.378848788803575982e-02,1.380674172035874052e-02,1.380484921723912003e-02,1.388680168415920048e-02,1.376309159354914720e-02,1.398297373202591481e-02,1.380784536817301900e-02,1.365551561798352895e-02,1.377513155915970240e-02,1.387077314939961191e-02,1.393209689583579415e-02,1.388580316381049333e-02,1.365511354031604535e-02,1.384486482652830426e-02,1.383526180078555566e-02,1.382088334015249206e-02,1.391710938803509927e-02,1.368592846176547653e-02,1.395354766240641115e-02,1.377809872486794769e-02,1.395792773032496215e-02,1.382761605687292568e-02,1.381150125504620671e-02,1.381354266131876347e-02,1.373880167850441772e-02,1.376389391606186452e-02,1.389476996932126514e-02,1.386907605592521339e-02,1.400148933392614432e-02,1.375686282551763680e-02,1.381209192769916778e-02,1.381502559137283773e-02,1.387392199583782106e-02,1.392830779757324271e-02,1.390304016797303324e-02,1.403111508835925940e-02,1.374263387083529686e-02,1.375146139459510614e-02,1.383831424323445775e-02,1.386297612051825244e-02,1.391332889579856812e-02,1.383839308151988551e-02,1.380255700500851272e-02,1.380764478863960240e-02
1.317308130655636504e-02,1.337478697971419828e-02,1.309784112677396702e-02,1.336065736907308434e-02,1.318023184934753039e-02,1.330938483451724053e-02,1.321382730011649506e-02,1.324399912590048037e-02,1.323561733957287316e-02,1.343811422215019334e-02,1.322420490672379656e-02,1.332972324220873216e-02,1.339944973095715149e-02,1.316450342501175076e-02,1.325844277304735058e-02,1.304903920625189589e-02,1.321846624814693172e-02,1.332953249953190006e-02,1.329448271940495037e-02,1.312053913480879311e-02,1.359473941466599924e-02,1.335580212450883895e-02,1.324830586398427490e-02,1.331180604614476924e-02,1.328148812377634262e-02,1.319997733162060587e-02,1.323579073071881954e-02,1.337851489434399056e-02,1.319816863903362954e-02,1.339489008276872721e-02,1.322113510779254937e-02,1.339576013394101935e-02,1.334171443640985721e-02,1.313072989366451636e-02,1.310632766958593799e-02,1.332713973635069049e-02,1.311886753922180890e-02,1.337929598313485936e-02,1.314268222294943944e-02,1.329685452429106747e-02,1.333161605901829298e-02,1.300680908347770851e-02,1.339512424629206271e-02,1.342706942133802157e-02,1.319047759559359607e-02,1.333787501483052126e-02,1.310567378636507199e-02,1.319393084332897217e-02,1.321055871465778332e-02,1.328987364913269444e-02
1.276774608521118702e-02,1.266385080621718062e-02,1.273570538732056619e-02,1.269099404588589289e-02,1.273225762292612938e-02,1.263769598060986675e-02,1.248145847477308799e-02,1.260774968723363428e-02,1.274211916906563269e-02,1.267402622467575166e-02,1.265820547150697979e-02,1.270651255648448837e-02,1.263196062522158915e-02,1.275513108720708472e-02,1.277984410962839865e-02,1.260719799391530130e-02,1.264650215484592992e-02,1.271894521532769551e-02,1.256656151178832739e-02,1.267768832350567657e-02,1.263503725630695136e-02,1.273633772226184097e-02,1.262089453757128145e-02,1.271126904538889303e-02,1.265000554836152348e-02,1.273792459455352043e-02,1.257628951119966858e-02,1.261247032933141693e-02,1.255984067107934754e-02,1.266031897528447324e-02,1.271156830696696521e-02,1.267614849292518671e-02,1.252140359193087450e-02,1.267368989119612918e-02,1.262891856363424978e-02,1.264507921790748897e-02,1.265964958288110127e-02,1.255686469739539755e-02,1.247827081304053211e-02,1.251686672270018591e-02,1.262749629553921830e-02,1.280865387792204380e-02,1.267417271262759673e-02,1.256826286885126022e-02,1.270681520033540082e-02,1.267350916905574283e-02,1.288685896854257010e-02,1.251618700423096087e-02,1.254422647134897408e-02,1.276333848486916472e-02
1.204260112033307337e-02,1.187449542768652042e-02,1.183311534011296379e-02,1.200915126687298641e-02,1.191831236164601730e-02,1.211855897361316901e-02,1.205115249541992110e-02,1.216671678236335742e-02,1.192856545897009665e-02,1.188973406538406698e-02,1.206867491573512460e-02,1.203602220793391700e-02,1.206341105324042033e-02,1.194876185380534458e-02,1.232621732376465787e-02,1.189284966980506085e-02,1.208197534120304326e-02,1.197214852947325187e-02,1.224727001832456169e-02,1.189295985592872008e-02,1.199054010615657750e-02,1.200256775393969584e-02,1.196636747581472475e-02,1.210015540325753633e-02,1.203473101591451960e-02,1.198586709992956884e-02,1.197954361451197478e-02,1.198102428037737220e-02,1.195249071496243785e-02,1.214107701181739093e-02,1.194803530973202223e-02,1.206579020132723078e-02,1.211121728249367133e-02,1.180290448870294391e-02,1.200952318204415344e-02,1.210174244380257495e-02,1.219797785390111522e-02,1.198331056698286219e-02,1.217646725679081068e-02,1.200633447397197497e-02,1.202917963689180414e-02,1.212974699849523816e-02,1.200395054771141549e-02,1.211359958037091025e-02,1.199111149504168347e-02,1.192114638883296981e-02,1.195732605707352895e-02,1.210798496576202636e-02,1.208893457257698145e-02,1.207372508724178714e-02
1.139960603447198045e-02,1.137307433766910833e-02,1.133803304612138879e-02,1.140565229750256475e-02,1.138445559779435907e-02,1.127027952306025073e-02,1.130584945135000401e-02,1.130181127597348033e-02,1.114973250961633772e-02,1.124537485358352747e-02,1.137512991068830373e-02,1.139799239655562776e-02,1.139697807001245448e-02,1.141917648096811393e-02,1.126014456234804978e-02,1.120528381489111110e-02,1.125897663152793625e-02,1.154397689975694349e-02,1.145052253013691991e-02,1.129552546718129435e-02,1.136975665469551477e-02,1.132920228570367602e-02,1.134218876293271658e-02,1.139793021666214538e-02,1.131040096877185958e-02,1.136479911997310271e-02,1.137293219891752707e-02,1.124868646286224239e-02,1.142753640677611829e-02,1.132905660383168311e-02,1.149824372066711453e-02,1.153293989607274452e-02,1.139704508073465829e-02,1.141235005224166058e-02,1.148622411314121142e-02,1.132041850514748163e-02,1.126950012488294427e-02,1.145947853354148914e-02,1.125170053612962150e-02,1.140193836072196307e-02,1.136672236291428641e-02,1.129141022602522457e-02,1.148708202067024418e-02,1.139970057206258006e-02,1.156901132910920574e-02,1.133839259277345281e-02,1.134680440189662215e-02,1.129313014460547535e-02,1.146080305457994851e-02,1.131299386997370281e-02
1.067552452916025948e-02,1.071905292162582575e-02,1.086518228968033108e-02,1.061567524135766626e-02,1.067709930014182178e-02,1.076083096289186768e-02,1.070702233439514012e-02,1.071452248810316268e-02,1.071015709471865793e-02,1.073965508318450515e-02,1.071495944789909588e-02,1.078899203009989552e-02,1.082317076531804853e-02,1.085514326194438224e-02,1.077015208298924553e-02,1.065855570714660180e-02,1.070449342841860510e-02,1.086010594512312050e-02,1.062527348711630841e-02,1.064824416310443389e-02,1.061387587364362797e-02,1.062400554951574774e-02,1.071245783588758993e-02,1.060489231004608374e-02,1.081613561514266526e-02,1.056036920797456292e-02,1.062446094649572431e-02,1.057605632331434439e-02,1.063025673261130434e-02,1.068542005185460497e-02,1.084942858987396862e-02,1.071943075184490952e-02,1.076699397677826665e-02,1.078856519728684134e-02,1.064144613761741458e-02,1.063601738688624808e-02,1.079065714795302347e-02,1.077097126947392826e-02,1.076598052752957176e-02,1.074242195186591968e-02,1.069867981146165915e-02,1.068957365696079735e-02,1.058856739180266335e-02,1.061730607625426676e-02,1.073690188495843474e-02,1.079553863383922625e-02,1.067470438860554892e-02,1.076219310266948899e-02,1.068211667505755171e-02,1.070193874058894025e-02
9.896125067409573123e-03,9.838197816998144399e-03,1.008607436747660513e-02,9.983976197748047413e-03,1.000507801393590163e-02,1.009710144910715666e-02,9.950931425269418304e-03,9.929742442253657389e-03,9.907351676502453020e-03,1.008412706171530476e-02,1.025071719271620704e-02,1.006939796983571944e-02,1.014539072043007563e-02,1.016006817035108173e-02,1.001908107428026509e-02,1.000349267454412466e-02,1.012804005168207490e-02,9.938527470575265338e-03,1.013312604906796768e-02,1.010028606341883614e-02,1.009068587034314679e-02,1.008940429336507502e-02,9.945971406366157369e-03,9.785874940527048566e-03,9.924085584615941619e-03,9.842469107945357037e-03,1.000278583714536013e-02,1.010825277312059171e-02,1.001402910800917694e-02,1.004558031940623250e-02,9.939846208444461789e-03,9.774992663356435463e-03,1.013419089883139772e-02,1.008107065176183995e-02,1.006907649457198031e-02,9.984663833920560602e-03,9.986579464416644666e-03,9.941597378912358021e-03,1.018375433810608278e-02,9.919269258263294087e-03,9.932456118136978596e-03,1.001905545899473178e-02,9.978503078595529069e-03,1.004145174173738664e-02,9.980499492359861530e-03,1.003648222917328907e-02,9.991890098080911248e-03,1.012139180573288014e-02,9.919353105449387614e-03,1.004200870786928212e-02
9.343859621682756855e-03,9.342333050969396646e-03,9.285253582355292717e-03,9.414624790256911901e-03,9.440622381729955881e-03,9.172205913446421915e-03,9.244138543802418728e-03,9.191829784983852544e-03,9.252477340935569977e-03,9.428245526158054654e-03,9.579499799104709487e-03,9.192833574396489654e-03,9.240609641286069709e-03,9.289093857237263815e-03,9.300809361394889868e-03,9.354454773391477490e-03,9.300725628134269563e-03,9.323992295504830372e-03,9.147536870173542112e-03,9.413047264924796417e-03,9.332851045118908256e-03,9.332676621529086697e-03,9.118143476675159842e-03,9.254479662340971483e-03,9.188987630523426028e-03,9.309446094612839132e-03,9.308570153876156994e-03,9.488097972573054234e-03,9.424517557447014207e-03,9.213296402497338569e-03,9.275106582255538898e-03,9.125112061184381673e-03,9.347962973155441238e-03,9.424482007474454734e-03,9.334150037111844239e-03,9.337199973588564822e-03,9.146589747060212411e-03,9.178715462162949021e-03,9.328683019659823189e-03,9.401197413244150730e-03,9.338754813426717802e-03,9.366189168885425201e-03,9.380877964113153167e-03,9.258880219394053854e-03,9.308437710475476329e-03,9.276685087244836148e-03,9.339120875804672942e-03,9.325693007729184830e-03,9.372607468743014703e-03,9.191195838603536533e-03
8.629110921654647298e-03,8.548094420269694918e-03,8.758323180574014225e-03,8.608000886032259047e-03,8.794063264963391038e-03,8.438131186037702361e-03,8.627448536179567126e-03,8.641585000365419739e-03,8.616570693701362457e-03,8.572597964888285099e-03,8.678374616262087352e-03,8.660386535655924950e-03,8.488452954458745175e-03,8.448106960413682975e-03,8.706302299866528274e-03,8.554089795576313993e-03,8.553830624402297342e-03,8.455656642527292419e-03,8.535218767338146814e-03,8.581748329618030940e-03,8.498771325966453932e-03,8.718649520046226759e-03,8.603170876559975908e-03,8.522276942197509753e-03,8.624985952131892369e-03,8.685941665101436573e-03,8.743588278244817866e-03,8.562283371962456022e-03,8.652518215509946362e-03,8.372024348137566130e-03,8.599206035365994719e-03,8.372395355261611286e-03,8.486493913180950463e-03,8.511810777019207519e-03,8.541198566699981926e-03,8.585234948919709050e-03,8.540111867120961375e-03,8.533740700090532150e-03,8.568395651852593956e-03,8.646212949400199424e-03,8.561329252164072076e-03,8.577986568971015385e-03,8.638733975598762369e-03,8.607025111033029044e-03,8.585743824764078061e-03,8.510247609134291916e-03,8.748798991562249314e-03,8.615312404401255508e-03,8.531216339751158950e-03,8.495427092972164529e-03
7.886930005268072766e-03,7.826311707285310906e-03,7.689925097100875316e-03,7.755659573959616630e-03,7.698472825633902866e-03,7.846964893540028102e-03,7.843745844235730860e-03,7.899622173873849587e-03,7.870342446807197800e-03,7.709402561126577243e-03,7.554793396712462111e-03,7.757842292195244599e-03,7.954699012152432677e-03,7.860885253041434775e-03,7.603355255708851672e-03,7.871791645186001357e-03,7.748664436840789829e-03,7.752517274814247315e-03,7.815211153301285588e-03,7.791202863818320369e-03,7.975496561954285510e-03,7.777647234219940697e-03,7.797804880447616917e-03,7.799772840033944270e-03,7.879724636922056172e-03,7.801612275722594365e-03,7.914373233885288461e-03,7.844106146886005090e-03,7.695931941771819856e-03,7.658639325551343767e-03,7.731928679974355359e-03,7.878270777021932625e-03,7.855921569546817779e-03,7.866264838743438834e-03,7.825707572088618988e-03,7.923440245463292397e-03,7.781471236790307722e-03,7.849962448883029964e-03,7.816760292971416946e-03,7.851993950277547443e-03,7.762788621111138716e-03,7.917296099657132255e-03,7.691439750150097857e-03,7.799626163657406679e-03,7.863177702208099668e-03,7.800091274372029752e-03,7.713551616347433075e-03,7.885112477265593042e-03,7.975053158803568562e-03,7.847720090778515650e-03
7.035986425697757576e-03,7.091358592843083515e-03,7.059040119308746843e-03,7.064023527405491679e-03,6.917286665056150696e-03,6.997434429499064211e-03,7.123206851044420682e-03,7.002771110177287948e-03,7.074172175116362482e-03,7.050122024133817153e-03,6.934495981736684724e-03,7.107270030166505312e-03,7.201771702477572680e-03,7.068134271669520435e-03,6.894725700567857184e-03,7.033418663147840075e-03,7.155904096683231123e-03,7.049246978651046817e-03,6.947416096608071898e-03,7.070021434271944044e-03,6.977860173132892363e-03,6.982614466299448541e-03,6.959192889108428703e-03,7.068346984046617286e-03,7.030699523147714881e-03,7.103178711973813161e-03,7.066858941152649384e-03,7.117115766892718846e-03,7.046911991008497807e-03,7.064982332236208196e-03,7.029357593039685902e-03,7.182171796233264432e-03,7.116939204992355633e-03,7.130315190608803831e-03,6.999507803470025186e-03,6.933674615724367239e-03,7.106214334637138766e-03,7.037859013388563303e-03,7.056874075848131034e-03,6.855899878286308632e-03,6.912492792143685831e-03,7.110462308699892590e-03,7.028083198815753864e-03,7.056320904455675759e-03,7.043644538297198429e-03,6.859961392674044679e-03,6.941658836384511852e-03,7.092365347811255272e-03,6.990583252870976629e-03,7.093262545457984687e-03
6.104985211514186647e-03,6.141206185999776961e-03,6.284600322570272138e-03,6.248873301297789076e-03,6.212802832782416719e-03,6.089741021902499857e-03,6.067478569183309273e-03,6.192392204453078287e-03,6.255207041044097416e-03,6.209283381915235885e-03,6.216974571904596708e-03,6.028286637963530849e-03,6.507145879683184572e-03,6.190612405507213596e-03,6.197111174902588879e-03,6.162378326527517304e-03,6.348885463972999202e-03,6.262721019863453503e-03,6.209635188768202266e-03,6.097950746782728956e-03,6.287395275203245919e-03,6.231805894394528908e-03,6.304596578992003632e-03,6.340137931206811343e-03,6.195777068952725009e-03,6.247760219542641651e-03,6.078115239295721513e-03,6.241936214198119323e-03,6.387166676452840468e-03,6.142831292771714496e-03,6.252835436370388598e-03,6.196021642196020661e-03,6.164987424455855257e-03,6.334931846931364692e-03,6.252473258433651794e-03,6.281883240024388644e-03,6.276413389940080009e-03,6.042594550215860810e-03,6.213875284861412017e-03,6.397376127445745554e-03,6.395488092311994374e-03,6.204117190303950861e-03,6.232425820703906515e-03,6.200673683164094167e-03,6.084252751411910187e-03,6.317915208773351374e-03,6.251870788470031103e-03,6.070316869283728413e-03,6.303941906519117122e-03,6.262257912257681962e-03
5.214318238608776739e-03,5.334007977058350877e-03,5.274447800628686428e-03,5.415332453937947259e-03,5.390038026347866371e-03,5.486326852272190892e-03,5.457233215327290422e-03,5.349376201076459607e-03,5.293885065277046699e-03,5.390673910744982374e-03,5.332442885421277701e-03,5.336171647316512688e-03,5.310603217325573014e-03,5.447634714733428501e-03,5.376453196123185188e-03,5.368045792937385999e-03,5.352060074802864921e-03,5.371763838204820542e-03,5.345203742578416052e-03,5.455014354566539540e-03,5.222483555197468715e-03,5.324689500477960795e-03,5.271347879532793830e-03,5.253162312003976063e-03,5.271036887548449443e-03,5.415239153146561915e-03,5.371039574967849568e-03,5.328882926956555847e-03,5.472668560551782919e-03,5.462144358552366991e-03,5.350639587406561676e-03,5.442205985102859835e-03,5.326308471698352337e-03,5.389128244742983666e-03,5.382470168436302542e-03,5.251544619912256427e-03,5.273073508724102423e-03,5.249848980469425802e-03,5.499035058801049307e-03,5.163228621469931681e-03,5.521621045467644401e-03,5.414660611854051758e-03,5.411809805253462932e-03,5.140865737863761949e-03,5.442299042096591238e-03,5.450724293133071309e-03,5.473159372269350773e-03,5.428310881036228774e-03,5.253949425951788543e-03,5.396815092684019433e-03
4.609256417129603371e-03,4.533402112781903352e-03,4.308798167534742124e-03,4.491866144836413437e-03,4.364387168989502033e-03,4.438262475255355145e-03,4.402812446964277093e-03,4.493016023391540291e-03,4.273493737651153437e-03,4.380649093980679490e-03,4.425715945438885371e-03,4.408520038087938159e-03,4.424295827791076101e-03,4.584555371391990652e-03,4.330687005741763566e-03,4.448644715785630283e-03,4.516700713382804447e-03,4.384151517111179591e-03,4.489684439252811937e-03,4.390651735128333830e-03,4.474020040667524463e-03,4.579205790376379183e-03,4.243459120949086456e-03,4.497571464635649954e-03,4.304756443441509935e-03,4.407975999469577154e-03,4.403896330486493232e-03,4.385507607661661734e-03,4.475469572962560358e-03,4.514461068695141584e-03,4.577158672012250976e-03,4.577514906189061698e-03,4.370605191965849096e-03,4.544164935924472314e-03,4.341848544467803890e-03,4.549620478735795677e-03,4.481020579558262114e-03,4.419606739835321013e-03,4.542130577449396585e-03,4.387606572959586518e-03,4.447918886008539463e-03,4.467807969812977176e-03,4.416743373368364756e-03,4.237744850971711386e-03,4.592415082841149604e-03,4.240301712750460354e-03,4.498683742163751310e-03,4.520350998478499770e-03,4.667370702992886672e-03,4.476785614969784784e-03
3.556532024990498655e-03,3.534641232500014725e-03,3.440292251813108736e-03,3.390334686600281894e-03,3.389035939192350938e-03,3.506890209720287931e-03,3.467537687643220713e-03,3.680453783829892682e-03,3.541361228867797358e-03,3.349702629218571752e-03,3.394439550455671892e-03,3.471496002755405409e-03,3.567491387169881116e-03,3.350601795982990384e-03,3.453537609233018647e-03,3.501524018376122455e-03,3.598092920654737993e-03,3.511137984604600654e-03,3.416530256500007520e-03,3.440480211502433289e-03,3.503965417096667478e-03,3.472817863565128265e-03,3.488661748157422405e-03,3.309851381806485238e-03,3.496048867194863526e-03,3.499444692030504941e-03,3.529887084604982524e-03,3.523609120499936014e-03,3.402320902158207858e-03,3.550987064948383284e-03,3.482782948165817367e-03,3.453232568128841370e-03,3.374077534496837481e-03,3.518758927714171845e-03,3.628256059766429061e-03,3.588995435312428671e-03,3.677340569644410063e-03,3.536281298544127847e-03,3.576396257886070486e-03,3.378977680294513886e-03,3.568038191309463869e-03,3.467723727702298839e-03,3.475187144143424434e-03,3.561398349666867417e-03,3.519828917880472169e-03,3.500536894538016849e-03,3.499424733922278964e-03,3.500897735640072072e-03,3.535526181494537488e-03,3.471808831869802915e-03
2.427763379583784426e-03,2.514670353964369633e-03,2.568843777450352701e-03,2.560732318756866414e-03,2.484114212333091154e-03,2.450779813909122109e-03,2.529017978836995122e-03,2.484581626968126317e-03,2.545554511721384236e-03,2.581715864024209869e-03,2.557565607813143058e-03,2.537599956096616132e-03,2.513854573833664008e-03,2.489013239597384023e-03,2.408551521859521836e-03,2.528767135449264559e-03,2.444738863602175568e-03,2.471209810214638255e-03,2.462998157918999589e-03,2.426918486130344010e-03,2.590226736098637933e-03,2.518017144616031388e-03,2.571955679743369565e-03,2.558559509004893970e-03,2.466824262266671761e-03,2.459300175196079200e-03,2.564964409016284256e-03,2.474987653035595758e-03,2.292507775090484902e-03,2.489096302905165464e-03,2.479016933412668457e-03,2.552935714464604332e-03,2.476144798904811230e-03,2.478505994870026409e-03,2.493205373773589844e-03,2.488677958054330650e-03,2.464480552162216353e-03,2.497166771765738438e-03,2.560620187961290626e-03,2.630545302881408080e-03,2.539751038544903628e-03,2.562969484383294336e-03,2.592905761809729832e-03,2.528783791118136004e-03,2.456891047938674407e-03,2.626149241835780499e-03,2.494819382150278552e-03,2.516336410624970751e-03,2.570044835582665620e-03,2.529089374357863709e-03
