9.217739140897693653e-03,9.167803982584068340e-03,9.187982394534416342e-03,9.233418980985140523e-03,9.184213461924974065e-03,9.243985939996151799e-03,9.193564041927702185e-03,9.199774336337122188e-03,9.236369616974422422e-03,9.265796430851465371e-03,9.167280243981503277e-03,9.217756026542903852e-03,9.203399758948483181e-03,9.263808295442826565e-03,9.240286852741731727e-03,9.215600508669723537e-03,9.204144452159390699e-03,9.220153651307825410e-03,9.194341458391472321e-03,9.231367763509449112e-03,9.197139211192440281e-03,9.203105448848104136e-03,9.171738671142428551e-03,9.254267531300042204e-03,9.308981630306844071e-03,9.209171603779021942e-03,9.219264279498708484e-03,9.243600370830447333e-03,9.305581549723138807e-03,9.297256766475357412e-03,9.227731040145381244e-03,9.267829659871901909e-03,9.207640374006089562e-03,9.209384466651125006e-03,9.136599571525110680e-03,9.251544226934952167e-03,9.250106977840105021e-03,9.254149377469983798e-03,9.255570714066737453e-03,9.152700207866742640e-03,9.187702638026758878e-03,9.211078740106404261e-03,9.177827250762932501e-03,9.205642412310378539e-03,9.280418350846184050e-03,9.176667152689225310e-03,9.284200559987236534e-03,9.225357709111561139e-03,9.184424561429758646e-03,9.254304159401019816e-03
9.130752893294428671e-03,9.327528170587238640e-03,9.294713906836971420e-03,9.255897262833727782e-03,9.171866916401245559e-03,9.188944845048122728e-03,9.210687145583939389e-03,9.329664090262817719e-03,9.200289457727474363e-03,9.182450466804572414e-03,9.169392092252776766e-03,9.152910332399226412e-03,9.260065360915668495e-03,9.245271386837903074e-03,9.199964471921180664e-03,9.232498428438278351e-03,9.124511309659405836e-03,9.172372024672153026e-03,9.291788551265217980e-03,9.204646173943608137e-03,9.238914977400477374e-03,9.232692143011929364e-03,9.176272435000963276e-03,9.223844397990068125e-03,9.265804538300219384e-03,9.212361529825602302e-03,9.171718667842982883e-03,9.268264475106497563e-03,9.247564699843894426e-03,9.192852411506934052e-03,9.207208075552614224e-03,9.217591654051591338e-03,9.214278286125142034e-03,9.237224870903662163e-03,9.238547826582748160e-03,9.231953542594121750e-03,9.227802846372987547e-03,9.122692621110905717e-03,9.258486205638105301e-03,9.272969001474964945e-03,9.176525266105416828e-03,9.188284782283640331e-03,9.212232193960924465e-03,9.177349332851629515e-03,9.243977912597664548e-03,9.260371021159995511e-03,9.200270257027170356e-03,9.250761081972288039e-03,9.177784299174452168e-03,9.232615846168711060e-03
9.220765949144629769e-03,9.200022574726622604e-03,9.164200426546705025e-03,9.213939615865628444e-03,9.248557288646725577e-03,9.148165109272970649e-03,9.219736786805286799e-03,9.207975455010683832e-03,9.172452122263497279e-03,9.190304075507423065e-03,9.257931502012317626e-03,9.193247192334700127e-03,9.246002217646834276e-03,9.167652142597314258e-03,9.222413139463632101e-03,9.242894125197591640e-03,9.193816063666844854e-03,9.207085028721090011e-03,9.182851932366245529e-03,9.228542053976789353e-03,9.219186249701211838e-03,9.206739034508210767e-03,9.211097047940531440e-03,9.213848444315613992e-03,9.237632162482221215e-03,9.132368320451092827e-03,9.251580081829729324e-03,9.229228470895720765e-03,9.196711389578221887e-03,9.199466853333823635e-03,9.240598894891378923e-03,9.240253748092765174e-03,9.111457919819177312e-03,9.298397931481558465e-03,9.176642779876236986e-03,9.235188988286287953e-03,9.224035274924716893e-03,9.203630914026263501e-03,9.194771237237187381e-03,9.178993270981955499e-03,9.227413675845543006e-03,9.226198784906420799e-03,9.238603239423139046e-03,9.243449525100347688e-03,9.145585074593060373e-03,9.199752605229368635e-03,9.137613525992167515e-03,9.219627010920267499e-03,9.217227722190961259e-03,9.166940129537446899e-03
9.148486533203218501e-03,9.137044661902569628e-03,9.189808083981475251e-03,9.233315382415898179e-03,9.251242144221780150e-03,9.228818053622623446e-03,9.240310962857023122e-03,9.162608023573680371e-03,9.249406193882578342e-03,9.214233392089016261e-03,9.207857585681872639e-03,9.251341369970548720e-03,9.230407402758968038e-03,9.232100698865607774e-03,9.171258762128679451e-03,9.146500174491652146e-03,9.160905802576125787e-03,9.148978090765048574e-03,9.277499390366273843e-03,9.225817094909665936e-03,9.245830513986008289e-03,9.176226649531091240e-03,9.202913241293603219e-03,9.175567717628934500e-03,9.189718973342045349e-03,9.245788815698161370e-03,9.209571663398851207e-03,9.220094722953531968e-03,9.197993641082534075e-03,9.271004806802322223e-03,9.233862696420415059e-03,9.223383564445117311e-03,9.185337304575109940e-03,9.180260795357914061e-03,9.141637465703770019e-03,9.166925015285050382e-03,9.276950313630535558e-03,9.228406405630633011e-03,9.256017705855879019e-03,9.200590521314722103e-03,9.225628218737695965e-03,9.279303641503387767e-03,9.202452410233078264e-03,9.143466271498500164e-03,9.170279395947713783e-03,9.190891625482706939e-03,9.211277758859850312e-03,9.208109526752536467e-03,9.219544131806355416e-03,9.239997068796319130e-03
9.131687533969879908e-03,9.190721676832143069e-03,9.185674407303287894e-03,9.282369826303933646e-03,9.150356119638563060e-03,9.155195738214523885e-03,9.127760823767920584e-03,9.204627943033210496e-03,9.224914466133372209e-03,9.182363901154576985e-03,9.216008482581009367e-03,9.212257825515358933e-03,9.265558038561286236e-03,9.234586114661772621e-03,9.150998930149327817e-03,9.173120077742276043e-03,9.260625680403280352e-03,9.176327349712621456e-03,9.306937137218532913e-03,9.140427057184661100e-03,9.145146115719815505e-03,9.254580986194541059e-03,9.228499683484069072e-03,9.233378785408757547e-03,9.176319167207127106e-03,9.094270427185267847e-03,9.250675634027701738e-03,9.159849357073708565e-03,9.209027547299493757e-03,9.204145016609628985e-03,9.183335623080601806e-03,9.116266095759517976e-03,9.188891387129733898e-03,9.182505737775285837e-03,9.209987121529199239e-03,9.230458060110104807e-03,9.212350616617473453e-03,9.181746149075039817e-03,9.208583677540892534e-03,9.212923046217371542e-03,9.203530129087521619e-03,9.215720168942254445e-03,9.210926812718523912e-03,9.125954897535624305e-03,9.278104352689799800e-03,9.221333663917977846e-03,9.206702873765165024e-03,9.141386662186435502e-03,9.200947978264597052e-03,9.219252110752081814e-03
9.126225185079347643e-03,9.134715869463934726e-03,9.228622620655895295e-03,9.188522783080410594e-03,9.119676339687700015e-03,9.212770607815364346e-03,9.205391054775980894e-03,9.139456888288169378e-03,9.193725199508888390e-03,9.223996682015402418e-03,9.184041573026302183e-03,9.129752672328479007e-03,9.193082969311270128e-03,9.155184204596884812e-03,9.243654338983237767e-03,9.184643229141734380e-03,9.176197262209358912e-03,9.198230142408935286e-03,9.214994521307253231e-03,9.159486027440683076e-03,9.131140563382742631e-03,9.209384712221657665e-03,9.200140190144614344e-03,9.219058824959292311e-03,9.235103012507673431e-03,9.162110476376992760e-03,9.205357999675889760e-03,9.166428393042439643e-03,9.158595673947134488e-03,9.200662969240663500e-03,9.175646021564785523e-03,9.225502707323121956e-03,9.234040861271674422e-03,9.160750599011426021e-03,9.147717198128077834e-03,9.111569157961027857e-03,9.086494897506255594e-03,9.186043812371057216e-03,9.133718082808425787e-03,9.144474332104170211e-03,9.125777018985620215e-03,9.221447808179386932e-03,9.181156804307886998e-03,9.195844179848698327e-03,9.223156078094334534e-03,9.109341858950811485e-03,9.186027895427826759e-03,9.140797936225018502e-03,9.158787992030251179e-03,9.156571008118841171e-03
9.211719958174525991e-03,9.214712836675556865e-03,9.160803540465561542e-03,9.158346398292948470e-03,9.190230180097203397e-03,9.143886990723324934e-03,9.091648860486929024e-03,9.176309920636744472e-03,9.149124468148658526e-03,9.081906932938373089e-03,9.196476563525712508e-03,9.050124495279790807e-03,9.131998763368679578e-03,9.125952144676192576e-03,9.144125680728035915e-03,9.153551771848256538e-03,9.089619367085721366e-03,9.170680252093612109e-03,9.153492470808417478e-03,9.191223064266186224e-03,9.101540325099325909e-03,9.166259188149627340e-03,9.118695889442831465e-03,9.125738940900367593e-03,9.201763885515676367e-03,9.172633245977784497e-03,9.214535370872590711e-03,9.150594847759364187e-03,9.137516866008109015e-03,9.161864919566184082e-03,9.148471677947765668e-03,9.181696808783107802e-03,9.098849089345877050e-03,9.092445508191337317e-03,9.156991273707462686e-03,9.138618609091006192e-03,9.130600373904895761e-03,9.150313842795835054e-03,9.138547565051018465e-03,9.154266755661784327e-03,9.236855778365162667e-03,9.181426338091464023e-03,9.156039269793041571e-03,9.174777747798896002e-03,9.120987363277252569e-03,9.184771586482962449e-03,9.126196361183652045e-03,9.121648089179743013e-03,9.173129841759773348e-03,9.169310242520998036e-03
9.146451905062476240e-03,9.132767319935012479e-03,9.040211711506450365e-03,9.080726007686033135e-03,9.047708948393840683e-03,9.169460414562848397e-03,9.043835599154941007e-03,9.139832665104458131e-03,9.109592248507367152e-03,9.168069878525595198e-03,9.142225998762689224e-03,9.145560252874026033e-03,9.111100563689295342e-03,9.119021570965680709e-03,9.060347601224733038e-03,9.093755449192835946e-03,9.136424655990049368e-03,9.090234297743866876e-03,9.179923525736889342e-03,9.155206377511966934e-03,9.136655827435072319e-03,9.150877117240266076e-03,9.130440094337246432e-03,9.089155623988175170e-03,9.126576765691507553e-03,9.119430854317827836e-03,9.117559435362077025e-03,9.066529047015473367e-03,9.072262358490533474e-03,9.073968729632255620e-03,9.082581739671630530e-03,9.100454812887175116e-03,9.076564650840418524e-03,9.117423403397087803e-03,9.145150200414660022e-03,9.212788988803698176e-03,9.126452519681894915e-03,9.163144024225489473e-03,9.172996192912598323e-03,9.131784295358765652e-03,9.171189863418416355e-03,9.205435795541224570e-03,9.104398817679899142e-03,9.139693355701051028e-03,9.118222686141952762e-03,9.116008483640285903e-03,9.087606160093528521e-03,9.085852583548681763e-03,9.079025113031602423e-03,9.141521247311277035e-03
9.018591261140669266e-03,9.082538677625864518e-03,9.116299519074043747e-03,9.046214407852377209e-03,9.060682414698808737e-03,9.114352807171299461e-03,9.045042557294156668e-03,9.079758004808964264e-03,9.091382007037575666e-03,9.140393470258488529e-03,9.041161305455267666e-03,9.083119603581178703e-03,9.009424962294317399e-03,9.079943132364801453e-03,9.109046529060813371e-03,9.083012541174880633e-03,9.113520339987800020e-03,9.045996286211079734e-03,9.073294966866044670e-03,9.141053141042776095e-03,9.074016827971424781e-03,9.053785044464572607e-03,9.083389646769701037e-03,9.097081548237651374e-03,9.083820141958132144e-03,9.053778034587362661e-03,9.122027466172411003e-03,9.067768396002420447e-03,9.153017201524660945e-03,9.047185597866169021e-03,9.041123851410341403e-03,9.072500441441175983e-03,9.026193889783967056e-03,9.121818623045922433e-03,9.051632516587023586e-03,9.108672278204806363e-03,9.076602398132477961e-03,9.064444953787567649e-03,9.072992191922939556e-03,9.083752983938736536e-03,9.073761391647762464e-03,9.123494050475910999e-03,9.097208149513806574e-03,9.055607084321182221e-03,9.094950741434841557e-03,9.133177403142112710e-03,9.047692043149866900e-03,9.089595903931055668e-03,9.117247357886215653e-03,9.071901214145201842e-03
9.094214944290981983e-03,9.112368190105085350e-03,9.060444523093699395e-03,9.003083713533817367e-03,9.077781214154893516e-03,9.055438152838893306e-03,9.040553684916413299e-03,9.042453280695224652e-03,9.093042397921089273e-03,9.059528585329551173e-03,9.017328676647643967e-03,9.005505116018589287e-03,9.037236613735935911e-03,9.110086727395555126e-03,9.071622239531874909e-03,9.075165929698782857e-03,9.085113035810943316e-03,9.089171602318387930e-03,9.053674884471113807e-03,8.988229245964122691e-03,9.072997650131585032e-03,9.022068222913379870e-03,9.058506069242168446e-03,9.034890702118813025e-03,8.997084387110134557e-03,9.072205569715791756e-03,9.052268630113937189e-03,9.017148680965744734e-03,9.024620179705185319e-03,9.050560732370068265e-03,9.067443240186660175e-03,9.024838131943692388e-03,9.061920439255258253e-03,9.088597186205353562e-03,9.071397770468687255e-03,9.023618862628429368e-03,9.056786212800775962e-03,8.983630344257391084e-03,9.073787402687447448e-03,9.007977252548588290e-03,9.083934943889478836e-03,9.121888264362294080e-03,8.939893899372886032e-03,9.070149350285159826e-03,9.042652864462256967e-03,9.086047223003435036e-03,9.030909761210331038e-03,9.069336531400748816e-03,9.005712922447653770e-03,9.074819578268627021e-03
9.033654744972535386e-03,9.013278860150315125e-03,8.961203848618650228e-03,8.999281357983130586e-03,9.044802969630571371e-03,9.049778874340093024e-03,9.029429491358298074e-03,9.032116209182247668e-03,9.032652035517089659e-03,9.039087927737762818e-03,9.061123676548935718e-03,8.976179504475132603e-03,8.995962963706681872e-03,9.036163448170146661e-03,9.023296964232457862e-03,9.014283270020399808e-03,8.978625800383109243e-03,9.092013715701929497e-03,8.993398621022276676e-03,9.032076564534873703e-03,9.006708114949446217e-03,9.077539040392504366e-03,9.041003663283008959e-03,9.092762425635446052e-03,9.023225112685506061e-03,8.962855099399086659e-03,9.044206243555433580e-03,9.068506573079259878e-03,8.985167533669749518e-03,9.036854538587804977e-03,8.992944687383021274e-03,8.998847826811894046e-03,9.100402395994692389e-03,8.991571311155518303e-03,8.996978225401273260e-03,9.017615133721590751e-03,9.032169305211664584e-03,9.035560268501748385e-03,8.962277101333803592e-03,8.995854583208616126e-03,9.027006656017808398e-03,9.058726681275660469e-03,8.930624207962048478e-03,8.938918337290685523e-03,8.977549426376196101e-03,9.060699041639879228e-03,9.026731391055196549e-03,9.009465506579035152e-03,8.954517793116623103e-03,8.999968823799371284e-03
9.006344838579110126e-03,9.080649653028311646e-03,8.976881745265029300e-03,8.989877068831243073e-03,8.930630421733112140e-03,8.957228706645050872e-03,9.017732163614466251e-03,8.950508981313937476e-03,9.009911240809815453e-03,8.952896185482740396e-03,8.913643006154376228e-03,8.998643629042499259e-03,8.990886158232050743e-03,9.044928681539785367e-03,8.923634149972860252e-03,8.950347903525618029e-03,8.910471660624598098e-03,8.956227611356441798e-03,9.029042973973817540e-03,8.966232907554253298e-03,8.974827488842892706e-03,8.991067616811579399e-03,8.944896673878608220e-03,9.033740817517914648e-03,8.946265418714082623e-03,9.008306050286870800e-03,8.927657968480133197e-03,9.066511518266867978e-03,9.003723670670286602e-03,8.966831749343104688e-03,8.980724192109492202e-03,8.918413733464400361e-03,8.985067498793795557e-03,8.995238849133755515e-03,8.982868220747402752e-03,8.899778869376356177e-03,8.989100125508141942e-03,9.018009073831090988e-03,8.943289570042792583e-03,8.957548686213456790e-03,8.961300121540215560e-03,8.993891502071709246e-03,8.936902390290523898e-03,8.916255651440918237e-03,8.976764304836142364e-03,9.033306662913551804e-03,8.983397908205134966e-03,9.029108026573131815e-03,8.959910790463319549e-03,9.005289896364308821e-03
8.936561863958811594e-03,8.900742151015512277e-03,8.987529330520450596e-03,8.959909406766254636e-03,8.971750840107935165e-03,8.940213756745172408e-03,8.879669275780249088e-03,8.863605780096922918e-03,8.916173587635998349e-03,8.904820303243996676e-03,8.942608591825910655e-03,8.929918304623623432e-03,8.915760718349209982e-03,8.954885954357727496e-03,8.844946001060690829e-03,8.953388616463057309e-03,8.968234234824642645e-03,8.904464281201205506e-03,8.981019239272591131e-03,8.930720519361307064e-03,8.954517454178762687e-03,8.919624387657679523e-03,8.940889039853176790e-03,9.000363621986605389e-03,8.905839840018874368e-03,8.915142840197405605e-03,8.985232999379724056e-03,9.002020236760015573e-03,8.953180284560142629e-03,8.909411556836582813e-03,8.928107139710674683e-03,8.921767353628071856e-03,8.922171110978815989e-03,8.861769494867711289e-03,8.935916295134509191e-03,8.983505401177482863e-03,8.960873902193194560e-03,8.886878293409417387e-03,8.857016089109647286e-03,8.884057564518219388e-03,8.916487110509145955e-03,8.936674652829157406e-03,8.876486722549124103e-03,8.846988427160834556e-03,8.876554060865017928e-03,8.933377606633730386e-03,8.903558164267577624e-03,8.930296052669059112e-03,8.978716330255129968e-03,8.963074941013225369e-03
8.868471882270828610e-03,8.783605136400283314e-03,8.857165984265632716e-03,8.895517364991842660e-03,8.905983670047308565e-03,8.885571983681879102e-03,8.807353639401703863e-03,8.899048239600505783e-03,8.840620269563864708e-03,8.908488906844320987e-03,8.945981562452144306e-03,8.927753292974512783e-03,8.831866577050456746e-03,8.860873583168215120e-03,8.850215835902636857e-03,8.917064583695061622e-03,8.875764384707935176e-03,8.884792249513997001e-03,8.810381460763102093e-03,8.876455501286210567e-03,8.926974466891798507e-03,8.851538331641867555e-03,8.845048758481898268e-03,8.847830021403086873e-03,8.865069504058038091e-03,8.882469089095375650e-03,8.925988954497733607e-03,8.818407896581573202e-03,8.838429634509035668e-03,8.835643161593128431e-03,8.907156288535202082e-03,8.892964993036298754e-03,8.897214112052140647e-03,8.914199072235968330e-03,8.828994293413052266e-03,8.883525728850191761e-03,8.832967352636805769e-03,8.868667981160623451e-03,8.868955332792131940e-03,8.916148798660258196e-03,8.933381487975912069e-03,8.878967305223094825e-03,8.798309191233618168e-03,8.868649791871956178e-03,8.848611422456848299e-03,8.861090974503615242e-03,8.923038802566883934e-03,8.843627311985279363e-03,8.912807929410959673e-03,8.891238841749192143e-03
8.770264007206039422e-03,8.846310014932565191e-03,8.828423403011650267e-03,8.791566023236985911e-03,8.853902483275052221e-03,8.873025794436800728e-03,8.783400779877048592e-03,8.839590165445297687e-03,8.855050522136252364e-03,8.850430760502252595e-03,8.762638915770250975e-03,8.823629117733917601e-03,8.889308835925396890e-03,8.835919783398624855e-03,8.867634236671246076e-03,8.769662402400856677e-03,8.821743551541643899e-03,8.826754469424472407e-03,8.838791407032149661e-03,8.822476482578073959e-03,8.787391479300951658e-03,8.826906933051126627e-03,8.821341827037209454e-03,8.815627828978610941e-03,8.772573931117320922e-03,8.767259520383373014e-03,8.788179722083183307e-03,8.793510856172082057e-03,8.829075495425628070e-03,8.806284857653699089e-03,8.803050533234716563e-03,8.839868923602263104e-03,8.779401479924807405e-03,8.809676712961882900e-03,8.747903345340682715e-03,8.823940471856866682e-03,8.830759744224779551e-03,8.821534466443440095e-03,8.767426573760648406e-03,8.868894912066702108e-03,8.828246397783698005e-03,8.780815527379840293e-03,8.822471901211883030e-03,8.807713411348052843e-03,8.811951806623906716e-03,8.842599681299261397e-03,8.862128023197128612e-03,8.841582306576218145e-03,8.798832372944339827e-03,8.797217088525466008e-03
8.704936224105562156e-03,8.758680590400290747e-03,8.713989450494523739e-03,8.794349250232579365e-03,8.790016850932686615e-03,8.772793768484738602e-03,8.793312913517743398e-03,8.785367051013511647e-03,8.814082689153821676e-03,8.777109458102536760e-03,8.704477800169708665e-03,8.739440515982629248e-03,8.855460540035744316e-03,8.736416369112541200e-03,8.789818463972455531e-03,8.781986441512255881e-03,8.751818662089913894e-03,8.796383495792580234e-03,8.777945894389044268e-03,8.739756711645339446e-03,8.753531436618947753e-03,8.748451148503491592e-03,8.708376350279092501e-03,8.694911021232638523e-03,8.763107839937431254e-03,8.687218311402299803e-03,8.637989270423696020e-03,8.751286858591824855e-03,8.796752978021970398e-03,8.834700707792537272e-03,8.750807376570616039e-03,8.819539120389137399e-03,8.808983605540422757e-03,8.732752459323081182e-03,8.822481785823938980e-03,8.737637305505150179e-03,8.759558998727368789e-03,8.763063429438658000e-03,8.735347179096415726e-03,8.690292689963690850e-03,8.764079273729713515e-03,8.772757883414392804e-03,8.729392962697715697e-03,8.738364156897125701e-03,8.803966086766165308e-03,8.716467095473594620e-03,8.656836845632988331e-03,8.741172439572028260e-03,8.841075873944960126e-03,8.737864394230999976e-03
8.677962812647151830e-03,8.620777624002306030e-03,8.702331342670163727e-03,8.811045766625355199e-03,8.690181844298336053e-03,8.734506569659888225e-03,8.691866112029383515e-03,8.681850512957738422e-03,8.682973523812075392e-03,8.688300227743394819e-03,8.768895130147716030e-03,8.697642246089586429e-03,8.653945805924941059e-03,8.669599218346488514e-03,8.653013384013088019e-03,8.679372277915081008e-03,8.584266727584086848e-03,8.680703781872124020e-03,8.753209754309411450e-03,8.716055285493630803e-03,8.668902807888704751e-03,8.646023147728831848e-03,8.742635334641743472e-03,8.724489764307990364e-03,8.818789405098045875e-03,8.677224089938401219e-03,8.676930542418866132e-03,8.843766214247008456e-03,8.749697817684261303e-03,8.716038967785975228e-03,8.703140143153601654e-03,8.719804175083882558e-03,8.758091554233685821e-03,8.702546572201231082e-03,8.653788270157492662e-03,8.704677309906153765e-03,8.744540227395829896e-03,8.732345314632438890e-03,8.665031434274708330e-03,8.753253748531579503e-03,8.656594712284871804e-03,8.724609868635754828e-03,8.759546618930880504e-03,8.789882896109929913e-03,8.726604342254097244e-03,8.683061892190068951e-03,8.771655322335881674e-03,8.686029764093848582e-03,8.667594271385917898e-03,8.711004184621040300e-03
8.575001950392305283e-03,8.624902254137532462e-03,8.636796900713002850e-03,8.628204139973264311e-03,8.588445098693818849e-03,8.591517597883407617e-03,8.606991742612583873e-03,8.643458702254951803e-03,8.562127890360310759e-03,8.683516967991753224e-03,8.714850226339934322e-03,8.618070913677043990e-03,8.603265849442043312e-03,8.657245646685660795e-03,8.582266062137600474e-03,8.610328282835207070e-03,8.620557192363756047e-03,8.647709612184327488e-03,8.593605080374719721e-03,8.588298719922357258e-03,8.614173121551273529e-03,8.653188611644541464e-03,8.618352167634702257e-03,8.701055070739939154e-03,8.639141042891859690e-03,8.563529045537993795e-03,8.627837738933226419e-03,8.599735728240749666e-03,8.601618424009678174e-03,8.630919361590877817e-03,8.621931027896937577e-03,8.613856249609480251e-03,8.631408729269438376e-03,8.659299830993916550e-03,8.625869423219901383e-03,8.579399987102364830e-03,8.682634705280870002e-03,8.709470638882881033e-03,8.660410841970254264e-03,8.670532028164212174e-03,8.624870799235635765e-03,8.625275101926999782e-03,8.605970343531613859e-03,8.591279180838592641e-03,8.668598001161391745e-03,8.607008653582938831e-03,8.622580733397796834e-03,8.674594979181785015e-03,8.571090097294738197e-03,8.682381526917680795e-03
8.513482293257507855e-03,8.599755294239131917e-03,8.555745640441547034e-03,8.553834044289013172e-03,8.508150238762937287e-03,8.553133500594592778e-03,8.569591333055450941e-03,8.570778348487918460e-03,8.479685922593202183e-03,8.567269047368916701e-03,8.604514603018385832e-03,8.538463305526383315e-03,8.491149974927945585e-03,8.542790109412719962e-03,8.523769202500220202e-03,8.589869149736483606e-03,8.600274246509446302e-03,8.440979361438213924e-03,8.489315521664294109e-03,8.500978482167331415e-03,8.533319262318645251e-03,8.568988479619440990e-03,8.543747656710422994e-03,8.547413498828208139e-03,8.509631142549914720e-03,8.619011074977585979e-03,8.621302037225766698e-03,8.556309848755818889e-03,8.554575047410093239e-03,8.492608813002018586e-03,8.520948651334594309e-03,8.585510562066614795e-03,8.598064141457795878e-03,8.582352159890954332e-03,8.642626304413661420e-03,8.605211920668339939e-03,8.631517563377376009e-03,8.538960729512719283e-03,8.574044960249924130e-03,8.606194921108620971e-03,8.504966703255144311e-03,8.567571277510234798e-03,8.506043717030521353e-03,8.492878300171221792e-03,8.508089140526794991e-03,8.542836862268539388e-03,8.550889053000505780e-03,8.544326046633646254e-03,8.545620882891850206e-03,8.566821952887005917e-03
8.443619189792816310e-03,8.506601847692184595e-03,8.475092333794854646e-03,8.518069952286599911e-03,8.461805405165129940e-03,8.460847274812235974e-03,8.525810603073504315e-03,8.457060120645402274e-03,8.430546270184958307e-03,8.505219345239898796e-03,8.532353421059103715e-03,8.455435625877968236e-03,8.449713284237360400e-03,8.469729587144427321e-03,8.456730695251156102e-03,8.462343923525772124e-03,8.462760026168563571e-03,8.508534916530325481e-03,8.578579627858148524e-03,8.466128878647628461e-03,8.442678352910395687e-03,8.427009742817107366e-03,8.485929634461151713e-03,8.448667546632714770e-03,8.463463000083982363e-03,8.483954740372062417e-03,8.443171791258988201e-03,8.485390682805630386e-03,8.499380511952347658e-03,8.469635289111330026e-03,8.553591162972742218e-03,8.486702195875179405e-03,8.447559656897443009e-03,8.433590352032425269e-03,8.449020260542332295e-03,8.395813929115479232e-03,8.403751677406276141e-03,8.406255455030554533e-03,8.460510314663579126e-03,8.444869328686453736e-03,8.414338610257501155e-03,8.462037281212936995e-03,8.502556279442335246e-03,8.479595041231656471e-03,8.444180082397707496e-03,8.443881490597049400e-03,8.473055393363656054e-03,8.411703611815868342e-03,8.436839522085487486e-03,8.428422351821070191e-03
8.357278771010990398e-03,8.419200913497182359e-03,8.424401222911243048e-03,8.442205387878230771e-03,8.425167541157749587e-03,8.376634406728753965e-03,8.374275194100529521e-03,8.392328487655321620e-03,8.381363372608797296e-03,8.419481900260367482e-03,8.415676087160803287e-03,8.410430624776298394e-03,8.399258607177479893e-03,8.422607017359693901e-03,8.401529625787853423e-03,8.352281671686228801e-03,8.398419976944354257e-03,8.364379249493255827e-03,8.403239224379254607e-03,8.470626895854850569e-03,8.398833941366725536e-03,8.381226446671965341e-03,8.443195385880284884e-03,8.327804638293479986e-03,8.417640619794006587e-03,8.421440077448634834e-03,8.247492645716185747e-03,8.361156393840787904e-03,8.400747886831037500e-03,8.413158801756944263e-03,8.362952042761937974e-03,8.333896218391012231e-03,8.379450443967723788e-03,8.403300893739284669e-03,8.399546051689280382e-03,8.386494476277575952e-03,8.433507575233811782e-03,8.415069785573285957e-03,8.374723484473954593e-03,8.382750630293261604e-03,8.401721761763781410e-03,8.470630652032027155e-03,8.391985537235217493e-03,8.328167223832146429e-03,8.320376356835785733e-03,8.403719072307682877e-03,8.391286709928133178e-03,8.348093220895934363e-03,8.368998107777737144e-03,8.412351587067840725e-03
8.295233132522186748e-03,8.303578020755602793e-03,8.328218796132403137e-03,8.287032642616128444e-03,8.262139896312248322e-03,8.229975130238513167e-03,8.354932638529870281e-03,8.249288055566445996e-03,8.356738057352904384e-03,8.321133674737801744e-03,8.369137468839788624e-03,8.297067067226344267e-03,8.254294066600272733e-03,8.329491105377661089e-03,8.325474149516318839e-03,8.273998754277124557e-03,8.232973490431561014e-03,8.303260903477256358e-03,8.277990490846834359e-03,8.260231169667125659e-03,8.289804424110282927e-03,8.350592302523060853e-03,8.277684888381606557e-03,8.308395375861237636e-03,8.269404249559714204e-03,8.179813126087544239e-03,8.273927746059069055e-03,8.292080738402750686e-03,8.291829764831037605e-03,8.329539098832695887e-03,8.259147444908031960e-03,8.291232099387710677e-03,8.282633650737050365e-03,8.332123935835563863e-03,8.252661261862598990e-03,8.335314270139695253e-03,8.325445664904323334e-03,8.331052652269714184e-03,8.256560560364339593e-03,8.263809871779914315e-03,8.311302393661044313e-03,8.321213257981761868e-03,8.368702343373021421e-03,8.287167626636553208e-03,8.374469986019209694e-03,8.282257750189718840e-03,8.356761578190124995e-03,8.310329444994503031e-03,8.250247334850364933e-03,8.367811208541423018e-03
8.185580176098970068e-03,8.228311554654156243e-03,8.220422286501988599e-03,8.238831985523401014e-03,8.175205559812749601e-03,8.293810105030257479e-03,8.237476054108313836e-03,8.221508294297907860e-03,8.248192130925525306e-03,8.151963160293181423e-03,8.195551326530251326e-03,8.192529532353375402e-03,8.225587728215386779e-03,8.264140179718826307e-03,8.183804582548971987e-03,8.245264989566606154e-03,8.197928167108427949e-03,8.178381662610251582e-03,8.262312244276823550e-03,8.200688816341793891e-03,8.191123227146998934e-03,8.222197119640428306e-03,8.174454556344381423e-03,8.175881793218060106e-03,8.313246757784031535e-03,8.233459290356298296e-03,8.159102944287250497e-03,8.224852763918445372e-03,8.169848489341342140e-03,8.202927748498574367e-03,8.224730852892582489e-03,8.216967480441362409e-03,8.291643230474784673e-03,8.268475938377536222e-03,8.187706295941628298e-03,8.224342806910572151e-03,8.228349611938306704e-03,8.182514481102185974e-03,8.225541493078521865e-03,8.180249760917324489e-03,8.194647381525383550e-03,8.210089185964844494e-03,8.150047909981309596e-03,8.207793317774008182e-03,8.195337491690211570e-03,8.266159904952514320e-03,8.192856693107729293e-03,8.267953109325465108e-03,8.180828799797711798e-03,8.230767361174649160e-03
8.187547727082392438e-03,8.170858812875348223e-03,8.036591240393549732e-03,8.047863048505738207e-03,8.176864162914205397e-03,8.043760536684204515e-03,8.140012040759370127e-03,8.015772399504950824e-03,8.124788535715849261e-03,8.039981667175077201e-03,8.108690778190531107e-03,8.096471455174744300e-03,8.128671088169938871e-03,8.057111392476562148e-03,8.055676408026873903e-03,8.167993977534072914e-03,8.084633191050629233e-03,8.140225499964313938e-03,8.196704439836265468e-03,8.146424774807790176e-03,8.092689193629445943e-03,8.128575157355865180e-03,8.083728583124855788e-03,8.116643662545526897e-03,8.102284541908907900e-03,8.083735253475877319e-03,8.140744453594335808e-03,8.108693261940637734e-03,8.099628873873696705e-03,8.099665176884327314e-03,8.130195446099617099e-03,8.097861674441672250e-03,8.082556645782562263e-03,8.137286288604510601e-03,8.020711666454608327e-03,8.123815019330489842e-03,8.134002487194830905e-03,8.179995896074258865e-03,8.077163814314241089e-03,8.117707808783064874e-03,8.176133965081853333e-03,8.156447869334787146e-03,8.068247939478969191e-03,8.122710248038978245e-03,8.080321587931885152e-03,8.159852756593125381e-03,8.076952997866133563e-03,8.101099213041156391e-03,8.216779079011304887e-03,8.130576710846696212e-03
8.053213845596486967e-03,8.055353652465159497e-03,8.069078756079746048e-03,8.035719138172546516e-03,7.997774819648787240e-03,8.014846371382271240e-03,8.074762056619727221e-03,8.007924472166909335e-03,8.019418743495517268e-03,7.986966622326171356e-03,8.069731023475797821e-03,8.065612446013312870e-03,7.918915433318320790e-03,8.051693681042715670e-03,8.035307092546208757e-03,7.947294607843075065e-03,7.990056712439878514e-03,7.956263902628778889e-03,7.993072630304401058e-03,8.049883262753255650e-03,7.926982361985393868e-03,8.086374210161150974e-03,8.049495094275495657e-03,7.997488352603901451e-03,7.999948186510669537e-03,8.029924798213057199e-03,8.011783067612517767e-03,8.033171481717765045e-03,8.017585446002973085e-03,8.007448387510366153e-03,8.059950977827376115e-03,8.079022323355007640e-03,7.993568469780474445e-03,7.948028676304194282e-03,8.008992859792235172e-03,8.038977090540685294e-03,7.976234821322846988e-03,7.974950584770532092e-03,7.984147668996839295e-03,8.085131876913296059e-03,8.044635328520330364e-03,7.986461659473675576e-03,8.005383224514488194e-03,8.003583291527532895e-03,8.080504733435066658e-03,8.053389567142181515e-03,8.016893817794858504e-03,7.927962967423797525e-03,8.033156748315360696e-03,8.028694115943932688e-03
7.963994085165050640e-03,7.962236044657925935e-03,7.862050382674496893e-03,7.937306674123123518e-03,7.878555446723476546e-03,7.906382615742526404e-03,7.951599655759530177e-03,7.869592497673940160e-03,7.827279863575059907e-03,7.979246942056913983e-03,7.846172692052700084e-03,7.858519624587041383e-03,7.904764699046433474e-03,7.879246449107694950e-03,7.915261322009566405e-03,7.890980193922585151e-03,7.881557835658123401e-03,7.910904594830724459e-03,7.887571993551256364e-03,7.903667164552331467e-03,7.918014597075964320e-03,7.890699996976974218e-03,7.969351296731751536e-03,7.914266323756214208e-03,7.944481759495327505e-03,7.889724124504490788e-03,7.903183627209028894e-03,7.888023423671468651e-03,8.005182738940167311e-03,7.952650458269996947e-03,7.883167822377874084e-03,7.929637098356945649e-03,7.910465916211972814e-03,7.872080347838117734e-03,7.872747239575358935e-03,7.802592220219809957e-03,7.782795629970343590e-03,7.921863261341130502e-03,7.905483407258386344e-03,7.857213433114386414e-03,7.902130509220950394e-03,7.955673186599057298e-03,7.964072877806774309e-03,8.016890680042212253e-03,7.895506221632446822e-03,7.922238910046534507e-03,7.872429860140034083e-03,7.891526305695509974e-03,7.896243227259484507e-03,7.889869209465929720e-03
7.840479264254731837e-03,7.790091236882420653e-03,7.816102453086722773e-03,7.840569333480516129e-03,7.854286408202300340e-03,7.763368790761417809e-03,7.844197437632866379e-03,7.771287620340783936e-03,7.812666058907612524e-03,7.790960610363390458e-03,7.797623470353066445e-03,7.792042208007790571e-03,7.780000870455512814e-03,7.835245286781816407e-03,7.745503981902631188e-03,7.736733247787245561e-03,7.854147270795228813e-03,7.768704778761600753e-03,7.809184438264622774e-03,7.739433467015919416e-03,7.751928018180876019e-03,7.755352144511416801e-03,7.765702003147668085e-03,7.743022874491425032e-03,7.760731475910161853e-03,7.788931353267344003e-03,7.782937951798536008e-03,7.803465370394077269e-03,7.811706349511927938e-03,7.720992334828341574e-03,7.813129485912119823e-03,7.840416263335567987e-03,7.761958637620244156e-03,7.710698346378144254e-03,7.782649530803509644e-03,7.743997312781811596e-03,7.757990009629164851e-03,7.752600633189120176e-03,7.842775355102962406e-03,7.750020877633932367e-03,7.850151839504356313e-03,7.756829783452674071e-03,7.846541965141763664e-03,7.772089667034566725e-03,7.856273650724780039e-03,7.807844367381441657e-03,7.808990050086857433e-03,7.783171252126317406e-03,7.807967973492624045e-03,7.859929189632871779e-03
7.641638889980325623e-03,7.657951273173052402e-03,7.643446085487030570e-03,7.709277689422049454e-03,7.673873491877026415e-03,7.695112780396405096e-03,7.650861477310260013e-03,7.682663656047498610e-03,7.664720892454251859e-03,7.685780511503531934e-03,7.708523989728776477e-03,7.665659350311589647e-03,7.713682227246533574e-03,7.658264004724183414e-03,7.627758980950650677e-03,7.721606915609608747e-03,7.631557166874831412e-03,7.679064564994090777e-03,7.661905742768449282e-03,7.619770225534124898e-03,7.692938628580467918e-03,7.684957017418374108e-03,7.636143509599176843e-03,7.661828178128695689e-03,7.716791153846320854e-03,7.685270728632719386e-03,7.709422311145557732e-03,7.745995539006577529e-03,7.657256324239866165e-03,7.650474528420745518e-03,7.671400370444957789e-03,7.712926864681352718e-03,7.732112166181905229e-03,7.694733604070404416e-03,7.608835508388433339e-03,7.652904948315139393e-03,7.663616113920408528e-03,7.693508747962761983e-03,7.650057336234045852e-03,7.683011378725855371e-03,7.668989349912029227e-03,7.737855513794719524e-03,7.633598532931377099e-03,7.686909201628893719e-03,7.719392625800480280e-03,7.702633072386820892e-03,7.645924260260225820e-03,7.741300664362102228e-03,7.669722806939604023e-03,7.657201998796027420e-03
7.551702346107634287e-03,7.535151157696540203e-03,7.500349821958948726e-03,7.535171946350422735e-03,7.597409069031662611e-03,7.517340942594718384e-03,7.602231251942692496e-03,7.498341989164309870e-03,7.503296428269183582e-03,7.474966339545256050e-03,7.500840052320752703e-03,7.623121469853504258e-03,7.478544383627049562e-03,7.549342689977766446e-03,7.572785596723441773e-03,7.530221853058460812e-03,7.529390924892471158e-03,7.525105633838493659e-03,7.506138449606497738e-03,7.486126605957885496e-03,7.572790286170222318e-03,7.635484105084276892e-03,7.581329700357898778e-03,7.533742207341913126e-03,7.477439954530314820e-03,7.599822542283567010e-03,7.519087707906355750e-03,7.513396738520651194e-03,7.548873476122180091e-03,7.560473752544198678e-03,7.556673852507678896e-03,7.566340818323846577e-03,7.532148953626688695e-03,7.555280197152433423e-03,7.538423136962390039e-03,7.524977030007404082e-03,7.596760213398307850e-03,7.479709259662378588e-03,7.558444885772296756e-03,7.599393724207577014e-03,7.612458513041159801e-03,7.522189650048774663e-03,7.602623708686798674e-03,7.511714922567556268e-03,7.565954629675066163e-03,7.526020482548635183e-03,7.584435677768328055e-03,7.630402977098662068e-03,7.475903691430889862e-03,7.601028318692519548e-03
7.414998955859296997e-03,7.401376056765170998e-03,7.515171728253556595e-03,7.430563316744144206e-03,7.352866350440173844e-03,7.461798900502306792e-03,7.443773209759948009e-03,7.399980880100459971e-03,7.384896193152342379e-03,7.410822832759132554e-03,7.453831201951859921e-03,7.469932218547104333e-03,7.487950558405663884e-03,7.371950258187621834e-03,7.503988474962161245e-03,7.476920392297160649e-03,7.417922438244677931e-03,7.446559397345414548e-03,7.483157474931427348e-03,7.381714778610273635e-03,7.446991926137807097e-03,7.437257739197260763e-03,7.451179293583012550e-03,7.457955397771666786e-03,7.406829383494401356e-03,7.482564749297431969e-03,7.465438486158704028e-03,7.381983226029235207e-03,7.410405227455607417e-03,7.364052026123581868e-03,7.430550115141406134e-03,7.396791917331460575e-03,7.439089448898856746e-03,7.466381934317157729e-03,7.444019281144740804e-03,7.439086333563467782e-03,7.476331741611782523e-03,7.445419533144244026e-03,7.404840108865556533e-03,7.356138944574129764e-03,7.510233579422037967e-03,7.461917362370724775e-03,7.376453709880644548e-03,7.356221641303673821e-03,7.480880396016013033e-03,7.399761385811780452e-03,7.470132179404437474e-03,7.441810000466764739e-03,7.416506814711437863e-03,7.390756316364405221e-03
7.296952516911583628e-03,7.381834039594629970e-03,7.338360525765080279e-03,7.273077633502608198e-03,7.312447984439629338e-03,7.260314403016373229e-03,7.322577598880783759e-03,7.256425851231126760e-03,7.293660609236847156e-03,7.247425776000930228e-03,7.274223510812396522e-03,7.338865027576191302e-03,7.308177473683211481e-03,7.231748435979957514e-03,7.201670200883471609e-03,7.247472087038288498e-03,7.304137910961471664e-03,7.301300564158665247e-03,7.291121170432257950e-03,7.280210661129393919e-03,7.332617021283677552e-03,7.244452505307013429e-03,7.184503759549211790e-03,7.341700405816504148e-03,7.323440010779216566e-03,7.309892129596677265e-03,7.263320719482512823e-03,7.254122717692698674e-03,7.295766733984180262e-03,7.321557594112950047e-03,7.298455908695725136e-03,7.288774515189353452e-03,7.292930624855534054e-03,7.241455428026284495e-03,7.316319808743179144e-03,7.301950675827076354e-03,7.337248358195288742e-03,7.300032144515329093e-03,7.323784392268181329e-03,7.223517848833540395e-03,7.363513667399172735e-03,7.247312126495649570e-03,7.282871782823664188e-03,7.217336095211185701e-03,7.356388476531697078e-03,7.283300022058630460e-03,7.259624801788064873e-03,7.342217606424989926e-03,7.291692075181863998e-03,7.309524345361668486e-03
7.172364739990249281e-03,7.200962660266675523e-03,7.247202951186745151e-03,7.130569533730687047e-03,7.148334559839907183e-03,7.229090589299264416e-03,7.168421461823674262e-03,7.192942196738888981e-03,7.082137005061774418e-03,7.087043899435547210e-03,7.182585616237351089e-03,7.156397919779120161e-03,7.177995694987090829e-03,7.197711148248881786e-03,7.119189305807534403e-03,7.112035824845799360e-03,7.170633853380509529e-03,7.161307792600504762e-03,7.091511835023468768e-03,7.147968838244050764e-03,7.171827149203066111e-03,7.187489348154419387e-03,7.179216481054923743e-03,7.152087957098156486e-03,7.160933707303852175e-03,7.138471291610572894e-03,7.181114487214977291e-03,7.194483430471097785e-03,7.118776050618753383e-03,7.176211457840776624e-03,7.073251008799291174e-03,7.129696458531697457e-03,7.131271751306437860e-03,7.121210810099492909e-03,7.139541786389046879e-03,7.092222165376277365e-03,7.178750909580375664e-03,7.138432822418344474e-03,7.149787082525596929e-03,7.178496485998767628e-03,7.137410318390505215e-03,7.227474141004820891e-03,7.183527630815565029e-03,7.141515165014516130e-03,7.191102098951545306e-03,7.282572097279181415e-03,7.121373002527718772e-03,7.132283515998480601e-03,7.156088417202157922e-03,7.183266191521774785e-03
7.073034596320431147e-03,6.954337070650198904e-03,6.915784695034466086e-03,6.953739196100733322e-03,7.012045990632895763e-03,7.028510731143045379e-03,6.948546640664726021e-03,7.043124602578154474e-03,7.014579428397752121e-03,6.981983230035443584e-03,7.015291463403523775e-03,7.083368655508860343e-03,7.050804157854409157e-03,6.967574838992687640e-03,7.072262966819288857e-03,7.084293001871554314e-03,6.906695237422396869e-03,7.048129190032774438e-03,7.000516441200144158e-03,7.117685460184138523e-03,7.031423309808502824e-03,7.031036788275991413e-03,6.947490506025809538e-03,7.039959398861529889e-03,7.080336372485294787e-03,7.050477873870137149e-03,7.036992591859061487e-03,7.020840812380283250e-03,7.029961806856512528e-03,6.943386045454329712e-03,7.099292501850618456e-03,7.046302775456689260e-03,7.015922398712627107e-03,6.998057771378996504e-03,7.079078667930568426e-03,7.059059664808837661e-03,6.944770243404009037e-03,7.003436138406248304e-03,6.938355223684778382e-03,6.998902732071477645e-03,7.010363856198161339e-03,7.035858515166293174e-03,7.037973056649626281e-03,7.023591877832456934e-03,7.034645119225582492e-03,6.957279584748078324e-03,7.036803552252514880e-03,7.014261985149825365e-03,7.063240750573269479e-03,7.006328923921339644e-03
6.866823685583946582e-03,6.877194087115915712e-03,6.870895597253382295e-03,6.823613525426301500e-03,6.899016521788714669e-03,6.780751916621897100e-03,6.900613680414471179e-03,6.832112446846364158e-03,6.865232521721797466e-03,6.877485041486564206e-03,6.886835361002632307e-03,6.827917574673519896e-03,6.921747628526384380e-03,6.898598108242570866e-03,6.860908680382758577e-03,6.968624465439788793e-03,6.905537245093518184e-03,6.866315630641384171e-03,6.812820480867396930e-03,6.937023770170646503e-03,6.893176976531758225e-03,6.882996151614940820e-03,6.807245612440826314e-03,6.730510937666062295e-03,6.872261981733482003e-03,6.937300180574132447e-03,6.796558881552950716e-03,6.819659139014686532e-03,6.834107227424514840e-03,6.897146327225477450e-03,6.857388115810540696e-03,6.795034245137026273e-03,6.844128539539616647e-03,6.901691990907851161e-03,6.841405837044269023e-03,6.828622336504205914e-03,6.849409924471929444e-03,6.816226785053071911e-03,6.909400882530171775e-03,6.916437119489765410e-03,6.907175597760234313e-03,6.876522941591981831e-03,6.824265075806254868e-03,6.809210270233310991e-03,6.924744730790267748e-03,6.858966318072175564e-03,6.903421753948251784e-03,6.938255254100808914e-03,6.951927818300215021e-03,6.884706934569457398e-03
6.729536485649111575e-03,6.713197978433127662e-03,6.749167500187521103e-03,6.774830518891932808e-03,6.672346392656475049e-03,6.683426604804393323e-03,6.734616392380305024e-03,6.623201068420256875e-03,6.723435558441595745e-03,6.682302184799124127e-03,6.720365650432392687e-03,6.760173540477427100e-03,6.779117691612155869e-03,6.761399560717334944e-03,6.727108340794860954e-03,6.697294077642346882e-03,6.617492061085970476e-03,6.698896731095346779e-03,6.666373237453969425e-03,6.728617094852663155e-03,6.714626994666571778e-03,6.732454259808227578e-03,6.703609361895197100e-03,6.695304223006632270e-03,6.791777598286179857e-03,6.674667562450797322e-03,6.736399558262461118e-03,6.691342925174827670e-03,6.760968671035230866e-03,6.735108265489318964e-03,6.745415132690959180e-03,6.668009859922154232e-03,6.661041918888465675e-03,6.741127397155224042e-03,6.747038699123646469e-03,6.712975528037826503e-03,6.673484018470284690e-03,6.720931153762858649e-03,6.784377672315374669e-03,6.649152627868990494e-03,6.621800237983784324e-03,6.702071324651981930e-03,6.660069984798584926e-03,6.660667042418885568e-03,6.724612540463470456e-03,6.734905917339596877e-03,6.662165199088036262e-03,6.723880437410552878e-03,6.679758312805796072e-03,6.719985813350620729e-03
6.463787794533479292e-03,6.558986172142244192e-03,6.561776541833062859e-03,6.583351622913472846e-03,6.507494798584276784e-03,6.567649595784696807e-03,6.573224896578207417e-03,6.522310664758009836e-03,6.617210210068327422e-03,6.538404390961246281e-03,6.561609362362755618e-03,6.511878576147077553e-03,6.662249811275730051e-03,6.588116984526785382e-03,6.551112291419054247e-03,6.559907518067870959e-03,6.596400509123371593e-03,6.521824676920404129e-03,6.564816625164473368e-03,6.543470810871813287e-03,6.633470778170489669e-03,6.517148926859951154e-03,6.518790985684220010e-03,6.444203137687223512e-03,6.589814977984462772e-03,6.596595634667872313e-03,6.587405033933765690e-03,6.486456436190600819e-03,6.643674985739467936e-03,6.613486041711822382e-03,6.546872793270566877e-03,6.597982129114663037e-03,6.624610475381684065e-03,6.641942541804222652e-03,6.543007534266807000e-03,6.559272384848793998e-03,6.499969779875095464e-03,6.573776820439908644e-03,6.540724788582308324e-03,6.486647768854354214e-03,6.536000950148120048e-03,6.533222911397715098e-03,6.491938193561654601e-03,6.567534600929493538e-03,6.550022964406605752e-03,6.533218625145426235e-03,6.575106259347666439e-03,6.593893032969388480e-03,6.571185167972282137e-03,6.524025381835326515e-03
6.423808653628981270e-03,6.394220424673520246e-03,6.305766182943288098e-03,6.363199046211199736e-03,6.319956221096962624e-03,6.375667994462481773e-03,6.376830499747634766e-03,6.352076635553169023e-03,6.428351650862856349e-03,6.342109395567247648e-03,6.373850835192661907e-03,6.458736060546086018e-03,6.380500124039503382e-03,6.392212534960126091e-03,6.388539796824213753e-03,6.474901741231198736e-03,6.455665155733552978e-03,6.437896943393997713e-03,6.388324937852185581e-03,6.355557052481918510e-03,6.411993724871236332e-03,6.300245363189025186e-03,6.400319440277599768e-03,6.452326507188680359e-03,6.286416902375302485e-03,6.331989990855312403e-03,6.325253598049698604e-03,6.425995223862102784e-03,6.331558731553221797e-03,6.339648930508241451e-03,6.439872922731815566e-03,6.375425588258015752e-03,6.475028507371657568e-03,6.442420634240741441e-03,6.365577466529053971e-03,6.342381051319952862e-03,6.408810093711644375e-03,6.360550149663242274e-03,6.395838457735920392e-03,6.481680502787559063e-03,6.396989458249889050e-03,6.366700122843853456e-03,6.355172965528535674e-03,6.400723186030460657e-03,6.309803496650197643e-03,6.448888391420155679e-03,6.384910212241179210e-03,6.359590515737704314e-03,6.377932361512871941e-03,6.425515538183666601e-03
6.195543975757999977e-03,6.217603322148471459e-03,6.204839324298210869e-03,6.183837997167766082e-03,6.163909762943562028e-03,6.333763792940214424e-03,6.131464907348127720e-03,6.150620656558138458e-03,6.131850541672264655e-03,6.209974790672012288e-03,6.214161521017337077e-03,6.280357839412804323e-03,6.352074265096252330e-03,6.206916867645650461e-03,6.206601285899750881e-03,6.272791175119053590e-03,6.292251784390018657e-03,6.153161433583081638e-03,6.176546380211068998e-03,6.269585223753086634e-03,6.172735621439224239e-03,6.165068787461496294e-03,6.219783159566389177e-03,6.181485500864848312e-03,6.217330292393762059e-03,6.245549855256866609e-03,6.150453896346252600e-03,6.200413193458717900e-03,6.196612210495991944e-03,6.240361464180994681e-03,6.158847732624189893e-03,6.228076866362058407e-03,6.217733356575926365e-03,6.204505473607605306e-03,6.160092274103536568e-03,6.152027848453967690e-03,6.223912296146256670e-03,6.200597699434820358e-03,6.176580945790181507e-03,6.205118579362710503e-03,6.177215158082457504e-03,6.213903043569372724e-03,6.150680129562271885e-03,6.279477356514807582e-03,6.180562680237123262e-03,6.173538770805092613e-03,6.180926537889233803e-03,6.209532199250977942e-03,6.316655659477238456e-03,6.200857195729781932e-03
5.994190632428138439e-03,6.048771054002035144e-03,6.011939921498102649e-03,6.016675906589660956e-03,6.016327916491377714e-03,6.065619368288556294e-03,6.074724249171528125e-03,5.998024563885193117e-03,6.019502103755054387e-03,6.064241798550307205e-03,6.097570248533603493e-03,5.953212916699542057e-03,6.140525530085464215e-03,6.081207639076058498e-03,6.104673980683421319e-03,6.041896555593888329e-03,5.982944498212645207e-03,6.052406225648987968e-03,6.162322888641524540e-03,6.015206997551333576e-03,6.010294892941292315e-03,6.012114124172207065e-03,6.089345517848664471e-03,6.018002240573037780e-03,6.106523670216371970e-03,6.048695463048842091e-03,6.056860112230012458e-03,5.955834583487743493e-03,6.024559669445126581e-03,6.079118498225138771e-03,6.036279667597006619e-03,6.042363809864133468e-03,6.026245830709614330e-03,6.083463085060828064e-03,6.063040977233502028e-03,6.008837708125166523e-03,5.940560432904592493e-03,6.073128739421431756e-03,5.975011771929518260e-03,5.988284981397311475e-03,6.047297270915839330e-03,6.043446232559903687e-03,6.032863680062461494e-03,6.038921572221050971e-03,6.057444949868821989e-03,5.952730449016562474e-03,5.928797808903441165e-03,6.009523196481534289e-03,6.078036588813262239e-03,6.061423310282168693e-03
5.790091116458338447e-03,5.794273733896410615e-03,5.800383892961569372e-03,5.853879959046449227e-03,5.762874703851560663e-03,5.855874488782586082e-03,5.764886692586992413e-03,5.918993523052906540e-03,5.890396345285654235e-03,5.803840843384422410e-03,5.886494834790759884e-03,5.918105722650674437e-03,5.853041418870334051e-03,5.809046105593211259e-03,5.870220961369844621e-03,5.893430249819956238e-03,5.918441306747433857e-03,5.842903850861558279e-03,5.895968294707667687e-03,5.813680061711476964e-03,5.958331350779504272e-03,5.862534364834490717e-03,5.919560482314959599e-03,5.874685435285778058e-03,5.875163822522708884e-03,5.900946534887885515e-03,5.806073611184770465e-03,5.883854752836359218e-03,5.903492789929832250e-03,5.874698819305308739e-03,5.766764185017788161e-03,5.779975041316807310e-03,5.858031559808042459e-03,5.842213103017084193e-03,5.924895309116236415e-03,5.837355700780421340e-03,5.846765137953347825e-03,5.839919484848822388e-03,5.845315211952396839e-03,5.788666269682972605e-03,5.845841681530366922e-03,5.834755978086596587e-03,5.833244814445144588e-03,5.821060910324280663e-03,5.850167002840414403e-03,5.786733120222413256e-03,5.869313616472793954e-03,5.844644518630793227e-03,5.910389506243644495e-03,5.868150745736018872e-03
5.699610983298057480e-03,5.650496016306915531e-03,5.705436305503513474e-03,5.609584457254882320e-03,5.716339659019427540e-03,5.641933606355967190e-03,5.657182930505373457e-03,5.630651649124676292e-03,5.680509188093477678e-03,5.633492790356467265e-03,5.711549855260118595e-03,5.628307140461839136e-03,5.673013591822551223e-03,5.633296746199604153e-03,5.721799372348360981e-03,5.630463454086975968e-03,5.678056686116220164e-03,5.711752568228630443e-03,5.648372170519027312e-03,5.620506783464323738e-03,5.668881838227689263e-03,5.679760245606252193e-03,5.722523235683282111e-03,5.744753237974764906e-03,5.741590900596909089e-03,5.717241822783845039e-03,5.640660441522661779e-03,5.657093577784776811e-03,5.687784024638002991e-03,5.665297434870371178e-03,5.724957511237965292e-03,5.675211439467095845e-03,5.683656466032295691e-03,5.743105808098306238e-03,5.678930366881915041e-03,5.707472691270068857e-03,5.711440181043339961e-03,5.647118964210643202e-03,5.686540709974183087e-03,5.632327404665073492e-03,5.727401714257748452e-03,5.612452220317842508e-03,5.670792902700659034e-03,5.680489834985331249e-03,5.698117273656864469e-03,5.585738085456044832e-03,5.693299497965592128e-03,5.632779727885265167e-03,5.636020626518226453e-03,5.640234510603024318e-03
5.426620404289395419e-03,5.495162439115744250e-03,5.425412677767246956e-03,5.481908122254641053e-03,5.493329064055533367e-03,5.478991534913503145e-03,5.411998647566533711e-03,5.503813957908799785e-03,5.517295953452513307e-03,5.536877394844199815e-03,5.498961671912925599e-03,5.436835019743504679e-03,5.458848102254982779e-03,5.552148139557861600e-03,5.420073817436439796e-03,5.454063669813126285e-03,5.455636048327479858e-03,5.462172061783660167e-03,5.530424269414535750e-03,5.387687745200023595e-03,5.559193935900950088e-03,5.491023229990046363e-03,5.416086020790813159e-03,5.541710868644036947e-03,5.423191672454470529e-03,5.511254144016837671e-03,5.458929341035729556e-03,5.493496012163030622e-03,5.415731507559166588e-03,5.477321952200310193e-03,5.554355957069734631e-03,5.489132238078365048e-03,5.460819236693380610e-03,5.446120088313768232e-03,5.514678076163475988e-03,5.501973191698657228e-03,5.521993872157090685e-03,5.440598515738867894e-03,5.506998083624468389e-03,5.493807234699018757e-03,5.460833572041629350e-03,5.471698437875639059e-03,5.419608408474782014e-03,5.456834831299573266e-03,5.496160784975739726e-03,5.408707832332364934e-03,5.440881493782685589e-03,5.460545002617204872e-03,5.497758484021294557e-03,5.532495209911515374e-03
5.186932844512286492e-03,5.288529043054007554e-03,5.288901368088466323e-03,5.338339908553153823e-03,5.280298047019713753e-03,5.238987615297536517e-03,5.320805986297608321e-03,5.315521050967286949e-03,5.270828482157722573e-03,5.266371686434060360e-03,5.329594845032349648e-03,5.289726905274745594e-03,5.276814839420947145e-03,5.292713066796001127e-03,5.311649025833389132e-03,5.295482051567381235e-03,5.247998124509084712e-03,5.214456318318175763e-03,5.289616949869136928e-03,5.254722490381935444e-03,5.331967276820458873e-03,5.343136364424881830e-03,5.244403669423816639e-03,5.307955520660808356e-03,5.307238314639557177e-03,5.245617829853604398e-03,5.245526869177753564e-03,5.195648774303365976e-03,5.268536108958255491e-03,5.249913842988337270e-03,5.257271060739954725e-03,5.276928913470273555e-03,5.319686136999580636e-03,5.332603230274768000e-03,5.261033806102711520e-03,5.169071713062092788e-03,5.219124081621338493e-03,5.320093822844267246e-03,5.261918448589792893e-03,5.230244124233155226e-03,5.216608680320858858e-03,5.307116203936619939e-03,5.182674832129233536e-03,5.261701254949862142e-03,5.218988174268212633e-03,5.174442337333095068e-03,5.211886654866179289e-03,5.307732020640998361e-03,5.294225443383026100e-03,5.328638610159509847e-03
5.015938877007844118e-03,5.132724036016657505e-03,5.076635097636062778e-03,5.053092652141879908e-03,5.064649506764229599e-03,5.091020837156240951e-03,5.162334924206730437e-03,5.085598068628193608e-03,5.122145215834724916e-03,5.062982771541950713e-03,5.101460519268912093e-03,5.034031890389752822e-03,5.016163464157006799e-03,5.100881140383174521e-03,5.114498823452264149e-03,5.031366001952341724e-03,5.039808940164420062e-03,5.069809622789086569e-03,5.042090086955076760e-03,5.057709120427966720e-03,5.067430795387154949e-03,5.110660501380187744e-03,5.053124308842683182e-03,5.104198881956032406e-03,5.063865923040555307e-03,5.034454681068181725e-03,5.109845687207234706e-03,5.000670263590378285e-03,5.055263606948675291e-03,5.023369739676293924e-03,5.094297700107768868e-03,5.058454063473404906e-03,5.141071371872519419e-03,5.039094467891911885e-03,4.990048735990634289e-03,5.185106996386769189e-03,5.091697400993659348e-03,5.091042258927399103e-03,5.139013041456056037e-03,5.068004752032517074e-03,5.033171402106947911e-03,5.002153002544082634e-03,5.059755861971520184e-03,5.106410198704537662e-03,5.075175730268399049e-03,5.047666582055698910e-03,5.026783692557650063e-03,5.108627715143775928e-03,5.087708173168859274e-03,5.069637879880534853e-03
4.858709060637917548e-03,4.785747294753546141e-03,4.870906671624163770e-03,4.841050339728142707e-03,4.890631291560551194e-03,4.797467674941465268e-03,4.846447363683683250e-03,4.881501890046780097e-03,4.860355273504370424e-03,4.902610555586690323e-03,4.872292297356664754e-03,4.905725020955314410e-03,4.879727396430950936e-03,4.935155274524803161e-03,4.876583351410168632e-03,4.882681992630035286e-03,4.856465876620518277e-03,4.905813131686456198e-03,4.892706241649295330e-03,4.843205991031744248e-03,4.754248820424276240e-03,4.910319381153699543e-03,4.887336028546899157e-03,4.840207732339761766e-03,4.746645048965982168e-03,4.874656284816835695e-03,4.867826211903190751e-03,4.867059029234919142e-03,4.853580979626301653e-03,4.870611882245349210e-03,4.837736619521090277e-03,4.779105301329843528e-03,4.872339279064957611e-03,4.767761856048984871e-03,4.827318171167195582e-03,4.857871085065603584e-03,4.862809334397905255e-03,4.868807103116494679e-03,4.849504780846464018e-03,4.888672189176583409e-03,4.849819174780180785e-03,4.823890474424612392e-03,4.859305091201398391e-03,4.881207279543572572e-03,4.856285745045799476e-03,4.840993212265685963e-03,4.830391724028370096e-03,4.875240807719106312e-03,4.873899163561900248e-03,4.806621100071586938e-03
4.641988779364673162e-03,4.648703764121256410e-03,4.644462706841516117e-03,4.554807286871515384e-03,4.685854036798521409e-03,4.632256507741798653e-03,4.680333571613800626e-03,4.633626206230702718e-03,4.681318856110789316e-03,4.756358979238372274e-03,4.658699872474303394e-03,4.626738080792695482e-03,4.682564947566044897e-03,4.663106865469856567e-03,4.571880453998232625e-03,4.653213991099570263e-03,4.732348802302244542e-03,4.632861878591023122e-03,4.617393749777946345e-03,4.671941249888762228e-03,4.665886687165798387e-03,4.630653061913723480e-03,4.579340909637341465e-03,4.626335416037441126e-03,4.671440729233132874e-03,4.590174572893760026e-03,4.710387996832367426e-03,4.556564493782663990e-03,4.590505614479521018e-03,4.678623410267542838e-03,4.659674659646999284e-03,4.605551383491418571e-03,4.670333979814316090e-03,4.684482958511666101e-03,4.680532743117095905e-03,4.619417806436155495e-03,4.651262041948859075e-03,4.572643129098797124e-03,4.638196033003201546e-03,4.644482491517558549e-03,4.674709523289641636e-03,4.555074933586904067e-03,4.528543644437533176e-03,4.620461433723723789e-03,4.735952842799841071e-03,4.646293409499615765e-03,4.638222086468571023e-03,4.627351999637330411e-03,4.634128107854075876e-03,4.701231789126733736e-03
4.315854923446937018e-03,4.386938965862077766e-03,4.365259712725662149e-03,4.421635134068219349e-03,4.371388159276024150e-03,4.383980375846631590e-03,4.395627124421382960e-03,4.343020619455817757e-03,4.315499855163865486e-03,4.422336233513387248e-03,4.413676877564496823e-03,4.394838212154154357e-03,4.312980297196217401e-03,4.401274708109472258e-03,4.481472303006034559e-03,4.408999734105214369e-03,4.427571110544929918e-03,4.376843697025689824e-03,4.450387736834436440e-03,4.308019597021151004e-03,4.372640428619414821e-03,4.466834112866851537e-03,4.410211537806053850e-03,4.434332768493265582e-03,4.491047843679976323e-03,4.481345103552218309e-03,4.280996059815010170e-03,4.366934792198136350e-03,4.400411999640863048e-03,4.431236615724187637e-03,4.365120320729664292e-03,4.321988827181240736e-03,4.368464055071196589e-03,4.336078929301698248e-03,4.347011508791208401e-03,4.480050367915723239e-03,4.416962121148098469e-03,4.439464277535367688e-03,4.322604447806597215e-03,4.431073413340775452e-03,4.464945088859919101e-03,4.343269307099736562e-03,4.326356189531175428e-03,4.392239769242098010e-03,4.396788752557712759e-03,4.272845285125701636e-03,4.388323500051969847e-03,4.327397438167663798e-03,4.438581501389284728e-03,4.449482030392127446e-03
4.152919663092004623e-03,4.178447935057466416e-03,4.153323398685679520e-03,4.232325747575446315e-03,4.182578960444382175e-03,4.184266022010842655e-03,4.177497086279618500e-03,4.277553440159884146e-03,4.155318941812768258e-03,4.183378980041165159e-03,4.138852935948871513e-03,4.172211535136191758e-03,4.132531385688188903e-03,4.240933397062171019e-03,4.163935207966972321e-03,4.112885221534383871e-03,4.081386617678813694e-03,4.207643971009754867e-03,4.126352445661871787e-03,4.116121390366594447e-03,4.198070328199841363e-03,4.227497140651547032e-03,4.238707904247640719e-03,4.332760897766693188e-03,4.112290093972214775e-03,4.177827548087791575e-03,4.221837763012713761e-03,4.117896122330536555e-03,4.263936529120116933e-03,4.122127096251948855e-03,4.249403943289886861e-03,4.139494136306909843e-03,4.133794961807067680e-03,4.077703706789774507e-03,4.166355732301637790e-03,4.189970811149841198e-03,4.136325821584749610e-03,4.097942657352211110e-03,4.228630488286414489e-03,4.170138807658599171e-03,4.198736446482330929e-03,4.090710130054647613e-03,4.228375854603506380e-03,4.091980633137913895e-03,4.154889695198968856e-03,4.130691585188063508e-03,4.224592026967026806e-03,4.235718095728152263e-03,4.154975048219161290e-03,4.088865088413560882e-03
3.877716708859573272e-03,3.966311287033330406e-03,3.959111520229764182e-03,3.934024867546729275e-03,3.924196845366564532e-03,3.952397490650460220e-03,3.866576206489981404e-03,3.836917827927378150e-03,3.913378221266429133e-03,3.966994977541996731e-03,3.867275146546807121e-03,3.895351774333718261e-03,3.878312602390578470e-03,3.959687320940190151e-03,3.886168686361378497e-03,3.880579705038953321e-03,3.841161907826291626e-03,3.922194378087815771e-03,3.870352230284322941e-03,3.956741943358692108e-03,3.949657001727170137e-03,3.949073013497628355e-03,3.998601144076967435e-03,3.849244383630534387e-03,3.872829636173240331e-03,3.916054093281373487e-03,3.891789848694720069e-03,3.947817286853698947e-03,3.917283046303994196e-03,3.874606017945137187e-03,3.925989832647506887e-03,3.944239417352146324e-03,3.881763718345809799e-03,3.837193521776474919e-03,3.861443915225303090e-03,3.889039418281943321e-03,3.936484712700706254e-03,3.943658203875253544e-03,3.862148180639884704e-03,3.996078693654373654e-03,3.926421880536735791e-03,3.923496595726252457e-03,3.972523536612969711e-03,3.950341448844900925e-03,3.870585465989739588e-03,3.846299328440800237e-03,3.958456757875802867e-03,3.885168198799955706e-03,3.879876030709094974e-03,3.970030124404136558e-03
3.645650986913627056e-03,3.697921379455279111e-03,3.687775306463277839e-03,3.671002508330142335e-03,3.719307648996415892e-03,3.534558107200415789e-03,3.747968317192105440e-03,3.665122430708061055e-03,3.594194470050794937e-03,3.641800653225986048e-03,3.711774608920476691e-03,3.657948460425756391e-03,3.686548390408001495e-03,3.709484649546231777e-03,3.680593387330751906e-03,3.606010448676220514e-03,3.684219559070855445e-03,3.674392616195783483e-03,3.774932990132815955e-03,3.691380358063221616e-03,3.689879211026718311e-03,3.620453232102019067e-03,3.763393145445940741e-03,3.671209469247438580e-03,3.659157777518801200e-03,3.621545659547322459e-03,3.732775192707311288e-03,3.656358106861071385e-03,3.658295757905312071e-03,3.645758804745087654e-03,3.720016551581285455e-03,3.654610451312450495e-03,3.728932662072364287e-03,3.733280573642793702e-03,3.653383578504844787e-03,3.608381770227838889e-03,3.646254845279388399e-03,3.661163450058862404e-03,3.647292354249809937e-03,3.697294575614696807e-03,3.651624903117624103e-03,3.677099206190697842e-03,3.632269304428399626e-03,3.653554712852564133e-03,3.640858165496914205e-03,3.632105144283235155e-03,3.651372580486665631e-03,3.641719557611650289e-03,3.655681043959170540e-03,3.657444886311229850e-03
3.382292885657330744e-03,3.360536534601051700e-03,3.476003039491589331e-03,3.475453928784962444e-03,3.384664910658911462e-03,3.376122611853746985e-03,3.408221065163423609e-03,3.404206500729368024e-03,3.303343241065325505e-03,3.468050840427635336e-03,3.358717666320643839e-03,3.322638738520125416e-03,3.427334438827454172e-03,3.454043293021572675e-03,3.385716461674541031e-03,3.443020699173483194e-03,3.381125241452891551e-03,3.325283415050108923e-03,3.454891355837548961e-03,3.432464436347819076e-03,3.403998104369624148e-03,3.372059340097034903e-03,3.521356339110564941e-03,3.400394146883992542e-03,3.425422703405701756e-03,3.427760708826218822e-03,3.442726385157504967e-03,3.420918597766959852e-03,3.445957693840320628e-03,3.404346735223989263e-03,3.350106718574474927e-03,3.409736896253157644e-03,3.421085906293531032e-03,3.391346946352548786e-03,3.368999264860935393e-03,3.470854492183078795e-03,3.482843776247716069e-03,3.390524316851178336e-03,3.433475705186211577e-03,3.476462686561587138e-03,3.397955691268043921e-03,3.392540614048674633e-03,3.449741325623077639e-03,3.318101747529079819e-03,3.457465923785883136e-03,3.408295086037520412e-03,3.414506805113932432e-03,3.365113850542248916e-03,3.418031755816830324e-03,3.426730143371481581e-03
3.170404497299368716e-03,3.140927412166244666e-03,3.140376610847092371e-03,3.208296612783588866e-03,3.194368264617092508e-03,3.129968096503396319e-03,3.146779633411325716e-03,3.135524018668352664e-03,3.081292848138021852e-03,3.183489160357123697e-03,3.094156489901003261e-03,3.124225510525302160e-03,3.142331179398574498e-03,3.126218702237439258e-03,3.107352040585587265e-03,3.064437504684099350e-03,3.096047701085167126e-03,3.189263599379284393e-03,3.188972214882166735e-03,3.124994806568474198e-03,3.091627450131734407e-03,3.144222674576235485e-03,3.099136093232524296e-03,3.150103791260368876e-03,3.174141605186856039e-03,3.197936286516357696e-03,3.186627630132890347e-03,3.176229672369388930e-03,3.187680904671598512e-03,3.099332110926067158e-03,3.090913987567120349e-03,3.142145441065483883e-03,3.062433096612399326e-03,3.070459752887735004e-03,3.163268712947349490e-03,3.128591726600449090e-03,3.142215623303549251e-03,3.118008823952816370e-03,3.197962853383380395e-03,3.132265718700754254e-03,3.177500126315973943e-03,3.053450976679570206e-03,3.115811264721454841e-03,3.098893517110045022e-03,3.113565117866441863e-03,3.143292965319348115e-03,3.078129710490869458e-03,3.137854779684522491e-03,3.125386035101867122e-03,3.199242169855452331e-03
2.704578490573018423e-03,2.752207068565522188e-03,2.844268537538917081e-03,2.846960268438749903e-03,2.893825698873903236e-03,2.825291721271446822e-03,2.791809634580450818e-03,2.882067169488974814e-03,2.766973522109414992e-03,2.880100549608115550e-03,2.855782138991221596e-03,2.957935419596140897e-03,2.827233837630011536e-03,2.841666672422848375e-03,2.851614374137592146e-03,2.852377942803241851e-03,2.762908262972259971e-03,2.849298848856810038e-03,2.853072615821275384e-03,2.897369278996237470e-03,2.840524813652961500e-03,2.947176175256627055e-03,2.882441650041461106e-03,2.900253246550577035e-03,2.832233597531191166e-03,2.833713079393805623e-03,2.877488137127317842e-03,2.857295761985050725e-03,2.922041969998498412e-03,2.787663291426351487e-03,2.880219777866678023e-03,2.853576817278666647e-03,2.933255737158705669e-03,2.829530359300636358e-03,2.863427101228552436e-03,2.887145996366782298e-03,2.791649029577009892e-03,2.728054757791757885e-03,2.894644337309360601e-03,2.844273183510738316e-03,2.803476665069049370e-03,2.832805655127346774e-03,2.834243035434754268e-03,2.756241134798787136e-03,2.832509281105512113e-03,2.789624722490793417e-03,2.785306826972936290e-03,2.850401236322429744e-03,2.842793745722090124e-03,2.936411730318237625e-03
2.529246977483934691e-03,2.578143924135903840e-03,2.532428536649930853e-03,2.523747910416531022e-03,2.526834911269889780e-03,2.594467846578398136e-03,2.451799965639470461e-03,2.590586280186969303e-03,2.512837640651494932e-03,2.616194655508303525e-03,2.553029009644824932e-03,2.497255441226858743e-03,2.476055927049804553e-03,2.610865238588510901e-03,2.572984984978844095e-03,2.545782558249443973e-03,2.541755665091825073e-03,2.663520724503629783e-03,2.545184131803767368e-03,2.506745595996857229e-03,2.608877055834268096e-03,2.500203055511466405e-03,2.519389326225931168e-03,2.512366017954670554e-03,2.547348579927842787e-03,2.518709312163799202e-03,2.523725523979271097e-03,2.560850871708711222e-03,2.595414201063316918e-03,2.536627312410868508e-03,2.513966902933165593e-03,2.517370591533758719e-03,2.636669197504080703e-03,2.460280898648194940e-03,2.561329858127979042e-03,2.541891663876961766e-03,2.637540884832451516e-03,2.552713324073870461e-03,2.543099146791805328e-03,2.610388437240972106e-03,2.610248289528104958e-03,2.520725040670746420e-03,2.607271434171247546e-03,2.533929914022981303e-03,2.570985551678658075e-03,2.555704800317662190e-03,2.603231485383282733e-03,2.580880175870890140e-03,2.602676679142848677e-03,2.518262878132461122e-03
2.303346039040221963e-03,2.230091553169405265e-03,2.202298515365503414e-03,2.277166090222195339e-03,2.263208363870144145e-03,2.295596359590912610e-03,2.304039910202167023e-03,2.152505286331178689e-03,2.222829698203145424e-03,2.209718178867638421e-03,2.254697624038146629e-03,2.255027033136743943e-03,2.274272913291893860e-03,2.222795366253387927e-03,2.244997377453236947e-03,2.274578966901213365e-03,2.240622393480257765e-03,2.224321776263498817e-03,2.172790308915676857e-03,2.232345779003790890e-03,2.271000602365238867e-03,2.235321775131805713e-03,2.221942016472520150e-03,2.283928484816771971e-03,2.341000167420202466e-03,2.254338984749972800e-03,2.209222081476922266e-03,2.282387746046279746e-03,2.244541858527303573e-03,2.266828441051372753e-03,2.335971714847600439e-03,2.221495719960324411e-03,2.260624246306953272e-03,2.248269942156407800e-03,2.208233733752385224e-03,2.230168656452371449e-03,2.237425645247517227e-03,2.251998877848358088e-03,2.278116318638400556e-03,2.338796612477276986e-03,2.280973268449643966e-03,2.310753599811608393e-03,2.229348395319089016e-03,2.231296798223836222e-03,2.264447858849849039e-03,2.259923018770666064e-03,2.192495593076833772e-03,2.197178273514727945e-03,2.205872315745811656e-03,2.154527889007687609e-03
1.925159133322635772e-03,1.948673673114413541e-03,1.915077039132559878e-03,1.913538137854753655e-03,2.041102191741875783e-03,1.770691804014759303e-03,1.852950693332712116e-03,1.912887549359506721e-03,1.924775146323234442e-03,1.947049140617161753e-03,1.973770937146851999e-03,1.922495687890817635e-03,1.923054022018507456e-03,1.928952996974074531e-03,1.957348033556533234e-03,1.914122570867264140e-03,1.892408107694552432e-03,1.878852059881973161e-03,1.930117451141863090e-03,1.955324660298070165e-03,1.895877947539639872e-03,1.900690123163131405e-03,1.923380791658063681e-03,1.936710858135048605e-03,1.858363588111024318e-03,1.872647283404332624e-03,1.904363863087972031e-03,1.912506299414596213e-03,1.824469068735866178e-03,1.842277065530179610e-03,1.925649254130691081e-03,1.845119487671603503e-03,1.962320480374896581e-03,1.885058591667533113e-03,1.931461607509939908e-03,1.958812071145556340e-03,1.890304145617789080e-03,1.927873927589549528e-03,1.943594687754791580e-03,1.998973926035997259e-03,1.894291280687282215e-03,1.973936644351208594e-03,1.912736176571091466e-03,1.903697430778695902e-03,1.883343420732570307e-03,1.827581867775737983e-03,1.874644203167318219e-03,1.861181695346900665e-03,1.931064977248960922e-03,1.886768121627477226e-03
1.564873757860738186e-03,1.558031267429287568e-03,1.518811110261017883e-03,1.635683111717044008e-03,1.611475311659788271e-03,1.509197680679594819e-03,1.609613490449750229e-03,1.508924684091934604e-03,1.628997328379097435e-03,1.615444026913537756e-03,1.592209233701980973e-03,1.627137584214696222e-03,1.542383576293550025e-03,1.543215720095853730e-03,1.622427595200511127e-03,1.509988521141655739e-03,1.530979811571935327e-03,1.549988815648494465e-03,1.665293503449947728e-03,1.588906674637261375e-03,1.508648617203168585e-03,1.662187180294689851e-03,1.611477090321043661e-03,1.611226431445241403e-03,1.606674302818594195e-03,1.602533664536213119e-03,1.583549169477866487e-03,1.555744268814309968e-03,1.641596832104679589e-03,1.612145396706600670e-03,1.518636568381796781e-03,1.495302526579269124e-03,1.461779660420475541e-03,1.498145209162581992e-03,1.498657422096759265e-03,1.584913248513027942e-03,1.620676353640147479e-03,1.661077346897067448e-03,1.656306118178383713e-03,1.587995375546198771e-03,1.578989395313539108e-03,1.514560065033952480e-03,1.562680324260078742e-03,1.625695428373643116e-03,1.550387606631761827e-03,1.578530963279637126e-03,1.612001296329327888e-03,1.670993118088080504e-03,1.602681604999903805e-03,1.710587329028298489e-03
1.238883232811563298e-03,1.280473570952981146e-03,1.260832008058700117e-03,1.335946711694923445e-03,1.109908766804140745e-03,1.238674801128033858e-03,1.198185263417017848e-03,1.180839532495815605e-03,1.152215929574171814e-03,1.165487548455978323e-03,1.258439178851822760e-03,1.253753165835027380e-03,1.190183007493546838e-03,1.280691202492832649e-03,1.209508446883165219e-03,1.307171674916209059e-03,1.231097630896043531e-03,1.126772145078452350e-03,1.258304173420303528e-03,1.190675360740115060e-03,1.249220642933353579e-03,1.234397742899851587e-03,1.194497429631756480e-03,1.210949266495627659e-03,1.201100532146222354e-03,1.284689205287125073e-03,1.222631967989674809e-03,1.261428248671344352e-03,1.101544454501491655e-03,1.223072138377560240e-03,1.261462655725518025e-03,1.183089363630219918e-03,1.269748967374446837e-03,1.310855954326518077e-03,1.198679195630059481e-03,1.229851955195719083e-03,1.161343719900585119e-03,1.246936509547598047e-03,1.143743937307956961e-03,1.253961852106143292e-03,1.266085156847928219e-03,1.226618607430194968e-03,1.272331263299757674e-03,1.229965951074318874e-03,1.181111144056589020e-03,1.181800689341853125e-03,1.214660584624202566e-03,1.210734321475316622e-03,1.214306234051394217e-03,1.206266793410134359e-03
8.016717764343838032e-04,9.160857002966121170e-04,8.668412101981235861e-04,7.583147447167503481e-04,8.030095620242775224e-04,7.902512065852795430e-04,8.022426144846838336e-04,8.482754951869852806e-04,8.396676704272326057e-04,8.552215027203040549e-04,8.190231806141387658e-04,7.655025334279706760e-04,8.779603327949153267e-04,8.085887203050395227e-04,8.616406872438757370e-04,8.319241385880478835e-04,7.330349898802413899e-04,8.206959169800032974e-04,7.697509152488279330e-04,9.002417840861797480e-04,8.489300077433141467e-04,8.437806521540697083e-04,7.829783384754063777e-04,7.844547250441178104e-04,6.918732768522151654e-04,9.512735013028439466e-04,8.383845557891828667e-04,7.394300827671274751e-04,7.904044604978271299e-04,8.273919127072716520e-04,8.605424018908154962e-04,8.271746292628112023e-04,8.947911864966338153e-04,8.083892277754527568e-04,7.663293142082422708e-04,8.893142824887792118e-04,8.080436754569546255e-04,8.899487966592874730e-04,8.609487842629244027e-04,8.826795499423118873e-04,8.605075636905636744e-04,7.774096174772744542e-04,8.660089894462823191e-04,8.677209965796053989e-04,7.844003736556639031e-04,7.270830472033406331e-04,7.589512753059254142e-04,7.955628867225697032e-04,7.973672005893171809e-04,8.371230388556612570e-04
3.118385180422270542e-04,3.681938672764097629e-04,3.396601791390678753e-04,2.939144290542976701e-04,3.540171853007395781e-04,3.685358688744611163e-04,3.680159571057328499e-04,3.539637030406444715e-04,3.551705685888311044e-04,3.115713819474314893e-04,3.105537237731251254e-04,4.051459033931937323e-04,4.503909441089570852e-04,3.097140820707989920e-04,3.405488362481320268e-04,3.675833837070272459e-04,3.678128954884144538e-04,2.597681980123280076e-04,3.550075988299972651e-04,3.540249257172782614e-04,2.594866543634939075e-04,2.784474625945195197e-04,3.252257689903808712e-04,3.682254528636921495e-04,3.113635878039897747e-04,3.406250485288253799e-04,1.976439215723263499e-04,3.544405453657208192e-04,3.268150903495379038e-04,2.962430358618831409e-04,2.953356824668067855e-04,2.954264593779153190e-04,3.257348027617116464e-04,4.170171627904404655e-04,2.791968242018762376e-04,3.254000354752064261e-04,2.785064531619697880e-04,3.542187315927267230e-04,3.256957184709963790e-04,4.500270587171375765e-04,3.253024942131086663e-04,3.097704081577657342e-04,2.953645376581707518e-04,2.955516318475642497e-04,3.932544071931801067e-04,3.411467936043364514e-04,3.801492797360622581e-04,2.781528395769485343e-04,2.781289621465845088e-04,3.112588913553654066e-04
