1.632373183104365855e-02,1.631354525234033834e-02,1.633432277718467260e-02,1.632697995165474300e-02,1.625095312982646062e-02,1.630010942388642262e-02,1.628880729929792215e-02,1.625902271546372790e-02,1.634128075635052357e-02,1.631321741616310536e-02,1.626786843992868506e-02,1.629842177491788377e-02,1.634052562568249004e-02,1.626702926280474901e-02,1.631055862224548361e-02,1.636271632716695956e-02,1.636404140581779534e-02,1.633304143760189175e-02,1.635749718824641014e-02,1.631697995293401524e-02,1.639134719565121800e-02,1.632960143647293333e-02,1.626623181265058823e-02,1.634117131950495183e-02,1.625771178990075699e-02,1.626889933524641382e-02,1.626810747678944860e-02,1.626804494881747137e-02,1.628607195766015869e-02,1.638620823892647516e-02,1.631737664605142912e-02,1.628733164597414088e-02,1.641675105242091162e-02,1.631403783019035394e-02,1.637708935694442286e-02,1.631415603342715667e-02,1.633313989552090742e-02,1.634270879600616816e-02,1.635443540242156532e-02,1.638770360166997425e-02,1.639850088403669442e-02,1.630381913290779999e-02,1.631936495377364627e-02,1.631790448415966835e-02,1.626950893860258304e-02,1.632101174762256787e-02,1.628233153111849005e-02,1.630662944820010854e-02,1.634824523529533960e-02,1.626162769731592794e-02
1.623201106109687167e-02,1.621895928189722932e-02,1.632126009550775858e-02,1.633506036968316449e-02,1.631147279440141665e-02,1.634708681592070972e-02,1.624333309882063092e-02,1.635489284918691805e-02,1.631065567367322514e-02,1.620767023174895724e-02,1.640661706102475997e-02,1.637689475797189306e-02,1.630694006159753850e-02,1.635060787684672334e-02,1.630803334641765800e-02,1.629145399780354206e-02,1.632396558275200568e-02,1.641474169668749594e-02,1.622607417268207355e-02,1.627118295216672603e-02,1.633237358608181228e-02,1.629752157363711235e-02,1.621044622297571763e-02,1.640532248048728534e-02,1.628174995914838732e-02,1.626649480172641035e-02,1.630419073133759084e-02,1.637184203490149939e-02,1.627040212977903105e-02,1.629245848985254319e-02,1.636102454547433069e-02,1.624045209888694621e-02,1.633383499482313553e-02,1.624897840230024940e-02,1.629217881970859011e-02,1.625346878675003326e-02,1.638610107767977594e-02,1.638023646970043420e-02,1.629648080119694767e-02,1.626453740425873665e-02,1.633710748528888895e-02,1.625579427246997069e-02,1.631639303302814120e-02,1.624602590397027091e-02,1.627976372100087624e-02,1.625767389275943262e-02,1.632253653014638026e-02,1.631446448848830263e-02,1.628618901425546786e-02,1.627016250105970535e-02
1.631768253880193711e-02,1.625632346935540831e-02,1.637471295692224937e-02,1.633342697001445923e-02,1.625445880486954889e-02,1.635035193573917620e-02,1.632969464627481715e-02,1.635642198340266779e-02,1.632223394351547952e-02,1.633856083031979753e-02,1.628747438832367500e-02,1.632288956470175079e-02,1.625894145781814695e-02,1.623330494106635727e-02,1.630793973564358471e-02,1.638442275238032389e-02,1.624230093828220312e-02,1.633789419479394003e-02,1.626740674674273870e-02,1.627352630037305625e-02,1.629945561266807688e-02,1.632401236090887803e-02,1.628418894064496275e-02,1.638688268946128859e-02,1.628846724671117324e-02,1.644005010877016074e-02,1.628998497241269244e-02,1.627401414654441186e-02,1.632025266122831900e-02,1.627396594911029865e-02,1.631128596169755321e-02,1.636414180974253910e-02,1.631287221177678270e-02,1.631754042613448377e-02,1.631699179892105722e-02,1.628636443310349513e-02,1.631150732590869526e-02,1.631945645282315005e-02,1.634424339095999837e-02,1.628708157297658124e-02,1.629465189110174822e-02,1.633352449602294698e-02,1.628029178296455312e-02,1.629499092273693078e-02,1.628182777408309495e-02,1.633884589049468608e-02,1.624096036590748013e-02,1.625612510856501436e-02,1.630870335016879058e-02,1.634351630012733855e-02
1.628712420290995971e-02,1.626049047275350545e-02,1.620852660048612351e-02,1.627834287821550152e-02,1.633043697921079257e-02,1.627107239112749598e-02,1.630067269842816469e-02,1.632974679285208175e-02,1.623734686430828439e-02,1.626451102792606310e-02,1.628139264134667932e-02,1.630851297249149429e-02,1.619432468609372303e-02,1.630893026888556932e-02,1.621837242822330577e-02,1.626330274866613287e-02,1.629525351368985367e-02,1.623184213784479094e-02,1.634631359023190275e-02,1.633535644322769986e-02,1.630410385782092922e-02,1.632973890716925974e-02,1.625206741085747156e-02,1.619042120542434071e-02,1.629038111891152607e-02,1.622150602046689566e-02,1.623494711161889772e-02,1.636512674242519144e-02,1.630115632613214627e-02,1.634561454870161329e-02,1.635339140606482944e-02,1.624646653168983559e-02,1.632550536679450159e-02,1.631882253350088602e-02,1.625119503372162572e-02,1.627070158430646632e-02,1.628400021383857171e-02,1.633740694712993227e-02,1.624568855608725382e-02,1.623480803388626867e-02,1.631734202256423030e-02,1.629500402002280815e-02,1.634093456616547702e-02,1.627960357800112626e-02,1.632725466726798677e-02,1.626796418724350476e-02,1.631147139661759740e-02,1.629531046254260179e-02,1.628629450105208154e-02,1.629135005293712649e-02
1.621037535980083058e-02,1.626257570750907697e-02,1.630017750647605804e-02,1.628461397018969581e-02,1.624106688120555836e-02,1.623113133115592494e-02,1.624489323095370391e-02,1.625389164904724945e-02,1.621791434587885675e-02,1.617698296245212788e-02,1.628893745007468571e-02,1.623071212462397564e-02,1.629114248927384864e-02,1.628048746884899062e-02,1.616631990100033875e-02,1.628843157212798987e-02,1.629496080203311076e-02,1.616883114491052958e-02,1.629670757703012215e-02,1.626624382533008520e-02,1.635911307191699124e-02,1.611969788281426841e-02,1.626829792230398419e-02,1.633227563630324994e-02,1.617523940532723803e-02,1.623237292988873037e-02,1.634197910567425707e-02,1.616757028360791756e-02,1.624848545395769436e-02,1.638045395453993289e-02,1.619876374013833747e-02,1.625625283429904880e-02,1.620925903044904623e-02,1.633199450406476808e-02,1.626444952572232011e-02,1.624109508865372031e-02,1.619961342485187403e-02,1.627834355959099574e-02,1.637473397354947957e-02,1.624161530314342447e-02,1.634477539012465022e-02,1.628483619166112839e-02,1.628698911056300491e-02,1.631674622541801067e-02,1.621737171690160184e-02,1.627367448552541340e-02,1.629163522197930175e-02,1.623056455083762839e-02,1.628860267036747952e-02,1.632768298512428731e-02
1.620377446930836712e-02,1.615204949327794792e-02,1.632115798114617752e-02,1.626434691925381440e-02,1.622785093280016896e-02,1.628438129033189449e-02,1.620327389935757520e-02,1.617688910613886144e-02,1.624041786420761177e-02,1.626380854317106828e-02,1.627124243729046946e-02,1.628959888618782686e-02,1.627714551899437853e-02,1.628379352219316151e-02,1.623817058903379018e-02,1.618363368989218787e-02,1.627171579561513537e-02,1.625002655262492574e-02,1.624259782323066170e-02,1.619048740889256557e-02,1.615165865678629478e-02,1.623811471787498309e-02,1.626240287692439640e-02,1.622300885640992965e-02,1.612616542862912311e-02,1.626957668227222570e-02,1.626282758682055796e-02,1.625127613113501110e-02,1.634676299534184099e-02,1.620151275634214641e-02,1.616391052322295810e-02,1.625420643401412346e-02,1.633076859027975808e-02,1.616724619290001858e-02,1.618056487779764505e-02,1.619526295084727785e-02,1.626397012233476297e-02,1.625348788345091708e-02,1.627274764072777352e-02,1.623592809123456868e-02,1.623748832942615433e-02,1.623438679565044826e-02,1.623892707550074824e-02,1.625755714686485942e-02,1.622055533025670848e-02,1.625863167079257335e-02,1.627634790402101780e-02,1.617875234716963789e-02,1.617468969504451057e-02,1.621172710214011797e-02
1.631036619763975501e-02,1.624852210679927217e-02,1.619465122939743595e-02,1.623916927944761210e-02,1.622094809738729507e-02,1.620662563072228224e-02,1.610888658363369974e-02,1.620983053794208817e-02,1.630216328341683313e-02,1.623082476135944210e-02,1.622546105694446308e-02,1.614058845840640050e-02,1.619458556356799181e-02,1.618641615937962269e-02,1.620856635928343351e-02,1.621134617400244934e-02,1.620674556675170616e-02,1.617316148774471107e-02,1.627161387751616117e-02,1.618307038544178691e-02,1.616480177341746149e-02,1.625574540367598006e-02,1.623340786945474956e-02,1.620718515874328136e-02,1.621578067010088012e-02,1.617504729265394764e-02,1.621085628454166719e-02,1.620600252891591167e-02,1.619580876105742098e-02,1.617038669521402711e-02,1.616210219858304348e-02,1.622075760548989318e-02,1.623153213747982951e-02,1.621975612894993243e-02,1.620819166031114977e-02,1.623249616837558681e-02,1.622584048199094200e-02,1.616969013326520141e-02,1.623967488678090473e-02,1.621005466120737509e-02,1.621418318536090378e-02,1.619655496942275577e-02,1.627385948398512791e-02,1.616083387627033699e-02,1.618897858967863895e-02,1.611272283494999402e-02,1.617777390151504610e-02,1.618049431204604885e-02,1.626526067674794601e-02,1.617911055027438857e-02
1.619404371140225132e-02,1.615469916705906256e-02,1.616134154885165430e-02,1.618814450434565705e-02,1.613236430624897383e-02,1.615505864593542659e-02,1.611715784240487156e-02,1.616570579389049397e-02,1.603005222260796628e-02,1.613901020995579805e-02,1.610963121626303451e-02,1.616224350724545372e-02,1.615485989114504375e-02,1.616220404586011031e-02,1.620402265285413729e-02,1.628208188990784913e-02,1.617525508198943904e-02,1.616315677901748044e-02,1.614138979104374691e-02,1.621518531680227887e-02,1.607892284240488787e-02,1.618240422531513206e-02,1.617059356214693017e-02,1.613317659075286931e-02,1.616003062160741022e-02,1.620101582511167607e-02,1.616148335886182993e-02,1.608087695811277404e-02,1.619843060702920098e-02,1.612394185495975504e-02,1.623460573539288812e-02,1.617930565354905662e-02,1.619183875049368809e-02,1.620658692715463978e-02,1.603877716088255093e-02,1.612253229542862792e-02,1.618408235066586334e-02,1.620376709647953703e-02,1.615008893317829153e-02,1.621071695472892787e-02,1.614392269671016678e-02,1.604344307675768452e-02,1.600811450699381536e-02,1.612512615726275841e-02,1.613686580236547638e-02,1.610101753338557401e-02,1.605251577447057779e-02,1.614834108144525687e-02,1.612416863870715436e-02,1.612242900153196615e-02
1.613919060458423801e-02,1.609529409202442585e-02,1.610854642653901381e-02,1.619004101973519488e-02,1.619286098559758608e-02,1.607112766039711649e-02,1.615248101800536434e-02,1.612637672596936925e-02,1.614014948941900132e-02,1.609220271966716256e-02,1.608757017852662299e-02,1.608884403973112609e-02,1.599378393285392358e-02,1.612513234134777679e-02,1.617801124022978654e-02,1.613723464621638279e-02,1.609651701208210384e-02,1.607417181452583735e-02,1.613111552062403142e-02,1.607454391110534064e-02,1.606848485985646821e-02,1.614365228858294019e-02,1.606184552494506479e-02,1.619205185593263971e-02,1.613089042013143848e-02,1.608337885977225920e-02,1.606221864848283651e-02,1.605124080216504753e-02,1.616684227676905977e-02,1.610389386537291675e-02,1.611990719258368440e-02,1.609667412793519894e-02,1.614060525224422435e-02,1.616189823038848006e-02,1.603765074520428421e-02,1.613307231665902022e-02,1.607048338102153376e-02,1.613965613621080181e-02,1.613727451389864592e-02,1.617625476834656448e-02,1.609423233662878039e-02,1.608003024391370384e-02,1.624015358677140253e-02,1.620591112236530532e-02,1.622003778543659389e-02,1.610503172526514190e-02,1.614071323020424206e-02,1.621206431274496707e-02,1.606855420310519464e-02,1.609743595291642654e-02
1.601771348990707958e-02,1.598082382378850780e-02,1.610251067476307224e-02,1.607403552067524985e-02,1.609083432315485535e-02,1.605308581631934017e-02,1.597871927479730531e-02,1.610475430105551969e-02,1.611835814972240738e-02,1.614257013892946360e-02,1.612243396252754923e-02,1.602718046310776245e-02,1.604414716861887746e-02,1.615063387795512631e-02,1.609723694468418592e-02,1.606667552624881090e-02,1.599058596369395610e-02,1.605640276137802053e-02,1.612278531786711516e-02,1.602757058778989108e-02,1.601429967664522863e-02,1.602265008530530041e-02,1.601495845177508190e-02,1.607006094273647281e-02,1.608092020646865669e-02,1.609915290832565279e-02,1.609307694272047937e-02,1.605244653596923921e-02,1.609519362228113704e-02,1.607553814555102989e-02,1.613187448613440447e-02,1.601020247095110913e-02,1.603480521587036245e-02,1.602536098914955284e-02,1.601843750917205517e-02,1.607389006360945144e-02,1.607049591525300941e-02,1.613099287345962432e-02,1.600107198291073410e-02,1.603419448802440028e-02,1.610904184027229374e-02,1.616592162318263026e-02,1.605583688328128533e-02,1.602805907069135977e-02,1.599563982919879196e-02,1.614173816812634887e-02,1.604348616860041057e-02,1.607404652130144454e-02,1.617313497162416874e-02,1.602514380950103776e-02
1.599005627798427351e-02,1.603305535349187558e-02,1.595031266997052818e-02,1.595760136579015345e-02,1.598000139298817734e-02,1.598789373288743432e-02,1.604998372521196023e-02,1.603008087801331000e-02,1.598465305005581510e-02,1.598267265287501432e-02,1.597570855141767360e-02,1.592224613986022858e-02,1.600488745187582384e-02,1.593894454779181541e-02,1.597432487876210630e-02,1.597343824724389155e-02,1.599552513599251935e-02,1.594119370591012830e-02,1.597439091523481305e-02,1.600115394101196339e-02,1.600933641304651267e-02,1.591288570339023656e-02,1.597751693715128082e-02,1.597304072002994624e-02,1.602928343221497395e-02,1.599288764509959257e-02,1.595680392389408828e-02,1.586671279458183592e-02,1.601151666889104319e-02,1.604617747264174346e-02,1.603703888823594312e-02,1.602547345268344123e-02,1.602861467542227719e-02,1.600681588385844192e-02,1.601018881936591698e-02,1.596737174529333156e-02,1.607798203420708616e-02,1.601386329115522117e-02,1.606734005121239484e-02,1.593642112056594881e-02,1.600761331722401135e-02,1.597949632060888595e-02,1.592867089049178689e-02,1.590682450646676085e-02,1.594881220754146983e-02,1.597933373360959849e-02,1.598572085019695638e-02,1.595247356058252658e-02,1.594998975445639094e-02,1.600630686793171054e-02
1.592604606201233897e-02,1.588000845971309499e-02,1.593010779589426260e-02,1.601561611529317766e-02,1.598241280577856333e-02,1.586648148424228688e-02,1.598425526182653544e-02,1.589562159508181236e-02,1.587352504350551113e-02,1.581260079087612805e-02,1.595467117699686521e-02,1.588323747106357847e-02,1.593020974511080365e-02,1.605362295212977436e-02,1.593817056691198067e-02,1.587181721136854753e-02,1.583406268475124473e-02,1.595384469626019014e-02,1.593368328924920849e-02,1.587253625991602579e-02,1.594193752998045513e-02,1.591999841896083595e-02,1.594575749751210927e-02,1.593303268942886791e-02,1.594816668015506742e-02,1.592521210309601545e-02,1.594408192680101324e-02,1.595191897022130156e-02,1.598272689107958430e-02,1.594313687588450393e-02,1.589120650949171765e-02,1.595984716248394567e-02,1.592256824924326644e-02,1.606085058674952895e-02,1.583095674639100822e-02,1.597592363161928763e-02,1.590685451399145509e-02,1.591137376325528138e-02,1.589776883208801270e-02,1.598947797753783040e-02,1.594196547281187190e-02,1.584486422491734187e-02,1.594890082475507870e-02,1.591008968103285043e-02,1.593177530825118024e-02,1.593673491853922833e-02,1.594051832879029434e-02,1.589431881164645247e-02,1.594738416046894217e-02,1.590002143877002755e-02
1.583979637732062240e-02,1.587955083150309823e-02,1.583269931278267345e-02,1.577943016179825936e-02,1.588481969351927814e-02,1.580574188668308969e-02,1.585776865078380310e-02,1.591124300514972639e-02,1.582655835869692384e-02,1.581793899261227376e-02,1.578517613401737851e-02,1.585660056106071372e-02,1.584651447578280456e-02,1.586882694922698775e-02,1.583105136866893442e-02,1.584061093588004510e-02,1.577840869094369880e-02,1.585094133248305531e-02,1.589192538877245292e-02,1.581351603851425397e-02,1.589257398999852772e-02,1.585226149234762391e-02,1.589163087005932007e-02,1.579662346721290994e-02,1.586465858731653591e-02,1.578170542417761668e-02,1.596181496783580581e-02,1.573762591702021485e-02,1.582089522088983916e-02,1.585367594981963030e-02,1.582627373997962453e-02,1.588642406226428369e-02,1.580427740546824431e-02,1.585529607807923194e-02,1.592791278047935716e-02,1.583958192606172918e-02,1.588207813068825969e-02,1.584901413318582850e-02,1.576366052584962998e-02,1.587914440496922611e-02,1.581358772319419598e-02,1.586546652880756539e-02,1.590217225617475763e-02,1.578614655214246459e-02,1.591850380846186741e-02,1.587137236725292416e-02,1.585264753753257497e-02,1.588384475074440180e-02,1.587870881582768151e-02,1.592320379532247837e-02
1.578266028187938833e-02,1.572011055778958083e-02,1.574844830455347441e-02,1.575713451767771223e-02,1.572280569212846160e-02,1.579907850226777016e-02,1.580223219397158124e-02,1.578210052605668115e-02,1.584920740101510017e-02,1.576806586789303646e-02,1.577418547705187329e-02,1.574148387073379465e-02,1.571901333672015913e-02,1.576310034758589967e-02,1.577536498620115205e-02,1.573195952503662898e-02,1.579565153353279169e-02,1.578207120374515091e-02,1.571574043776582941e-02,1.577519325505511924e-02,1.572121564347385425e-02,1.572569882326423432e-02,1.580604637945053070e-02,1.580111228858664327e-02,1.572147957187398221e-02,1.575839760930707392e-02,1.574160897639573231e-02,1.578280337346126688e-02,1.572068479953108930e-02,1.578566226704615147e-02,1.575832096156722789e-02,1.595087522185414941e-02,1.577983296613376385e-02,1.573329344580553721e-02,1.580833165491416295e-02,1.571059456069058557e-02,1.585269790897766637e-02,1.577096380295836889e-02,1.566206001933831415e-02,1.579430100550702903e-02,1.580812916135732049e-02,1.577105001626425210e-02,1.574723881731799821e-02,1.576545068358332566e-02,1.585818359511194375e-02,1.571231507896922105e-02,1.565596141461411683e-02,1.571299106160421039e-02,1.580943560559509853e-02,1.571345139361376639e-02
1.565354729451349028e-02,1.569379978345614157e-02,1.574582936158697502e-02,1.565020066738891449e-02,1.564461189447543393e-02,1.564574232434581824e-02,1.568593110374792710e-02,1.568824701780205041e-02,1.564411135985735446e-02,1.566335691614523934e-02,1.564563865061481540e-02,1.567136666106208956e-02,1.567331806471711914e-02,1.566128729582805246e-02,1.571970243548941742e-02,1.562497391377884459e-02,1.570433013560671928e-02,1.573447865151345396e-02,1.557898297326257113e-02,1.563174028291553982e-02,1.558656942281176627e-02,1.577775394751771559e-02,1.570440469550402063e-02,1.567091984061282778e-02,1.561211498954202456e-02,1.573852807129994327e-02,1.569225441644266777e-02,1.568025387422772657e-02,1.574353191064714261e-02,1.560862438715495022e-02,1.563413549462453270e-02,1.560789966558243612e-02,1.569452851030259458e-02,1.574181275167568089e-02,1.567573752985006522e-02,1.571216898724922886e-02,1.560254216732259898e-02,1.569518965325381391e-02,1.573332504301587151e-02,1.570173245839706980e-02,1.566528634603287298e-02,1.568128272607160686e-02,1.560234518613739380e-02,1.573024714546981950e-02,1.560101070059263274e-02,1.566877499091725440e-02,1.567049178736397777e-02,1.564562367130470366e-02,1.573747007373397372e-02,1.570164522928609377e-02
1.556775174174436678e-02,1.550840293494624468e-02,1.555055135029922292e-02,1.551883496450940855e-02,1.552814645623384893e-02,1.562723338016374156e-02,1.554395620343006733e-02,1.562703960943265594e-02,1.557174571074384541e-02,1.553872424367735809e-02,1.552471049619266914e-02,1.552466654891762783e-02,1.564629745316858944e-02,1.557599335890456557e-02,1.558786264478775538e-02,1.561416449258983333e-02,1.548458227221587331e-02,1.556892894873384073e-02,1.556004708456567437e-02,1.560223186674886825e-02,1.560723358679389113e-02,1.556175177850923838e-02,1.563653553402726687e-02,1.555835764357013130e-02,1.559235884569708588e-02,1.557131575922788419e-02,1.560902345768820816e-02,1.561114532199922925e-02,1.565669385441708847e-02,1.557918059464927577e-02,1.564607976341682305e-02,1.555038498389127791e-02,1.552913121153094364e-02,1.563415159897097242e-02,1.568776462753138784e-02,1.562092091691305931e-02,1.554813396402779553e-02,1.555111287822853391e-02,1.549560309944408680e-02,1.563338229346616232e-02,1.560541667511616479e-02,1.549887456671881006e-02,1.559096372715669358e-02,1.554178151816668768e-02,1.561380868921148288e-02,1.561113667182619999e-02,1.556100382662407335e-02,1.555472054761336022e-02,1.558751874712538572e-02,1.561485042543347274e-02
1.546212314776602287e-02,1.548165171464124627e-02,1.550850922048657189e-02,1.543260955279399105e-02,1.548899776529838457e-02,1.546956227534012143e-02,1.554376731294720114e-02,1.545644805785924975e-02,1.551704908665262062e-02,1.549130172867611670e-02,1.541985626523910934e-02,1.539230183412514455e-02,1.552688911197308563e-02,1.543791025639026232e-02,1.546055864063517089e-02,1.551038541797974436e-02,1.550889457610743483e-02,1.550529217325853810e-02,1.543211731015836120e-02,1.554463200177834924e-02,1.536766208898644043e-02,1.545008246682420469e-02,1.555715954549786312e-02,1.550428993064675680e-02,1.552672921661983792e-02,1.551492520729742114e-02,1.549319109059620926e-02,1.542865373747164676e-02,1.545082063194603075e-02,1.538811002998978321e-02,1.540544771815627323e-02,1.550809387150258942e-02,1.545921483963874979e-02,1.541613697062311876e-02,1.545962309439898215e-02,1.548552993976431980e-02,1.545830690168104732e-02,1.542390390001328014e-02,1.557355117494358537e-02,1.552337492308742892e-02,1.544760537230311856e-02,1.545140961188025408e-02,1.537487185823219193e-02,1.552754870239905771e-02,1.551785527249682772e-02,1.544323522830325784e-02,1.543120050477451814e-02,1.542551064209807428e-02,1.558120574395370495e-02,1.538258299274094382e-02
1.537955271025496715e-02,1.536120871815250914e-02,1.534609368646753895e-02,1.540257036343326350e-02,1.536143246671354406e-02,1.535745858312985261e-02,1.534126222478693173e-02,1.528798828807072414e-02,1.541127946874658490e-02,1.534376153347405056e-02,1.527563471039811681e-02,1.534689504769936978e-02,1.533868060148332532e-02,1.542369576245243047e-02,1.541288403973360872e-02,1.535371688122766018e-02,1.533317838702240136e-02,1.535757264251149182e-02,1.532114150548738452e-02,1.536554573767281995e-02,1.533527590039315130e-02,1.532413850036467087e-02,1.530270264995542938e-02,1.531705303516038737e-02,1.540246954316948011e-02,1.533944116021386007e-02,1.540482006985286444e-02,1.530035485612685209e-02,1.533079201953816556e-02,1.539002454418969545e-02,1.532652752145358989e-02,1.540618599245553895e-02,1.535459082648361721e-02,1.537944546952898540e-02,1.528062104195427456e-02,1.536668147723189125e-02,1.531939168677685752e-02,1.527240262748174801e-02,1.539526115096764153e-02,1.537199094841721486e-02,1.543229337627788356e-02,1.524401046487649201e-02,1.541293465194618247e-02,1.539837498156073139e-02,1.539032747845238067e-02,1.532005708508108778e-02,1.542171215633206943e-02,1.539500172630067082e-02,1.535705232281369195e-02,1.529605756862201238e-02
1.522256987330942654e-02,1.519446632686103846e-02,1.519859074867499146e-02,1.525384825475385384e-02,1.523742440644149099e-02,1.520486195595362015e-02,1.520896131907305618e-02,1.530534845432990863e-02,1.524458821118402502e-02,1.529268682462557767e-02,1.519282761349750877e-02,1.518524299980361821e-02,1.519140562830598694e-02,1.521991487515545784e-02,1.522736850077772118e-02,1.515420525630619547e-02,1.526301553047138340e-02,1.514186860593443908e-02,1.521994490304562700e-02,1.526107290500129492e-02,1.525673654232546916e-02,1.528127693734505216e-02,1.527960269704504645e-02,1.514517434114706455e-02,1.527139771754681269e-02,1.528132590619411986e-02,1.520138242477405040e-02,1.525545690033692885e-02,1.520948609350163128e-02,1.516751852098258656e-02,1.532226467062256306e-02,1.521427614584442735e-02,1.532092159319801451e-02,1.518874865258227312e-02,1.525424320600855983e-02,1.524186637546163028e-02,1.527391982909108610e-02,1.515395064301451079e-02,1.521636967461791924e-02,1.517054769347579539e-02,1.521133099321165735e-02,1.511324930426882068e-02,1.519537427792931952e-02,1.523677272415004981e-02,1.520411544341266838e-02,1.532361257434146883e-02,1.530095408570204298e-02,1.518582058272061573e-02,1.514864225706712142e-02,1.518298017373023723e-02
1.515315707821721786e-02,1.508020800631316473e-02,1.509137499873361779e-02,1.510977247408176911e-02,1.509863164992115460e-02,1.508289272944100465e-02,1.506581152076939649e-02,1.505430724355108323e-02,1.509133763765179402e-02,1.515128408164989789e-02,1.516761821693768386e-02,1.504788547416412853e-02,1.510214393133049553e-02,1.505984987397704367e-02,1.504771851529729254e-02,1.508297600790929442e-02,1.508513686611920486e-02,1.509417379671468967e-02,1.520059241824697240e-02,1.507620681854619955e-02,1.512456366272651315e-02,1.515262856234373887e-02,1.507689960408685470e-02,1.510379877758181305e-02,1.509388635661127256e-02,1.509326432986632556e-02,1.503928243660684026e-02,1.511695372277038936e-02,1.511707586275371808e-02,1.509909595729324282e-02,1.502857858939171329e-02,1.504926032918156402e-02,1.505699913185725054e-02,1.508156056888419229e-02,1.518704185656761033e-02,1.517174015019254370e-02,1.511932006586599181e-02,1.514635492828548743e-02,1.514886019473310474e-02,1.507302647141426505e-02,1.516084863835898133e-02,1.509305386914321610e-02,1.519113663498855224e-02,1.507320287283848287e-02,1.520506659441072696e-02,1.511043985284001891e-02,1.516774592359703203e-02,1.514938718090635787e-02,1.518608592232039908e-02,1.507341822654721490e-02
1.503677335576837290e-02,1.495221561961087957e-02,1.506650808907935082e-02,1.499866019568443960e-02,1.494542414021661665e-02,1.503953765497152185e-02,1.501948243032612609e-02,1.494428611187727240e-02,1.504505209658619017e-02,1.499195798800118280e-02,1.501675024070725506e-02,1.490461964122289339e-02,1.490116142121502771e-02,1.484005961216478507e-02,1.497139911699951927e-02,1.500054924246326665e-02,1.492890226418519886e-02,1.503237722360931637e-02,1.490232025180314619e-02,1.502168385647837875e-02,1.502193348270988542e-02,1.496573171933123989e-02,1.497772418991435810e-02,1.502501015751173813e-02,1.499224841743037120e-02,1.499154857893857974e-02,1.508428324961665415e-02,1.501453850018013778e-02,1.490531371492357683e-02,1.499264809617071800e-02,1.489566508966382041e-02,1.496351798296037365e-02,1.493070840847424488e-02,1.504810613663124484e-02,1.497005558091061769e-02,1.496685665958165552e-02,1.505190583830229474e-02,1.499674145069251029e-02,1.505579124049562408e-02,1.501856232652675795e-02,1.496885787610702234e-02,1.494812619190356157e-02,1.501886490674846086e-02,1.500069009923830909e-02,1.493166561950570563e-02,1.488352366114865932e-02,1.499187126733639644e-02,1.505271084312246287e-02,1.498411546939347645e-02,1.493534479323606334e-02
1.487693365878792716e-02,1.483432939767009677e-02,1.486902168694661207e-02,1.483262275971749741e-02,1.489751719857928570e-02,1.482084644267423965e-02,1.476757153735037964e-02,1.479540181969810075e-02,1.474855269211162480e-02,1.483239507439466746e-02,1.484215151186246869e-02,1.473411221348387701e-02,1.482845423982077394e-02,1.484650417692993246e-02,1.481481891327080316e-02,1.481743578594196635e-02,1.481061539444629253e-02,1.492987726281448657e-02,1.485871467259790822e-02,1.486981516873857150e-02,1.481810804160018855e-02,1.484650439836106284e-02,1.482485168353828153e-02,1.472675332806747464e-02,1.482425218294153302e-02,1.472925871239179167e-02,1.484208697150742398e-02,1.479309418633412143e-02,1.472068658241742871e-02,1.487023354488915469e-02,1.479847306252847147e-02,1.487379371095255698e-02,1.480778531617376811e-02,1.480619717307087198e-02,1.483894147755417982e-02,1.488542103942753179e-02,1.476138475798251248e-02,1.484773022987867681e-02,1.481206593336205704e-02,1.478895886896115786e-02,1.471545308440039626e-02,1.482497891881342372e-02,1.480236089546431780e-02,1.480485848220673521e-02,1.492284986221471994e-02,1.486507807648571045e-02,1.488241423373209797e-02,1.486553881241521602e-02,1.483473870581472447e-02,1.483161632620086552e-02
1.464188596954961452e-02,1.473378103465087033e-02,1.463603800993631097e-02,1.472472291705171667e-02,1.475581374178283611e-02,1.465412491849767650e-02,1.470537175857065254e-02,1.470035775681690499e-02,1.472189972885658456e-02,1.471149707677437551e-02,1.473893397228141604e-02,1.471690305637070144e-02,1.460841026802534894e-02,1.459125854260836033e-02,1.465985841654578875e-02,1.468234242416701328e-02,1.469743845952204211e-02,1.468690720627895477e-02,1.472897006872732686e-02,1.466200838778640957e-02,1.472947929046186134e-02,1.459781349676290106e-02,1.467029223949247937e-02,1.470294011884437299e-02,1.474636791491468549e-02,1.465461515436416312e-02,1.473172133463281595e-02,1.470310633231027529e-02,1.475963623755044939e-02,1.478106095787600806e-02,1.464929312062249363e-02,1.474610593167513528e-02,1.473897093445574943e-02,1.463545294270416144e-02,1.467380490199928292e-02,1.469024541106981468e-02,1.479480797048477077e-02,1.470051966968252688e-02,1.472727166295670874e-02,1.467531982119052100e-02,1.471399205117839178e-02,1.475978423385301830e-02,1.467928933162061279e-02,1.464861205909166741e-02,1.472030157343170477e-02,1.465288564605195763e-02,1.466892817553372939e-02,1.474182453259605466e-02,1.466248181872284277e-02,1.466561093756321016e-02
1.448481204551076151e-02,1.461882658015994582e-02,1.444639012928251344e-02,1.461634722291703901e-02,1.449739559911235667e-02,1.452127025294515546e-02,1.448690574852001464e-02,1.450592460372007904e-02,1.457450529998318388e-02,1.456116959282172454e-02,1.448034948352832502e-02,1.443112355836815783e-02,1.447400754893345826e-02,1.451077534817126966e-02,1.449785282380231660e-02,1.448488359117435474e-02,1.461319613984369062e-02,1.450218858645775134e-02,1.444666736331510007e-02,1.454603569908393366e-02,1.455002418686229294e-02,1.446900437031184081e-02,1.456425640571896822e-02,1.450281372625542541e-02,1.449066673335359240e-02,1.454505056908083141e-02,1.455365438139288869e-02,1.457303477005941934e-02,1.455202997412714458e-02,1.453419400429986630e-02,1.448331280594500683e-02,1.445527199575989859e-02,1.455372334135021303e-02,1.449855947815345200e-02,1.453331893803413467e-02,1.440361088535094085e-02,1.459196970549858294e-02,1.444276680126278106e-02,1.456471611486984986e-02,1.451736876056001005e-02,1.445119798009199610e-02,1.452041924763233793e-02,1.443195391879764471e-02,1.461179294310078168e-02,1.457512627825697550e-02,1.448853962528427568e-02,1.462408741766950404e-02,1.457163943871808871e-02,1.451084176166501580e-02,1.459547308981920533e-02
1.436331286908587926e-02,1.427742506142069823e-02,1.432233035826486860e-02,1.443841927757782452e-02,1.443494721112385630e-02,1.437664246141956773e-02,1.433870100195907410e-02,1.433517849438245388e-02,1.443044553129807853e-02,1.432778120265014790e-02,1.437949758851430129e-02,1.441247732067515649e-02,1.442975141649307895e-02,1.436797333400463908e-02,1.433903629286017653e-02,1.428324072490064038e-02,1.428533418288008804e-02,1.438534131749512682e-02,1.439555127623049630e-02,1.429783180149240933e-02,1.425566155952017085e-02,1.440749746561991416e-02,1.432059091909513443e-02,1.435744609654725744e-02,1.428754460332036687e-02,1.433598816795640142e-02,1.433040886401244773e-02,1.435140033257194768e-02,1.436442527550125213e-02,1.429673755773853971e-02,1.433833008991550195e-02,1.437026959366951608e-02,1.438187168843805402e-02,1.431935255403334571e-02,1.435386851726522077e-02,1.431416618817470988e-02,1.425021290688326635e-02,1.433580527837081953e-02,1.427940083584573229e-02,1.436055988430248384e-02,1.441289939329831564e-02,1.430278684844639263e-02,1.427891262793301239e-02,1.426613617452898893e-02,1.434484674756715018e-02,1.427648885447962979e-02,1.434706441958098766e-02,1.438799252381412971e-02,1.431226298527532581e-02,1.430841073922198108e-02
1.422723365670174218e-02,1.422052343618735934e-02,1.410814956821187897e-02,1.413976312671940024e-02,1.422217962159637479e-02,1.419765301960128519e-02,1.419394164556145831e-02,1.425510742713992016e-02,1.427572803317424428e-02,1.417839559955532715e-02,1.418013814663844629e-02,1.419398131158800674e-02,1.420362813357213018e-02,1.407422701191691529e-02,1.415571298376241960e-02,1.407846773615691223e-02,1.423683353255622216e-02,1.413897854144246027e-02,1.421055376243924272e-02,1.412428639718583782e-02,1.415454747539479814e-02,1.424352878849455273e-02,1.418166122181739597e-02,1.422840161823397606e-02,1.419170081134760869e-02,1.427507014158099774e-02,1.417266174744274271e-02,1.426886120333411417e-02,1.416080113840677453e-02,1.424808985812685801e-02,1.415131593205513211e-02,1.416707812734353811e-02,1.411797748044940799e-02,1.414094445592601473e-02,1.419615132205148678e-02,1.413333607179110586e-02,1.419682399412102933e-02,1.424244179396233489e-02,1.419360901866210077e-02,1.414484226708673416e-02,1.419181851095135255e-02,1.414234491826013573e-02,1.421724419461047224e-02,1.408737113638883383e-02,1.418259448697646238e-02,1.416752170781117141e-02,1.421553879297846740e-02,1.420174301199966620e-02,1.415249695782242953e-02,1.413839717575268717e-02
1.390448603874620999e-02,1.389597604938032360e-02,1.401873672044932732e-02,1.396666113926600152e-02,1.397081672501484899e-02,1.406405081110299535e-02,1.404456977864894027e-02,1.389704803994296078e-02,1.384557197297911144e-02,1.392504135726231260e-02,1.397292817786209909e-02,1.406972464569195350e-02,1.399141088989326424e-02,1.402259879555899091e-02,1.390792481334203468e-02,1.401667163580693626e-02,1.402278274531938013e-02,1.398199410849572909e-02,1.396645190812582232e-02,1.403844149779924673e-02,1.398771520362230257e-02,1.401621371601386584e-02,1.395702768626114892e-02,1.395793189279680678e-02,1.395181183847062599e-02,1.399852700732875065e-02,1.390105709985251306e-02,1.390050072308030710e-02,1.404784846835099160e-02,1.403271584666879700e-02,1.407493934802862487e-02,1.397535331873974059e-02,1.398185352513891741e-02,1.403264245919300449e-02,1.400079628475207026e-02,1.391825755636136482e-02,1.401147968704090190e-02,1.405856479046064395e-02,1.400462055539554093e-02,1.401202278980376477e-02,1.396997429504381015e-02,1.399010012164435095e-02,1.401081205075072576e-02,1.397624627370892998e-02,1.402270752744749598e-02,1.401178105813986365e-02,1.407119270633999143e-02,1.400145621395577390e-02,1.407591265623513860e-02,1.399125292008521031e-02
1.387631207909446884e-02,1.384899096921393333e-02,1.376283020778124033e-02,1.380086421468417444e-02,1.371397760694737997e-02,1.386014379066010174e-02,1.373590390878270603e-02,1.383359514794728524e-02,1.386025182894971494e-02,1.374260600383560467e-02,1.379098695653301412e-02,1.381316616166314813e-02,1.375374916027737385e-02,1.376434052631667244e-02,1.384361699542352962e-02,1.388716787126199892e-02,1.380246215401337469e-02,1.393865479245732023e-02,1.375827857709928034e-02,1.380542948738343670e-02,1.370055626825413160e-02,1.382746295285597685e-02,1.369529170303715286e-02,1.368252169999102305e-02,1.377648252780552286e-02,1.379621666407581174e-02,1.377528415321052462e-02,1.378475782491242821e-02,1.370035082810384768e-02,1.382549110343668508e-02,1.384556460528136614e-02,1.386210718067545575e-02,1.383490588028545715e-02,1.388880078492658703e-02,1.387598860198011909e-02,1.380840652507275834e-02,1.382715688549105565e-02,1.375827006737794303e-02,1.398367504357385382e-02,1.382304606151617092e-02,1.383147347083450891e-02,1.370175593731997980e-02,1.383631219334032110e-02,1.373172929034798158e-02,1.383330734831784981e-02,1.380084722297718336e-02,1.365692817379915436e-02,1.365820412276172804e-02,1.376992572543145159e-02,1.385291507996103816e-02
1.363899620343348579e-02,1.355651905888371166e-02,1.358980858703760265e-02,1.370167823527349872e-02,1.346026018838305909e-02,1.358033809491247974e-02,1.354855110180704092e-02,1.361011678853419823e-02,1.359787463214322603e-02,1.358611047395057864e-02,1.367942594460668307e-02,1.354569492073929259e-02,1.359314578328896066e-02,1.345654717377803983e-02,1.355851015532882030e-02,1.370854366841916736e-02,1.354791649418875081e-02,1.360969647675075792e-02,1.352667053182694812e-02,1.353807700620666098e-02,1.354129479632352681e-02,1.353058131333389341e-02,1.361259071429747267e-02,1.361783813114002609e-02,1.360872746936159748e-02,1.362969833688397470e-02,1.364319951779276521e-02,1.358312684181147562e-02,1.356476504348825066e-02,1.362205073548284143e-02,1.349870114281667005e-02,1.356357723760310240e-02,1.358735344687249380e-02,1.363051380285698611e-02,1.360115060866569359e-02,1.356830024693093072e-02,1.363032068995648736e-02,1.360318778488276217e-02,1.358142736560776984e-02,1.360190103577429803e-02,1.355649683727975889e-02,1.356874556664178222e-02,1.358835918905515472e-02,1.366112716313387480e-02,1.353853682502688394e-02,1.354671781383882251e-02,1.349380571753782364e-02,1.369515845306998152e-02,1.362321938616479697e-02,1.356036249476831254e-02
1.344036099508123111e-02,1.337029254048315539e-02,1.335640319402747918e-02,1.332004707617613984e-02,1.337048187502093942e-02,1.338881289395823376e-02,1.327674250077135951e-02,1.338722684309700574e-02,1.337507651679821323e-02,1.341226151648031509e-02,1.337819491041755508e-02,1.336757676794994923e-02,1.332456033007811853e-02,1.337802494588570014e-02,1.336779810077505168e-02,1.330993186525846438e-02,1.333963539936577208e-02,1.343664378836873126e-02,1.345063590463087787e-02,1.331878641465981949e-02,1.337279797312945599e-02,1.341652632321030901e-02,1.335888583241115306e-02,1.333122114548605970e-02,1.338583916831339801e-02,1.346788337132065298e-02,1.346200622066574988e-02,1.337781523809283835e-02,1.334469489506585546e-02,1.333989257906978594e-02,1.343057603121679787e-02,1.338920949336225470e-02,1.343188979585120332e-02,1.330590069925981916e-02,1.331219165838956262e-02,1.340434120453561778e-02,1.334045592224831871e-02,1.339483279778978797e-02,1.338097841477955095e-02,1.336603565674706479e-02,1.329591424475727243e-02,1.335697352653871656e-02,1.349233061294573613e-02,1.329761347523599792e-02,1.340229164454925966e-02,1.337674915691456842e-02,1.344203739190618328e-02,1.346368605504066722e-02,1.343151545841383444e-02,1.337486017714340295e-02
1.309458722230599781e-02,1.325172367220182716e-02,1.313847356351755327e-02,1.309909636811977182e-02,1.305841312796248571e-02,1.317576392227363599e-02,1.317551590051832533e-02,1.324720376932956439e-02,1.312969468504002028e-02,1.314022949638327629e-02,1.320977830873690424e-02,1.309987268788659516e-02,1.311220722915520942e-02,1.312867459494864580e-02,1.312711943426793371e-02,1.315892043076484497e-02,1.312716163007550917e-02,1.314719006233315383e-02,1.314285476765241802e-02,1.311178052382858464e-02,1.312502385998177458e-02,1.309620504875359630e-02,1.315851495202472084e-02,1.314536518971679523e-02,1.311988716661049645e-02,1.312220080549487272e-02,1.315116038706986082e-02,1.319122735020002851e-02,1.320079938162154604e-02,1.308832697245163740e-02,1.310542188514131692e-02,1.320511336975606007e-02,1.325265799193553473e-02,1.319308149810684110e-02,1.314781171938690131e-02,1.307524786364149157e-02,1.312036391215667258e-02,1.319602363007751217e-02,1.315791793750286341e-02,1.326449332600489368e-02,1.323588825566870270e-02,1.323667399445428196e-02,1.323419295380469200e-02,1.307788538090637505e-02,1.324873852777016213e-02,1.292954751615181357e-02,1.318430229745563495e-02,1.320056535089258326e-02,1.323101323704905727e-02,1.314258879769769281e-02
1.300634552183571255e-02,1.293705754135529920e-02,1.293306490510904259e-02,1.288907424505813561e-02,1.299388716147376922e-02,1.292291065820180655e-02,1.297826911085627963e-02,1.283449949411510915e-02,1.293816054370767153e-02,1.294962190636420908e-02,1.291959195853180885e-02,1.295788870626304184e-02,1.296400069728640553e-02,1.283249988133185367e-02,1.295091440948205677e-02,1.295275784416180694e-02,1.284858556697581443e-02,1.286330222488374711e-02,1.285232424177293678e-02,1.298636675661597913e-02,1.292734534896588204e-02,1.294877912173772287e-02,1.296633852840747662e-02,1.287094644572696518e-02,1.301926955841405283e-02,1.290148348435560949e-02,1.290392204495212011e-02,1.303016320042353279e-02,1.297546602070949462e-02,1.274734323833895053e-02,1.289870391066584403e-02,1.290417078885421065e-02,1.300263547909452644e-02,1.292480840819895498e-02,1.301227079542889402e-02,1.286217679328512976e-02,1.289794948855823610e-02,1.292945597142489134e-02,1.292353284944676092e-02,1.299341147715494041e-02,1.286507079325788748e-02,1.294038791412668171e-02,1.285496159781742385e-02,1.297337207570201795e-02,1.302442641994534279e-02,1.284536693244873844e-02,1.292788402476258494e-02,1.289154272508781507e-02,1.289237485017040788e-02,1.293271678724813335e-02
1.272559353180179563e-02,1.269000929660975274e-02,1.274309657949109983e-02,1.271399011338084951e-02,1.263869489819718049e-02,1.262159885763289302e-02,1.270852262909947378e-02,1.270142463045215685e-02,1.272069035503077192e-02,1.272025356487445358e-02,1.282339701489838141e-02,1.264091156232671764e-02,1.268767772100447451e-02,1.270534489600006270e-02,1.268813758992202827e-02,1.262999304788948139e-02,1.265556643807552381e-02,1.268554413231573995e-02,1.266052688575678743e-02,1.264388424900571122e-02,1.269448945370033922e-02,1.261550664091390730e-02,1.268771841187571817e-02,1.264841558830484547e-02,1.265980986342389938e-02,1.266181035842560594e-02,1.268506265237567994e-02,1.258212715358981125e-02,1.268179474381309416e-02,1.269995022110512704e-02,1.254809711143106167e-02,1.260680730453607457e-02,1.270788911589747563e-02,1.272237061761732034e-02,1.263702865785290910e-02,1.262666031494520842e-02,1.264128236652340732e-02,1.271272854791714174e-02,1.267166471753468533e-02,1.272831151700662758e-02,1.262733832510081616e-02,1.265814916248299282e-02,1.267244169977605958e-02,1.268326658193582451e-02,1.264010048779950872e-02,1.274210118116145610e-02,1.275384614013568181e-02,1.264663509762961949e-02,1.260413721146696857e-02,1.271121659288854990e-02
1.241461886690147474e-02,1.244075057989383129e-02,1.242129265123481825e-02,1.247466148909024200e-02,1.248992757413468213e-02,1.239944048038313894e-02,1.250863468406848873e-02,1.237462024766498338e-02,1.247130620102813656e-02,1.234273919991156487e-02,1.244966897409812388e-02,1.243826646821408026e-02,1.251114799842055307e-02,1.248019560567444758e-02,1.242744142697448095e-02,1.244009695442927464e-02,1.243709049382531705e-02,1.239688982721924397e-02,1.244448245496408874e-02,1.241960467116517974e-02,1.230989904894102226e-02,1.255299353895041742e-02,1.249072243479841873e-02,1.235337006576068229e-02,1.226788892162539515e-02,1.231830956362042762e-02,1.255232053080077709e-02,1.244504791368798366e-02,1.242400137352989500e-02,1.240623265716975926e-02,1.241301933569812291e-02,1.244493576724660551e-02,1.241696589587208861e-02,1.237914660786899011e-02,1.236691598457298306e-02,1.242542230620589591e-02,1.243554687310995978e-02,1.236715574203733035e-02,1.240448292058722937e-02,1.250926820072083105e-02,1.240111579947317591e-02,1.249173347902014786e-02,1.240274254823497610e-02,1.236307183348653652e-02,1.249475840886653082e-02,1.247815298356967986e-02,1.243286607941152672e-02,1.245969280357134626e-02,1.252619089881618249e-02,1.241039486997916677e-02
1.214094153712098022e-02,1.221618896983951014e-02,1.216409038672558972e-02,1.213351525641904495e-02,1.214342656590441764e-02,1.214037121356478441e-02,1.220727201809154901e-02,1.216311264877682416e-02,1.214632296374429897e-02,1.206804952145889946e-02,1.213957686861653895e-02,1.226037471113956834e-02,1.209829437173294553e-02,1.220433574443238224e-02,1.217718169504098530e-02,1.213642849934032548e-02,1.220843047581701007e-02,1.223633300108059943e-02,1.216690940258448837e-02,1.217949880274294544e-02,1.217538576295223822e-02,1.223510168922195551e-02,1.219516216395677942e-02,1.217388715510164116e-02,1.221148385948635055e-02,1.218264807901858066e-02,1.217475207566346730e-02,1.209428239450897197e-02,1.219797049636736803e-02,1.209558412413430997e-02,1.222945650903279127e-02,1.213002974809885247e-02,1.216901013968297966e-02,1.211557696072995335e-02,1.211549298799583299e-02,1.216584676721010026e-02,1.217006053525338145e-02,1.211734109748140338e-02,1.216477775969976478e-02,1.218719118053003883e-02,1.211058652612082356e-02,1.223795725677233326e-02,1.211825371419838517e-02,1.214848559465795709e-02,1.210336821816391205e-02,1.222099414739407156e-02,1.224166607219875219e-02,1.224120582386199751e-02,1.222759851502173284e-02,1.207453281953503252e-02
1.186397430431112773e-02,1.187892615272811460e-02,1.191477253834484322e-02,1.189484370212929264e-02,1.178253632319896556e-02,1.178282362378298663e-02,1.180531558743678176e-02,1.200727343218220208e-02,1.182142398669439563e-02,1.188727429991278707e-02,1.183430212857287250e-02,1.187366580111752501e-02,1.190367970886717017e-02,1.188027423223352377e-02,1.197326392356969256e-02,1.188041504997303273e-02,1.196167499641385100e-02,1.195612457717167357e-02,1.187811119498525039e-02,1.185819682626317387e-02,1.198484179595059665e-02,1.182430757737302357e-02,1.184561445724215817e-02,1.194566479050617434e-02,1.194387742487471732e-02,1.187364916298353293e-02,1.191820801057118240e-02,1.181809193489451182e-02,1.195107704876217231e-02,1.187050231144169340e-02,1.183714285064395300e-02,1.192837778261500274e-02,1.203957067443042067e-02,1.180376550221374186e-02,1.197459590152487319e-02,1.195132874644485275e-02,1.181258699171565396e-02,1.177556325836843706e-02,1.191697031646164230e-02,1.183655994982068041e-02,1.181191121339634706e-02,1.190950816389988245e-02,1.181802517363854388e-02,1.190281575813314716e-02,1.183872282905182489e-02,1.171698046490689607e-02,1.195253794305617227e-02,1.199122734279636088e-02,1.185781873569263269e-02,1.195439195816634832e-02
1.169203503371051348e-02,1.162781474576527960e-02,1.164895824106493803e-02,1.153291331663749801e-02,1.159798645586678986e-02,1.157814959124707499e-02,1.155009167526954705e-02,1.159830869881643862e-02,1.170150528507207105e-02,1.165187895454988798e-02,1.162522905144873671e-02,1.166548134357110224e-02,1.153742462947703919e-02,1.149519968869235596e-02,1.160799870853780093e-02,1.163356090342474759e-02,1.161484198561396446e-02,1.169079963038541226e-02,1.153619748783939192e-02,1.161275593040110923e-02,1.173105646203879970e-02,1.157164090546045597e-02,1.161468909312243086e-02,1.162410581719507986e-02,1.166678436952117009e-02,1.160190301546154719e-02,1.157483354559913323e-02,1.160847261596889904e-02,1.160679210255522419e-02,1.151882877430779155e-02,1.169043097757870367e-02,1.176894768508766898e-02,1.162585021145832662e-02,1.170392053271406170e-02,1.170090649782405158e-02,1.169465904524691346e-02,1.162155791824151345e-02,1.160379900845664655e-02,1.168518636902159992e-02,1.165871979184730442e-02,1.167925914674734951e-02,1.157851907187095429e-02,1.166065325721922508e-02,1.160925418869785536e-02,1.160960478409532592e-02,1.160757100045774030e-02,1.168849145527895914e-02,1.160589938659499845e-02,1.161488106435991895e-02,1.170996432897824027e-02
1.135335484598982633e-02,1.139495693240038382e-02,1.135460742459317579e-02,1.139096515675359217e-02,1.126533403885814424e-02,1.133827277823551936e-02,1.136787849047529893e-02,1.135448352725636559e-02,1.127473030388142367e-02,1.135789112052214798e-02,1.144539345508300068e-02,1.129724404106486127e-02,1.129761100465658669e-02,1.127047446689453947e-02,1.130668005864923602e-02,1.133646216068985232e-02,1.139153814493903787e-02,1.130370550100878203e-02,1.123144821310039301e-02,1.137688665472300943e-02,1.134692491547278220e-02,1.130212537568034935e-02,1.120333490366639227e-02,1.125887268591165870e-02,1.129505953310029100e-02,1.134042200500571217e-02,1.146149016473794156e-02,1.127888361071751645e-02,1.124031378436497926e-02,1.130406484401273205e-02,1.133333841914914951e-02,1.134423725347710396e-02,1.137926471937944842e-02,1.128086115629618053e-02,1.132241818537050790e-02,1.133610060523472692e-02,1.148198933441598422e-02,1.138410827695151423e-02,1.133823666688840714e-02,1.132625949956890012e-02,1.129163182301489224e-02,1.133281114383116392e-02,1.139100698555708599e-02,1.132504126532142726e-02,1.130542821404233872e-02,1.123318292629829802e-02,1.139526316473842872e-02,1.135991119523149101e-02,1.126988044969414425e-02,1.132865695902676370e-02
1.109847035319167126e-02,1.100303773206416300e-02,1.085948294634544141e-02,1.105827688980890941e-02,1.116259851791864995e-02,1.109070864077274683e-02,1.105643817913658060e-02,1.102343799043441208e-02,1.100029047537088439e-02,1.099938268711085111e-02,1.102656503231435291e-02,1.098615727237955454e-02,1.088535649739569983e-02,1.093127857152414312e-02,1.104095918812866318e-02,1.106338886132095939e-02,1.098945735967860222e-02,1.099308030974951653e-02,1.104274122735108762e-02,1.110479224996740837e-02,1.103455227804694613e-02,1.103290308722164326e-02,1.099837468063208888e-02,1.098697338144135303e-02,1.102497635096023366e-02,1.109436594271963686e-02,1.109948272489106810e-02,1.108706899955119729e-02,1.104923320748895169e-02,1.102599012463376972e-02,1.104965340184933115e-02,1.104949890919025048e-02,1.097343424651535913e-02,1.095937316700859934e-02,1.094960114014157868e-02,1.100677947754944569e-02,1.100165659844895213e-02,1.106049295152563769e-02,1.114296038538933539e-02,1.102265231484673459e-02,1.093743158248214331e-02,1.097517376689919125e-02,1.097859843487352868e-02,1.094194440333266967e-02,1.098981154297945517e-02,1.093559053216924468e-02,1.101243574430787672e-02,1.095536142108865206e-02,1.102876516415635284e-02,1.104263555218569504e-02
1.074084400195286088e-02,1.066120243685461655e-02,1.064856868295398218e-02,1.072054408482342285e-02,1.071123056872143320e-02,1.073820263022028793e-02,1.079443117288408915e-02,1.076004699147558273e-02,1.067742861081938562e-02,1.068897026132855158e-02,1.070841770813091808e-02,1.067584235577912800e-02,1.071790215931556732e-02,1.076484643473611842e-02,1.062887887868934657e-02,1.071248829647235973e-02,1.072037176946253820e-02,1.068235834565356770e-02,1.062608770757096123e-02,1.060582189924504787e-02,1.067473651589456556e-02,1.072060743410807072e-02,1.074728800820200572e-02,1.078011299047707157e-02,1.073661201940145568e-02,1.077870986050165347e-02,1.058048976592428601e-02,1.079261728694711799e-02,1.058720065064711752e-02,1.070299038160108657e-02,1.073046810942166265e-02,1.081301992445143217e-02,1.073470811055502426e-02,1.066699365407809685e-02,1.077795567013151157e-02,1.069670790738230272e-02,1.077097117839949381e-02,1.079732236680260374e-02,1.069009657700030654e-02,1.060798677406669423e-02,1.075347717306542918e-02,1.076647204131247343e-02,1.066753475492722252e-02,1.068827200462300724e-02,1.072949575629012463e-02,1.075568291628256970e-02,1.070328572287062262e-02,1.064972421609844226e-02,1.072166691605015883e-02,1.081551107044739085e-02
1.032714712309868582e-02,1.034001202968181862e-02,1.047518684068980514e-02,1.032626346177382796e-02,1.039889282513300171e-02,1.047005584902720166e-02,1.035002853299423278e-02,1.032003029325782514e-02,1.043829854305440043e-02,1.039943336695941557e-02,1.043336267182340751e-02,1.035609513760155434e-02,1.040471993466577337e-02,1.037225619918108813e-02,1.035479860056917785e-02,1.044059371576459318e-02,1.047171067267456401e-02,1.048914269254688954e-02,1.041698036347059667e-02,1.035492770552270264e-02,1.051705325289783999e-02,1.028298608540061283e-02,1.042883673206766552e-02,1.034219686314006084e-02,1.037305646604363973e-02,1.038309786482233439e-02,1.034488000269561704e-02,1.033130731270389020e-02,1.040951042157684837e-02,1.044556430416360843e-02,1.040641112049528472e-02,1.036295407812091139e-02,1.035222394270734515e-02,1.041210029015928080e-02,1.038578133323190406e-02,1.028560549429713769e-02,1.038286156861571198e-02,1.025375511363229263e-02,1.038636485053394225e-02,1.038096509597438016e-02,1.029151929047849787e-02,1.036237491313634143e-02,1.045489980934762725e-02,1.032490043764630432e-02,1.044051334043384627e-02,1.032456298641214708e-02,1.040532041341784598e-02,1.039003177419834008e-02,1.041197768939786800e-02,1.041232947707801566e-02
1.000272245258965360e-02,9.980066923305008081e-03,1.004076389026606342e-02,1.013482402629634939e-02,1.009273974928565250e-02,1.009045958083361338e-02,1.010165306284974140e-02,1.004749924028480387e-02,9.989070025184267065e-03,9.994796529094603435e-03,1.017046161680149399e-02,9.970916990545733785e-03,1.006179966519691812e-02,1.000128776372583364e-02,1.012824710391381153e-02,1.005014942331612995e-02,1.007477224313445101e-02,1.008166726045498646e-02,1.002804646065070908e-02,1.001431392918894839e-02,1.010378760471453141e-02,1.007309570214550039e-02,1.010060413702287309e-02,1.014575865339385936e-02,1.001072321634234943e-02,1.000761374197012797e-02,9.997278730341471395e-03,9.965193278521874629e-03,1.004513697204076871e-02,1.011398385634923978e-02,1.011228953166207895e-02,1.013171322908046866e-02,1.009913806617265299e-02,1.010912682118024312e-02,1.004266596273773078e-02,1.010680432245308381e-02,1.011243440140017526e-02,9.973790994687016520e-03,1.005485980743301734e-02,1.007252636452391110e-02,1.002703578906847040e-02,1.009440946328017674e-02,1.003113925262115805e-02,1.005142382431694834e-02,1.002114803630465255e-02,1.001689547549002197e-02,1.011123381123278306e-02,9.979565594435519174e-03,1.011475532452117514e-02,1.000838276887280887e-02
9.842428133366954920e-03,9.703704293669247402e-03,9.711079354617388470e-03,9.714037685957199048e-03,9.748521156270678265e-03,9.696078632821155188e-03,9.703303612526041969e-03,9.659535064623607156e-03,9.596351382338478078e-03,9.731684856140461470e-03,9.812293310326009391e-03,9.682475598840114064e-03,9.793854442741811370e-03,9.683180427748171518e-03,9.692024847457758954e-03,9.628860237570679645e-03,9.773163976687017362e-03,9.677624655136312509e-03,9.791167117892003377e-03,9.680188418180472182e-03,9.670936499333579461e-03,9.724960369608685179e-03,9.772750683080734524e-03,9.721135217145585039e-03,9.589174696992363786e-03,9.646725407597917315e-03,9.695753137832545387e-03,9.734488621804582992e-03,9.690465177414068348e-03,9.688575490175750302e-03,9.732556046816399561e-03,9.607323345459739886e-03,9.787469130981886825e-03,9.662294191482352634e-03,9.558235388092407164e-03,9.666134691054234507e-03,9.780825087985393212e-03,9.760543089639635989e-03,9.687558016370369229e-03,9.728034466449601153e-03,9.691753358753725511e-03,9.673882353502064393e-03,9.675768585174587127e-03,9.775691306234644828e-03,9.797615203510759430e-03,9.725786125618607683e-03,9.775319343191153643e-03,9.739777323210973420e-03,9.636597036991307805e-03,9.703206069387015908e-03
9.358990454645331122e-03,9.373717006897869589e-03,9.359538830664414569e-03,9.347851810278678258e-03,9.431723631921361956e-03,9.292736884036837883e-03,9.339552772986850840e-03,9.325351007777924958e-03,9.363556175495410180e-03,9.333974605056610807e-03,9.378322673430548873e-03,9.302605745822246225e-03,9.381106607487447666e-03,9.350680819542839944e-03,9.343690075146659710e-03,9.307389637109851968e-03,9.366365862966708269e-03,9.285490145222083033e-03,9.414201329508703822e-03,9.295420889870086023e-03,9.394370068867553131e-03,9.401170916760124771e-03,9.249412191078783263e-03,9.370551098051299252e-03,9.349630484035389294e-03,9.437006504101676588e-03,9.414082411832471603e-03,9.364298562886666163e-03,9.460912487402819634e-03,9.195344294928150738e-03,9.340559706347841343e-03,9.338436642079143632e-03,9.236831711993090388e-03,9.409357104775766326e-03,9.325552233125941268e-03,9.373056960419980793e-03,9.429410463734765047e-03,9.330318701048443894e-03,9.260796158238012929e-03,9.371560068682786154e-03,9.289014958370766378e-03,9.406594408180013120e-03,9.307810887762099639e-03,9.384598790989424205e-03,9.208703423196702015e-03,9.339328414053034086e-03,9.386195822413194792e-03,9.363533225464263851e-03,9.163941662602200638e-03,9.352759909578465050e-03
8.912614498888192169e-03,8.907851508618240891e-03,8.899705873513717030e-03,8.930899500302295207e-03,9.000182972672359991e-03,9.054599267315952341e-03,9.022926147856534865e-03,8.979845823754311479e-03,9.075311760275673115e-03,9.015058681537745783e-03,8.824639441940802104e-03,9.016858793182907367e-03,8.930233552589051868e-03,9.183857543376347521e-03,8.995698781756149287e-03,9.041036987808722530e-03,9.000358764632841388e-03,9.014925380259500992e-03,8.953323965864897621e-03,8.950043579224966142e-03,8.914342339077851313e-03,8.972861159477374393e-03,8.886165676099143373e-03,8.920605445632480424e-03,8.943009714014866357e-03,8.985223363672443370e-03,8.960871378666794562e-03,8.933305466974829356e-03,9.064560709284619905e-03,9.023903818886879966e-03,9.037682626835095989e-03,8.931105460399818910e-03,8.936220658820147669e-03,8.993667984548880251e-03,8.986707022879857759e-03,8.989218130269002391e-03,9.027118807707380788e-03,8.857062730271146253e-03,8.981837341327385954e-03,8.945103182424222685e-03,8.975587698684107246e-03,8.894219646639195398e-03,8.905456420518825453e-03,8.856686737049555835e-03,9.015397411365443092e-03,8.984916165753574838e-03,8.965044417424265430e-03,8.878189707007853176e-03,8.943866364753418410e-03,8.991053619002927627e-03
8.578712757722520635e-03,8.634962471072231069e-03,8.570876252860602090e-03,8.696815879306176583e-03,8.588690540527061865e-03,8.532019785912723850e-03,8.596771962972414929e-03,8.581729661699595904e-03,8.693574396073166372e-03,8.667882941421494597e-03,8.593224444541761042e-03,8.607697277988419701e-03,8.542149823861219446e-03,8.608576757839844426e-03,8.576981981498203039e-03,8.666310588956166808e-03,8.590602604269550330e-03,8.729739723369624865e-03,8.704097803108974338e-03,8.626483412308845813e-03,8.673926329613525915e-03,8.622584970205854002e-03,8.531878203430874261e-03,8.698596217550896847e-03,8.554311543526548628e-03,8.590650812159924404e-03,8.532139596909614834e-03,8.604024679790217220e-03,8.640048556814310804e-03,8.555441599413883547e-03,8.586953583044803009e-03,8.592870255829250861e-03,8.580300654736930377e-03,8.528938548202188302e-03,8.557626759338706965e-03,8.593713902231141580e-03,8.553586979424954509e-03,8.607065947839106362e-03,8.525532756052552757e-03,8.554973558522135230e-03,8.517671323410748799e-03,8.565107541691711207e-03,8.608818589683337602e-03,8.587857261607665174e-03,8.495862486764390806e-03,8.621294611180253809e-03,8.528784018585706950e-03,8.596472437259312926e-03,8.637899701960254778e-03,8.595986704273987991e-03
8.083665689548236513e-03,8.180605787720311370e-03,8.233191676781374813e-03,8.191906537018239440e-03,8.274861269558099475e-03,8.140296319430202765e-03,8.095600962415867158e-03,8.207678993901538697e-03,8.118170382248234007e-03,8.130115598713370806e-03,8.261489633324166013e-03,8.197457386997890338e-03,8.252728846270490290e-03,8.259910362819325447e-03,8.155847441968922321e-03,8.151183082108695924e-03,8.216442616124397177e-03,8.262399382972990258e-03,8.129430988939213495e-03,8.184291509725525465e-03,8.183262176276446739e-03,8.236944891631015064e-03,8.078892902870640075e-03,8.165838633306093247e-03,8.127907196450987609e-03,8.152285384700938206e-03,8.135221071631391562e-03,8.207433403703948832e-03,8.189976479294616002e-03,8.164321938511118204e-03,8.118239831356980837e-03,8.172851859175602265e-03,8.110303637040922747e-03,8.291769976491364380e-03,8.171003118523176983e-03,8.143961069783626702e-03,8.228636440517718767e-03,8.194800555030806385e-03,8.198720350369365084e-03,8.235469283319571399e-03,8.176608958313668143e-03,8.111311677934544828e-03,8.203275922544201945e-03,8.268301807917322055e-03,8.275133860709486811e-03,8.170630931379293041e-03,8.138954124377078408e-03,8.206182190539498475e-03,8.255273754316345969e-03,8.164451087602438845e-03
7.709737358451130250e-03,7.726035783781682806e-03,7.715200275778576373e-03,7.764385063255126347e-03,7.752580008215829294e-03,7.740434807275450510e-03,7.763090506653187554e-03,7.795915259517423659e-03,7.822880183342460075e-03,7.698913437440339964e-03,7.878591157209933332e-03,7.722128864899989280e-03,7.735732362704750287e-03,7.680957115645258536e-03,7.878977054317056611e-03,7.704324359059093463e-03,7.739979643252047244e-03,7.811987079411233936e-03,7.826174259433407027e-03,7.818879611087672585e-03,7.797702482184619595e-03,7.955741104521296680e-03,7.849337385964829175e-03,7.800239131679546217e-03,7.766788246150105671e-03,7.783336150152221460e-03,7.724749941324411152e-03,7.760139132152371610e-03,7.734260383416859640e-03,7.734254837356530771e-03,7.668178861788541023e-03,7.792834378223032106e-03,7.689400703345580443e-03,7.751061522324984542e-03,7.806146752315509287e-03,7.922872232974057655e-03,7.771388606941525418e-03,7.765527881038628705e-03,7.775461189433154931e-03,7.720571212673318917e-03,7.761384792236563322e-03,7.848359397912089627e-03,7.893197881118248910e-03,7.736439890214407734e-03,7.799562415378132399e-03,7.822349179183037474e-03,7.768281203779471740e-03,7.736387689979548274e-03,7.822858217283094537e-03,7.762056543815814245e-03
7.357573607314628339e-03,7.280043029859510628e-03,7.365010605367035106e-03,7.337955801334861486e-03,7.320338113196495598e-03,7.441903276531327931e-03,7.415608698286175159e-03,7.324736349219978550e-03,7.229653424775397963e-03,7.315683778193806178e-03,7.234241210024288521e-03,7.434466669047335580e-03,7.351297287909532713e-03,7.377193043572532506e-03,7.377543875042399946e-03,7.335561239522028938e-03,7.315349694686545771e-03,7.427577752178594894e-03,7.320891131185271357e-03,7.373494068155048847e-03,7.344597599900040685e-03,7.367797531776003155e-03,7.404256043417292016e-03,7.393491557349454214e-03,7.372479416275178749e-03,7.351836205813309585e-03,7.332591741994873812e-03,7.431394890525392163e-03,7.351319019036301437e-03,7.289387038319519035e-03,7.325412349990068073e-03,7.415022276627405290e-03,7.332787845879542091e-03,7.341667559884283538e-03,7.451058314436339799e-03,7.409536685244500452e-03,7.307913885350586329e-03,7.366268929095357541e-03,7.333614007844441694e-03,7.376425991431566874e-03,7.322752141012040666e-03,7.380715011407737967e-03,7.458424755241659966e-03,7.403626485719354451e-03,7.424983858770790174e-03,7.446591501728480611e-03,7.341149700400725203e-03,7.416390933411118498e-03,7.386810349527803132e-03,7.396868887315197899e-03
6.902201246666453058e-03,6.936592564799656802e-03,6.912905952184246819e-03,6.888191098477545668e-03,6.800774018905594853e-03,6.899500924788836038e-03,6.880697274839444461e-03,6.950265592424553600e-03,6.896516208261031788e-03,6.901687831928594689e-03,6.934822114164562561e-03,6.765513420303301620e-03,6.917253532292015096e-03,6.971076058619585410e-03,7.013038053313518615e-03,6.892128950433260709e-03,6.900421402086143359e-03,7.030577325137721961e-03,6.862829842803093786e-03,6.846593358017065423e-03,6.933512451833759825e-03,6.933716907578130195e-03,6.949616749967670905e-03,6.992284252401558507e-03,6.982147418249373683e-03,7.016474592380981049e-03,6.946684248561202715e-03,6.852048197889770015e-03,6.867279033199753281e-03,6.784987028580213853e-03,6.994421732196947836e-03,6.843414588350790750e-03,6.887795332891509872e-03,6.996862455398433767e-03,6.940777611952961799e-03,6.889631632060481438e-03,6.942473939692682394e-03,6.904878469134011730e-03,6.852418670986677555e-03,6.983210285595209052e-03,6.970126974542987207e-03,6.853757859946935961e-03,6.991200977770453510e-03,6.945107448763764707e-03,6.884047245668634650e-03,6.922893530024979911e-03,6.863643519207716752e-03,6.973195095176559083e-03,6.895965267445127236e-03,6.913226156558731003e-03
6.437849619901791186e-03,6.454933653277168844e-03,6.521262392592116694e-03,6.506904780150164075e-03,6.433607873037188590e-03,6.479867316153522031e-03,6.510108796365882654e-03,6.542348324182102950e-03,6.369408005087031505e-03,6.466652444947737326e-03,6.355236791436805199e-03,6.368276399604692189e-03,6.521102331718029756e-03,6.542739880913911801e-03,6.438999800562003779e-03,6.478080737644611835e-03,6.390891555059816792e-03,6.484200522812903940e-03,6.379344741737271764e-03,6.443123188218101080e-03,6.457716783563276393e-03,6.520592388647618830e-03,6.386271599300731225e-03,6.513026275526198963e-03,6.486797031700574333e-03,6.606610313948288980e-03,6.422425609617013822e-03,6.465361424437982354e-03,6.636037812499946675e-03,6.542069242030004728e-03,6.475654062103048357e-03,6.414142850648233557e-03,6.567239290117898344e-03,6.549237611152332154e-03,6.453620565900699754e-03,6.553991974074983330e-03,6.465131476119509099e-03,6.528087239175574437e-03,6.487015747979037704e-03,6.365110352640085747e-03,6.478559242089418010e-03,6.472489168641292444e-03,6.476854810295397391e-03,6.500832686691051035e-03,6.520437328613242108e-03,6.446790781901012672e-03,6.648125091698604827e-03,6.483515743915102721e-03,6.407030197001987830e-03,6.461113449530544832e-03
5.928358928442105207e-03,6.105135398933749132e-03,6.074653730305386648e-03,6.083216139240400257e-03,5.973027592582190459e-03,5.962567231993521830e-03,6.018659962245299921e-03,6.043460068442437980e-03,5.947598246204071140e-03,5.991231251896347171e-03,5.967771033765873964e-03,6.038158509952390278e-03,5.960205478222650385e-03,6.120457770557418374e-03,6.108023260709529237e-03,6.039687506967321602e-03,6.011491060834883889e-03,5.954368304553787385e-03,5.940428750297226460e-03,6.125607476597930319e-03,6.127992779867647531e-03,6.004710483387988400e-03,6.071095039617569952e-03,6.012593356506878810e-03,6.007300621686846240e-03,6.044012674516970572e-03,6.107994385901106479e-03,5.936016535704498678e-03,5.902483870828928100e-03,6.003078733205184300e-03,6.039514447103677165e-03,6.123963762056941484e-03,6.096333820856532706e-03,5.947373438693666185e-03,5.898336743987272514e-03,6.003708349421799616e-03,5.933938985688327547e-03,5.942005105415117810e-03,6.010784147291906021e-03,6.025742910001716940e-03,6.020359354907406715e-03,5.961723941177525174e-03,6.038219114228425381e-03,5.985874498732194834e-03,5.933704909451811317e-03,5.945802261257115799e-03,6.078453374961870735e-03,5.962226573769442706e-03,5.979622488031988495e-03,6.052171824625023934e-03
5.534671360265686763e-03,5.505798672345396487e-03,5.560535360917354293e-03,5.525724250672896590e-03,5.583960441100142315e-03,5.467803331476139318e-03,5.561337013533480290e-03,5.412213660393507160e-03,5.488842176322869353e-03,5.401038163239420611e-03,5.535437972535526760e-03,5.617893355465329586e-03,5.560067702307516097e-03,5.526105885940325348e-03,5.525765076730995880e-03,5.379011307914993364e-03,5.491258018267059469e-03,5.551373837005796341e-03,5.552613765699663043e-03,5.524025464259616110e-03,5.469870384048845617e-03,5.406416570750270656e-03,5.579377257204002835e-03,5.371259873564999607e-03,5.541124468941678594e-03,5.518913352561910513e-03,5.472144809925268312e-03,5.541694982120060411e-03,5.566558383977134906e-03,5.532775503338221990e-03,5.520832289997481580e-03,5.530780397893645013e-03,5.582507741849351487e-03,5.547371061982795358e-03,5.551791397152685235e-03,5.451760053265670460e-03,5.458913937806648443e-03,5.577387781146934086e-03,5.414303581636972611e-03,5.483485801740120222e-03,5.469148566940970797e-03,5.492369940141321981e-03,5.444158017647955303e-03,5.597055720611597389e-03,5.522111117570082696e-03,5.405297400715904782e-03,5.506692405523926602e-03,5.472770897118142859e-03,5.466337024660760345e-03,5.657039563239104653e-03
5.032533637664892735e-03,4.963712608916578083e-03,5.034343793548051206e-03,4.981156222072199644e-03,4.967986659603320504e-03,5.006501276995512471e-03,5.053522606181548929e-03,4.943936333429032118e-03,4.918086050881682013e-03,5.088928659880924583e-03,4.876620375351241321e-03,5.104614201571443070e-03,4.827959972951220181e-03,5.090834932529313996e-03,4.974490084697682710e-03,5.011364382701986343e-03,5.043348450640579121e-03,5.022739493852042617e-03,5.048413388928783135e-03,5.027519240575192838e-03,4.999032423655833980e-03,4.974477443211804649e-03,5.029837328834983225e-03,5.013946180126569938e-03,5.051243654037778329e-03,5.083898921274841894e-03,4.888624197770203260e-03,5.107596273230788526e-03,4.985990231297552332e-03,5.066495480321005912e-03,5.054810744723178817e-03,5.016075887138716702e-03,5.074054701724508079e-03,5.034003241080566536e-03,4.901881941293912900e-03,4.969187141888711627e-03,4.943447187592160674e-03,5.036322977688340204e-03,5.073366200862450097e-03,5.069402402972797254e-03,5.082014667775285738e-03,5.017277192827346646e-03,5.034693874399920333e-03,5.050327837355783091e-03,4.919700322919296279e-03,5.076497473854949330e-03,5.054349748916917712e-03,4.830585264945179598e-03,4.945372692812210341e-03,4.885390112656373685e-03
4.503472309043622841e-03,4.484055342065592677e-03,4.421356016592082293e-03,4.410528200219177540e-03,4.527285207063021059e-03,4.494516414663985056e-03,4.531659435732960511e-03,4.462483590154340922e-03,4.446692040732042224e-03,4.585747177242806630e-03,4.445947822249258705e-03,4.575571776077680917e-03,4.562656645864126941e-03,4.459516656281596950e-03,4.494467054091803339e-03,4.568727608972326416e-03,4.420198395357378962e-03,4.514032173789323497e-03,4.508164738466712528e-03,4.527679629856363845e-03,4.480030471247953283e-03,4.474670259890684530e-03,4.540638534699206405e-03,4.500219747839504479e-03,4.543470571393384838e-03,4.480588950762739997e-03,4.501949976106647648e-03,4.484356932578531865e-03,4.472171006093734504e-03,4.376291778335977302e-03,4.591066517832993917e-03,4.466305732894761647e-03,4.426239555521584677e-03,4.495077615745316814e-03,4.473367051910225045e-03,4.419431662281280739e-03,4.314914048546971553e-03,4.514138077434433870e-03,4.537984802757273096e-03,4.551671858413446417e-03,4.441183512465722225e-03,4.565204836064478723e-03,4.511868493798385470e-03,4.486161327361828412e-03,4.587234627637220771e-03,4.325632778845720817e-03,4.562318670910106219e-03,4.461297954283964702e-03,4.478581171510607507e-03,4.587954312937595099e-03
3.876470233346741585e-03,3.882929762652628791e-03,4.007501293110105750e-03,3.867868138680948236e-03,3.858329760665312608e-03,3.960618784282565925e-03,3.939010735955257407e-03,3.901720919481316621e-03,3.959449081856523597e-03,3.973994542526205175e-03,3.975404135347124224e-03,4.000624727013022200e-03,3.933036048844333089e-03,3.924371608055606149e-03,3.994192983974999278e-03,3.892751573873620349e-03,3.963932186380933996e-03,3.898479547015495233e-03,4.005996094324780141e-03,3.928998946210036924e-03,3.981542423434638288e-03,4.008199997221063154e-03,3.960383780293065016e-03,3.976962872264673370e-03,3.940975657439467657e-03,3.854219574471616852e-03,3.980025484502521319e-03,4.044599812628738023e-03,3.854193007769144818e-03,4.053449710565154226e-03,3.884134254719127325e-03,3.933195281546524383e-03,3.913645965169999796e-03,3.841798373215331904e-03,3.961053055954633258e-03,3.925928080136189754e-03,3.949231062584826306e-03,3.904890136794196900e-03,3.906817426750399704e-03,3.912313261573261911e-03,4.039723021839982352e-03,3.941838242333738605e-03,3.847977026675672776e-03,4.010683733603147109e-03,3.878694148459295010e-03,3.964319392707309382e-03,3.898903445482318573e-03,3.962749899928782321e-03,4.018595719671371781e-03,3.828950740091230289e-03
3.433289618035588811e-03,3.409145830827951286e-03,3.371804489368925972e-03,3.389456570909458923e-03,3.326496118933811984e-03,3.328300125420593798e-03,3.337687342092958767e-03,3.472621937731676552e-03,3.248037452954834290e-03,3.281339652879968274e-03,3.461338221854377319e-03,3.346573727052132297e-03,3.332177455256606254e-03,3.390742448032332997e-03,3.386018785574041335e-03,3.362834797038035707e-03,3.248121846042172165e-03,3.349131025513946841e-03,3.356410345561977246e-03,3.335929703590598608e-03,3.437354995976976343e-03,3.298744109394754261e-03,3.252117945099539109e-03,3.326522112792907118e-03,3.433742828195269353e-03,3.324469057566619475e-03,3.325345852260817425e-03,3.530750406244895397e-03,3.395241772198674159e-03,3.342605961178833369e-03,3.238588409476189211e-03,3.430940333201368785e-03,3.419167945392145944e-03,3.321648951612752101e-03,3.415504189266405696e-03,3.293854500367218285e-03,3.362539378185877472e-03,3.383603598714073329e-03,3.380700157235966372e-03,3.293848469505832911e-03,3.333606427831653160e-03,3.388106551390519285e-03,3.458152795401227449e-03,3.463628955266268711e-03,3.383978266633425568e-03,3.293726539749563913e-03,3.358714503632140389e-03,3.286632085987706807e-03,3.392629704564896313e-03,3.345430238858810267e-03
2.887115398037563840e-03,2.735767916039512967e-03,2.720806754999150964e-03,2.763661721908751250e-03,2.756023144880861454e-03,2.658284066765588191e-03,2.773090877453931753e-03,2.736551674320232726e-03,2.760605258663192604e-03,2.734421477962671945e-03,2.745012882919342471e-03,2.669603701246892145e-03,2.703957077198608071e-03,2.646614465910976724e-03,2.839290283267766404e-03,2.724874180760497241e-03,2.657236507874230838e-03,2.782363780094826346e-03,2.748268552069655073e-03,2.745504822929783085e-03,2.750239661120272051e-03,2.684415069154013570e-03,2.668133369674910525e-03,2.760510822763863857e-03,2.777532814356678537e-03,2.727824496887376517e-03,2.747615764259091469e-03,2.736025140405087732e-03,2.710157274553822750e-03,2.733039327502803997e-03,2.726222820400320095e-03,2.782080385336841571e-03,2.742802831323253639e-03,2.872825695250073950e-03,2.745229166758817330e-03,2.840889044394498148e-03,2.691916619265038047e-03,2.714399771411706800e-03,2.762416107775459307e-03,2.692324504061377119e-03,2.755783726322955270e-03,2.672920655583531108e-03,2.838483376961581893e-03,2.765620654207393437e-03,2.757506775124214226e-03,2.771293575729095668e-03,2.704803506088906875e-03,2.767914109209511017e-03,2.757634181250100125e-03,2.787334804712794916e-03
2.083493664754199667e-03,2.153023733370510156e-03,2.035347185282757737e-03,2.118300632994953806e-03,2.257328731719126114e-03,2.109152760460376082e-03,2.072254593871400777e-03,2.094916935835098269e-03,2.157486195121201440e-03,2.127596071792412988e-03,2.150764562019904461e-03,2.130729071668778160e-03,2.087625898024059699e-03,1.993095348454519862e-03,2.101995313491423524e-03,2.102032732017975088e-03,2.105561391317100836e-03,2.061402345041909914e-03,2.138136615693379209e-03,2.092393455299908136e-03,2.168730022201795313e-03,2.165918963971254566e-03,2.125007963159818332e-03,2.105930217300418759e-03,2.096911239391719469e-03,2.047470171521944670e-03,2.069538213708931301e-03,2.115517186372746581e-03,2.054390108865603286e-03,2.105004613754134484e-03,2.210424412480586909e-03,2.196195028993710822e-03,2.013622285114789918e-03,2.072694461418400375e-03,2.086731804275983142e-03,2.125456395739657150e-03,2.115421113339635995e-03,2.130599001077702979e-03,2.195632572248072591e-03,2.082854269895279605e-03,2.152616460810675633e-03,2.081045174634522672e-03,2.035647521344298699e-03,2.056808673769803218e-03,2.104871189963121100e-03,2.154920184938977600e-03,2.064045675727865618e-03,2.042923302756517647e-03,2.089842164655507720e-03,2.130973793192660840e-03
1.450868191112430691e-03,1.295717420717395650e-03,1.378018689879398784e-03,1.484242414388909454e-03,1.328047610946996504e-03,1.311657266857210952e-03,1.385879477639612341e-03,1.374040745789742880e-03,1.449560701485390953e-03,1.399127089413315737e-03,1.380356398773643131e-03,1.370429274293246151e-03,1.468748252971691310e-03,1.402542621091646541e-03,1.355291724004537750e-03,1.417737431611995136e-03,1.370810221988340771e-03,1.357608607446804177e-03,1.486924009606230669e-03,1.358860608391667052e-03,1.357144920481734036e-03,1.340840834542021253e-03,1.425433401058096277e-03,1.316314349996925608e-03,1.409541138913649513e-03,1.405931837305893911e-03,1.392768118881682884e-03,1.400278028567032229e-03,1.423020204884295394e-03,1.436806913001792982e-03,1.455760939097357773e-03,1.406289652241996977e-03,1.389819077056098301e-03,1.454334712042823410e-03,1.413104338112667084e-03,1.411944359757046248e-03,1.479106759409421195e-03,1.489755008654865395e-03,1.367631323359027283e-03,1.377205752106515141e-03,1.443726618778393318e-03,1.424162069132005109e-03,1.391175369740514168e-03,1.357651752049998965e-03,1.454460321480046010e-03,1.424467111495164237e-03,1.426472994290008643e-03,1.417196258101807412e-03,1.394606586243049605e-03,1.416901638046428550e-03
