5.046852258419991244e-02,5.080647019904910300e-02,5.057964021981815189e-02,5.030314704411650156e-02,5.038910913003152858e-02,5.049925602866183610e-02,5.041913089939922127e-02,5.034553742746912530e-02,5.038194817325134661e-02,5.041281375114486235e-02,5.071247987876610630e-02,5.029441804141121519e-02,5.035616426275714430e-02,5.064175352372547040e-02,5.064185432259320913e-02,5.029758416298526352e-02,5.044162842371176236e-02,5.052428951810065266e-02,5.029870094809651970e-02,5.056259577526914933e-02,5.069139039833595040e-02,5.079598317133848795e-02,5.044693946728955741e-02,5.084677069486980699e-02,5.063731436819909892e-02,5.056443276964581873e-02,5.053087200099865006e-02,5.054951494386936139e-02,5.052241876539179111e-02,5.063196987390756326e-02,5.033569115252238546e-02,5.051444874351787573e-02,5.048954199459743108e-02,5.027047692262122391e-02,5.058564847188132263e-02,5.074449520842608252e-02,5.073011779505103708e-02,5.040613011204628929e-02,5.046136301636758997e-02,5.060647500306651031e-02,5.057270742684234072e-02,5.030699529019738020e-02,5.057160687477395972e-02,5.055170441391924896e-02,5.049866071106529769e-02,5.038305220728580419e-02,5.036899264175710711e-02,5.061045964798917968e-02,5.060304094647533057e-02,5.053040601797956916e-02
5.072657471419717012e-02,5.044379094290381976e-02,5.051590555549193007e-02,5.028765004308982656e-02,5.027661006575016855e-02,5.059281586762972432e-02,5.053553967713305534e-02,5.073313807293172717e-02,5.067646587928053420e-02,5.065140278537028085e-02,5.084156303956240130e-02,5.083622078929625476e-02,5.073714510494058832e-02,5.055112878045459751e-02,5.055572988973319748e-02,5.050609127433342699e-02,5.058523248763212299e-02,5.050439845002015898e-02,5.061443039985547010e-02,5.048843883415538025e-02,5.067963918919472094e-02,5.067970276339614499e-02,5.029415388634768391e-02,5.060410636096879938e-02,5.032796912852372656e-02,5.065422636996592953e-02,5.070808631574084957e-02,5.051966048527675723e-02,5.052651521431455323e-02,5.074275627559924479e-02,5.046354835990096710e-02,5.044465765529881213e-02,5.075986782186870522e-02,5.085714536972937849e-02,5.041379584851927304e-02,5.051132461360444137e-02,5.043929098988947368e-02,5.073509968567369716e-02,5.043584391784959597e-02,5.063070030148821010e-02,5.052143577616365067e-02,5.054577122275051571e-02,5.069733811348171859e-02,5.073484891710892952e-02,5.073251492400976392e-02,5.058178791992986451e-02,5.044697074953946592e-02,5.074431761610246477e-02,5.044437805292540516e-02,5.058845062384893787e-02
5.030614775469562094e-02,5.036069414478154538e-02,5.044955035352904904e-02,5.048968465156564861e-02,5.060076023976644438e-02,5.057033957756487674e-02,5.067404105548565380e-02,5.052446893682552981e-02,5.071361322833043556e-02,5.080587537246112478e-02,5.045936692047954530e-02,5.038375528260018166e-02,5.081108257518159727e-02,5.067371357976611923e-02,5.061227323502982128e-02,5.063043764957690651e-02,5.056306064539495965e-02,5.056044554317940670e-02,5.021898344924133339e-02,5.047934553021581061e-02,5.062594388268518847e-02,5.023240918873334016e-02,5.050979432361742821e-02,5.079999001006968440e-02,5.075603625750945563e-02,5.043442268014051988e-02,5.042802224500259056e-02,5.067260877055070750e-02,5.026477531912167118e-02,5.072721909278047475e-02,5.073227071169611468e-02,5.059478817132020273e-02,5.056090090336591569e-02,5.063479783443277510e-02,5.041895262775793196e-02,5.062341746466959141e-02,5.060528943554162828e-02,5.064049902076007276e-02,5.050943044191836401e-02,5.028155275545804354e-02,5.054058286426505592e-02,5.032078151623882445e-02,5.018072949271952521e-02,5.056788740500837986e-02,5.031995031877995600e-02,5.043377893204577245e-02,5.052226616735758236e-02,5.048237677945947161e-02,5.043852682949137578e-02,5.026371622893489183e-02
5.072014195963898270e-02,5.065090341428393761e-02,5.048551653386011695e-02,5.046253393725443764e-02,5.055481990617533006e-02,5.035945310420830018e-02,5.075316522242015460e-02,5.046628233782946699e-02,5.029733452576468783e-02,5.024864397558531648e-02,5.035679312063495033e-02,5.035527654203962589e-02,5.017572718356432676e-02,5.065053966939724733e-02,5.034340700720963541e-02,5.075000385604577779e-02,5.068794137174045117e-02,5.041745307500102719e-02,5.040339496043148848e-02,5.081597177694988088e-02,5.057846956768997926e-02,5.073749847373048433e-02,5.062064318539858526e-02,5.042004843170889983e-02,5.055167702956580439e-02,5.060075320549862338e-02,5.038507142443197223e-02,5.027160049497136907e-02,5.052106110718578014e-02,5.024135806750273242e-02,5.022890401639021341e-02,5.063998465965964535e-02,5.052457190016729910e-02,5.032021646492747941e-02,5.055598298077668834e-02,5.062767880756239430e-02,5.026039341675608840e-02,5.069572256842211355e-02,5.033673361162240012e-02,5.037921553262365154e-02,5.043460740384813484e-02,5.053104818827824918e-02,5.027613252555838269e-02,5.070577957806470665e-02,5.026879078671647738e-02,5.059555945523249582e-02,5.049661638084851356e-02,5.064133083446669542e-02,5.044688799659433759e-02,5.030134193918744251e-02
5.049086900321653887e-02,5.024869112500141705e-02,5.022899525806474863e-02,5.032175158634117490e-02,5.048965520691548609e-02,5.054977457142308811e-02,5.019783754389224584e-02,5.027857758423780882e-02,5.032928593176483334e-02,5.017312122534635377e-02,5.035345401771913060e-02,5.054014671985768148e-02,5.038000831980539440e-02,5.036195902187863560e-02,5.054486853762855253e-02,5.046420215427557809e-02,5.039654649903656941e-02,5.037076332080192564e-02,5.034146706498707907e-02,5.018565339954234039e-02,5.037436801354389787e-02,5.044086313851702669e-02,5.046298760762853164e-02,5.042713160539002981e-02,5.050019965603804589e-02,5.047100089698162984e-02,5.054263892387272222e-02,5.045972669632204505e-02,5.034415908130732142e-02,5.047573828852443961e-02,5.061062304834580000e-02,5.054988205849609423e-02,5.036871563337795565e-02,5.014719871883241420e-02,5.029002324174913774e-02,5.040032457847047620e-02,5.045850735118940361e-02,5.045207055666264123e-02,5.046754588666814423e-02,5.031007880124575837e-02,5.032202314744815830e-02,5.019347111246653254e-02,5.054907350262684285e-02,5.050449556780078897e-02,5.059148069652227853e-02,5.046491621699826513e-02,5.083837971143962547e-02,5.042478922411703507e-02,5.033029478814814855e-02,5.056572332529171709e-02
5.048561472324352567e-02,5.024744206731916740e-02,5.025091494856201435e-02,5.050047463490517363e-02,5.023054819819596645e-02,5.028899378742168053e-02,5.024269276276740331e-02,5.032590791163944061e-02,5.024105999085642926e-02,5.040498196847986723e-02,5.063615422774325747e-02,5.021939146034865714e-02,5.015063076396807790e-02,5.029661311980116595e-02,5.037667214975734969e-02,5.021433756902530382e-02,5.027527180526965983e-02,5.045340486921329193e-02,5.036208132829925882e-02,5.041373458603849028e-02,5.040134835295116689e-02,5.039493165029040878e-02,5.035906447336140068e-02,4.999790281555039489e-02,5.051505716527613515e-02,5.033409431247563154e-02,5.041866216275157908e-02,5.042929069373885964e-02,5.038438046348935051e-02,5.028672547275553351e-02,5.033685526494857676e-02,5.038689635092293007e-02,5.017431679918200188e-02,5.042682785000478229e-02,5.053803129834218838e-02,5.001769165850013937e-02,5.029814839287441441e-02,5.017110947365338580e-02,5.032175777795989957e-02,5.009819866549461431e-02,5.042855466331433445e-02,5.046614348481894691e-02,5.029482666834005772e-02,5.028523972690303323e-02,5.045571079887548049e-02,5.028490874474675354e-02,5.033661284102528694e-02,5.062350794499499013e-02,5.037457264618996206e-02,5.019176924019252278e-02
5.016633997795422878e-02,4.992201541244657703e-02,5.016182739569133298e-02,5.036187596625121138e-02,5.021799227328880427e-02,5.008036554212642877e-02,5.008085248075451468e-02,5.024072966559006703e-02,5.042347743544267624e-02,5.027055627982406072e-02,5.015476657940080851e-02,5.029408236024002221e-02,5.059248938090880887e-02,5.024186974197453193e-02,5.030673827851715046e-02,5.047782009348440041e-02,5.060856883405705914e-02,5.023724531239764229e-02,5.028747606675652154e-02,5.011442286327440210e-02,5.037748332794070999e-02,5.024711358167351094e-02,5.033537472941605750e-02,5.021607397550471863e-02,5.004958008144452797e-02,5.039925675139679540e-02,4.999995692419956228e-02,5.027879639893030606e-02,5.035576370852148237e-02,5.018504172596639779e-02,5.031906294302886801e-02,5.028471773768628666e-02,5.037784387949136716e-02,5.007072420226632570e-02,5.031904379301312819e-02,5.029759964064423744e-02,5.007216596837096856e-02,5.031724013793269223e-02,5.031871543521023588e-02,4.996433798101406615e-02,5.034192553513307938e-02,5.033061189041701522e-02,5.012601573158134705e-02,5.027755754564228879e-02,5.034504281348719384e-02,5.030691244022328368e-02,5.013647706210259958e-02,5.005914852198962289e-02,5.010073896260332227e-02,5.035838498363661569e-02
4.998851988345421465e-02,4.999686481835519114e-02,5.008453322729475299e-02,5.031508806787416549e-02,5.017788895196512861e-02,4.986935852819516374e-02,5.004388796050856375e-02,4.982523190137687352e-02,5.023266590036484791e-02,5.022751429466599388e-02,5.039552278084655224e-02,5.020641991474748822e-02,5.002110840073768772e-02,5.003194165768137108e-02,4.985399741917172223e-02,5.013229070695361667e-02,5.027013031322453973e-02,5.005504685745227472e-02,4.990622752269370521e-02,5.027592090922514134e-02,5.008705487472279311e-02,4.986979172892063578e-02,5.016972347503223517e-02,4.992911977851295646e-02,5.010491595480323634e-02,5.025114022720075097e-02,5.024326656221454745e-02,5.026636066684726789e-02,5.010443121541131167e-02,4.997797708006356671e-02,5.004639952662624791e-02,5.008539699465885259e-02,5.008126089057116093e-02,5.015419207753099573e-02,4.992997859245832531e-02,5.003732163999536492e-02,5.013490434764948656e-02,5.029690423071434685e-02,4.991729581535030852e-02,5.018196878246554415e-02,5.010567714960544733e-02,5.031635176833154643e-02,5.016959027436507235e-02,4.992158837144302502e-02,5.003492863169048399e-02,5.019500796041116708e-02,4.994401536477213049e-02,5.025149468273183012e-02,5.014147398733909827e-02,5.010364651949875126e-02
4.993841858517487908e-02,5.002189374551918588e-02,4.981967245999822935e-02,4.977853450104900712e-02,5.008276929663500049e-02,5.015653646532787502e-02,4.986881105807138698e-02,4.970221038616591536e-02,4.989665897325884503e-02,5.017709783885310193e-02,5.025614798780057152e-02,5.023183031566511719e-02,4.994497591454086227e-02,5.006737127870526660e-02,4.976826252939858808e-02,4.993590721274525357e-02,4.980978245904103818e-02,4.974705828048876094e-02,5.001765538034155106e-02,4.978881867655755161e-02,4.991130398681333652e-02,5.015001502318353760e-02,4.987207603027345171e-02,4.996321242630396425e-02,5.017076775705153757e-02,4.984564125294498049e-02,5.008904163722324721e-02,5.012338997900986359e-02,5.000948160135759019e-02,5.003998023517317734e-02,5.000282888515163865e-02,4.981266278179470597e-02,5.007145763661495497e-02,5.025773045744918316e-02,4.985413454640903047e-02,4.989422093197760921e-02,5.035132890801073680e-02,4.990737527232333437e-02,4.998921698870326807e-02,4.990092633350651230e-02,4.991190942988570078e-02,4.971262353932271588e-02,4.989791330522227314e-02,4.992470949213098641e-02,5.012233005425535681e-02,4.974355845260847175e-02,4.993132644421868077e-02,4.986259464352387621e-02,4.992797145790515978e-02,4.990869429832424375e-02
4.989363552860800327e-02,4.971667854261489078e-02,5.001877287614882317e-02,4.991666828632689706e-02,4.971207951004930070e-02,4.994072284022480629e-02,4.963442308580979373e-02,4.986408738278778202e-02,4.987450346708359461e-02,4.985025608564823407e-02,4.999395794174709556e-02,4.992262232574417452e-02,4.983685213218448651e-02,4.974536099956498869e-02,4.967008505951270997e-02,4.964019227073718926e-02,4.994714419639736946e-02,4.983318604127971729e-02,4.977517108114848376e-02,4.975582208132280082e-02,4.978804351503673259e-02,4.972201322472331875e-02,4.953003591194379829e-02,5.001177779478439833e-02,4.956824982974987470e-02,4.989080513369845149e-02,4.995224370032073230e-02,5.010200734236214953e-02,4.962867925381382606e-02,4.944763337280914939e-02,4.987856557203890900e-02,4.963010137447167180e-02,4.976431890371705441e-02,4.967791777329855912e-02,4.983132240252709233e-02,4.996308127076395239e-02,4.978307706485014111e-02,4.976583335712223000e-02,4.944598155656774324e-02,4.978207128394311620e-02,4.983830165235923065e-02,4.966467748383865399e-02,4.965124458021794723e-02,4.990492638454015195e-02,4.982883612729708395e-02,4.976325274318568054e-02,4.961822562608640685e-02,4.960561797888105723e-02,4.987652083815252713e-02,4.970772336108407463e-02
4.958996947636027525e-02,4.977487516609960250e-02,4.987109521192112371e-02,4.951358963061619489e-02,4.964334676207737829e-02,4.950063370095930670e-02,4.946890484045058517e-02,4.963274512473694194e-02,4.960508990963834880e-02,4.978391987390883011e-02,4.947845903511430971e-02,4.975279265532539519e-02,4.943332058170151616e-02,4.936730663506004591e-02,4.985075317020591645e-02,4.953171277825128144e-02,4.974666759413864936e-02,4.980465137042274643e-02,4.963489732244835001e-02,4.966261793195784341e-02,4.985296899005285665e-02,4.938084341309902092e-02,4.982706696175800282e-02,4.969649492347043979e-02,5.002875020828023711e-02,4.976415738690739832e-02,4.973934532234797895e-02,4.945505476730152616e-02,4.989782799555542159e-02,4.969107078604325517e-02,4.991808022517212062e-02,4.979604356069716742e-02,4.938281439346209334e-02,4.939901013704954547e-02,4.936476525044045105e-02,4.955381242796687985e-02,4.977547000447218872e-02,4.964569290544169899e-02,4.958172258405659644e-02,4.977359835473423727e-02,4.930648096920021289e-02,4.965830321498734823e-02,4.976260596574584583e-02,4.970910458550849287e-02,4.962506208518615430e-02,4.966760058685722179e-02,4.973149458278394719e-02,4.942259402811070845e-02,4.939727442079731162e-02,4.959514653888444369e-02
4.940925790799520489e-02,4.978550721254070693e-02,4.939615115780869592e-02,4.947228389207072863e-02,4.949324189747841829e-02,4.916292448109641638e-02,4.947942514522405549e-02,4.952595522190629540e-02,4.969176650027779668e-02,4.950239326847220844e-02,4.938565606292445037e-02,4.941055209623767402e-02,4.951326238880431746e-02,4.953582974361254998e-02,4.941730050089594706e-02,4.950550721107922769e-02,4.964783703966490352e-02,4.937708789959849298e-02,4.927384296281327181e-02,4.959577141120551091e-02,4.961033973780978185e-02,4.958622052859627816e-02,4.928106215849829136e-02,4.915982724777356178e-02,4.949544050685117380e-02,4.933924794331367297e-02,4.926239536923130574e-02,4.919625669386155919e-02,4.950962154742621912e-02,4.939379044176317457e-02,4.925601052733917518e-02,4.933762585549161112e-02,4.960093874644185691e-02,4.932914969766608038e-02,4.938792676641139134e-02,4.960306196349448249e-02,4.932939545317237967e-02,4.947287581876353563e-02,4.930286588565409300e-02,4.966153540031435776e-02,4.939462486605122188e-02,4.930741665935704787e-02,4.948506178599688249e-02,4.965121523712497792e-02,4.943965314305998060e-02,4.905616424838206424e-02,4.949651042278772201e-02,4.980187818428228469e-02,4.976648876184933123e-02,4.937083937915862086e-02
4.908689937302437856e-02,4.929005028076582917e-02,4.939217215549515649e-02,4.946461612691507859e-02,4.927746052058232934e-02,4.925286917230738137e-02,4.908516764794366299e-02,4.912334488677310568e-02,4.925445386001241904e-02,4.928189643943686749e-02,4.917427861623428764e-02,4.910706976029195758e-02,4.929316590154234068e-02,4.907640338156876031e-02,4.939369292577560494e-02,4.895887084977761788e-02,4.930631916062548636e-02,4.909789632970795042e-02,4.907379264427290388e-02,4.927644836456197136e-02,4.924329234994279797e-02,4.890032595286820244e-02,4.922763763206949167e-02,4.937870443976034862e-02,4.950168521447524672e-02,4.903150827569101311e-02,4.909541396258144952e-02,4.935280143448828039e-02,4.909953050097262683e-02,4.927290259857510651e-02,4.910172982337904918e-02,4.922409268031619628e-02,4.946354355383594803e-02,4.913426539599733550e-02,4.906277867328964759e-02,4.901464874566135999e-02,4.916288384953806934e-02,4.921907316755356337e-02,4.931464818853632109e-02,4.937880057032203313e-02,4.926926775227721822e-02,4.895847533162527021e-02,4.928467471555110502e-02,4.903754053049308448e-02,4.925215982408197302e-02,4.928286442233169307e-02,4.937560863161103569e-02,4.910379408140568697e-02,4.952345422324180846e-02,4.913662404679886020e-02
4.873667388962217573e-02,4.903249100383642867e-02,4.912480182088817260e-02,4.886151720214811783e-02,4.878049653253802020e-02,4.918586919286351694e-02,4.891028068243739174e-02,4.894974289023265590e-02,4.885538220020964328e-02,4.901931749999089566e-02,4.863084204105624919e-02,4.911729230483091735e-02,4.898915713546985601e-02,4.879710969379544988e-02,4.896648521154433470e-02,4.867878392056644576e-02,4.919471206878615194e-02,4.876651179342187531e-02,4.912388071995044819e-02,4.866302073484424923e-02,4.914569197453809435e-02,4.892786823305738525e-02,4.888497500200464363e-02,4.899583486289060125e-02,4.913313826815843277e-02,4.914232892497960581e-02,4.904504884624019678e-02,4.892518179865775613e-02,4.903085422276774047e-02,4.912852078523569088e-02,4.892516285786119995e-02,4.898273588613858559e-02,4.915236875218250562e-02,4.922567730015361270e-02,4.908396442324845788e-02,4.904972312267728146e-02,4.896085660229038128e-02,4.899499650428364161e-02,4.891864966114103236e-02,4.884926794183700599e-02,4.913728613364178738e-02,4.886206797494963006e-02,4.903900923091938924e-02,4.876909336731449079e-02,4.920612630355252620e-02,4.911201761715759673e-02,4.895631463138577777e-02,4.933533659990797099e-02,4.903475654573971609e-02,4.888837243662827459e-02
4.875374642175630407e-02,4.869577253354142460e-02,4.866314993881020595e-02,4.882594351022780804e-02,4.867050174714886851e-02,4.881042237025255692e-02,4.875271121271070734e-02,4.861529510744598548e-02,4.866245569487652467e-02,4.870637819165495735e-02,4.870138226810696858e-02,4.881613587007411353e-02,4.860272189864528469e-02,4.859948730228721286e-02,4.846375216197890828e-02,4.850816371955543604e-02,4.851625651618444307e-02,4.882523412542597030e-02,4.892662318692294482e-02,4.880416338825549483e-02,4.861626645459642820e-02,4.863746201342521169e-02,4.859889327610827925e-02,4.847275340660810866e-02,4.865314697581173131e-02,4.858633754679092531e-02,4.865365076355545465e-02,4.876386430669203687e-02,4.875757369292756105e-02,4.899603021314345719e-02,4.852337842269217882e-02,4.867818208599727914e-02,4.865201680151107905e-02,4.862610720353410104e-02,4.891326634171134363e-02,4.852205724365338257e-02,4.868501955003290416e-02,4.860188701992672333e-02,4.860479431002544259e-02,4.876942986868319091e-02,4.872439560809233017e-02,4.862203285586908647e-02,4.860309147369295396e-02,4.873041536223155640e-02,4.876629163842402526e-02,4.847625425298200674e-02,4.875176532421770376e-02,4.868498447566357856e-02,4.887718079233471791e-02,4.862820411110465452e-02
4.830546107473093070e-02,4.855779155787843387e-02,4.834329248587723032e-02,4.826912162264226924e-02,4.837820449067484208e-02,4.822125076866635995e-02,4.867107193640407559e-02,4.843383600202199463e-02,4.845335199312274244e-02,4.833123795956109636e-02,4.849027254304756618e-02,4.846742493364263743e-02,4.829008146630408421e-02,4.816934189392749199e-02,4.825041365805368687e-02,4.857732839616605430e-02,4.831520301480867613e-02,4.864557773783845240e-02,4.808485162845874128e-02,4.857847929889704680e-02,4.839593481966417143e-02,4.838472459416046784e-02,4.828570479614422567e-02,4.862762147109936373e-02,4.832577148478164886e-02,4.851677497313584830e-02,4.843892713658556198e-02,4.829034894304241182e-02,4.853873461576429377e-02,4.837405836108409768e-02,4.832752933401286005e-02,4.821390474479796823e-02,4.825294266282379591e-02,4.835872455881273790e-02,4.826697064795863745e-02,4.840828421397141978e-02,4.858558106037769164e-02,4.845948672647460570e-02,4.867362784559776251e-02,4.853057206081728275e-02,4.825947583349475545e-02,4.832921044101309849e-02,4.829999942524448864e-02,4.825003318730997776e-02,4.829743292503408530e-02,4.827959767341379743e-02,4.846509573198138493e-02,4.839803526355380969e-02,4.856275261108716074e-02,4.830305049217782642e-02
4.811626158509738765e-02,4.816592158634760285e-02,4.828249449847073910e-02,4.806872207119548129e-02,4.806421910203674541e-02,4.816525059389863833e-02,4.771038905831360977e-02,4.801991680362804188e-02,4.836211747357900548e-02,4.818252706378418210e-02,4.809397988877891356e-02,4.807898867076029065e-02,4.795688382125654764e-02,4.830190827170018769e-02,4.823047518065994715e-02,4.796699608442686613e-02,4.816635171561534090e-02,4.791244039668308974e-02,4.797670617118460212e-02,4.790342289029002332e-02,4.818380428421698697e-02,4.805587365913426695e-02,4.816869331488780881e-02,4.815958144081352449e-02,4.813036133566969688e-02,4.821999652087241572e-02,4.827259166798449075e-02,4.802727947731114805e-02,4.811392681577876529e-02,4.812810709936822529e-02,4.834702170508382857e-02,4.810602779514418920e-02,4.842079885840054609e-02,4.804642455301116888e-02,4.807776948745048212e-02,4.805136163955156525e-02,4.784011946287899941e-02,4.822369690632493516e-02,4.800129827744994276e-02,4.823687876188714752e-02,4.806508700606973439e-02,4.790222084794557716e-02,4.795792733216552167e-02,4.803180739121851173e-02,4.805700305020475793e-02,4.812615123606069772e-02,4.793641159427293463e-02,4.822361526225398681e-02,4.801542375625253434e-02,4.814796680360210884e-02
4.785416896772143325e-02,4.780498023120861861e-02,4.771776091568175754e-02,4.787815155386832000e-02,4.782071824134991045e-02,4.761579956453749346e-02,4.775880884259791487e-02,4.760273665434478635e-02,4.770096433805481873e-02,4.795854534687236936e-02,4.793821675129580906e-02,4.780427808368580694e-02,4.781205258006278325e-02,4.806303099663886830e-02,4.752870436576032975e-02,4.789175418681104746e-02,4.784435238409558144e-02,4.776895530309891585e-02,4.777794639476447280e-02,4.808875821921640425e-02,4.778670845861966027e-02,4.777581563705060597e-02,4.763773068420436990e-02,4.767255339129325420e-02,4.777907331105078065e-02,4.779930647971252639e-02,4.790446122051901512e-02,4.802758054821772843e-02,4.786280107436611392e-02,4.790455421149412973e-02,4.784785587927192774e-02,4.768681248328605210e-02,4.773365113086976835e-02,4.750852697893285376e-02,4.755642744562003227e-02,4.788567492064825515e-02,4.786992076943607372e-02,4.792695763810793375e-02,4.778681774725059006e-02,4.760339373082848879e-02,4.799614505581722285e-02,4.789560554963732952e-02,4.792265816484828078e-02,4.774907760465441076e-02,4.799360801721715142e-02,4.778595664640265805e-02,4.783334539429348609e-02,4.788533355894716848e-02,4.746880853251264631e-02,4.796737910852244546e-02
4.734051436218222886e-02,4.738501924723405312e-02,4.737997404083030273e-02,4.740834220697980744e-02,4.745522210066414892e-02,4.756669045401115681e-02,4.734327930661891976e-02,4.740128613407366270e-02,4.742742553838252828e-02,4.713045583727856064e-02,4.764096339371626243e-02,4.728046844087776396e-02,4.727075108889874228e-02,4.734673197235859943e-02,4.737598663208094502e-02,4.724514694675639725e-02,4.732361623635421288e-02,4.717037221807757197e-02,4.723827252717257424e-02,4.737495622632769549e-02,4.756806163893121525e-02,4.758184904168170914e-02,4.732400534192924418e-02,4.740157080987889709e-02,4.738774269050858440e-02,4.745839192248623578e-02,4.742101414232490625e-02,4.746193760475937717e-02,4.718999615419988691e-02,4.746937727223488057e-02,4.756697394581208688e-02,4.729396574436296741e-02,4.757011909092192375e-02,4.720576258374047096e-02,4.727028009982676277e-02,4.741791498074686417e-02,4.755973671399177372e-02,4.752012338548206732e-02,4.754698357178924195e-02,4.714072900423753321e-02,4.730941998335429916e-02,4.738358081930065663e-02,4.737880988499151846e-02,4.749922040280189772e-02,4.730476064272633868e-02,4.764189663699155974e-02,4.743429530781241577e-02,4.707129779225191490e-02,4.743983381884370187e-02,4.780711383428795647e-02
4.673587610618262778e-02,4.700765110461498780e-02,4.703604106650448313e-02,4.696586098640321422e-02,4.708636087222341227e-02,4.702149122039105816e-02,4.714268266854113737e-02,4.695776515720096606e-02,4.667078537428492185e-02,4.698656077069465753e-02,4.711250213213098725e-02,4.677948814213154366e-02,4.711517214885038024e-02,4.711159878431831621e-02,4.687470696357572131e-02,4.713749905823673425e-02,4.711129104827331548e-02,4.680930721551065238e-02,4.679462634079703531e-02,4.689871902169296530e-02,4.695125458085486203e-02,4.687230501273404598e-02,4.683601986855851634e-02,4.713534741632233183e-02,4.719943086446441727e-02,4.702853922753273685e-02,4.720044162528007348e-02,4.694420722613370373e-02,4.684187552274902966e-02,4.692905215078334302e-02,4.680403256716125782e-02,4.675185563026953289e-02,4.727108481625981462e-02,4.693567369079042206e-02,4.701912721124515415e-02,4.701468844343708459e-02,4.670018172322629169e-02,4.714770807412047710e-02,4.695399677884925377e-02,4.682341264569316736e-02,4.702556466314742473e-02,4.714011261000968650e-02,4.678082404106037595e-02,4.723550273494095397e-02,4.706735605784230503e-02,4.711939962227467554e-02,4.731347775552923601e-02,4.697930188305993876e-02,4.697307174372367111e-02,4.695815931631520251e-02
4.657326837164912220e-02,4.674044841603764572e-02,4.682565655210847028e-02,4.649377323486483804e-02,4.665543979315885104e-02,4.664003991042158653e-02,4.681765627985638722e-02,4.662598754373076249e-02,4.655533678715672447e-02,4.670186984326873958e-02,4.657364025885116221e-02,4.653637033850474558e-02,4.684825553590452746e-02,4.658289594704303344e-02,4.676907568754255784e-02,4.694059231349945877e-02,4.681535377993333719e-02,4.661411276395893005e-02,4.677332268843544666e-02,4.690371845353650399e-02,4.677203515116296756e-02,4.650585468944212764e-02,4.674689698566398405e-02,4.652901280025951297e-02,4.673178629063214767e-02,4.666230915019527886e-02,4.656110038831322989e-02,4.671466530058972916e-02,4.670031905691589963e-02,4.692480707149022934e-02,4.647229591324039677e-02,4.677460304711307526e-02,4.649055379146881800e-02,4.649823918811642892e-02,4.651714367947767242e-02,4.684956571542971127e-02,4.674559169027841382e-02,4.650261986871793984e-02,4.662030546892408783e-02,4.657266672985403699e-02,4.682215038428866327e-02,4.682475398695207236e-02,4.665111542447317183e-02,4.678372093377146379e-02,4.632030870668071842e-02,4.667179675093924979e-02,4.668612095232081705e-02,4.654010338283184195e-02,4.661290783580486485e-02,4.689745937025744521e-02
4.631040718804547290e-02,4.608215658840815465e-02,4.607710150763906498e-02,4.620990222555022148e-02,4.605727635710302192e-02,4.596367142757215585e-02,4.638060186239034016e-02,4.632424805386529260e-02,4.633469219549167517e-02,4.633488353707055502e-02,4.580942788442155661e-02,4.632048265984341912e-02,4.624405409390053984e-02,4.618073063490545777e-02,4.623388846413474529e-02,4.614593369000032780e-02,4.596641180842527680e-02,4.611194443430736978e-02,4.632078706105934029e-02,4.624184337807987766e-02,4.647486969628360221e-02,4.626937646128080617e-02,4.624888198635566244e-02,4.621303203797868381e-02,4.621561206222908613e-02,4.595122604649367476e-02,4.611494119011148168e-02,4.645198556835888892e-02,4.619387140094874389e-02,4.587504361251953933e-02,4.609378829834787084e-02,4.611415544882978973e-02,4.633122334125260727e-02,4.644993114989963423e-02,4.617204767545098065e-02,4.608197153743939095e-02,4.621093985821412425e-02,4.615901358391190368e-02,4.611745541486957783e-02,4.622119206904448663e-02,4.605953305512697216e-02,4.612222579871724792e-02,4.627780535008547969e-02,4.622638689765203729e-02,4.625887598300316983e-02,4.609288654358368459e-02,4.624641211282529835e-02,4.651865202266965843e-02,4.630621014566409233e-02,4.632794309806253369e-02
4.571428404079096175e-02,4.540481411623083219e-02,4.557924117892869775e-02,4.577049779948462460e-02,4.574110578135783672e-02,4.569020519807361069e-02,4.587897140783215449e-02,4.554050336179414626e-02,4.586378614149524968e-02,4.552093532399023590e-02,4.552858444464928656e-02,4.545985541494812487e-02,4.581768168357803345e-02,4.581281658627373021e-02,4.580376613172937317e-02,4.591247426130386222e-02,4.585918317708127800e-02,4.584654225248963044e-02,4.591344894429513768e-02,4.574900628344358289e-02,4.614899557326012508e-02,4.561973999405268682e-02,4.539828770151341231e-02,4.558750992844136374e-02,4.578871151347883861e-02,4.567751709018420814e-02,4.553703613363449532e-02,4.579447352576001412e-02,4.581692836538929503e-02,4.607746231997349173e-02,4.572564251525806228e-02,4.579809233927619599e-02,4.586486811030059813e-02,4.567791152226696044e-02,4.598312035815829701e-02,4.572276041069152364e-02,4.596118509735858115e-02,4.562672529350052936e-02,4.559761140644669891e-02,4.597133013440864863e-02,4.551134710807098332e-02,4.572438492807199412e-02,4.578469846887647798e-02,4.575203546342986732e-02,4.560656473501764618e-02,4.568791640340694182e-02,4.581104094235920188e-02,4.578425395317389790e-02,4.561689891660198476e-02,4.573154180748880554e-02
4.536492238783552955e-02,4.539812852144656241e-02,4.533156313764499790e-02,4.518889502262120328e-02,4.533458509833295652e-02,4.530381216577192977e-02,4.549829326181632771e-02,4.547002406571745703e-02,4.500889381624461477e-02,4.507348266785454055e-02,4.531532887083355998e-02,4.527117727487300902e-02,4.529155896184310082e-02,4.519304251491877006e-02,4.523417880085844889e-02,4.524293289467172519e-02,4.531944815476273564e-02,4.522029457301925126e-02,4.553233965662691063e-02,4.515902181418506023e-02,4.534746968463212319e-02,4.539830543277464936e-02,4.547456694738891136e-02,4.533630408937475154e-02,4.519892808242046561e-02,4.562383022764286006e-02,4.535251983368657897e-02,4.491633928816261834e-02,4.501971847753264561e-02,4.532421397968081078e-02,4.528471982739075419e-02,4.553858242315497740e-02,4.529981437734882654e-02,4.528679737549189815e-02,4.522801863616827261e-02,4.541053343373687573e-02,4.543125924834614388e-02,4.537856924520598800e-02,4.549819606643263487e-02,4.504288452479349864e-02,4.529447031670624790e-02,4.541641114761785919e-02,4.542309470006186678e-02,4.540604415004707850e-02,4.504170775429939405e-02,4.546795256962993942e-02,4.545940015741737478e-02,4.509384803437712502e-02,4.531911327040330506e-02,4.508702295993816805e-02
4.484538645873431539e-02,4.507369303205480127e-02,4.440493970307682337e-02,4.499529081999887464e-02,4.487492648712826382e-02,4.478096509990903834e-02,4.504886350553373442e-02,4.472943630052220870e-02,4.508464785913527534e-02,4.505839793676565119e-02,4.481021215372257144e-02,4.481060671913700277e-02,4.504309619880062648e-02,4.473940525701079751e-02,4.484420601973949927e-02,4.488773910004313639e-02,4.455676729831536259e-02,4.477541335126658528e-02,4.483809577117190553e-02,4.457624655781598777e-02,4.489119723767374254e-02,4.468975957599653076e-02,4.485946547607457674e-02,4.476814369507811642e-02,4.466180310746552251e-02,4.462266839360683884e-02,4.496613082180698356e-02,4.495545329793863842e-02,4.468867678031147872e-02,4.480461791693201440e-02,4.508334397129488968e-02,4.482603142042025646e-02,4.480821011616304556e-02,4.457663516534647596e-02,4.472767492851754956e-02,4.472549417279635120e-02,4.505701363506088575e-02,4.476657520987185890e-02,4.496118530380083245e-02,4.496044565812062216e-02,4.472136699396048881e-02,4.507861964997352672e-02,4.471319208165621534e-02,4.492480210775150196e-02,4.471484156851122937e-02,4.465567766119993981e-02,4.478769781633164249e-02,4.463970163732380869e-02,4.465106244314354794e-02,4.494399737308434062e-02
4.457305456050555253e-02,4.405737868259559237e-02,4.439092742361998994e-02,4.424833937982415588e-02,4.428089182238196392e-02,4.411330982079590679e-02,4.440858091149287729e-02,4.386375041200167579e-02,4.413819151353265413e-02,4.410722936614260709e-02,4.422251260169442200e-02,4.424851539613153251e-02,4.412662990642268052e-02,4.413246322075429356e-02,4.424448963190819734e-02,4.446509512919952917e-02,4.406045605145135491e-02,4.425536469811559154e-02,4.422913572027342005e-02,4.416545639885005592e-02,4.424941149502401722e-02,4.418285663634713423e-02,4.410641462108850358e-02,4.426016843156861669e-02,4.418333556739979795e-02,4.409676100818681055e-02,4.417167447692366827e-02,4.422411755417586521e-02,4.431661714873970370e-02,4.438516631600188111e-02,4.446555276577496968e-02,4.411424868741428695e-02,4.437860717680897071e-02,4.424154399977688057e-02,4.428935074599342492e-02,4.433201469071635509e-02,4.420384817913121378e-02,4.427920920311428921e-02,4.409029057011047692e-02,4.437867538886194896e-02,4.426516289429438533e-02,4.461978639620433479e-02,4.416849742948582291e-02,4.415886171023111761e-02,4.431495097687426082e-02,4.422893304766881833e-02,4.427956360745782111e-02,4.404565013938203238e-02,4.431790830500278999e-02,4.422924346568342380e-02
4.353209034329021815e-02,4.384342535603471397e-02,4.367758639545072513e-02,4.365911039116490699e-02,4.365120952339780064e-02,4.391632222167596300e-02,4.394805305040747068e-02,4.337257625015077112e-02,4.352969472648644117e-02,4.373435051460442674e-02,4.386170278398301980e-02,4.385862081024440029e-02,4.370529469890982455e-02,4.390880170734710874e-02,4.400028768234684473e-02,4.369541121377564646e-02,4.350834584408419525e-02,4.373204339285914621e-02,4.380261521260778862e-02,4.396720719688941570e-02,4.359431303816115044e-02,4.369169403536979357e-02,4.378572828204314871e-02,4.373370689888353424e-02,4.377836015418710980e-02,4.395371448566520733e-02,4.365351212124141123e-02,4.383804134065362457e-02,4.390677736612478427e-02,4.369945686890169823e-02,4.367031545115180463e-02,4.353844416909844611e-02,4.375742330488111009e-02,4.382180424127409685e-02,4.362716623277047845e-02,4.339587696463121508e-02,4.384508644571777358e-02,4.390713859980239359e-02,4.387151839931637681e-02,4.351948526815464097e-02,4.390956218582888620e-02,4.346142629576679739e-02,4.353329829811015267e-02,4.377951069267258660e-02,4.351877754539150434e-02,4.349142032684291670e-02,4.350972578489391285e-02,4.366097418737969332e-02,4.376133800096706356e-02,4.374435362989077813e-02
4.315249914705619749e-02,4.329754744259866478e-02,4.288018894357003424e-02,4.322037862160583999e-02,4.291573762967975519e-02,4.314770795563106082e-02,4.304768275607596950e-02,4.317199611200124576e-02,4.301227158279485180e-02,4.320550267328622518e-02,4.280959198631536372e-02,4.306168209787238077e-02,4.320824579480740668e-02,4.337088726174660042e-02,4.309727058629651830e-02,4.324715015037085969e-02,4.314260084317639299e-02,4.323689572641162271e-02,4.285263182319473674e-02,4.321752173602678299e-02,4.309299669841426539e-02,4.292937451042633940e-02,4.310625243809009660e-02,4.318313872229647549e-02,4.314247540329020636e-02,4.311957646278496287e-02,4.317488741160219884e-02,4.321397852296236103e-02,4.312327437555572851e-02,4.317924532695906203e-02,4.302686645624555911e-02,4.301886921155035487e-02,4.305901382681918271e-02,4.338665943936809155e-02,4.309673563445091254e-02,4.341886410476593350e-02,4.327918060192634253e-02,4.329824337174533605e-02,4.326766889379506792e-02,4.339911422688422921e-02,4.307096760232390770e-02,4.333120097446325342e-02,4.333598944736004321e-02,4.307259980958919043e-02,4.309791679338361575e-02,4.295079266499830101e-02,4.308073686287450244e-02,4.337198981990775942e-02,4.307259210835742008e-02,4.321405838048519854e-02
4.278510246265398997e-02,4.279596852029281945e-02,4.235894952980306244e-02,4.245279133253909015e-02,4.277316914674238191e-02,4.262921078338700875e-02,4.245717722288671475e-02,4.248443414777686167e-02,4.263639974041934927e-02,4.243723030444634253e-02,4.293514172765394016e-02,4.262921617046364769e-02,4.240584504392961446e-02,4.262602969082286697e-02,4.254481861466877235e-02,4.263906555530753290e-02,4.230985888908588705e-02,4.256700351953569134e-02,4.273190000061471289e-02,4.262700424979263408e-02,4.245934110202333189e-02,4.240355469997163229e-02,4.230740244459726962e-02,4.279425874444239136e-02,4.237068412799825656e-02,4.263192028093015090e-02,4.253017945395860117e-02,4.246246657190982932e-02,4.242422665860407643e-02,4.272306137836880818e-02,4.247068413556327054e-02,4.226991929723632885e-02,4.250493571302325219e-02,4.243051949007960177e-02,4.244796027609055999e-02,4.252680590422963647e-02,4.244726408979018761e-02,4.248602689539589250e-02,4.275006779459056966e-02,4.255521243125386793e-02,4.223092994683489559e-02,4.263723914298710171e-02,4.231200275190381832e-02,4.291477756309567543e-02,4.230254635615908476e-02,4.263702978717855835e-02,4.229380602926254701e-02,4.261697180271548785e-02,4.295791888785102652e-02,4.222859084499432786e-02
4.161422326412183431e-02,4.216336956442447159e-02,4.191124702216313808e-02,4.184462715743847427e-02,4.201779759074208281e-02,4.183316542144541184e-02,4.190683805579702159e-02,4.213397738301098011e-02,4.168797960738348379e-02,4.167044263682714161e-02,4.166552704550242209e-02,4.175382314810528739e-02,4.187595752406896021e-02,4.203427804333726564e-02,4.185090656391316638e-02,4.192900378763924490e-02,4.203542265458428545e-02,4.217501458131839992e-02,4.199553122440820296e-02,4.178333730391484840e-02,4.210757130543766463e-02,4.186096393502231755e-02,4.203063145825325364e-02,4.184742187833319360e-02,4.168873570803185991e-02,4.187557937247717021e-02,4.168247603574083693e-02,4.194195474276416619e-02,4.195888406176048746e-02,4.190062312681113593e-02,4.208682282077260556e-02,4.182805177487795151e-02,4.219034550439922093e-02,4.194512467635796993e-02,4.182598476332140963e-02,4.203543220815236098e-02,4.215022425452159827e-02,4.188743393980367408e-02,4.178203744344536480e-02,4.183090011646063006e-02,4.174037953930310324e-02,4.195401564176123171e-02,4.171344779057980373e-02,4.171482049779739326e-02,4.203290763188251289e-02,4.195384569066188535e-02,4.187900982605250594e-02,4.215121030725271084e-02,4.213609337730731680e-02,4.199060911338725610e-02
4.137203765627715801e-02,4.130486798245108782e-02,4.143453625796416490e-02,4.111100696148332900e-02,4.120220062396223043e-02,4.129709758302439054e-02,4.120131664855516962e-02,4.100113186584235930e-02,4.144504616816867965e-02,4.127518195679293761e-02,4.122847548447837462e-02,4.142190098308271701e-02,4.128070488111226094e-02,4.128607831510548720e-02,4.125333271201588742e-02,4.122919388917519606e-02,4.107788446741843236e-02,4.123275420303700034e-02,4.066540042264182864e-02,4.117373712927153984e-02,4.109641640924915212e-02,4.078379528191040937e-02,4.137199599668782424e-02,4.109622551540303287e-02,4.094353495400844534e-02,4.106823748709838295e-02,4.107533180484289337e-02,4.108629614696114596e-02,4.124219511555197309e-02,4.135915807486029855e-02,4.107573135303489026e-02,4.114376897243026548e-02,4.103746125713061965e-02,4.136618674523662859e-02,4.130223927481545959e-02,4.120829160713978395e-02,4.124247953260128108e-02,4.111465134046048825e-02,4.112978786134079828e-02,4.105811970691596730e-02,4.121786234298763923e-02,4.121572058170622221e-02,4.116495628771266874e-02,4.129249881046025139e-02,4.133307493815103345e-02,4.142792940877917246e-02,4.140464928578786036e-02,4.118693499376030465e-02,4.132979378249757030e-02,4.104630728740485401e-02
4.051408713043772036e-02,4.020067066337692369e-02,4.053178639833501101e-02,4.060725925493454541e-02,4.036765681878150269e-02,4.035933586133899631e-02,4.061004228552482498e-02,4.058349101789338054e-02,4.036728229953315955e-02,4.049308054978553728e-02,4.043937254015975147e-02,4.046761637836485126e-02,4.050335352033663378e-02,4.062647356090857975e-02,4.045818341798902706e-02,4.061148268855838822e-02,4.048374142983578172e-02,4.052894344826786510e-02,4.053891297112464931e-02,4.043218578695596116e-02,4.081807462912306200e-02,4.040758321475235865e-02,4.044424333120337500e-02,4.038000250130418384e-02,4.040438606832964796e-02,4.054430901908619850e-02,4.042269702079280547e-02,4.078408842016725128e-02,4.054681284265810454e-02,4.047025040997871692e-02,4.078561980160270994e-02,4.052638470088146261e-02,4.026092165774750042e-02,4.053504391742731444e-02,4.055051249581813344e-02,4.045898665985742104e-02,4.054967351010859561e-02,4.071881856785024983e-02,4.048729212694295032e-02,4.084329015908669952e-02,4.054421245119581990e-02,4.080641729400032863e-02,4.065825296756198776e-02,4.047274846827806499e-02,4.065265824405536049e-02,4.043242292079170241e-02,4.029934778734280826e-02,4.059317841147294659e-02,4.074924922141397871e-02,4.042393034019198944e-02
3.984858801832702468e-02,3.985149452396182651e-02,3.993268095377151827e-02,3.955962053356225361e-02,4.011322983127167674e-02,3.983342462872571654e-02,3.960278544107890403e-02,3.994431960211183852e-02,3.991158666298930818e-02,3.980377834902699280e-02,3.981029039715477946e-02,3.999944976438741390e-02,4.008867298307017962e-02,3.986430393892831381e-02,3.963670519293072819e-02,3.974748239240762093e-02,3.965614825297335971e-02,4.006969836557223996e-02,3.989495279251548121e-02,3.966001567370010250e-02,4.000466670801844371e-02,3.988939342073038324e-02,3.989656075162113791e-02,3.982876707124003574e-02,3.988800202801481148e-02,3.951657879917185728e-02,3.999496625819001783e-02,3.944528079038732427e-02,3.984687534014060700e-02,4.001895605654885030e-02,3.978140407389508387e-02,3.969918677116395650e-02,3.999194621862709603e-02,3.975709391101792806e-02,4.007099393640940754e-02,3.951342003823784393e-02,4.006853590185158881e-02,4.003711445314547812e-02,3.974264575953723178e-02,3.981647777852583003e-02,4.010421878819066949e-02,3.974858140062599576e-02,3.971279158948554794e-02,3.956741100905026426e-02,3.964494279717712538e-02,3.989216775525301212e-02,3.952541380940964577e-02,3.983417110497677188e-02,3.987122560761485052e-02,3.990243865273747359e-02
3.920983192590025285e-02,3.918542895676304511e-02,3.931853259894002584e-02,3.891905622159062828e-02,3.890813254345173999e-02,3.896012711380166665e-02,3.900939904092587396e-02,3.895012685051586071e-02,3.927251917926331132e-02,3.909648696821992064e-02,3.887914485827782818e-02,3.919065231028009966e-02,3.891923689901549688e-02,3.896413504625863278e-02,3.905806619277055886e-02,3.909310661622380362e-02,3.945388311583412910e-02,3.910768447080111010e-02,3.872117907571503287e-02,3.894718570894027676e-02,3.908148061348713093e-02,3.900603629169521747e-02,3.908117207510200530e-02,3.937119496289916837e-02,3.889820789503196929e-02,3.882171077992924157e-02,3.924444278578315820e-02,3.886547626127312416e-02,3.889045898007358754e-02,3.890902371098897694e-02,3.891136101017830112e-02,3.922186793028822199e-02,3.903605024677622021e-02,3.873850367175096787e-02,3.905339710573586115e-02,3.915837695328892865e-02,3.903379847377538847e-02,3.899168198262676494e-02,3.906964339325429830e-02,3.897101231200299221e-02,3.895189966233152806e-02,3.896773243588941282e-02,3.895127269806333836e-02,3.902976962935401223e-02,3.894912997556734119e-02,3.882283017032529121e-02,3.910021570178912748e-02,3.920791677157212801e-02,3.933230619036000297e-02,3.901366629450205709e-02
3.828643333121770770e-02,3.800291911380261622e-02,3.853657330467696179e-02,3.852494836986152665e-02,3.820180337427486056e-02,3.809073880300346132e-02,3.818822159328841975e-02,3.831815250771210962e-02,3.814554887695737612e-02,3.832231113236423542e-02,3.828138453492534871e-02,3.839502756046630355e-02,3.839798548269871686e-02,3.789226242622724394e-02,3.829771378138219218e-02,3.828386056224630796e-02,3.814138764994306346e-02,3.833699835629323510e-02,3.821391506235590624e-02,3.822358534862973362e-02,3.831553303008410766e-02,3.815574876485911676e-02,3.842192298743461742e-02,3.797366312006037609e-02,3.825886460046001164e-02,3.810878048890237180e-02,3.799372601245463305e-02,3.817541850877323450e-02,3.823425784194919158e-02,3.804678551027827760e-02,3.832751640940917914e-02,3.839393339466044136e-02,3.828914367703410704e-02,3.831611289514512408e-02,3.812973113517685586e-02,3.801401334569801116e-02,3.822064074217223356e-02,3.825341589052040636e-02,3.833512734827131813e-02,3.832538951471091415e-02,3.851001609753609140e-02,3.835975328219900365e-02,3.822941701147310883e-02,3.849036283460540581e-02,3.835838872340690403e-02,3.836066388945127970e-02,3.813826955326488771e-02,3.815211718155188392e-02,3.852947954215726195e-02,3.827897137884490875e-02
3.737285607860663800e-02,3.756492411232688344e-02,3.740394399071977904e-02,3.771517505873543674e-02,3.727882635199693956e-02,3.752451425442306088e-02,3.746801271286354096e-02,3.730615478028068144e-02,3.737365176066143047e-02,3.740873721007949293e-02,3.738271095042690340e-02,3.719974592850746470e-02,3.740111948560551069e-02,3.734638529491750986e-02,3.707508338474244103e-02,3.721138894175377021e-02,3.731735638475153216e-02,3.746426333655665519e-02,3.769768379175949397e-02,3.738390448907139008e-02,3.761432419243554426e-02,3.772238379921742657e-02,3.752998897363721970e-02,3.761290752400207882e-02,3.741925409464104402e-02,3.744857651272553989e-02,3.722760355790755149e-02,3.725225512223329094e-02,3.752494730314726717e-02,3.751731660613644159e-02,3.706255844087154999e-02,3.732284219193686414e-02,3.748753456261148115e-02,3.758802238052019046e-02,3.769626615526015107e-02,3.765667398374636377e-02,3.767827735216847107e-02,3.737724558623480714e-02,3.729673052867875371e-02,3.728423789643516006e-02,3.717759687198788493e-02,3.754003990257009926e-02,3.765032611062588824e-02,3.747432566027469186e-02,3.774083127757713041e-02,3.732202166449413716e-02,3.775933891622876293e-02,3.743611894250233052e-02,3.717462705714340981e-02,3.744659410641214270e-02
3.641644791466619457e-02,3.647030702549641790e-02,3.628654209948630610e-02,3.661493955118896165e-02,3.625628215974347618e-02,3.699045632705993264e-02,3.634325073963291103e-02,3.657636306267458837e-02,3.648108669568524143e-02,3.660051436610403663e-02,3.668476842735615001e-02,3.644332264410561628e-02,3.635953053290271603e-02,3.693117449080205589e-02,3.683136706789583853e-02,3.652045590175084094e-02,3.678211146471192794e-02,3.638296715994038949e-02,3.678983927209059090e-02,3.663845827021773582e-02,3.675712864623652959e-02,3.670262528382444572e-02,3.653118792100361334e-02,3.655853048793215876e-02,3.646358253888483392e-02,3.664920943987136359e-02,3.684867462041294117e-02,3.646445517667987885e-02,3.650998309822112847e-02,3.659492894086891629e-02,3.671955669934295202e-02,3.653462026210402280e-02,3.656806297310389448e-02,3.675541495043002649e-02,3.631740408230971912e-02,3.655266671417588265e-02,3.659346546784517790e-02,3.644732347539592771e-02,3.657211995871845894e-02,3.620783956334180931e-02,3.682614409856936610e-02,3.687359153809623147e-02,3.639489144211231070e-02,3.654159708261843498e-02,3.660670523045468638e-02,3.653391562714139451e-02,3.681488431052855337e-02,3.687531496396542069e-02,3.667883108779054768e-02,3.654147219728139800e-02
3.596284390188518587e-02,3.558753890085548238e-02,3.558953489183131619e-02,3.559351984747901460e-02,3.582769346727356780e-02,3.538269641080878797e-02,3.596976253059506329e-02,3.574415871163091202e-02,3.582435541704951515e-02,3.566119057663101610e-02,3.583073957522152353e-02,3.561417221840052633e-02,3.549440465705272496e-02,3.586556449653979795e-02,3.580072970238909469e-02,3.572942326440541744e-02,3.559572443065368158e-02,3.568966372254329944e-02,3.550277271493933878e-02,3.569094009622619801e-02,3.582257625496397535e-02,3.571290001400912600e-02,3.595271535760097975e-02,3.561118877893316298e-02,3.563715973210177662e-02,3.564190748483032911e-02,3.586096485232082021e-02,3.566241684690298758e-02,3.596370175803482311e-02,3.578161734342084899e-02,3.583190865195637342e-02,3.547802226438419304e-02,3.591307370342137345e-02,3.572092135062047286e-02,3.588568042109423206e-02,3.580420861819885031e-02,3.557073816339792471e-02,3.587375669865749961e-02,3.572618473345689355e-02,3.563436372274687847e-02,3.576205029318092754e-02,3.590057695741391552e-02,3.568127927004116628e-02,3.574081856279531094e-02,3.566917328251102692e-02,3.561120871735694304e-02,3.523856555368688054e-02,3.590239997753737200e-02,3.576461476932026040e-02,3.581129868185008863e-02
3.484227254659592182e-02,3.493419680464849436e-02,3.447112787516454918e-02,3.459634845269109887e-02,3.488099411656352122e-02,3.469148843804727850e-02,3.488804969942271156e-02,3.493859413925370222e-02,3.463235289906363423e-02,3.474548480628556618e-02,3.521416840515672469e-02,3.472261212954552007e-02,3.460291359494400976e-02,3.492506140344701221e-02,3.504298805367278558e-02,3.494466409204007029e-02,3.489834445896585619e-02,3.477733322190038057e-02,3.487862614882253354e-02,3.481859676384437691e-02,3.508365324737381524e-02,3.487009782153314280e-02,3.494213085504813826e-02,3.485060969679733278e-02,3.509493328433678505e-02,3.482321941075346844e-02,3.481607022770679544e-02,3.478525181750290879e-02,3.499557651006703074e-02,3.474094408008858437e-02,3.446216632902004973e-02,3.487836875473409454e-02,3.483427181167052245e-02,3.492776636019739867e-02,3.476318293448272395e-02,3.488910523872595926e-02,3.483472319642326454e-02,3.461350291502566373e-02,3.469162849743341603e-02,3.481704197431954168e-02,3.510484944627901421e-02,3.451912229846065133e-02,3.497535225965760913e-02,3.471093149566293473e-02,3.477005988265115949e-02,3.458027975364150186e-02,3.470078099901169333e-02,3.478723383629625521e-02,3.485730910662650922e-02,3.490263989002122952e-02
3.381827394818629623e-02,3.427088639622413724e-02,3.380749812465303622e-02,3.429671490484753615e-02,3.390101657777248173e-02,3.423554677775731553e-02,3.382353605526605689e-02,3.379874463676493801e-02,3.411530561156724678e-02,3.396918614574635092e-02,3.406783463139586438e-02,3.384288919506901749e-02,3.409360279724880233e-02,3.392156799508509041e-02,3.369236869164256992e-02,3.394715315018601021e-02,3.378709868090576385e-02,3.379846513082378212e-02,3.348088330944888613e-02,3.358196910095359589e-02,3.412449652529634531e-02,3.354881118869917217e-02,3.358445888782209121e-02,3.401608912914205057e-02,3.407673541370465770e-02,3.405402475628563352e-02,3.385162050931017630e-02,3.370020541892469745e-02,3.411740621625766745e-02,3.392994369155576118e-02,3.392906325034791837e-02,3.352911945387203330e-02,3.374978209007760410e-02,3.387516177376576065e-02,3.395624988695199881e-02,3.385451215921584517e-02,3.367617581870480103e-02,3.387013975519193032e-02,3.363051224036141262e-02,3.360254077172551007e-02,3.360436242037399129e-02,3.411661962294185169e-02,3.380934938148830865e-02,3.380728442716306875e-02,3.349687039551493134e-02,3.370335023181075113e-02,3.363823622473057634e-02,3.404573958569932085e-02,3.375060616354957910e-02,3.373689994823285410e-02
3.289904256435467744e-02,3.265057386064371125e-02,3.266107000061199694e-02,3.310115054424987713e-02,3.296178008202853976e-02,3.284791276597462395e-02,3.284241841776560505e-02,3.319342490166647675e-02,3.326139058448106256e-02,3.298711012751753130e-02,3.298023226952347814e-02,3.282938440270908448e-02,3.294546480316570825e-02,3.309388408028225009e-02,3.290110997693409395e-02,3.286838497799646902e-02,3.277637509651933762e-02,3.289843015694705192e-02,3.294409186284226465e-02,3.295597505136869942e-02,3.295709621887196739e-02,3.295943780120201561e-02,3.282872736619970450e-02,3.288090936131881498e-02,3.286847544243026720e-02,3.311342448877094974e-02,3.290038933279404443e-02,3.288629568643795797e-02,3.277424004601157959e-02,3.287281736998780984e-02,3.317937560002977293e-02,3.321066493482177640e-02,3.276707650475137179e-02,3.288920414985019303e-02,3.281428895838559706e-02,3.272319921249566138e-02,3.289488499923619302e-02,3.293428871588853502e-02,3.306757935639380308e-02,3.309939195120938787e-02,3.291110895760380323e-02,3.275441114972137135e-02,3.297001869503309729e-02,3.300791433651664025e-02,3.314702246832151172e-02,3.269875529995666663e-02,3.326681803831060824e-02,3.304862803728135512e-02,3.268870506403424858e-02,3.322096082675034256e-02
3.224817052658086880e-02,3.201010442351356899e-02,3.189837518160038021e-02,3.181580931009644203e-02,3.172839782652359109e-02,3.183152565431091735e-02,3.175609943062879942e-02,3.205253771820470998e-02,3.166412024867371056e-02,3.131396284774130845e-02,3.170601485435484146e-02,3.190050815625071479e-02,3.167436928333908219e-02,3.173462484192137584e-02,3.205271969641941554e-02,3.201026171946302207e-02,3.199542561754886716e-02,3.200296886408460911e-02,3.203007359418400674e-02,3.173913548694440312e-02,3.196792855765887009e-02,3.186985927158857146e-02,3.181629844594078410e-02,3.197732651001707060e-02,3.189922193668959238e-02,3.188697852773455382e-02,3.185134782072089610e-02,3.198066847505737220e-02,3.172463573633606260e-02,3.189689954015775125e-02,3.234694992052804946e-02,3.174341976282763628e-02,3.181594025453281932e-02,3.211562332947728859e-02,3.186396971407914197e-02,3.169866899571381624e-02,3.189911549067245278e-02,3.168700124964112658e-02,3.169240865985932520e-02,3.177542251205103113e-02,3.182233220514461836e-02,3.189576887479358969e-02,3.193564306040517359e-02,3.183717521469850431e-02,3.186855836079138804e-02,3.190613702081430275e-02,3.205607328429628533e-02,3.186087519231615289e-02,3.180270288201085538e-02,3.206260805142063103e-02
3.098781042164048399e-02,3.097591448637167927e-02,3.103049795975254890e-02,3.075623542230749088e-02,3.073486588598732180e-02,3.071781033358283314e-02,3.048687147913112239e-02,3.107039901844280139e-02,3.105360304995281526e-02,3.094497133042847445e-02,3.085775216601642848e-02,3.084580475161075377e-02,3.086242182230707412e-02,3.084240165932096087e-02,3.098017383224513713e-02,3.094308734737858183e-02,3.085942998930596079e-02,3.085651164403263244e-02,3.050779149717731606e-02,3.093223593339727850e-02,3.090186179756162360e-02,3.076082179458046115e-02,3.082565996982288350e-02,3.088406099422915524e-02,3.091884809118234864e-02,3.080910034681109966e-02,3.099974342478587289e-02,3.076699341133804291e-02,3.072748565392261280e-02,3.098784146926097591e-02,3.104831382997038161e-02,3.112860749922794976e-02,3.064604421973765591e-02,3.076966506423938971e-02,3.106656279655555658e-02,3.079111982551734072e-02,3.105049939625462510e-02,3.072738350966366244e-02,3.110138407562483207e-02,3.079425779448977801e-02,3.087810613090696127e-02,3.088961453328643164e-02,3.078005762979510104e-02,3.090464533607104741e-02,3.105971830770475756e-02,3.078657087889491786e-02,3.087974600005722811e-02,3.073732064953837648e-02,3.118450018787709277e-02,3.089427956388619140e-02
3.001779116208582246e-02,2.965384829037786413e-02,3.000934583117382745e-02,2.970319052029905121e-02,2.958136737723800896e-02,2.973895301522191600e-02,2.959117874203165063e-02,2.972086320206438967e-02,2.976705029452297174e-02,2.977209876191679733e-02,3.003184505081664055e-02,2.948737931881782737e-02,2.996346628457559336e-02,2.942265901439384407e-02,2.963728547672983896e-02,2.976700659218208325e-02,2.989127454657879157e-02,2.968298796735138745e-02,2.955486293666042055e-02,2.961481127481254555e-02,2.974120727280264720e-02,2.989104422789736273e-02,3.003306092358475760e-02,3.013561035665749538e-02,2.956450509794759235e-02,2.955197596420617440e-02,3.002935131642190184e-02,2.973479378595244790e-02,2.978482167577048423e-02,2.976196884369888829e-02,2.982152887824473728e-02,2.967629164334648767e-02,2.989382160337252653e-02,2.964123900453517063e-02,2.970191335344869038e-02,2.972742542446683497e-02,2.964846013021826820e-02,2.971859497556099405e-02,2.984397757100069534e-02,2.986428077425984720e-02,2.977344038976916310e-02,2.959231223807312280e-02,2.967373389980292042e-02,2.975233171156316594e-02,2.963348418812069077e-02,2.969290691389258469e-02,2.990480449444493996e-02,2.950853809098602856e-02,2.964287409869574563e-02,2.968801486669662634e-02
2.881036171818991687e-02,2.855280589648127865e-02,2.860073334423003308e-02,2.860081300673892463e-02,2.880612432597865272e-02,2.870761521998060548e-02,2.889350723673090801e-02,2.867494307903385373e-02,2.834423512512557544e-02,2.867306477329955444e-02,2.843137113246988965e-02,2.869855118634845326e-02,2.895383111417464475e-02,2.899241455266723944e-02,2.885946941750566069e-02,2.887303268673003034e-02,2.841008708855934095e-02,2.875874992154277277e-02,2.882970538645205499e-02,2.875633396709944417e-02,2.870324784128264542e-02,2.888466546485590064e-02,2.906526758145474773e-02,2.852905302289376194e-02,2.874652470574272367e-02,2.875554245920996371e-02,2.881576751043173415e-02,2.841754111630819327e-02,2.864811889745534634e-02,2.869367652169415792e-02,2.857043606042174513e-02,2.871686158851506632e-02,2.855932819996099409e-02,2.880245480516999135e-02,2.875811924455112453e-02,2.869595746481025042e-02,2.876475250276856396e-02,2.860224940551900005e-02,2.882421825940943705e-02,2.872254677936415812e-02,2.863087434037755660e-02,2.876774628258106301e-02,2.872008801989851118e-02,2.845195320092587521e-02,2.868313567185688806e-02,2.853247398761488487e-02,2.861645899464367038e-02,2.896894692423518033e-02,2.862749987981996758e-02,2.870103103525956448e-02
2.731446435644168530e-02,2.741845103441810372e-02,2.750807975110186251e-02,2.767318448717833584e-02,2.806156062654188016e-02,2.740793772670250400e-02,2.759951675179416614e-02,2.771742130031423432e-02,2.758372963705358130e-02,2.762345017888414439e-02,2.715040423986661219e-02,2.767249404407481558e-02,2.768828065463943555e-02,2.731122497200341379e-02,2.770987872543557301e-02,2.745148775419426965e-02,2.751271689598285691e-02,2.752437009249264488e-02,2.717970419922681111e-02,2.752841455184332556e-02,2.757873457850778739e-02,2.756378396126606470e-02,2.709952119396327741e-02,2.753013850123817163e-02,2.756670659197501400e-02,2.757799521245032914e-02,2.803009736755518108e-02,2.755854681385338373e-02,2.756746306568001736e-02,2.723836993257762115e-02,2.756949715960653122e-02,2.723575018264327158e-02,2.736935069630726247e-02,2.760770376636826132e-02,2.770577437264667986e-02,2.736814859401757311e-02,2.743545223900088759e-02,2.774191999711969614e-02,2.759692238300439152e-02,2.737286122098649827e-02,2.728300666744793573e-02,2.761573245745977193e-02,2.767104120395198069e-02,2.707489048030226053e-02,2.744694816604405230e-02,2.740046415642701655e-02,2.738310404304776513e-02,2.749141474632747426e-02,2.712376752972369548e-02,2.740045772439885646e-02
2.625360404625197083e-02,2.643660381195309106e-02,2.617632357940150034e-02,2.636943207049606899e-02,2.604102428806952599e-02,2.632029221561071192e-02,2.648459511807761679e-02,2.659979448404307598e-02,2.638683566713568435e-02,2.649543035962240514e-02,2.636209819649152838e-02,2.625719049182740142e-02,2.659922459989579394e-02,2.665344482600421130e-02,2.630202414814380302e-02,2.649588857742969997e-02,2.628793384691372262e-02,2.629687179150450027e-02,2.622028899958369491e-02,2.640225197069280202e-02,2.620844780821814796e-02,2.626136997248690319e-02,2.622066253845754813e-02,2.668866968585205043e-02,2.627068483546341621e-02,2.644851472883378088e-02,2.643630336859805960e-02,2.600060475381135716e-02,2.648055761376102990e-02,2.633951031143490565e-02,2.639187673260391664e-02,2.645985018405359532e-02,2.640642941635172602e-02,2.650228722117502558e-02,2.614112703239629409e-02,2.614209252393031799e-02,2.635264224454503604e-02,2.640492712714797435e-02,2.624848547464724360e-02,2.614200253339469052e-02,2.657243442251476170e-02,2.602433657981702633e-02,2.605401011415916374e-02,2.633896325735051933e-02,2.636964905911230034e-02,2.666315073602063684e-02,2.603948201796625270e-02,2.639949672482859791e-02,2.647265572347100998e-02,2.642728716639909659e-02
2.479171088036456402e-02,2.493180637590577259e-02,2.521516305704332717e-02,2.531512832085135167e-02,2.487108978737645124e-02,2.475291855722551448e-02,2.505407619901132629e-02,2.513708879116474670e-02,2.506685199603232717e-02,2.510446746022856543e-02,2.497064464207253073e-02,2.484660784360837038e-02,2.491789939876439333e-02,2.515905287554348613e-02,2.507816135299732047e-02,2.569773232198745844e-02,2.511654346487923392e-02,2.507250095125556841e-02,2.511645987378155823e-02,2.471128828973618435e-02,2.516007916796639612e-02,2.506718832983055242e-02,2.475353065073516989e-02,2.507650776430637649e-02,2.527948406222975744e-02,2.507791525540715993e-02,2.505917213041444769e-02,2.480833919233549692e-02,2.489829188981212971e-02,2.510413521161878811e-02,2.503392103169495980e-02,2.487222783523547129e-02,2.531544641253906033e-02,2.531120800948079286e-02,2.514694998172665313e-02,2.556419603358129136e-02,2.521091514795823635e-02,2.479304736289115671e-02,2.468244061954167831e-02,2.500141879890480090e-02,2.504286114654322853e-02,2.519500335160238316e-02,2.500799824993088852e-02,2.522810263332020755e-02,2.527932306505103338e-02,2.496996105437069430e-02,2.507240141297979383e-02,2.515213550470972101e-02,2.485092939098244857e-02,2.476677952439271246e-02
2.391106147725999276e-02,2.397732063038911926e-02,2.403816460630986765e-02,2.396429061696836102e-02,2.372115830136197964e-02,2.382686908676541135e-02,2.372321830809552903e-02,2.376972590025456730e-02,2.392366378809638802e-02,2.386375007839987988e-02,2.427656874067377762e-02,2.385989072324914972e-02,2.403038726452008320e-02,2.400863921040530258e-02,2.369475956620135937e-02,2.382954571767353924e-02,2.390634507494215910e-02,2.387644639508145275e-02,2.393556161011309996e-02,2.386975197451605968e-02,2.390645998207602957e-02,2.389973241888735181e-02,2.356479265208072382e-02,2.378765720588047611e-02,2.372213061805622178e-02,2.410680767926492996e-02,2.413948993140803412e-02,2.378718774969626470e-02,2.343312224213024361e-02,2.391883313727986154e-02,2.343572912125359980e-02,2.361003931800685282e-02,2.375535673565936853e-02,2.386803288387762123e-02,2.379961211717400091e-02,2.386226312447469258e-02,2.383418844706892623e-02,2.387372265580090316e-02,2.368722254166182734e-02,2.386155033896323815e-02,2.374650444593318782e-02,2.389666840002346859e-02,2.388471939089490542e-02,2.375554750873900417e-02,2.386696246074768157e-02,2.395038875036871115e-02,2.377626158138130066e-02,2.411616084345759303e-02,2.381545775225974923e-02,2.350604857704586409e-02
2.233419604078024784e-02,2.228151006860725619e-02,2.272565762576559539e-02,2.244318621737852182e-02,2.266101401406814264e-02,2.244531423118267810e-02,2.253509112754473881e-02,2.249889336365870976e-02,2.245181316296299828e-02,2.284666871504856256e-02,2.250650496694045488e-02,2.255154209307601298e-02,2.249946345426380792e-02,2.270164677400275319e-02,2.236574377791886517e-02,2.264978404361924630e-02,2.235052718080260056e-02,2.237767492269760947e-02,2.271802315888583196e-02,2.276856663168251235e-02,2.277263609312374024e-02,2.277755135057734845e-02,2.220380662839127259e-02,2.243364396674306024e-02,2.227462373994042524e-02,2.248533008343980844e-02,2.243072765982023070e-02,2.216034028221229232e-02,2.255976648736185766e-02,2.259281167749774971e-02,2.254633617118657202e-02,2.303902916447571336e-02,2.270282187188805978e-02,2.250820097625529093e-02,2.237201612553208971e-02,2.278637353514872954e-02,2.268199451976815953e-02,2.266405254939897820e-02,2.273876740697061000e-02,2.242837059646473480e-02,2.245267570646092975e-02,2.233721319739548350e-02,2.256220889542823876e-02,2.271316379871984523e-02,2.255743246580679123e-02,2.240445686135423414e-02,2.281950623700189362e-02,2.253542820786462453e-02,2.255843367901080865e-02,2.245194720939935884e-02
2.098135851512471922e-02,2.139535381946973749e-02,2.128107691736807680e-02,2.130777050919482538e-02,2.117471851108559608e-02,2.122578929782416648e-02,2.106783133200561264e-02,2.129065843258848290e-02,2.135260786224169038e-02,2.098851843260517505e-02,2.134330187612557342e-02,2.089168561096220803e-02,2.122301467244465736e-02,2.105311092193434819e-02,2.154463227612278542e-02,2.098589724196907660e-02,2.131068635035503200e-02,2.126836809663963657e-02,2.142712467322665029e-02,2.134690954735556784e-02,2.133247322388985220e-02,2.133200947186377275e-02,2.119288692311864161e-02,2.100189017148348242e-02,2.101912620022857239e-02,2.106892853345283464e-02,2.153326464001597065e-02,2.141350011845914031e-02,2.132409445479978988e-02,2.088893858721411687e-02,2.114274196937892397e-02,2.068407175233520981e-02,2.119237219978047093e-02,2.102587893555352833e-02,2.121897030302030002e-02,2.147770321922272060e-02,2.135596296100729721e-02,2.102699321713168493e-02,2.118268430841655295e-02,2.107647624351403556e-02,2.102232009043678018e-02,2.102560683824188786e-02,2.119783606434688314e-02,2.122639921567688950e-02,2.118033592195272055e-02,2.110975113302854950e-02,2.122321063872793095e-02,2.122798359801205195e-02,2.112494187812681209e-02,2.124048312052249574e-02
2.041905320408914093e-02,1.959874781049748479e-02,1.994131180835998288e-02,1.959363707219603443e-02,1.965691705963571595e-02,2.002826055026570365e-02,1.957970900672403522e-02,1.980773130969777987e-02,1.981314767212095582e-02,1.994344533865634664e-02,1.990840820459165508e-02,2.014337925940364038e-02,2.020383478121974899e-02,1.984690889273531267e-02,1.982458830246027273e-02,2.011174985098761192e-02,1.975293292095307157e-02,1.982100727538180229e-02,1.984137391128841868e-02,1.954147647536470453e-02,1.979887072690591013e-02,1.985985175937612576e-02,1.982336795489061942e-02,1.968608230813808160e-02,1.994286644547263454e-02,1.959949601088599100e-02,2.018069554241377211e-02,1.976021016162480062e-02,1.991488245270583990e-02,2.023831050143244312e-02,1.981839009263504370e-02,1.970635730000720384e-02,1.962767733143168034e-02,1.968658414367435716e-02,1.990820667255062751e-02,1.982164264404576506e-02,2.002470829944579325e-02,1.987728758268623996e-02,1.982699184587625313e-02,2.009465381410737578e-02,1.995133206473710674e-02,1.972487598392643274e-02,1.996493207947386272e-02,1.950376133977824861e-02,1.970867029364468254e-02,1.981558624140618632e-02,2.010202966068815045e-02,1.999801907839335313e-02,1.997080551524190242e-02,1.990686483144231411e-02
1.831483864757603094e-02,1.859452631331908606e-02,1.850052402824702708e-02,1.855889927129102460e-02,1.836385368125639100e-02,1.820441421206484001e-02,1.846583908277810854e-02,1.859421699088871158e-02,1.845015894023351727e-02,1.846306736452736977e-02,1.866094764710521381e-02,1.854950872268101153e-02,1.851476228913648964e-02,1.818883497239071056e-02,1.802642217164292932e-02,1.818973508210056794e-02,1.861253923207770514e-02,1.826715011782238315e-02,1.840338662354104246e-02,1.800426907396387652e-02,1.828046006038711382e-02,1.828621207479785155e-02,1.856021769794002213e-02,1.826591980192142708e-02,1.820615111863736757e-02,1.839052282322244797e-02,1.852393195899804806e-02,1.849662655043362094e-02,1.861045145751965765e-02,1.843252002736411529e-02,1.825084483676327196e-02,1.838693689855637123e-02,1.840154998227998273e-02,1.831919658573882490e-02,1.822394765128886734e-02,1.845589021690758474e-02,1.830197780933761134e-02,1.841828584206090663e-02,1.845647503351790716e-02,1.839549316602899845e-02,1.804232891861614826e-02,1.855617315397849187e-02,1.827719257950092061e-02,1.825431804583289852e-02,1.817672080120026970e-02,1.794633551545929753e-02,1.811332190434008366e-02,1.832228328328786016e-02,1.828558860288493487e-02,1.855856529126459487e-02
1.703223335936403932e-02,1.694070885047140734e-02,1.701011563869395810e-02,1.671902080873130178e-02,1.698917329587795386e-02,1.668364490999443839e-02,1.704756260862556883e-02,1.714535498081027134e-02,1.666431998522818758e-02,1.704773484574280754e-02,1.708364506095503763e-02,1.690601102849175266e-02,1.693552502951312100e-02,1.699118734783629930e-02,1.698297631817478545e-02,1.709714386305302702e-02,1.683007256444694899e-02,1.695799969290181369e-02,1.670293478805948487e-02,1.675142343867856709e-02,1.717647805107947942e-02,1.669638702823183010e-02,1.695837824456526005e-02,1.644377687764382243e-02,1.705814447126880254e-02,1.673017119339747713e-02,1.721378430464838918e-02,1.684276838838180343e-02,1.691643167899724645e-02,1.663320502374509083e-02,1.698646994144949532e-02,1.673789098972076547e-02,1.690449819796659148e-02,1.690152938360558674e-02,1.675991108925344378e-02,1.712777323049627723e-02,1.683056014274933801e-02,1.667203813122387565e-02,1.672082043949866745e-02,1.692189779975424718e-02,1.708753589875936299e-02,1.689641225516815698e-02,1.663951572596867809e-02,1.700033998325567453e-02,1.679618267174931220e-02,1.666732213853203831e-02,1.645896869163292545e-02,1.667959352217904256e-02,1.711156775355455323e-02,1.694792422083902031e-02
1.518743134794613668e-02,1.510977676422720420e-02,1.563467926374353945e-02,1.539322540487637718e-02,1.544883483267446740e-02,1.511193467940677090e-02,1.540342575133604383e-02,1.535703762779801543e-02,1.537644895360050501e-02,1.543940475943964517e-02,1.518075758180536736e-02,1.534672986175752984e-02,1.552746365900252272e-02,1.519568863207660173e-02,1.539263954189506664e-02,1.525294025070228487e-02,1.535786321205115205e-02,1.550073312411156916e-02,1.525735208496278861e-02,1.555968530021253036e-02,1.542360313157141970e-02,1.527038298444607402e-02,1.518185624287422125e-02,1.520661915289085384e-02,1.516546681285584584e-02,1.560284891683734292e-02,1.523831688849230925e-02,1.534803367129190799e-02,1.521695018779908003e-02,1.517235445784188667e-02,1.570011304660073881e-02,1.522799090296000912e-02,1.534682883190715760e-02,1.554057416890365639e-02,1.549111342728153907e-02,1.547338088617544218e-02,1.510067432326870317e-02,1.513442405670267603e-02,1.539408202951515758e-02,1.517928590282603858e-02,1.533161944505745042e-02,1.565081520547796298e-02,1.567283660442241044e-02,1.534387534795630427e-02,1.550666092501985088e-02,1.554204759714364337e-02,1.535995324346741027e-02,1.513803303689788791e-02,1.546399294660279547e-02,1.529842108815537317e-02
1.351003435733874429e-02,1.375885603299390955e-02,1.391854073804416059e-02,1.382013446498896528e-02,1.402062916500257037e-02,1.385815142933450976e-02,1.370737981809206675e-02,1.365560556467108368e-02,1.386478801834635163e-02,1.368393953530680843e-02,1.351508509797296094e-02,1.385562516415666384e-02,1.413170948744194196e-02,1.381803866551083518e-02,1.356725798289397031e-02,1.378238897420151418e-02,1.393110960394809174e-02,1.400096509024229170e-02,1.399468470686166151e-02,1.386120357197842372e-02,1.361486302286615130e-02,1.395203656278560037e-02,1.387085907203449396e-02,1.381975504335586184e-02,1.416333896299257038e-02,1.404822981728918313e-02,1.368828048039790260e-02,1.380403112133987351e-02,1.389885704812785817e-02,1.371164605782677383e-02,1.379517115683535217e-02,1.382634271131127218e-02,1.356637527184668783e-02,1.363225488192188091e-02,1.332402095742236080e-02,1.395470303894049031e-02,1.393971222354858930e-02,1.390680120231329100e-02,1.422864284890369528e-02,1.327778417817340739e-02,1.398318203721987674e-02,1.420468205392559809e-02,1.372001243285210850e-02,1.369476383747126637e-02,1.389589778581792369e-02,1.367704196740310470e-02,1.345758874458358526e-02,1.358287395867420824e-02,1.364929838425480574e-02,1.352688293896549439e-02
1.187433949206714856e-02,1.210962319850484442e-02,1.210923166256529411e-02,1.196328169301133677e-02,1.203180223880541411e-02,1.233908161396555549e-02,1.186305971848557704e-02,1.221591245770109815e-02,1.205212050496981026e-02,1.247863525904102135e-02,1.213651760974880298e-02,1.228992406998164789e-02,1.232459820708846875e-02,1.211797368366323777e-02,1.206283589080185160e-02,1.212227865836998202e-02,1.212892718310165999e-02,1.215004935550184281e-02,1.184981839732964816e-02,1.208288780844549506e-02,1.185892356759847728e-02,1.200170067932344875e-02,1.198473194428460731e-02,1.210979307208405985e-02,1.201876266862031764e-02,1.219515425654417798e-02,1.208820136108102253e-02,1.204518386807020870e-02,1.209343080284248743e-02,1.225123202582684145e-02,1.191624421995975298e-02,1.186142237636015478e-02,1.220819114259197313e-02,1.215463914066055445e-02,1.224650007953421819e-02,1.186421280740543316e-02,1.228317727382054712e-02,1.209597045694537146e-02,1.226439570861416993e-02,1.211682371660203865e-02,1.218037108803487686e-02,1.182056243275526365e-02,1.222842947275329037e-02,1.237217811650987223e-02,1.207956826480100117e-02,1.234335944178211603e-02,1.204286195190255523e-02,1.227941533950343243e-02,1.228779902064039246e-02,1.204319195450290897e-02
1.035885344825102257e-02,1.056131516108812195e-02,1.038138220444088586e-02,1.040419059258027371e-02,1.046486678089427261e-02,1.051126118566651432e-02,1.067727328441044066e-02,1.062336634883603859e-02,1.038394798687842201e-02,1.052018594294910729e-02,1.051569030157496927e-02,1.034553791259785333e-02,1.041929105162299300e-02,1.036713383804611574e-02,1.049997957106573593e-02,1.051750701602471513e-02,1.038613255085635984e-02,1.050033960875122914e-02,1.040386900574346608e-02,1.035440976256812688e-02,1.049233625102392528e-02,1.046401521130416352e-02,1.053707385445439536e-02,1.036621748364726162e-02,1.046250744047525286e-02,1.007574541216640050e-02,1.028377450468457265e-02,1.013596949815078960e-02,1.053860163792924229e-02,1.067339819034393393e-02,1.060491511096590261e-02,1.061962264282490659e-02,1.051555558911005696e-02,1.039983799664458836e-02,1.053913250632033255e-02,1.039963871170522351e-02,1.036105184872249466e-02,1.061500262629389880e-02,1.039529481601531198e-02,1.068977261725064833e-02,1.022828197271285697e-02,1.050115482370585565e-02,1.063443761764322655e-02,1.052703789590833140e-02,1.050144064124506130e-02,1.056941141911070699e-02,1.045187467351939639e-02,1.041595848061331077e-02,1.069438029445723796e-02,1.055652294400050845e-02
8.825175382636886792e-03,8.737092719111117997e-03,8.553920782601556055e-03,8.647347487037963451e-03,8.564903350223501688e-03,8.539897435887216365e-03,8.185759926874603895e-03,8.566299396237079047e-03,8.638091121370074232e-03,8.468705482115949576e-03,8.547271436498736844e-03,8.779059872311182136e-03,8.778489521864420164e-03,8.507024318208936814e-03,8.738232679894968741e-03,8.429774678152701650e-03,8.427563005534356722e-03,8.864423291889534859e-03,8.632462979625842719e-03,8.506544750336055005e-03,8.514277170889678059e-03,8.548409688413870916e-03,8.409702417888983636e-03,8.618415567935770391e-03,8.715048910665577214e-03,8.570370913538806132e-03,8.718450199295419561e-03,8.931657392197067322e-03,8.457210322105460087e-03,8.638429204000977121e-03,8.733375844710863575e-03,8.561439286186375494e-03,8.783186039780383966e-03,8.585194585840652884e-03,8.671811776766825963e-03,8.729732714987070014e-03,8.749766947491429900e-03,8.715990500033606384e-03,8.594067191651155388e-03,8.645358091187544183e-03,8.692356455543325325e-03,8.497983558607334620e-03,8.936281457598369699e-03,8.504006199095250421e-03,8.287023135073325053e-03,8.563737348747407774e-03,8.802729422199251710e-03,8.628805147685323848e-03,8.980376726948039942e-03,8.831344791217811407e-03
6.985985543511950835e-03,6.761694484102279482e-03,6.736525141268909916e-03,6.593534168498428605e-03,6.931709703303684696e-03,6.491431035369760703e-03,6.896505323672973663e-03,6.939719400653635711e-03,6.949963183051833214e-03,7.014229925271691160e-03,6.985252447538435085e-03,7.043795913760025375e-03,6.782618203106098587e-03,6.775393564726972864e-03,6.837629782005151188e-03,7.063726281779257252e-03,7.010721439779655541e-03,6.817068290476173409e-03,6.838208485276294976e-03,6.849039362852207824e-03,6.831316561643378978e-03,6.916001255587892610e-03,6.857818840850711875e-03,6.795971630043412884e-03,6.740863297982145619e-03,6.810955173980598638e-03,6.769504769503735010e-03,6.823768617964455670e-03,6.580312192088241634e-03,6.762020878279372503e-03,6.919807828092398513e-03,6.902236569229645152e-03,6.672550325675114663e-03,6.956809418733101574e-03,6.935614584417362262e-03,6.840184127981535113e-03,6.921063513301166197e-03,6.824966388610551743e-03,6.771266869651106080e-03,6.866995983953760353e-03,6.762270546616466413e-03,6.823866867577089643e-03,6.620372390996446393e-03,6.756982600620907095e-03,6.799960845847731992e-03,6.765582725536375790e-03,6.769952444993877771e-03,6.907969706038005753e-03,6.728865110443895022e-03,7.042808229788858308e-03
