2.323798183651972632e-02,2.316745648519540762e-02,2.324263756125124689e-02,2.318285827301323071e-02,2.311694816593280050e-02,2.321635146539095459e-02,2.330198839369311201e-02,2.314571971136324124e-02,2.308926339558784943e-02,2.323421869753953053e-02,2.312669168154616456e-02,2.314822585466922572e-02,2.323214463639995328e-02,2.320110097118809750e-02,2.317720899827901970e-02,2.312935727907394420e-02,2.317328986085206294e-02,2.318315853576391125e-02,2.318068407031322400e-02,2.312234488922348952e-02,2.322262343319510258e-02,2.327967957614790473e-02,2.317464748118125070e-02,2.315555702611788239e-02,2.312262894930207716e-02,2.313625714872474814e-02,2.319932358420059501e-02,2.318885028339730259e-02,2.319322928034361561e-02,2.319616895824875430e-02,2.326559553391365637e-02,2.313881102810717502e-02,2.306722617897332892e-02,2.327179988189662790e-02,2.317099777990325529e-02,2.330741393643073409e-02,2.310657332791502677e-02,2.321173397552566894e-02,2.324552120344320835e-02,2.319045814902054303e-02,2.316939418525171615e-02,2.328878260412605566e-02,2.319301330280779810e-02,2.318688002507808543e-02,2.310799431893384784e-02,2.314912225452266104e-02,2.320284184479602663e-02,2.320720340920220254e-02,2.311369946794631855e-02,2.319043892939131116e-02
2.314490121268967041e-02,2.323290221596056859e-02,2.315574524581369767e-02,2.299432265445672252e-02,2.309908618061687346e-02,2.315784459596746322e-02,2.322903172272067565e-02,2.316125423421462950e-02,2.320605513990726260e-02,2.332902623281565488e-02,2.311257751301494523e-02,2.308757361869760716e-02,2.302882285391402717e-02,2.311918661565103353e-02,2.320240037065047708e-02,2.315782132610537739e-02,2.319351096215250749e-02,2.306542999555664941e-02,2.305755574269087102e-02,2.304508437123593476e-02,2.328665302016098490e-02,2.313191504467137019e-02,2.324258243955310346e-02,2.315336500506754228e-02,2.317007643408411713e-02,2.312866712344999187e-02,2.317099704402362376e-02,2.320922657064775421e-02,2.334090520145578121e-02,2.317434134036988960e-02,2.312208979397655656e-02,2.317029994797790635e-02,2.316176251783004514e-02,2.307898681655175602e-02,2.313405401413571455e-02,2.321816637996515498e-02,2.316152766075629810e-02,2.314545461123075978e-02,2.316246848728312213e-02,2.326137792506697763e-02,2.310285306787376869e-02,2.329546597676523945e-02,2.308900376897551898e-02,2.311095011388042755e-02,2.324968651334125697e-02,2.323222197154961588e-02,2.323957910437176796e-02,2.319327965678325346e-02,2.315467865459230890e-02,2.316112109250249157e-02
2.314624507588502328e-02,2.318560545176383964e-02,2.308508544273416008e-02,2.322706986860034739e-02,2.315575505155970104e-02,2.311593608641339739e-02,2.312631375198014386e-02,2.301940560968017413e-02,2.310886206714680285e-02,2.315662706224887180e-02,2.312879519480973145e-02,2.322771096671945659e-02,2.312476794335156099e-02,2.299699736553711266e-02,2.318411625144355462e-02,2.309903834274480705e-02,2.313226339961306152e-02,2.318053539721936021e-02,2.313754625842841250e-02,2.313449908121293849e-02,2.318807114923615229e-02,2.310331306612836699e-02,2.312567571575809000e-02,2.319984189261761059e-02,2.319989361870668232e-02,2.308842391175544920e-02,2.322926050842519241e-02,2.317749096539398201e-02,2.304878204090024529e-02,2.316478810803385829e-02,2.312991931837227524e-02,2.320656454526923845e-02,2.314590533869205838e-02,2.315271144455329985e-02,2.320618702182007664e-02,2.314896213035249825e-02,2.320809164225450319e-02,2.324166724989361332e-02,2.318583707021922014e-02,2.314360872434999966e-02,2.312246707953409530e-02,2.317646489312045685e-02,2.306616337431438221e-02,2.313363019283296018e-02,2.312590295205581986e-02,2.305761787974743016e-02,2.312773944239449042e-02,2.318420769409019339e-02,2.314200860967238413e-02,2.319451989908317621e-02
2.323700383213600854e-02,2.313400739660047278e-02,2.317753483464255956e-02,2.296322011253097012e-02,2.318028787963069201e-02,2.311714711161837535e-02,2.309882590217781154e-02,2.303530979519960095e-02,2.314155998135525652e-02,2.306391896130375110e-02,2.319831748921441159e-02,2.314614538944012589e-02,2.321104333563560329e-02,2.304711684873070668e-02,2.313883797281911237e-02,2.301945883631443396e-02,2.302960105700068913e-02,2.308177204393059567e-02,2.320515767530812942e-02,2.311216018086889590e-02,2.297227910075906598e-02,2.306728902977548193e-02,2.322513371637434376e-02,2.304387919459637002e-02,2.305483481654046693e-02,2.329959914632535878e-02,2.329021369542056200e-02,2.303612275074351859e-02,2.312833909625168494e-02,2.313079788113584292e-02,2.319398029274995915e-02,2.321343073179676225e-02,2.300631301966015244e-02,2.303251790677235400e-02,2.313941741452417086e-02,2.316783114807995786e-02,2.305841364100671281e-02,2.318761112435979363e-02,2.314865709105582564e-02,2.309877035165143824e-02,2.318564300806221640e-02,2.315874101781871530e-02,2.317710367496498072e-02,2.306386259030230451e-02,2.310807016462613703e-02,2.319490408769469061e-02,2.329140818050993295e-02,2.307648899416026370e-02,2.319602060237666713e-02,2.309741320678344520e-02
2.299188345601731881e-02,2.313778048159243969e-02,2.315563795398984867e-02,2.310116004516410068e-02,2.309264085464388799e-02,2.305831257465442222e-02,2.316546529658324027e-02,2.299439385430885469e-02,2.319034705395518411e-02,2.314385873899181892e-02,2.309234047791232716e-02,2.309821552545246112e-02,2.305057940605226979e-02,2.306952103212582192e-02,2.308954775807035842e-02,2.309358980477761725e-02,2.316049798744002075e-02,2.310541074533513720e-02,2.307065936740796547e-02,2.310617312481049596e-02,2.311885524121237365e-02,2.309571016018147072e-02,2.300096246351767543e-02,2.305229482570099464e-02,2.298758408890634944e-02,2.303740231385831977e-02,2.311595347234435618e-02,2.313786733165488010e-02,2.311696271885467502e-02,2.301514554770885818e-02,2.315781340081120646e-02,2.307059275400856826e-02,2.299082876495284200e-02,2.302117656988170516e-02,2.315737948088714485e-02,2.310659118396093600e-02,2.308569414884700799e-02,2.312511216999064978e-02,2.311283234821158786e-02,2.313328690535708040e-02,2.303052774965176977e-02,2.309308813560717599e-02,2.302398920957670139e-02,2.320359816091975211e-02,2.313121408151410860e-02,2.310724632707457024e-02,2.301621810375136315e-02,2.311105679572264190e-02,2.311317918140014943e-02,2.303057953328909585e-02
2.305593841879481631e-02,2.305442743463812644e-02,2.309125236075668108e-02,2.309438788449874602e-02,2.308701054050121479e-02,2.315790660643757271e-02,2.309037308355326237e-02,2.303627802256669535e-02,2.312241516220754634e-02,2.312165070373032108e-02,2.308904901578131413e-02,2.301633847102135463e-02,2.304102398118243120e-02,2.310974873596387952e-02,2.306628949141721965e-02,2.311211603880729618e-02,2.302150414491109173e-02,2.306789102113201984e-02,2.309883883310831845e-02,2.298951430441699417e-02,2.309000416915313672e-02,2.305490269801573414e-02,2.310087995888210691e-02,2.305099323415242540e-02,2.310935214095107687e-02,2.308890352040164975e-02,2.305235687611604037e-02,2.302794524868610401e-02,2.313923148288449944e-02,2.312162252180206129e-02,2.304800117868072151e-02,2.302545265556271009e-02,2.308699190264325296e-02,2.311929381364748876e-02,2.299951075726633723e-02,2.321353124670792051e-02,2.305287412731915273e-02,2.304316233667505834e-02,2.296705852256625616e-02,2.312999996498265459e-02,2.310362454418241410e-02,2.311504820879218408e-02,2.302403298681651375e-02,2.298689544629975781e-02,2.314187504797103612e-02,2.313536375510041529e-02,2.304206762413935766e-02,2.313137202277540730e-02,2.315617583301346136e-02,2.303168017468421036e-02
2.301131624167218268e-02,2.305974558858694262e-02,2.306475935475598912e-02,2.296129119885933351e-02,2.322609650484638161e-02,2.298391072246777633e-02,2.313519642746739852e-02,2.301784765346815906e-02,2.315219721110528539e-02,2.295321187572431712e-02,2.295675304385484672e-02,2.307255054044550502e-02,2.303425369812464249e-02,2.294841841843362623e-02,2.310453360190502931e-02,2.300759618748296487e-02,2.292385540179013581e-02,2.309662047434959606e-02,2.301685231108631727e-02,2.299839509764028955e-02,2.311355545271020703e-02,2.304203401603521426e-02,2.305105502430079140e-02,2.299583511011520087e-02,2.315412217465774927e-02,2.303469948151580168e-02,2.298562788516980704e-02,2.306587602011213670e-02,2.304754293054067996e-02,2.301965701871952485e-02,2.306655748159083807e-02,2.289445203905664944e-02,2.296590616551267769e-02,2.306053872025806001e-02,2.296893436507321806e-02,2.307624779025617412e-02,2.303296196448555502e-02,2.315200329163993528e-02,2.302389560754640810e-02,2.291841138187787272e-02,2.301264791567658036e-02,2.310160627906863995e-02,2.300927016481715826e-02,2.307322634733947539e-02,2.293627460148970829e-02,2.299665608875995845e-02,2.297558533662981753e-02,2.300408464196579059e-02,2.290159536968083484e-02,2.305044693553660526e-02
2.295728786599117444e-02,2.302261436198779765e-02,2.306019187394106260e-02,2.284122762824639108e-02,2.292374332335522097e-02,2.290528869647120297e-02,2.302762800420922809e-02,2.301421904600501819e-02,2.289204769383464469e-02,2.308020893433434736e-02,2.305217016037336766e-02,2.288575762630395971e-02,2.301557102299538887e-02,2.308492593919942576e-02,2.299198524196923582e-02,2.307908489591378384e-02,2.296743627068785487e-02,2.292705868617755244e-02,2.304936229395264727e-02,2.295976754789784413e-02,2.298575507765746387e-02,2.287400914849110553e-02,2.289291943925697917e-02,2.293110913725906683e-02,2.293757532096679652e-02,2.283818118870449207e-02,2.290323962674722588e-02,2.289964665854106809e-02,2.295448079580801257e-02,2.305863793148611035e-02,2.284944469834409783e-02,2.300488733585396434e-02,2.298914007870302839e-02,2.298122643209897509e-02,2.299889134884567157e-02,2.291184305750998754e-02,2.293903828517300861e-02,2.292091971153738944e-02,2.292588580229691295e-02,2.302726920383755399e-02,2.296702901405780692e-02,2.292129476021578793e-02,2.289000392980853130e-02,2.296122399131216366e-02,2.300408356330938334e-02,2.293357247019444864e-02,2.303620614600833741e-02,2.298499575737006362e-02,2.298426769115934076e-02,2.285445536513357884e-02
2.288854865076897505e-02,2.285226051575178427e-02,2.288800766271016640e-02,2.283558220498613234e-02,2.286562369296085001e-02,2.284905221305198741e-02,2.284129123793286059e-02,2.290174402200404261e-02,2.283614617405847064e-02,2.306555827585023491e-02,2.284319377390162109e-02,2.290641513359189044e-02,2.278092473399954965e-02,2.300637808574197349e-02,2.283606037875280173e-02,2.283139534796295098e-02,2.294305049157184181e-02,2.287720791416582994e-02,2.288513458026973993e-02,2.293887037394242920e-02,2.287006626044532295e-02,2.284077079885885389e-02,2.284889021037149817e-02,2.296247616027342203e-02,2.290821908159618170e-02,2.294918761610722363e-02,2.289129462471813439e-02,2.278681286324711619e-02,2.287691164169299365e-02,2.283453760243914221e-02,2.287588711511471737e-02,2.283670934257642574e-02,2.285844628121307814e-02,2.289123631022663835e-02,2.288052011372301159e-02,2.294603305424444337e-02,2.294630646846431907e-02,2.298083136872764234e-02,2.287937866759807981e-02,2.281392281635026553e-02,2.287222564974137479e-02,2.294765916353669333e-02,2.284968749445249678e-02,2.290730076194742726e-02,2.284727569870263070e-02,2.302999839668316492e-02,2.286843875800030970e-02,2.285744263557292627e-02,2.284612635218193077e-02,2.292070101732885182e-02
2.278617383276415262e-02,2.279528378245454165e-02,2.291455069647673620e-02,2.277972192152077219e-02,2.280008412874928378e-02,2.276714289934661517e-02,2.276823336508020448e-02,2.291510592971995885e-02,2.282406204840479319e-02,2.280359311630475103e-02,2.287285874692058379e-02,2.286325799975542916e-02,2.278651833769503032e-02,2.272944595407638130e-02,2.291401522599921178e-02,2.274058342384917969e-02,2.278710105970955732e-02,2.277864556108429722e-02,2.275135021356831239e-02,2.296211189977182682e-02,2.290480900124278532e-02,2.290788644711959018e-02,2.282034289550030973e-02,2.287462556190756821e-02,2.285321896979235559e-02,2.284841612461945698e-02,2.294423657885121676e-02,2.285246567340946250e-02,2.278161419359246709e-02,2.276122294054206199e-02,2.288747285459171582e-02,2.277585008666966476e-02,2.266403499342428685e-02,2.282772876891111385e-02,2.285913807492288841e-02,2.284280056071407231e-02,2.273339943210872169e-02,2.276758910347598600e-02,2.283368583308350089e-02,2.273668861558222204e-02,2.285110453990384788e-02,2.286302337962120568e-02,2.281691666766964832e-02,2.283573176669682209e-02,2.294701685500784988e-02,2.279399582482776604e-02,2.267622517245148142e-02,2.277550757441834314e-02,2.287604631520821080e-02,2.273168562831464484e-02
2.271669175187834150e-02,2.280461207311429081e-02,2.262343219261102323e-02,2.263908714069079800e-02,2.274716935253385044e-02,2.271859694012029127e-02,2.268439168931737915e-02,2.270580910402625330e-02,2.281831567709551034e-02,2.268718400931337906e-02,2.268565749413184798e-02,2.274032513510060999e-02,2.268895881701329595e-02,2.266942398299030478e-02,2.272851520906793779e-02,2.274020424966986809e-02,2.263416296782949991e-02,2.274061295026655327e-02,2.276965418165233235e-02,2.275401186681980797e-02,2.286054980498926012e-02,2.270069622117757563e-02,2.270274350748537062e-02,2.272309019451430531e-02,2.271490260775176420e-02,2.274105079907613736e-02,2.273003664206826868e-02,2.280215464364327219e-02,2.273545723958809994e-02,2.273967951529831666e-02,2.262333338752507347e-02,2.272773096413923527e-02,2.259630119930407244e-02,2.283783828300037580e-02,2.273847179797406498e-02,2.279664106208540916e-02,2.274783876342046512e-02,2.264130497332762781e-02,2.272491650541752853e-02,2.270165296199916014e-02,2.273607483889810571e-02,2.266463332295914554e-02,2.283379461367890384e-02,2.274653077675772503e-02,2.278675575042790266e-02,2.270858256989415763e-02,2.266803760439485907e-02,2.274615268385880157e-02,2.266471547237407583e-02,2.285348292482975233e-02
2.259305522405816516e-02,2.261489867925828984e-02,2.269003754063845385e-02,2.263684487478652765e-02,2.261377707882987129e-02,2.274303020473972953e-02,2.256581435567139166e-02,2.267465460104966038e-02,2.261440513847421535e-02,2.260596841904125021e-02,2.250361296778855338e-02,2.254641831873702845e-02,2.252868295244519342e-02,2.273434774580022910e-02,2.250905792505598219e-02,2.270215858092601915e-02,2.265988309323103619e-02,2.257250952271454281e-02,2.263411992365990319e-02,2.264088808967384611e-02,2.265781544680873019e-02,2.245795645710479960e-02,2.271633565871896895e-02,2.258818639289575034e-02,2.259171836854240861e-02,2.272594839002985839e-02,2.270340905405572249e-02,2.266811367742910602e-02,2.268144737331466085e-02,2.279636622373487978e-02,2.253170330712254282e-02,2.256747232004886403e-02,2.265734076014915346e-02,2.262874203857133046e-02,2.263212320165275751e-02,2.266799336456699204e-02,2.263568648843790679e-02,2.256268968252976223e-02,2.258083256170166989e-02,2.268669158223738172e-02,2.267313723347966214e-02,2.247943660470606148e-02,2.251068380772352703e-02,2.266975204387345483e-02,2.268097868075375986e-02,2.274363324493364202e-02,2.262440567981023609e-02,2.259038895718533738e-02,2.265943309755141799e-02,2.263241803359090226e-02
2.249807105205796701e-02,2.245342939508749441e-02,2.258855901393687360e-02,2.260268054478286465e-02,2.260394015330452477e-02,2.249994461395333351e-02,2.244964661820214938e-02,2.256054434981902279e-02,2.254400725615762768e-02,2.262177130163433789e-02,2.261584463147328292e-02,2.250274377406033186e-02,2.250694410832168937e-02,2.232390797486988668e-02,2.244071786895754372e-02,2.261047721821170600e-02,2.243865306156321918e-02,2.260105644221393345e-02,2.255396526104734220e-02,2.249969385337152392e-02,2.248278401145594949e-02,2.265715072781633935e-02,2.251365076111159352e-02,2.257749343124312857e-02,2.258555908285856187e-02,2.252872357966190925e-02,2.254417555239372761e-02,2.255070332161247804e-02,2.248827858869894766e-02,2.248554057668079517e-02,2.249815738481114255e-02,2.249919313799385312e-02,2.254516425196156568e-02,2.251213675936676248e-02,2.264081142482539041e-02,2.258722528174399516e-02,2.248814094900433366e-02,2.253393990547790382e-02,2.262084744327285193e-02,2.250523339506667678e-02,2.247030383223312319e-02,2.241912439206558694e-02,2.258536088223358704e-02,2.254453883429009473e-02,2.253912101381232852e-02,2.258552265914784765e-02,2.263698890584310564e-02,2.245859791105165454e-02,2.257788936334862231e-02,2.252761237390270982e-02
2.254431349708201082e-02,2.235646380659073867e-02,2.256253633307508250e-02,2.242555365986812280e-02,2.247280589874496581e-02,2.232591189322533087e-02,2.235457706956201981e-02,2.235932208000399740e-02,2.247431883596609156e-02,2.244797609944061342e-02,2.236234292236716908e-02,2.243275424361018330e-02,2.250014742184288513e-02,2.236565096919774370e-02,2.245418678901025047e-02,2.222391302600144544e-02,2.244638718674138445e-02,2.236864600260006150e-02,2.239052535540548769e-02,2.243281503842120550e-02,2.233627027091087541e-02,2.238387778300781825e-02,2.246334031703298845e-02,2.247297420328073572e-02,2.238504222429937851e-02,2.242539739666024601e-02,2.243871130295488001e-02,2.238597384312672814e-02,2.241595927436217800e-02,2.228408692398636468e-02,2.240056188991874225e-02,2.244843462522572164e-02,2.245936298063533343e-02,2.241626740052796510e-02,2.242832173204506105e-02,2.242118116091376678e-02,2.234454315601549362e-02,2.245661647342849301e-02,2.239600250195453862e-02,2.252355984765285618e-02,2.243397377441496907e-02,2.235900578103241013e-02,2.252853711896821848e-02,2.246197570824255002e-02,2.245424262560362719e-02,2.249022240244324955e-02,2.239242333833921239e-02,2.233102245380604381e-02,2.246111930312643529e-02,2.246130333090723061e-02
2.226131477305991896e-02,2.238205830181044104e-02,2.230952381627263753e-02,2.234356798146650350e-02,2.241715533125063220e-02,2.218140814711937886e-02,2.236576029818538106e-02,2.229424366969261911e-02,2.234165502250630084e-02,2.224941160313073998e-02,2.226374703884235681e-02,2.233751870507776766e-02,2.237052697816462737e-02,2.230454494537590163e-02,2.220839525654757715e-02,2.228956041542611358e-02,2.231702863810022461e-02,2.231998496406296245e-02,2.225913717900728298e-02,2.218201686745061713e-02,2.231971407606008276e-02,2.226792066452191327e-02,2.227122507153686537e-02,2.232467280699153636e-02,2.224180469015277911e-02,2.238905339557489479e-02,2.232416270924987220e-02,2.219296630497869655e-02,2.232543308310635730e-02,2.225386098206626195e-02,2.221511981560548438e-02,2.226777081183211118e-02,2.224280142146796077e-02,2.248119521050312430e-02,2.225905634522033771e-02,2.221746461903088832e-02,2.229466282295242477e-02,2.229180624280188011e-02,2.223926962307850447e-02,2.236237769163981759e-02,2.225753002567598324e-02,2.229094655729790125e-02,2.228145939826064667e-02,2.226244744642910320e-02,2.216659482451594984e-02,2.230904303097402258e-02,2.233837083022228998e-02,2.229327564231903605e-02,2.235344357028128462e-02,2.229453400993078663e-02
2.225588323599816606e-02,2.215893637347369355e-02,2.229192844450803707e-02,2.210234401514436092e-02,2.209374565956943176e-02,2.221900937810007692e-02,2.230046524377501255e-02,2.210057036126266555e-02,2.223707811456190550e-02,2.213716347648849239e-02,2.218618507638960013e-02,2.209640964786729542e-02,2.213729585292626562e-02,2.216505524944153288e-02,2.209026159915161366e-02,2.213199085096264132e-02,2.215690624924680774e-02,2.212131375394693969e-02,2.207276614635719780e-02,2.223784797987031839e-02,2.210448126219012946e-02,2.215502095668906921e-02,2.217039882801755471e-02,2.219562970980605565e-02,2.212204021850677077e-02,2.211179474584008126e-02,2.209349119727098062e-02,2.213433980292213443e-02,2.229861674036342709e-02,2.219492905285298801e-02,2.218379220561752727e-02,2.215173217969829481e-02,2.212446413035855722e-02,2.209529804083799898e-02,2.222777163608851900e-02,2.217759103779617241e-02,2.226215138187789822e-02,2.212981253695927436e-02,2.227080190776110913e-02,2.225017292528990928e-02,2.204453792526136699e-02,2.207222784084061570e-02,2.213664172741378056e-02,2.196563462475682044e-02,2.210536393626370832e-02,2.205643388898291882e-02,2.227241726068113908e-02,2.217618595952228905e-02,2.220207432258477359e-02,2.221255031376000513e-02
2.197658810956298545e-02,2.201075916226355109e-02,2.205041070147443702e-02,2.197469009652519914e-02,2.202558345561157760e-02,2.185131420974469399e-02,2.203160474275129427e-02,2.206554570435373397e-02,2.211469818481267766e-02,2.209769015997194164e-02,2.195161448418825323e-02,2.194283900934263301e-02,2.194098613919979318e-02,2.198711732936168076e-02,2.202164757473461937e-02,2.205543276589678331e-02,2.194177682074978722e-02,2.195030095586368232e-02,2.187455208550644070e-02,2.194491511782672988e-02,2.198305498572004565e-02,2.193062796834625502e-02,2.199726897622551053e-02,2.194191817608993206e-02,2.204409126792186702e-02,2.203789357731976775e-02,2.197536933183489097e-02,2.213211166046493567e-02,2.200146419990409510e-02,2.192064802642224031e-02,2.201457664164213276e-02,2.199827768843324108e-02,2.195470216371812194e-02,2.186968816730246873e-02,2.204949251213726702e-02,2.200397344761765434e-02,2.208847705090467503e-02,2.211068296766506569e-02,2.197585855885420686e-02,2.196708104513914531e-02,2.205114480400720972e-02,2.209222471313603345e-02,2.187904053902316182e-02,2.193153696398891447e-02,2.197549668412912549e-02,2.201894784743009884e-02,2.189011645948043053e-02,2.211403635431127140e-02,2.194376202172268822e-02,2.213275394515564626e-02
2.181250518291874205e-02,2.194170624934826258e-02,2.183612635586121981e-02,2.200090276525478589e-02,2.178683040412773830e-02,2.184423265404608280e-02,2.185223338720550246e-02,2.186941446926752089e-02,2.171778842558325096e-02,2.182985640510376121e-02,2.181903053559417979e-02,2.189758581259843018e-02,2.190152020836842739e-02,2.182154862124519035e-02,2.182577627567610853e-02,2.185229749744360336e-02,2.184516623376570391e-02,2.168649474035044822e-02,2.189369726115584364e-02,2.189783437667771823e-02,2.182286326674818741e-02,2.191875647344302194e-02,2.172625602903934319e-02,2.194139655356387025e-02,2.177141024934468524e-02,2.174759636936044599e-02,2.192730335995788510e-02,2.186568713558586369e-02,2.188687023243207977e-02,2.192368927673228260e-02,2.189843383937538704e-02,2.200686880026413508e-02,2.186710710716015249e-02,2.184943115577777165e-02,2.175057623381661254e-02,2.181989291544797482e-02,2.198387007299825932e-02,2.183444390260820892e-02,2.185226864880907699e-02,2.181515097360858454e-02,2.177879411064997592e-02,2.201494490481670577e-02,2.193395336259301720e-02,2.181181617065953288e-02,2.182834632358957722e-02,2.193015770187871707e-02,2.191012367403232658e-02,2.185595257755265294e-02,2.180243513163010113e-02,2.186749772250961427e-02
2.175459508966285163e-02,2.164278446069177811e-02,2.179535184914205628e-02,2.162509910298607632e-02,2.171909433867838524e-02,2.169962073145832379e-02,2.162144892057386164e-02,2.180972111033613325e-02,2.161497511487444484e-02,2.171308940435742046e-02,2.169272852957673109e-02,2.168182951824015534e-02,2.183757439077776974e-02,2.164763444945670343e-02,2.161148961399168844e-02,2.165550565254302853e-02,2.176608098824273779e-02,2.165759674274009630e-02,2.163290932073218958e-02,2.161206519695621150e-02,2.171309716073951263e-02,2.164322407854613051e-02,2.159950719663138174e-02,2.180304808377538095e-02,2.162363989405276937e-02,2.170635924950784293e-02,2.164258894670795935e-02,2.170470263024287805e-02,2.166289058596580427e-02,2.153952416183293334e-02,2.165643083800116581e-02,2.166393932408421097e-02,2.164696203893983970e-02,2.167434847345424062e-02,2.175104467177314468e-02,2.170498904954738448e-02,2.160203416118931102e-02,2.173866217448987975e-02,2.158154920685274522e-02,2.168332108060301230e-02,2.161805914642121046e-02,2.163908803621933732e-02,2.173632959681759055e-02,2.179333423907967374e-02,2.160567209520332377e-02,2.161245648717005641e-02,2.174628310688156430e-02,2.166171378259382913e-02,2.171232132291366773e-02,2.161422347074952455e-02
2.141884396128119344e-02,2.141462792859621586e-02,2.143825414706710189e-02,2.140254227612338120e-02,2.142561158633515817e-02,2.142566802632685924e-02,2.158843974294357912e-02,2.150346735346023164e-02,2.162573541385885700e-02,2.149374919096543740e-02,2.158384460090279761e-02,2.144532231991404594e-02,2.161552958240390426e-02,2.154208231927891640e-02,2.155606198216357405e-02,2.151680826266108223e-02,2.154781175206559041e-02,2.150624935366145934e-02,2.147117439648542001e-02,2.146281757095350878e-02,2.140863841959360706e-02,2.141898843651095924e-02,2.167374393549859404e-02,2.158686421638304764e-02,2.138013861431872428e-02,2.148214453591071327e-02,2.143924791792521309e-02,2.156900917770979836e-02,2.161650422218433856e-02,2.168063004288506290e-02,2.156891280006164105e-02,2.153863158127830579e-02,2.144575216836289502e-02,2.152784772850669520e-02,2.149722497100554908e-02,2.144588558835507433e-02,2.145285541928315318e-02,2.150452270236686420e-02,2.145313846064611160e-02,2.160591643358636058e-02,2.137885422205487718e-02,2.147466143886828105e-02,2.148112966054955067e-02,2.138175990023001918e-02,2.144169086986013467e-02,2.137124409379575346e-02,2.159076038389435084e-02,2.153436587908254263e-02,2.147162448101462215e-02,2.149163558682338007e-02
2.140250230838228532e-02,2.115507860502675169e-02,2.133702251215595716e-02,2.133724680998409437e-02,2.129817248711593503e-02,2.133932365391681685e-02,2.118909286662816124e-02,2.130590673822632675e-02,2.123381227175838437e-02,2.126788118026811183e-02,2.129391492533758493e-02,2.132481267341041972e-02,2.121508329000066154e-02,2.141360334704552754e-02,2.121118416251399283e-02,2.128912689954579746e-02,2.131213398721476873e-02,2.135451569187692827e-02,2.143467600148271993e-02,2.121240442415180463e-02,2.129479115269430206e-02,2.120607590329187317e-02,2.111614951808549537e-02,2.131925590421242592e-02,2.127937618578628828e-02,2.135644803931727523e-02,2.129437109792063632e-02,2.129859586820677733e-02,2.138941611370031096e-02,2.137920068403264748e-02,2.137833779001525880e-02,2.139146320993160974e-02,2.148023491458627907e-02,2.130226090409729003e-02,2.129130225540372401e-02,2.133046319881910791e-02,2.131985767580086774e-02,2.132493673590356992e-02,2.127483227079246184e-02,2.132842247790458709e-02,2.147370734095546685e-02,2.127886010614071441e-02,2.135050875490692238e-02,2.141037226402812271e-02,2.117598738022647212e-02,2.139109169782194703e-02,2.121328957519439187e-02,2.131291498094815481e-02,2.125311262148910779e-02,2.135558897541564236e-02
2.109409071257187587e-02,2.106817609925482060e-02,2.108125746859451644e-02,2.108621248375820365e-02,2.110645929104058849e-02,2.120083384766481560e-02,2.113526208344250826e-02,2.113646235360847753e-02,2.117449049957317170e-02,2.109549739765694681e-02,2.107003388169033722e-02,2.123040133685057812e-02,2.108080269599139564e-02,2.131059226053016661e-02,2.118018768848876215e-02,2.122218246227374969e-02,2.102986235564304959e-02,2.100370833903000833e-02,2.121564799666519549e-02,2.116600767071894276e-02,2.111661191842227267e-02,2.114006059650215194e-02,2.117683793751497928e-02,2.112292336970469572e-02,2.107090240022344019e-02,2.116476271657826910e-02,2.114533337608680980e-02,2.108064744304707916e-02,2.115976501967558460e-02,2.122746423417301576e-02,2.102766895234681188e-02,2.121714923911444811e-02,2.115144528621399483e-02,2.116350849590241737e-02,2.109499434335194643e-02,2.115642907236366804e-02,2.123279030692941036e-02,2.112519776571973942e-02,2.113859772358745587e-02,2.102249272161869215e-02,2.128934121226897999e-02,2.110103449442248674e-02,2.112211022600824634e-02,2.112966150562453280e-02,2.117543308909641125e-02,2.116335596711501829e-02,2.109389220982492083e-02,2.101380533752385607e-02,2.110578597348665431e-02,2.111472178294523591e-02
2.095999142783881372e-02,2.093302067535928596e-02,2.089786496516454067e-02,2.086835746506219072e-02,2.088498261751986149e-02,2.094829294340010833e-02,2.100701607943679383e-02,2.098285563996697342e-02,2.097233018621863163e-02,2.100778533059306438e-02,2.094577143828563540e-02,2.087014786898687066e-02,2.083253649029614962e-02,2.094650792610006432e-02,2.084678858287504835e-02,2.102670013997206752e-02,2.092069131729753714e-02,2.087562092252187237e-02,2.097856159532051137e-02,2.101573379997528912e-02,2.110311651253300724e-02,2.085556667000575473e-02,2.089384872351022354e-02,2.092487356947996674e-02,2.088725774453293119e-02,2.091285433510386982e-02,2.092366550167339134e-02,2.105063000651765520e-02,2.100905482125989612e-02,2.094053742061492349e-02,2.089907838397474238e-02,2.099599152229755447e-02,2.094989994128373598e-02,2.088596982591630485e-02,2.084511491270190503e-02,2.096577425308152054e-02,2.082346476085378956e-02,2.097237706618206715e-02,2.087856031610546212e-02,2.089913919490090852e-02,2.098427873446359962e-02,2.081158871902532778e-02,2.082180398444380756e-02,2.093435461365643693e-02,2.094870207287649957e-02,2.094162430082931528e-02,2.092425134164910272e-02,2.089622790372563585e-02,2.101482316216476964e-02,2.105124556847116912e-02
2.064987192462689261e-02,2.064545552458092390e-02,2.074861421312112000e-02,2.068703762244313363e-02,2.069316166434814058e-02,2.075415349305009469e-02,2.066134627250276398e-02,2.066603573975924618e-02,2.079540458484774312e-02,2.070706820401777351e-02,2.063682296584124984e-02,2.071693498182213336e-02,2.070222521904115445e-02,2.077975526395495556e-02,2.065251410364761162e-02,2.067849451121540200e-02,2.057985549987207882e-02,2.066129980142836220e-02,2.062856374261171424e-02,2.079776512512722733e-02,2.058788225690134921e-02,2.066995203701988207e-02,2.061167465692682541e-02,2.071584232163633729e-02,2.067641880204373547e-02,2.070319653405554988e-02,2.073150940939846865e-02,2.082650161734270547e-02,2.075772885647502244e-02,2.059055456342208726e-02,2.058963437377392749e-02,2.073729495569850631e-02,2.081784774191762846e-02,2.065712594662634863e-02,2.060940268256040986e-02,2.076043022629159296e-02,2.075110925371745352e-02,2.067704725873348998e-02,2.068850872506809019e-02,2.071615023672519415e-02,2.074013516268205168e-02,2.066760736762936548e-02,2.065242645370176516e-02,2.063149155546691385e-02,2.069093919559234634e-02,2.072595624703879591e-02,2.071259477378307665e-02,2.070078954349519398e-02,2.065464298030569162e-02,2.083019490402892790e-02
2.050284321593759743e-02,2.053001633557125644e-02,2.024570042302708400e-02,2.053689332513270252e-02,2.046163306623702272e-02,2.051912613417038525e-02,2.046931831597470150e-02,2.050001875931637546e-02,2.044156484661473205e-02,2.054198961321847955e-02,2.039790583907283641e-02,2.054235759827622090e-02,2.055469595507818104e-02,2.046185502275890689e-02,2.039333117936021136e-02,2.027809903334700653e-02,2.046430449631640724e-02,2.057418142526454968e-02,2.042014228545038779e-02,2.051291120950697947e-02,2.048889736736428033e-02,2.040197679118046711e-02,2.043163422621752448e-02,2.048149855429976657e-02,2.039946073510244540e-02,2.058087733368510822e-02,2.028724321964213428e-02,2.046748488687534506e-02,2.040352729734141307e-02,2.050753465243444415e-02,2.047847984492901299e-02,2.038770204088429308e-02,2.049022313285268557e-02,2.048221741562359505e-02,2.048543900253613215e-02,2.051610168606142828e-02,2.043456445071330577e-02,2.040231470753578816e-02,2.042384827276053430e-02,2.049301353380432456e-02,2.035567951533238246e-02,2.044699829179699724e-02,2.038145406034717888e-02,2.036505802199537613e-02,2.042950322008531966e-02,2.045738489300468615e-02,2.041805343890608013e-02,2.042290004731503808e-02,2.042179935436055221e-02,2.052430330587042689e-02
2.019242256880988962e-02,2.034458793276804761e-02,2.022671448239545672e-02,2.017304801304847794e-02,2.032668129359013059e-02,2.024367682292522314e-02,2.025212471880512982e-02,2.013999756895216986e-02,2.037001031349823174e-02,2.021767200069343046e-02,2.027704141940586333e-02,2.027054040228955245e-02,2.022621946502598314e-02,2.036387577399847645e-02,2.030615070144337758e-02,2.033365650149913245e-02,2.020270348341076175e-02,2.022086297594484147e-02,2.009873417800677256e-02,2.030174783838449223e-02,2.016760711551648586e-02,2.022054693839766756e-02,2.026255026430474199e-02,2.023005675685119256e-02,2.025189557430558812e-02,2.013603317255333036e-02,2.011363214785923115e-02,2.039317933687426893e-02,2.026922819963326503e-02,2.039307127741408349e-02,2.011735708512002799e-02,2.024671261851542295e-02,2.006312656421307961e-02,2.031154229876285314e-02,2.025045991999451303e-02,2.034684971786383800e-02,2.013557234598904733e-02,2.027712222167421183e-02,2.029935216315834068e-02,2.019383787753664672e-02,2.016055287274976307e-02,2.024179379550613070e-02,2.033321513954605003e-02,2.014115568268925321e-02,2.032754388720717578e-02,2.020248342751558221e-02,2.019312088129887259e-02,2.020741376254121813e-02,2.016511210344473434e-02,2.025828470107658014e-02
2.004286043775050513e-02,1.991126706503573707e-02,1.999929079358950604e-02,1.999794872702390439e-02,1.994228354084876323e-02,2.008568598966285756e-02,1.995430342247335453e-02,2.003741099230755413e-02,2.001913392548162682e-02,1.991618845840623792e-02,1.985026510949807615e-02,1.985355792148330717e-02,2.001606884240477585e-02,2.000578219873803965e-02,1.993193252379209940e-02,1.997573390603236271e-02,1.990594182960920416e-02,2.007569557368513863e-02,2.013242292922116927e-02,1.990302652295117616e-02,1.985426793402396070e-02,1.995920787594517715e-02,2.003009292332781285e-02,1.999031838938904876e-02,2.009714238629882466e-02,2.002724493803375097e-02,1.996754934628724998e-02,1.988345188540174835e-02,1.996114404713740867e-02,2.004448554741347296e-02,2.000026250064370487e-02,1.984211837639821008e-02,1.988221390189274379e-02,2.011465019374363353e-02,1.993439443600101418e-02,1.989759123062434867e-02,2.005831155089610532e-02,1.994859797360045914e-02,2.006658272180662089e-02,1.986982890207004623e-02,1.988676567957671157e-02,2.003687819560687200e-02,2.004113435644116689e-02,2.009951895426227014e-02,1.992753925178544772e-02,2.003247907189915217e-02,1.993347327968891455e-02,1.994365227238228955e-02,1.990886839142105152e-02,1.986404931546500302e-02
1.970843465078847903e-02,1.974847071055269368e-02,1.967091861719646312e-02,1.972273438046983837e-02,1.965442468369549625e-02,1.969766507223586274e-02,1.968283966522987177e-02,1.976755908193612854e-02,1.966933710135937777e-02,1.957874802778817799e-02,1.963382818479170872e-02,1.971601291434785935e-02,1.966365587077190807e-02,1.969634285180634978e-02,1.973209828806572752e-02,1.974704325886750267e-02,1.980613785193314699e-02,1.960490706544445322e-02,1.975553526233514781e-02,1.973169919605095163e-02,1.968526520373290248e-02,1.964286809648428667e-02,1.958857548188663519e-02,1.968906704267300162e-02,1.975023234203587483e-02,1.976187507010029529e-02,1.951466557523690720e-02,1.958544074791769216e-02,1.979789637229626559e-02,1.973454285963685204e-02,1.964428409960082555e-02,1.963831458508363478e-02,1.953401163359278978e-02,1.958984979459124295e-02,1.972259767714475837e-02,1.964714843479978962e-02,1.962523589122529277e-02,1.967744944688516739e-02,1.981778148996980390e-02,1.970353566861799549e-02,1.964682145543744304e-02,1.977571210865836093e-02,1.966551141763355284e-02,1.961343606318246766e-02,1.968663752113305673e-02,1.964006034961328015e-02,1.956311630115265682e-02,1.971497796579670461e-02,1.982009209220395377e-02,1.971955836379406940e-02
1.932066897804060601e-02,1.931511625457030951e-02,1.936788324331653252e-02,1.945777423256553340e-02,1.945855197163897862e-02,1.931934875293894391e-02,1.952460496636173812e-02,1.940222381638217683e-02,1.933962580313998425e-02,1.938520603496224695e-02,1.934605278507775875e-02,1.932231769483686024e-02,1.952201811805648682e-02,1.946826495617353867e-02,1.948639489474238498e-02,1.947211507972096065e-02,1.945405703224523108e-02,1.949077273521574935e-02,1.939489349516840266e-02,1.943551993759341442e-02,1.940804501953801928e-02,1.939899817204718963e-02,1.950979679739878875e-02,1.931224447445199777e-02,1.951716337300927334e-02,1.942460419632671340e-02,1.952730251254194971e-02,1.943043630969415805e-02,1.941081371162633670e-02,1.938217765226990866e-02,1.940494594572494610e-02,1.936169170883163954e-02,1.935266286398280161e-02,1.943620205808808260e-02,1.926759905626306349e-02,1.941777784024663681e-02,1.926790739787635418e-02,1.944726216106014427e-02,1.918689011360374258e-02,1.944917819244077958e-02,1.954404832098950023e-02,1.953686402234651801e-02,1.933631560141516395e-02,1.939025026226183848e-02,1.946407794292552215e-02,1.949675042815926865e-02,1.949647330559856062e-02,1.935226854403804958e-02,1.929967713952059419e-02,1.931543161110042470e-02
1.910540357081826415e-02,1.922565418384230423e-02,1.910405142813317511e-02,1.919486578278640360e-02,1.914224589141556854e-02,1.903088255070707960e-02,1.904917379941357958e-02,1.919149705309939474e-02,1.907049539074981773e-02,1.908952013580692691e-02,1.915521528403115251e-02,1.908927491807987237e-02,1.913934602468173041e-02,1.915258474169961520e-02,1.903695315480277706e-02,1.894432559602426958e-02,1.904855015333713902e-02,1.904471288789209849e-02,1.907093207672507298e-02,1.901563856976968420e-02,1.912074312510379792e-02,1.912221168934399862e-02,1.903419271285779202e-02,1.925527134962216544e-02,1.921923697470306197e-02,1.920431763862331248e-02,1.911912524125524218e-02,1.905274410438157970e-02,1.921418300531918186e-02,1.917756184488809273e-02,1.908747520260174052e-02,1.913428004386491174e-02,1.915009971978024611e-02,1.899042637380780191e-02,1.916928904234034559e-02,1.915304424983856058e-02,1.893164236388802935e-02,1.902473029242749900e-02,1.920241837453574504e-02,1.905951411708950091e-02,1.915018642908013213e-02,1.912766772999890952e-02,1.915167656312814770e-02,1.920479334050438636e-02,1.907974434213309534e-02,1.911139412405593596e-02,1.904043678334977827e-02,1.921496848388066711e-02,1.902810215806893107e-02,1.910100488204894559e-02
1.883435726079083633e-02,1.886005946000469252e-02,1.873575641118127230e-02,1.883521054029102873e-02,1.878359223314095619e-02,1.894781220522384624e-02,1.883592254200595201e-02,1.883555987440881443e-02,1.892723401563192742e-02,1.884068957130291197e-02,1.886803601223683430e-02,1.876121405307456386e-02,1.877442849524972243e-02,1.875964313628425070e-02,1.884650742820946981e-02,1.877938984048895671e-02,1.880273839337866931e-02,1.880888159177062161e-02,1.884374893126078074e-02,1.871933360167725435e-02,1.878097117262681609e-02,1.870977611738544599e-02,1.882466380523547395e-02,1.877364277205263721e-02,1.884674870294835922e-02,1.877899823177177005e-02,1.863471272917599161e-02,1.883030646297450400e-02,1.886956430203528406e-02,1.888573239478734053e-02,1.875196824623365580e-02,1.876003488922500101e-02,1.873947981158576373e-02,1.890150396284400944e-02,1.879432078741200343e-02,1.885923474270766870e-02,1.880369614710686310e-02,1.880750811091914942e-02,1.882152837179153562e-02,1.877065484478098595e-02,1.876832770764496131e-02,1.870201435854023167e-02,1.881393897188657696e-02,1.882185768846970572e-02,1.877182793488420265e-02,1.874814785276050083e-02,1.872739141709118399e-02,1.894217943096235604e-02,1.882927818107942713e-02,1.874478848453800875e-02
1.852763660695164530e-02,1.857821974397746295e-02,1.848865331852796168e-02,1.838661531481119646e-02,1.852429855354744553e-02,1.838916351852280459e-02,1.854753718476217020e-02,1.857253575445620003e-02,1.848248044614453009e-02,1.868560465660138933e-02,1.852886530060809944e-02,1.854210429596913484e-02,1.851722699165238989e-02,1.845073398861873243e-02,1.845270550409850926e-02,1.847301469638269050e-02,1.847837282666842454e-02,1.856034588032791366e-02,1.833022514045311302e-02,1.842963318282734436e-02,1.852940869784052216e-02,1.855151022243284320e-02,1.841332176023066647e-02,1.864244808837572931e-02,1.828024508900753103e-02,1.849127431821069936e-02,1.845628015586363996e-02,1.848685242919442112e-02,1.844693944457427223e-02,1.855826846041642997e-02,1.856912823919441846e-02,1.845177282440397387e-02,1.860751511806923650e-02,1.836997707334560997e-02,1.842668016629482250e-02,1.851021938528683158e-02,1.841607202960080653e-02,1.855289149964157655e-02,1.840594402020272885e-02,1.843311406083516027e-02,1.847353857179248257e-02,1.842532770228929098e-02,1.861214063687994733e-02,1.862885189454411769e-02,1.855875839624155851e-02,1.854866466555810112e-02,1.852529008505625005e-02,1.850746198183678137e-02,1.845730741072783287e-02,1.841820309204094536e-02
1.820303040230248151e-02,1.807849473776586627e-02,1.807643688935235346e-02,1.816050754703015316e-02,1.815307130013035786e-02,1.825714848563406156e-02,1.820629532299828865e-02,1.811585543677149412e-02,1.820192943740009742e-02,1.813826177081329441e-02,1.820578951582372748e-02,1.828127955367107871e-02,1.829159096614300928e-02,1.805321676857365651e-02,1.825284313456606786e-02,1.812492644779315973e-02,1.812457747957216259e-02,1.809933199224364811e-02,1.810832359706350883e-02,1.813663888032708213e-02,1.814579854136672693e-02,1.814714310558912871e-02,1.822563877552287742e-02,1.823889520147592078e-02,1.814159303898526393e-02,1.826211266511751016e-02,1.806792464659985609e-02,1.796998995917507141e-02,1.806934570372291382e-02,1.815795766755466667e-02,1.815171974052944351e-02,1.817382643772859699e-02,1.803429902223766326e-02,1.796062163938040926e-02,1.816882960492439969e-02,1.813061260559119953e-02,1.808154954303933803e-02,1.813979530173889798e-02,1.812197274949881032e-02,1.809206917602513773e-02,1.810324890828129973e-02,1.821904703593898306e-02,1.815051436494152098e-02,1.824293506827274688e-02,1.822813918811565237e-02,1.820037127505227600e-02,1.814375594850029666e-02,1.816270263525371007e-02,1.808967703227274196e-02,1.809804827017175155e-02
1.784618789803101707e-02,1.786068987617509679e-02,1.778387648227673298e-02,1.783494595483526429e-02,1.770825478547062570e-02,1.779087469728008256e-02,1.777877884501874797e-02,1.784199484712292380e-02,1.775378106270160405e-02,1.787109365328520133e-02,1.784522260434715998e-02,1.787978268548416627e-02,1.781178289877840756e-02,1.768844030237311238e-02,1.791639025201418114e-02,1.766470851435213152e-02,1.793646700910726463e-02,1.773505064253902072e-02,1.783546013960343041e-02,1.783143606396281333e-02,1.785120711373441166e-02,1.770574763532183765e-02,1.788557809959900533e-02,1.774203333075818206e-02,1.763673415182662185e-02,1.765540098749118769e-02,1.767188413928785784e-02,1.773863319720523843e-02,1.765133448356328780e-02,1.776066769896779765e-02,1.792448572360314310e-02,1.764913304241235575e-02,1.778374636063305425e-02,1.778335997142044961e-02,1.775644987553483961e-02,1.756164351911205374e-02,1.783577568390406348e-02,1.776154519696031969e-02,1.773444965215490582e-02,1.793944609324584633e-02,1.792115329063163551e-02,1.784916414950286565e-02,1.776657165901153468e-02,1.780840066229667090e-02,1.789488264135536896e-02,1.784077368323938248e-02,1.771865585352701625e-02,1.766492931623975596e-02,1.795688554863761333e-02,1.794472626047303315e-02
1.725834747424125418e-02,1.739096609645175359e-02,1.745333237929822673e-02,1.755354307116532495e-02,1.749275925817617844e-02,1.750482869565471097e-02,1.752911481666025520e-02,1.739905636276863413e-02,1.730057928667655051e-02,1.753610095790767223e-02,1.754842910842295545e-02,1.749397908837441520e-02,1.749185194459303150e-02,1.741310547083295759e-02,1.729878008595604755e-02,1.741472924573159511e-02,1.738811715351747458e-02,1.744113129500508841e-02,1.741573181181125737e-02,1.736879255878400266e-02,1.735617637844035638e-02,1.737849501247203110e-02,1.756001296757302502e-02,1.735629491520309861e-02,1.737619939646026235e-02,1.729823039715725277e-02,1.751449810989440942e-02,1.746023865928677740e-02,1.718738128132412182e-02,1.742323551267165385e-02,1.739815434433735625e-02,1.740855960074557882e-02,1.745613880555202391e-02,1.738554961621417705e-02,1.757889778129939629e-02,1.757511194111094702e-02,1.737953530508459798e-02,1.755083672310091270e-02,1.747495568123961715e-02,1.745238440529003204e-02,1.740478958656330871e-02,1.745084422617611958e-02,1.738740819185215225e-02,1.747627577437291246e-02,1.736670168559502000e-02,1.759780550627778814e-02,1.752675546083918429e-02,1.742925633180590281e-02,1.744290084978887892e-02,1.756774043103553895e-02
1.715649664399995084e-02,1.706661112118411372e-02,1.712993684271911163e-02,1.713379773893922847e-02,1.705784832247789207e-02,1.694398640977066994e-02,1.706408019133931128e-02,1.715866411750485709e-02,1.703894864849810412e-02,1.713659076948916352e-02,1.693944778757892899e-02,1.704986579893333701e-02,1.699518410691397766e-02,1.711248818771338165e-02,1.698624100633039716e-02,1.699418339950739196e-02,1.712062218635530472e-02,1.703670698415127999e-02,1.702553431920365498e-02,1.708227875626381828e-02,1.698851028022771784e-02,1.707885912031668202e-02,1.712900186884384543e-02,1.705400872209527838e-02,1.717297158573761334e-02,1.705804890539640642e-02,1.700664334232296349e-02,1.707977139437071024e-02,1.710677273667934872e-02,1.707755669289207773e-02,1.695889778099519268e-02,1.703600794796301943e-02,1.711358754085939154e-02,1.703450867885796319e-02,1.693842861330998109e-02,1.696185407441557977e-02,1.705563169877136881e-02,1.698764934978609989e-02,1.701713935625519258e-02,1.706358795302033091e-02,1.726625719595827058e-02,1.699460449163974970e-02,1.690765708409379051e-02,1.693879612544689495e-02,1.712091441611903950e-02,1.710298932892644758e-02,1.704909811044639026e-02,1.707791682527733459e-02,1.703668784961617430e-02,1.701612426774062187e-02
1.663887926971970022e-02,1.657900205264167467e-02,1.664255249456766256e-02,1.673373199830141198e-02,1.657431114011039333e-02,1.677686443111599257e-02,1.662982672464747430e-02,1.670288932300948923e-02,1.661052258782864249e-02,1.666131543825965372e-02,1.668582765455073683e-02,1.668068905586185188e-02,1.678862091129835685e-02,1.673257528007985814e-02,1.679005275722030358e-02,1.652917718295230515e-02,1.668238680765453744e-02,1.660287496140052874e-02,1.691105544003738276e-02,1.662909085455899563e-02,1.665122296040594252e-02,1.660042736916463035e-02,1.660681564388779077e-02,1.648967830568041915e-02,1.688552259459626115e-02,1.663141048416585249e-02,1.669531852148437023e-02,1.661724265217458599e-02,1.657853822534990570e-02,1.662310464294195628e-02,1.666813580832385636e-02,1.661784532038074885e-02,1.665800501380512721e-02,1.691887834970937782e-02,1.663705704660011983e-02,1.668664432975485237e-02,1.667470310325126423e-02,1.659710671713358551e-02,1.668310916637863461e-02,1.652738517410435801e-02,1.686269740636835851e-02,1.665994291144914582e-02,1.673877208396177055e-02,1.668208403680367796e-02,1.665375234617329572e-02,1.661212905465460007e-02,1.669365157146792539e-02,1.656725789668271956e-02,1.671923164789278909e-02,1.672951406208977518e-02
1.626651991024483448e-02,1.632551264587347659e-02,1.623630995479862296e-02,1.624664731173996665e-02,1.621978383205475993e-02,1.609255556853597321e-02,1.617161848841941474e-02,1.621095285415921627e-02,1.636849874278087369e-02,1.618153779267023779e-02,1.638929962278690144e-02,1.622053310026046538e-02,1.620378370553505684e-02,1.630208856937362741e-02,1.629656102903977513e-02,1.629278366227715491e-02,1.634874492801798376e-02,1.624975954364622083e-02,1.614516349814885954e-02,1.624550629793743844e-02,1.638364969974046015e-02,1.628039442633452683e-02,1.636081279091598784e-02,1.616610233910308406e-02,1.627768580615825134e-02,1.615418056570780761e-02,1.633565969645402530e-02,1.632793271489687767e-02,1.621315938035889151e-02,1.625128345578846084e-02,1.620646505722709088e-02,1.629046382569647455e-02,1.625071882044793956e-02,1.618949196891077136e-02,1.636851517389609906e-02,1.612095019017120365e-02,1.618108313411392371e-02,1.622962249401495305e-02,1.633265075825318657e-02,1.623928129414923052e-02,1.617736034558230410e-02,1.615573196241504653e-02,1.622732451483175492e-02,1.617963520245440864e-02,1.628865051476487136e-02,1.613691382141149017e-02,1.626975456278493756e-02,1.616286842423316980e-02,1.623338018035156913e-02,1.634901335648583295e-02
1.581665068871006968e-02,1.575555054344442152e-02,1.582057212797247786e-02,1.576932012804196578e-02,1.582260435022917258e-02,1.584712595620467110e-02,1.581865923528247633e-02,1.589053354678717639e-02,1.587598151448486872e-02,1.579290992810663749e-02,1.588009754829569284e-02,1.567149185347399207e-02,1.590167606240849504e-02,1.588281719059721903e-02,1.570598407883462208e-02,1.572495939284953778e-02,1.574200617673792227e-02,1.573509048852533843e-02,1.582435655003445324e-02,1.584059897259791974e-02,1.570169599176295464e-02,1.590231162068660858e-02,1.597470917364975096e-02,1.597636300298073408e-02,1.595318866222758883e-02,1.585918503076574892e-02,1.579596943386564478e-02,1.592082938063444503e-02,1.584564297545184783e-02,1.572218330285283378e-02,1.578762116436729229e-02,1.582669389324177153e-02,1.581275311508949233e-02,1.575347464035396772e-02,1.606942890432196819e-02,1.593752711071930173e-02,1.593039108986864932e-02,1.595435460837972552e-02,1.582297615930573428e-02,1.577240866811320530e-02,1.572909653960685022e-02,1.580289111047969430e-02,1.584890021249164144e-02,1.571677351636848949e-02,1.572997322708297868e-02,1.579438303314975242e-02,1.573388847177599817e-02,1.578542802134732040e-02,1.570801178534407885e-02,1.577826130181250036e-02
1.549742592223486183e-02,1.534583617630470506e-02,1.550018203540156139e-02,1.545426745623671577e-02,1.539769354220946879e-02,1.537573985611032264e-02,1.529251356789393737e-02,1.531280184279393969e-02,1.536268009560963488e-02,1.544439279490086858e-02,1.547064273406979253e-02,1.549337106956710612e-02,1.532454816269774971e-02,1.538651209710813206e-02,1.533170718452559443e-02,1.544377072997319897e-02,1.548275663050524380e-02,1.548506178519930450e-02,1.530960929735839318e-02,1.533282526981407691e-02,1.530789651199044796e-02,1.532356249227106657e-02,1.551524647225254600e-02,1.526753122502809770e-02,1.538374092565369423e-02,1.543083261679443520e-02,1.536527717318735518e-02,1.533033993579226498e-02,1.547444590672322241e-02,1.543752093683282804e-02,1.546223945711195334e-02,1.518553081379457950e-02,1.540527498609020086e-02,1.551524358454676837e-02,1.543481960503076747e-02,1.527401636903171281e-02,1.543404345439676993e-02,1.547987355179668290e-02,1.533899593693037987e-02,1.535605287968513921e-02,1.527859475385596674e-02,1.520246701656048118e-02,1.558001961565446541e-02,1.532317485297279673e-02,1.527856184052769038e-02,1.543610208143708119e-02,1.548605770792092426e-02,1.529556628576735078e-02,1.547229461138696811e-02,1.544881984527715808e-02
1.493735138383777208e-02,1.485061248254445840e-02,1.495810232973525215e-02,1.504074474883417695e-02,1.490249649130339325e-02,1.495552871917359833e-02,1.492123696714342876e-02,1.486878314158644916e-02,1.491747833431824981e-02,1.504842261552631275e-02,1.505745659104071668e-02,1.485946481836638439e-02,1.499046141582448255e-02,1.491410102238148114e-02,1.484473166343056212e-02,1.482427252760333894e-02,1.497962148518620223e-02,1.496047260376132462e-02,1.494296981988189367e-02,1.496148853051428029e-02,1.486347008499633131e-02,1.486135371100318070e-02,1.497235197508846663e-02,1.491709790732025434e-02,1.486919356485079391e-02,1.500994012476406826e-02,1.496265082556486395e-02,1.487232847489583162e-02,1.496650221017004762e-02,1.481115514049987161e-02,1.484158963677969026e-02,1.495143729998698809e-02,1.497413191193770234e-02,1.485692021634676778e-02,1.505654477921634406e-02,1.493565991173212947e-02,1.477997145811248483e-02,1.496540462352529896e-02,1.495581187938252454e-02,1.504072060928679337e-02,1.484068246654052584e-02,1.482889231091844007e-02,1.498114082053587232e-02,1.475509119762586502e-02,1.497018733753238857e-02,1.503606489017919427e-02,1.486246354698050019e-02,1.506308318104684907e-02,1.492635278917442063e-02,1.483308827293561109e-02
1.456102288445012584e-02,1.455579033648285447e-02,1.462149804831696862e-02,1.437272210805587772e-02,1.455749010403216415e-02,1.444749348529458105e-02,1.450757849724001319e-02,1.439294507213790576e-02,1.445930306777744138e-02,1.454225898452152568e-02,1.436760384230631633e-02,1.455726300432708467e-02,1.450627882035296010e-02,1.440781350170183654e-02,1.450358453149511694e-02,1.447736876141606822e-02,1.443665213142172367e-02,1.444516590998879552e-02,1.454245779431392535e-02,1.453234962943211230e-02,1.445378484999409845e-02,1.450409600266532560e-02,1.446524226171952074e-02,1.456100719316985766e-02,1.454362135218544884e-02,1.451110966216035032e-02,1.441856626643627307e-02,1.455734446811268908e-02,1.440660713868001895e-02,1.450736947030500934e-02,1.442632240927858855e-02,1.450957909086515903e-02,1.460495729733981944e-02,1.456944093918190707e-02,1.433914029838953032e-02,1.452653018392995564e-02,1.431536209545939374e-02,1.444155335328560150e-02,1.450781139370361898e-02,1.464962408022305040e-02,1.441651521659788326e-02,1.441387652318755659e-02,1.447175886819615682e-02,1.446289470451491907e-02,1.449195839975224442e-02,1.442108829810223244e-02,1.456010093762061773e-02,1.452916064800073050e-02,1.460091327420412824e-02,1.430159861038411868e-02
1.396170036000965280e-02,1.395795541425038332e-02,1.383421228072500599e-02,1.407540320183233926e-02,1.402056665350951900e-02,1.401366070279786748e-02,1.391719934850190431e-02,1.384808529397699856e-02,1.388110355559094705e-02,1.400451880814028612e-02,1.404050720983459656e-02,1.400422117249989183e-02,1.383749296962019822e-02,1.383332609719386402e-02,1.406107104899536470e-02,1.397707001361761341e-02,1.399025911442875261e-02,1.406348514220254545e-02,1.396631990376375615e-02,1.388041254946634391e-02,1.391367010240772417e-02,1.403255426080399042e-02,1.404170861391406018e-02,1.415105383255191134e-02,1.409359442357545691e-02,1.395676493790686500e-02,1.392526884291418743e-02,1.399585289685093860e-02,1.394679868071480901e-02,1.405687723968974609e-02,1.412062095754439139e-02,1.394823741156510019e-02,1.415918257167478843e-02,1.389186149282792444e-02,1.410931201438444041e-02,1.395917225162959623e-02,1.400389247353331194e-02,1.403129421757569675e-02,1.400299713635039765e-02,1.389383599554975222e-02,1.400476915666159020e-02,1.396332482077937594e-02,1.390520300801915618e-02,1.399817534683380632e-02,1.400492964273881979e-02,1.402011927664705698e-02,1.397049440576534143e-02,1.391591225562846187e-02,1.406009067715362042e-02,1.401836685868697654e-02
1.346699889441939357e-02,1.348514116213001685e-02,1.343930580423486308e-02,1.345882416786239009e-02,1.345748297514437995e-02,1.344523190457056969e-02,1.359808889937976287e-02,1.342798489247104370e-02,1.342912782544365344e-02,1.349699635191937801e-02,1.341645336360082139e-02,1.344036778800551842e-02,1.344193583241259753e-02,1.335394982308549770e-02,1.339786087253876795e-02,1.345031448099548617e-02,1.351161623521167886e-02,1.362361486890604698e-02,1.350516426964328692e-02,1.354037017848736847e-02,1.359703697826386906e-02,1.345673971793117513e-02,1.339301980384941318e-02,1.347767378514871939e-02,1.354859454184995961e-02,1.338116464926142335e-02,1.347865320021228788e-02,1.341409153439775820e-02,1.358896112412081442e-02,1.354141132908332976e-02,1.344235447323262680e-02,1.351926411153755135e-02,1.346002478182732262e-02,1.344308448479847665e-02,1.351607804210930991e-02,1.329622198357575079e-02,1.353304689776683653e-02,1.347999172056266529e-02,1.348153504386181110e-02,1.352434747226785410e-02,1.337510486228177947e-02,1.335765765078571199e-02,1.348674116652267066e-02,1.347734823743907198e-02,1.332220237477729774e-02,1.348885140388188936e-02,1.361948256344145194e-02,1.348629869533343392e-02,1.348812690679419141e-02,1.345959731674648864e-02
1.297201584056592409e-02,1.299945714295635234e-02,1.299313331352513166e-02,1.294929829905801418e-02,1.296312963168653500e-02,1.296057256156157508e-02,1.291816976029027363e-02,1.278048101617879594e-02,1.294004638099867377e-02,1.313272627436709757e-02,1.285587423291460578e-02,1.292413302330547645e-02,1.285465322885735902e-02,1.301868902612052757e-02,1.294028241679084403e-02,1.285955331500822016e-02,1.302935938898758424e-02,1.289960996575240972e-02,1.311372171795237990e-02,1.301989193159506369e-02,1.283383933004995925e-02,1.294477044732583564e-02,1.292044860941925048e-02,1.295392488587342877e-02,1.311726490993631554e-02,1.296797046533131569e-02,1.280119194229085294e-02,1.287246692058461282e-02,1.298109901047201156e-02,1.294787615648338060e-02,1.297707689686219100e-02,1.301206732854041231e-02,1.303290470498810055e-02,1.304905446968081077e-02,1.300413112193712396e-02,1.304095655446682774e-02,1.294797802358661244e-02,1.291880533871019553e-02,1.301546306716244890e-02,1.290010317842147161e-02,1.284143036073928136e-02,1.305483351992459996e-02,1.296627140872304296e-02,1.282976016294530563e-02,1.307271889228136738e-02,1.295186224391914505e-02,1.297170397670206060e-02,1.309291644756739766e-02,1.295465961691018644e-02,1.297787308780185521e-02
1.253869820804127434e-02,1.243869063249836322e-02,1.252196861357764146e-02,1.230062820504264701e-02,1.231364219833771916e-02,1.240126527077960693e-02,1.241567943453445073e-02,1.246958831463049547e-02,1.260943394453969447e-02,1.255829303953047600e-02,1.249733370526232706e-02,1.229034398719694617e-02,1.247735978604307301e-02,1.249635248760069817e-02,1.238399627710419677e-02,1.239944825860601722e-02,1.245012295332752206e-02,1.234913447842917594e-02,1.249232220854962563e-02,1.257336494403919584e-02,1.258398714150352204e-02,1.241335825634754322e-02,1.253570101584056129e-02,1.252516346901880531e-02,1.235793927341286881e-02,1.251362760770861025e-02,1.256835717413705769e-02,1.250360850039067447e-02,1.248355373305579975e-02,1.231215617190679033e-02,1.244740658551518088e-02,1.239564146324914282e-02,1.238374108996471643e-02,1.230047621798508774e-02,1.241862093503030492e-02,1.244748853715960633e-02,1.243575081304583961e-02,1.251433522676480281e-02,1.235198686716637052e-02,1.253133875740298185e-02,1.241385239759523577e-02,1.247440592761975449e-02,1.246718541496988353e-02,1.246738674755092958e-02,1.239849640667334101e-02,1.232172664744520495e-02,1.235728968044803346e-02,1.247650541294491149e-02,1.241258520513536037e-02,1.248293777040133772e-02
1.177679430200266261e-02,1.173423211212036056e-02,1.208028432516892146e-02,1.201945731648162291e-02,1.190169167289212987e-02,1.196884514420193737e-02,1.187979198953464238e-02,1.192360804870130735e-02,1.178818739476089096e-02,1.167985043976818571e-02,1.185665117793185085e-02,1.193788902794253905e-02,1.180808822768222507e-02,1.199229302174867166e-02,1.178020821848703263e-02,1.185601244552156666e-02,1.189814335936643236e-02,1.196426525745657166e-02,1.184880293899389161e-02,1.202733000258744862e-02,1.187356697794464747e-02,1.180204701227801148e-02,1.183785242145232904e-02,1.187965568140770742e-02,1.187727413451163637e-02,1.187079320796535775e-02,1.193785252350751218e-02,1.197536848236464141e-02,1.192167401405024030e-02,1.177989872642969116e-02,1.185145355368678877e-02,1.189150673169402442e-02,1.194891163120187158e-02,1.196170605848718635e-02,1.175374381835750208e-02,1.191779538782189278e-02,1.189014942656894773e-02,1.179543489848046238e-02,1.188587420229187536e-02,1.190128592485374150e-02,1.187588560595101254e-02,1.173659671184586022e-02,1.190042577536186245e-02,1.198366436681993531e-02,1.191247076851798849e-02,1.185186429134628579e-02,1.198462957342387968e-02,1.186135580442993463e-02,1.182599304973426697e-02,1.192589660303556773e-02
1.129167042554671783e-02,1.129286564921841950e-02,1.130547752280095831e-02,1.131576241041890030e-02,1.114297414710081237e-02,1.147503550258914713e-02,1.126403424382230525e-02,1.115922967809062846e-02,1.126904987356129768e-02,1.138630098765538827e-02,1.130086241517369583e-02,1.150010678448990832e-02,1.125711989282879473e-02,1.120438947749567704e-02,1.125700395554881696e-02,1.133959117122896459e-02,1.143348174866096884e-02,1.140323308876663166e-02,1.129446348032733284e-02,1.126551243010942560e-02,1.135498287029949004e-02,1.127932647151777025e-02,1.133216419763237448e-02,1.114988356148332617e-02,1.142922522257465261e-02,1.130749413640155625e-02,1.134580483553426083e-02,1.130901824754351921e-02,1.125540005590446035e-02,1.132216807730768680e-02,1.118434143439411312e-02,1.125875380575703383e-02,1.134442846632322498e-02,1.137117469990787076e-02,1.116385982013260759e-02,1.124424582455682900e-02,1.121936187797752463e-02,1.122483338730832260e-02,1.123730532302101744e-02,1.120579066868742160e-02,1.135986418569272932e-02,1.140797629844802173e-02,1.141686917123718899e-02,1.117030183120671510e-02,1.128998968721782979e-02,1.130714670239948115e-02,1.133640337224578638e-02,1.137733327510540710e-02,1.141892435348994435e-02,1.149263496117797906e-02
1.077688198011367803e-02,1.075186858882220056e-02,1.054348213416020190e-02,1.071875987647507265e-02,1.065659508590284348e-02,1.058721976844372199e-02,1.081234176618153277e-02,1.071827275022014907e-02,1.074183708796846819e-02,1.081680263267860605e-02,1.076560118156227180e-02,1.076474987998177202e-02,1.057962395036939236e-02,1.071403485820204143e-02,1.064305152858159055e-02,1.081527002250190495e-02,1.069845382547410413e-02,1.067991474858995954e-02,1.057168652723016258e-02,1.056408128220368697e-02,1.067556022700643682e-02,1.087000503163585222e-02,1.071349849506705865e-02,1.079223313905267045e-02,1.070762258348215319e-02,1.078881452454448497e-02,1.073322823453579100e-02,1.069779399763321100e-02,1.081372714373693596e-02,1.090726081000236748e-02,1.079231884912165707e-02,1.076277900937355932e-02,1.074430855734971081e-02,1.068605717241509316e-02,1.074694502082085105e-02,1.068209585456127500e-02,1.075678758920347797e-02,1.071947513363845188e-02,1.074438816496407594e-02,1.077117971787310349e-02,1.061597226420359086e-02,1.088885713531497976e-02,1.072616834761416088e-02,1.070420733329104958e-02,1.079951388637905713e-02,1.070013498304826782e-02,1.063485119554040924e-02,1.067677124416634496e-02,1.078222435870076351e-02,1.086329978055385059e-02
1.020373540064191398e-02,1.009143857831985847e-02,1.009903546279633003e-02,9.884871258485347645e-03,1.009722684566354174e-02,1.014251958366659337e-02,1.001495440515994852e-02,1.012347837702015814e-02,1.005566850029166945e-02,9.968116357311649842e-03,9.902209678283627539e-03,1.019331345766059417e-02,1.018306802966549053e-02,1.027519561868984153e-02,1.013140412725969941e-02,1.019925180217072860e-02,9.919453778271049987e-03,1.008990655876391106e-02,1.018305449746478158e-02,1.016888845375783605e-02,1.016529768718774963e-02,1.002958269655372138e-02,1.021117595183263643e-02,1.018750028420854076e-02,1.007391169827762285e-02,1.020813713746474873e-02,1.006981972143133376e-02,1.014370128559865386e-02,9.928442979927468159e-03,1.002791339070583168e-02,1.028638525248314929e-02,1.012835294589752889e-02,1.016974089754835685e-02,1.006481324692056270e-02,1.005211820435713416e-02,1.003300719275796761e-02,1.025672303451244556e-02,1.012224559655922063e-02,9.951670289895792401e-03,1.010439912624435527e-02,1.000184223285036783e-02,1.014184533595176123e-02,1.006861599495234745e-02,1.004288826962265214e-02,1.017523059341058494e-02,9.934046625078966214e-03,1.010194194604427734e-02,1.014648047392326287e-02,1.008358689586489124e-02,1.025311750303770607e-02
9.370046699969838966e-03,9.411845567765088696e-03,9.483434703032159185e-03,9.340951110601437846e-03,9.535559304682847404e-03,9.555040431197387579e-03,9.667093082801517245e-03,9.465978932168220977e-03,9.579319102149807044e-03,9.599668787486595467e-03,9.362299331616230277e-03,9.472191974667009892e-03,9.441119967724656906e-03,9.446235332666889570e-03,9.588773869528806684e-03,9.479199516370039394e-03,9.544339419362789928e-03,9.698468804212189917e-03,9.434083497281309239e-03,9.636233567354216684e-03,9.594565221547023126e-03,9.304415170604870416e-03,9.522441963508668228e-03,9.463002620222931913e-03,9.454559996139760489e-03,9.483131607363380622e-03,9.497395965734850218e-03,9.537330239910490892e-03,9.486788696078439151e-03,9.355988132472384602e-03,9.554025391308543572e-03,9.364327487214749862e-03,9.412027458564137944e-03,9.511949714552469723e-03,9.450867184983760896e-03,9.421669691277953854e-03,9.450737432583355274e-03,9.456577633271789907e-03,9.513632849908252448e-03,9.587222247575728426e-03,9.402767289896460379e-03,9.576853440405952780e-03,9.478452627747928350e-03,9.560139428675357848e-03,9.465791022976399738e-03,9.461792800333322304e-03,9.442001459092729324e-03,9.455142108544443980e-03,9.478428611212241089e-03,9.410230708030868640e-03
8.594848520411670773e-03,8.808737998572336442e-03,8.861782374069140586e-03,8.891098028584150728e-03,8.769476107746254634e-03,8.801503544174601665e-03,8.894936538953904931e-03,8.789453637480963005e-03,8.660247268521173436e-03,8.858220802861327750e-03,8.879515789229418948e-03,8.927956187826928403e-03,8.828820183831609034e-03,8.880742974183614483e-03,8.899044318362680020e-03,8.754803228468294868e-03,8.822634178943434061e-03,8.937961382834222132e-03,8.816407871263235232e-03,8.686012493345877938e-03,8.874005569310299338e-03,8.846510060945285414e-03,8.947083972273903521e-03,8.871528482856940248e-03,8.755234437073454445e-03,8.871035799668802735e-03,8.885771325050619007e-03,8.875770610115879533e-03,8.851617799161515601e-03,8.880733437650696963e-03,8.781620904648500606e-03,8.843738293372397849e-03,8.702523018722263526e-03,8.859202803597924364e-03,8.718024600597064702e-03,8.871571842441080408e-03,8.838113838213279908e-03,8.802222020202274053e-03,8.746739910307005025e-03,8.884074500627465315e-03,8.951440761912595259e-03,8.733548090677943285e-03,8.725723788956325083e-03,8.847085920308275092e-03,8.678017522867226621e-03,8.749468067679497252e-03,8.900939986662420242e-03,8.698277551478309985e-03,8.736438803835105266e-03,8.908637399601663023e-03
8.038186586638971023e-03,8.141465266454886440e-03,8.161559893914148087e-03,8.279442160313796664e-03,7.981402972461934184e-03,8.170933026892427536e-03,8.127581056893554146e-03,8.128407463979310521e-03,8.097457842226903416e-03,8.172358151672807353e-03,8.081727972443374444e-03,7.888906472923742919e-03,8.214045697957982756e-03,8.162153566483995246e-03,8.295944857120167784e-03,8.132709246616923182e-03,8.043613693937754286e-03,8.246185576642812987e-03,8.030706952410451155e-03,8.156783458006236151e-03,8.316751262832360742e-03,8.011208116478473265e-03,8.205037614356005399e-03,8.193401278665914458e-03,8.033007033134394528e-03,8.247980329302061556e-03,8.040164937916403215e-03,8.162208350150261874e-03,8.193123893911810965e-03,8.110947094722233824e-03,8.195043201693478704e-03,8.147389044391068619e-03,8.139215112736864974e-03,8.304621559412752110e-03,8.045629828723371499e-03,8.038155447741357831e-03,8.227481342212376522e-03,8.141656975704346030e-03,8.139770297760567236e-03,8.190278725949764332e-03,8.048494212778789167e-03,8.052484888451722292e-03,8.138777153986311366e-03,8.203312110213946406e-03,8.238410025181790511e-03,8.190236400881482567e-03,8.046146877215401561e-03,8.221240230804269244e-03,8.222591966231405231e-03,8.137653183037982241e-03
7.418293258894116497e-03,7.489374038405666699e-03,7.449973122511210737e-03,7.482003135599149188e-03,7.312607844546578986e-03,7.387510882849938898e-03,7.447660459760772032e-03,7.629751440531066208e-03,7.465539281452045033e-03,7.404047984149953777e-03,7.500318344723437038e-03,7.364295241038337596e-03,7.387827612543292587e-03,7.383296776447383081e-03,7.400887503016562521e-03,7.449806882106129249e-03,7.420830152290979094e-03,7.324910145766534708e-03,7.452288310208466174e-03,7.410299406934758859e-03,7.609974537797297399e-03,7.465200503243151105e-03,7.379853619755108798e-03,7.421555464731130133e-03,7.533948103790892060e-03,7.344341916446458542e-03,7.542681738111128506e-03,7.488839562962107226e-03,7.483703733690250451e-03,7.395039393175507729e-03,7.451683409266373140e-03,7.360059809720675451e-03,7.392517848963113709e-03,7.455748503483529063e-03,7.411704438283680044e-03,7.391069939691807984e-03,7.596598504622686931e-03,7.351557067641352472e-03,7.462574928059933187e-03,7.412631068048985972e-03,7.387928125767493845e-03,7.405823812811592952e-03,7.412614547878735097e-03,7.259949209047192667e-03,7.507888547285244789e-03,7.422408167133338550e-03,7.513854565311259975e-03,7.472401568024342015e-03,7.349644791543701039e-03,7.406769269657374234e-03
6.666738299437833214e-03,6.676381009422713807e-03,6.656623558702654854e-03,6.645150328802751361e-03,6.614199191417200092e-03,6.632274764538505056e-03,6.731849681694056058e-03,6.515504032386063536e-03,6.719234331371094771e-03,6.669060292674122009e-03,6.774826068276135899e-03,6.785830061639246298e-03,6.687966333126303502e-03,6.780887898105638668e-03,6.848042704818020285e-03,6.682274811139027673e-03,6.825804056777701884e-03,6.629581940722031365e-03,6.667898161144089619e-03,6.716020236627334543e-03,6.738200633160896721e-03,6.624980820426252907e-03,6.664635316721498337e-03,6.627585994104983301e-03,6.663630324228906991e-03,6.593700976710734074e-03,6.699495558434387030e-03,6.758272024775788256e-03,6.661802452956327482e-03,6.766386876110895739e-03,6.723354167529756523e-03,6.751231175386793529e-03,6.582753626587764528e-03,6.726155620963374625e-03,6.717270707735214195e-03,6.607533311909271484e-03,6.617500268570622457e-03,6.585482625925003809e-03,6.633624838029848932e-03,6.848909334010118422e-03,6.800502905742978818e-03,6.677247108353522205e-03,6.539127098258968283e-03,6.758864876195138857e-03,6.734542616744327095e-03,6.715856026268585480e-03,6.761820534739858279e-03,6.743976709121624752e-03,6.716875807046592504e-03,6.640973296045675489e-03
5.785612092902940422e-03,6.059189175513669985e-03,5.929298713967919889e-03,6.044730539243631413e-03,5.907939647766115125e-03,5.973533434761855478e-03,5.871111315851424914e-03,5.900818039298055644e-03,5.963428864911645561e-03,5.912563578518327014e-03,6.068319451206035178e-03,6.019656747363560760e-03,5.978987624979868049e-03,5.933616939294628252e-03,5.992352490878064160e-03,5.882108351520184096e-03,5.839236624239610776e-03,5.908160150455304439e-03,5.912663718922284845e-03,5.933094062401312284e-03,5.772204334922479904e-03,6.103798047629286488e-03,5.911312483442295908e-03,5.987911897236049621e-03,5.972142824412871899e-03,5.897114914719064557e-03,6.096354041343858034e-03,5.894819202352312784e-03,5.846430591075429603e-03,5.972583674517995336e-03,5.859806805596967129e-03,5.887416397203816196e-03,5.728236378355863398e-03,6.042992954765788634e-03,6.094433127746995069e-03,5.913838438196573899e-03,6.019208004553639434e-03,5.902787379640700438e-03,5.990509359188693310e-03,6.048281342206995349e-03,5.932388633845826764e-03,5.868641155460483858e-03,6.040796007842242667e-03,5.908511929342261972e-03,6.021779529150632707e-03,5.930382640619174563e-03,5.975268856927611928e-03,5.962736753846043479e-03,5.960253443320750327e-03,5.964392934391804166e-03
5.206850030076812415e-03,5.178426215457880566e-03,5.083874255185688931e-03,5.292982706424896773e-03,5.176760238646836536e-03,5.235816902152671919e-03,5.068300010245273789e-03,5.137250840340524052e-03,5.242124783309210813e-03,5.176997893774670616e-03,5.262381739607442134e-03,5.203403275970292299e-03,5.209644520974490364e-03,5.077110918012663413e-03,5.180494024536613090e-03,5.092630581116924446e-03,5.069110456172312533e-03,5.178825631763692323e-03,5.114695009548085244e-03,5.104094542954366355e-03,5.259426778886010581e-03,5.287336318256182811e-03,5.272676250935925263e-03,5.024092979868664474e-03,5.126957819492834398e-03,5.131297318567255850e-03,5.096809082773032240e-03,5.253495797501094196e-03,5.146919214619718498e-03,5.174099381919095020e-03,5.078620529286864173e-03,5.202201913873018974e-03,5.132127205656059239e-03,5.093956451128261662e-03,5.188785490034548975e-03,5.335288549829781193e-03,5.115931322481431093e-03,5.060238502790870459e-03,5.186680076115139301e-03,5.129709879099450011e-03,5.126656743687207571e-03,5.025438052600093679e-03,5.072415571014210131e-03,5.114542902631663557e-03,5.094349857471145923e-03,5.019404509109378666e-03,5.006996132505275518e-03,5.153522387401094501e-03,5.146006236120485855e-03,5.111553401525430543e-03
4.352885292968149654e-03,4.208381368652889219e-03,4.368949880357846094e-03,4.356675464119452029e-03,4.300092454441738730e-03,4.253300442138555591e-03,4.318573518363244719e-03,4.471794604857241839e-03,4.327023033197251525e-03,4.218463387116432213e-03,4.203973451170470513e-03,4.405828070189786796e-03,4.373002240413250905e-03,4.498508119711120377e-03,4.286272195903976893e-03,4.265470304889744900e-03,4.303183071504164056e-03,4.521019975553782974e-03,4.231464555407356276e-03,4.334617367335901091e-03,4.455435086625689038e-03,4.354542637118106845e-03,4.461924142953937675e-03,4.211155672168665626e-03,4.364061731478206807e-03,4.237195866170130436e-03,4.346109254201062887e-03,4.324764454683216464e-03,4.324249680587085448e-03,4.276187333024723120e-03,4.291953742960932620e-03,4.239270984876785005e-03,4.238272487144209913e-03,4.248083240266192946e-03,4.377727120843505002e-03,4.330134547522776489e-03,4.409663274928920206e-03,4.462931995492614400e-03,4.349580530173329310e-03,4.450748842901130868e-03,4.329882717013740223e-03,4.278943131275779639e-03,4.294754310653730624e-03,4.275832140252536391e-03,4.313091559874523279e-03,4.415095496052631220e-03,4.372490290522238789e-03,4.472387995696579417e-03,4.365714942727221513e-03,4.450183142760600133e-03
3.537347762979780631e-03,3.481416747397778413e-03,3.577169377683652850e-03,3.474871167410440581e-03,3.547799797978578099e-03,3.489441659753188957e-03,3.458017147915892937e-03,3.301729838822746281e-03,3.409469077338685410e-03,3.540299068194880956e-03,3.362717591493599636e-03,3.407982868149527465e-03,3.295030528997112615e-03,3.440470226080075394e-03,3.539464744831910537e-03,3.502073493213208200e-03,3.584128780188155627e-03,3.516299799935742720e-03,3.414146639782121226e-03,3.496942958055072621e-03,3.507066653361064993e-03,3.448265438677187728e-03,3.337519069432807323e-03,3.397081596208270833e-03,3.423293229978907875e-03,3.480717798514248573e-03,3.508249830030530595e-03,3.329018441151064024e-03,3.548120485318960893e-03,3.458838583256595902e-03,3.389443803113963583e-03,3.503056099728853699e-03,3.493944116551394533e-03,3.543025081195095780e-03,3.377242432130133244e-03,3.445017461358195875e-03,3.406578774224895516e-03,3.421399147273814119e-03,3.431919392060969916e-03,3.645081008437617027e-03,3.380094999753155416e-03,3.547978399097497047e-03,3.462172129684057669e-03,3.466766633093526419e-03,3.468501249182579221e-03,3.456387066193582300e-03,3.501907436469951177e-03,3.604734795505228594e-03,3.401690837584539235e-03,3.481373506383470592e-03
2.519395861350299040e-03,2.608802392962378258e-03,2.504355664845991838e-03,2.562636651476447088e-03,2.564800489068911997e-03,2.563169900558929203e-03,2.474583616628510657e-03,2.572556256971746981e-03,2.537423539411540196e-03,2.565434902369395469e-03,2.675969936013294914e-03,2.575300724676097327e-03,2.638319292707954310e-03,2.525454464517618274e-03,2.550814927481016674e-03,2.541903466979784140e-03,2.518407640801607374e-03,2.542036836389366741e-03,2.633804360634540032e-03,2.604401542442476031e-03,2.523516685053826987e-03,2.352069658943994890e-03,2.488992119957126464e-03,2.576143643981407185e-03,2.605780533044135990e-03,2.495860074970122477e-03,2.698200416689576931e-03,2.623061339630184969e-03,2.492603537354112948e-03,2.588352111954216658e-03,2.642525519229501577e-03,2.609889940559439146e-03,2.527182542324670628e-03,2.584482520459735564e-03,2.611061304682850588e-03,2.563480931109775578e-03,2.535020961124206940e-03,2.642581322075543936e-03,2.639239586740192711e-03,2.546903544202392886e-03,2.481395257197197956e-03,2.460020580475962698e-03,2.569310931868821254e-03,2.597212300415376388e-03,2.530249363382948771e-03,2.602261698404615201e-03,2.536717228596170604e-03,2.551539199364927582e-03,2.584997740816337430e-03,2.648828724493202617e-03
