4.616611051539893396e+01,1.301464509509191814e+01,3.517448995918063247e+03,8.546767247975822102e+01,3.219204709243024354e+01,3.232542790944060584e+01,1.616997315329970419e+01,4.748761018809957335e+01,3.030901782215582685e+01,2.358053170396490117e+01,1.038824307030153022e+02,2.256823793766598030e+01,4.336617153357736356e+02,9.767867527671638754e+02,1.232332075160253595e+02,2.182528391057728712e+01,9.876166823799968242e+00,4.008854737468497120e+01,6.719420918854808633e+01,1.933732255735746364e+01,2.941920142027189655e+01,1.332153236837705208e+02,2.678031490824654171e+01,5.317725646921518035e+01,1.018753120476828755e+01,1.838043055376904533e+01,2.553844213109350392e+01,3.248772337925374387e+01,7.719245065613941748e+00,7.894696159262592516e+01,1.569746505274176407e+01,3.262293012886842547e+01,2.936415818767473596e+01,2.297585961795506648e+01,8.587309444762880162e+01,8.174945354688258021e+02,1.086049122247300005e+02,2.547133442328954445e+01,1.063657451248208332e+02,1.456230840635875623e+01,1.200631297404398801e+01,3.540537409424010917e+01,5.508650732625552848e+01,1.553012674084165923e+01,3.908094330491556434e+01,5.229176607963925960e+01,1.125605088633645678e+01,3.976200722166920514e+02,2.711357538373605536e+01,2.142636803862212247e+01
9.885650709488793098e+00,3.556122586760352533e+01,1.222329635568192998e+02,4.930464963166942027e+01,4.518135938614113911e+01,1.542024076295013479e+01,3.564457774130181633e+02,1.554023889541998926e+01,1.544140810081317916e+01,2.908222505136176750e+01,1.627037618497876181e+01,1.434200785919742849e+01,1.281028572082504411e+02,8.595333010504196736e+00,7.345971349181272103e+01,9.407168480896592655e+01,2.801870134534073031e+01,1.318469139200875517e+01,3.225846160475841629e+01,9.283016544462974196e+00,3.306826029991407836e+02,4.539615505462607103e+01,8.705055444270479725e+00,1.185161909858236839e+01,3.608906759795815589e+01,2.627726344232925015e+01,1.881871834278829070e+01,1.878757802971346891e+01,2.160292416336440908e+02,1.494901429610915855e+01,2.775101128744773149e+01,3.202765560072518980e+01,6.609629878590628493e+01,2.325150072430911052e+01,1.195917000288946497e+01,4.753026998388200752e+01,1.969619375947510775e+01,1.967344937929700563e+03,1.722867038278299034e+01,1.966017341186538374e+02,3.889268340884230213e+01,3.295076787780072891e+01,3.759290906120931197e+01,1.364769795207503833e+01,1.372934439396426320e+01,3.152683264142176256e+01,1.499171058215352836e+01,1.911644476299709439e+01,3.986200509721421525e+01,1.417262684468026634e+01
1.544934286665093559e+01,1.254728107640679191e+01,1.019166900292943900e+01,2.964832058122669167e+01,3.898927440028118241e+01,4.216186742292972411e+01,1.861802377804815478e+01,1.180441815860137211e+01,1.664443065458358717e+01,1.814781012401957838e+01,1.544147221043189404e+02,8.947373638261957751e+00,1.371558615206100740e+02,2.135973860720287476e+01,5.261808698372367843e+01,2.249298947323457298e+01,1.952921685033808075e+01,1.355419995553481805e+01,1.212084350033627445e+01,1.513951225233515743e+02,8.308043949867517597e+00,1.407140887125889094e+03,2.077791792678658922e+01,1.091575481886711785e+01,5.277044615394596150e+01,1.024262568804996221e+01,2.893420138301745226e+01,1.360912609083011482e+01,2.552453012490105166e+01,1.031268499322328758e+01,8.618566500825131982e+01,5.487658841192007458e+03,4.906659465491573968e+01,1.951377630358575743e+01,5.179533068490648873e+01,1.799619083641050210e+01,3.120955039975692813e+01,1.023227919943648345e+01,9.274044170158789768e+01,3.861866188960787838e+01,4.232378861651442037e+01,4.217506058257448132e+01,8.351871513270078040e+00,2.024542857071055479e+01,1.358201665281685599e+01,5.218372366777684590e+01,2.696231333681256714e+01,9.357841442872498305e+00,1.170879374775373272e+01,9.069399491647337186e+01
1.310008301239702000e+01,2.778753607941621340e+01,1.457864969755881113e+01,2.313690023171603372e+01,2.753417189056661130e+01,3.328093418824459349e+01,2.024605734616219195e+02,1.463115854340412270e+01,1.914232708819176878e+02,1.632836270349298857e+01,1.497354575772586038e+01,3.680287478427899117e+01,6.878388123867210879e+01,8.392348926788088193e+00,2.940364712399329150e+01,8.989076044128051279e+00,2.057180797854986309e+01,2.247646265586034886e+01,2.241597572608020243e+02,2.245938212939928036e+01,1.694734655829318015e+01,1.131201758649751277e+01,3.697045850298038516e+01,2.225202934843058600e+01,5.175091139857258327e+01,2.263486912748697932e+01,1.648490487790304115e+01,5.556229274507764870e+01,2.553799708060155638e+01,4.293252822149525372e+01,2.515800988718167162e+02,1.172998184211084549e+01,3.869014084429245059e+01,3.446238507752377700e+01,3.834501864411845418e+01,1.695942605895347981e+02,4.659284056726001211e+01,1.988568023402558538e+02,2.567845989200645107e+01,1.220823378550268679e+01,7.555806774196690867e+01,2.648110702857531251e+01,1.329132259631972879e+01,7.039789133669555099e+01,1.378970388205073228e+01,2.713477375771773836e+01,3.892337910693311898e+01,1.921369688542770149e+01,1.457590779329063757e+01,4.210526809529945069e+01
8.875223675927408351e+00,1.972894360952983561e+01,2.154673076541855181e+01,2.281258045846350768e+01,9.568154412141721465e+00,3.640007610093582713e+01,3.410363750239536529e+01,3.702741944871520730e+01,3.814595205055188387e+01,1.117965653610399102e+01,1.620480849063259399e+01,1.748063836229875179e+01,2.530464007758078537e+01,1.534770229320923107e+01,5.803273067346991354e+01,2.279273793488120603e+01,1.898495556192580125e+01,1.792290776600519919e+01,1.323636878255551430e+01,9.399366473855288007e+00,1.327823405860673134e+01,2.073304815568787163e+01,8.450491886157963961e+01,2.129490783771388962e+01,3.821808926102776383e+01,1.091873164286617204e+01,4.120260074165714315e+01,1.668620975194740552e+01,2.573848307322998963e+01,1.148599059687227530e+01,2.537197792668302654e+01,2.135554497421603770e+01,8.837347102838489121e+00,9.056707498218591113e+00,2.671066997569153401e+01,2.137379766776936307e+01,8.641932380101574154e+02,1.524533875374307890e+01,1.935783197384666465e+01,3.560741883873230051e+01,1.683581866855345766e+01,1.745142134903998610e+01,7.720708769444624586e+00,2.477453239786555983e+01,8.950319031308501039e+00,1.990004140290736601e+01,3.183401484363822931e+01,5.572467605837977622e+00,1.262772055135573979e+01,4.890819752505443319e+01
6.168670569716850238e+00,2.689398823689309026e+01,2.991337751553333035e+01,4.008116476799546746e+01,2.163431414693482111e+02,2.720944909023274505e+01,1.785432213970375770e+01,1.414307757791601894e+01,4.819020002500118949e+01,4.966401863590152175e+02,1.977352125161900744e+02,1.428588408201209070e+01,8.678696735144452390e+00,8.978110723626106449e+01,3.781585866027400300e+01,4.588797400285096728e+01,1.463111379948657031e+01,9.089521121752694555e+00,7.016534052253169307e+01,2.331831597623884633e+01,2.251531787305606969e+01,7.554048030615020082e+01,1.657748176642380855e+01,3.843555311398292673e+01,1.708024832887661049e+01,2.499012736711511593e+02,1.455054835646770961e+01,1.297253976374703655e+01,2.719555468440741208e+01,1.128308577846027738e+01,7.386530744302136497e+01,1.782048465714153096e+01,1.568646160702555115e+01,2.416133305620340366e+01,1.486357111573068757e+01,2.093212680669527970e+02,1.394950981729401640e+01,8.470665084641378684e+00,2.580299300237815885e+01,1.919716334914753020e+01,1.656376381448797019e+01,7.635121260146591737e+01,1.121327205760495787e+02,1.311890934578545931e+01,4.231162643105335519e+01,7.217618867966956842e+00,1.239245492570367624e+01,3.034075119890964345e+01,1.576898557004408907e+01,6.345815241589184552e+01
1.253996165435642673e+01,1.443756420513692262e+01,2.535273122661891065e+01,9.224434283868312434e+01,2.651418363883844620e+01,1.516362327713845737e+01,6.778472728508691425e+00,1.083649698194513356e+01,1.451060253245995852e+02,1.841601637861666418e+01,2.122679506801216007e+02,8.536723673443404437e+01,8.829473423956715195e+00,1.602978700902007745e+02,8.160148525640062545e+00,9.003903175072991871e+00,2.167972155797508904e+01,6.165944400089906630e+00,1.175907363672078176e+01,9.402519740169026363e+00,6.800682989819642366e+00,2.009309820024871485e+01,1.601686791630677220e+01,4.064003667935427444e+01,5.176038652762817094e+01,1.120383257861338144e+01,9.119768635169247517e+00,2.339631519160951996e+02,1.791446468381987955e+01,7.588692882214600033e+00,2.800946904866480480e+01,1.084978793224542848e+01,3.295689272668358427e+01,6.221728755195827176e+01,1.967863226232205420e+01,1.052760982672701218e+01,3.916014697551219825e+01,1.281374124822801441e+01,1.456520838008096241e+01,1.063011256056459075e+01,3.283484814413049691e+01,9.643961978077708608e+00,1.249008528149904862e+01,2.015732991215194048e+01,1.503172144192685344e+01,2.153113453293268265e+01,2.999134616407716081e+01,1.632131003644981959e+01,6.701023767049721691e+00,3.318029839370898344e+02
1.421095347998362790e+01,2.329779540740607402e+01,3.852979426086034920e+01,1.903547382724995884e+01,6.494810834073485140e+00,6.274389667924472747e+01,2.057297341756953557e+01,2.117272484634271734e+01,1.433022322485227917e+01,5.526724807847176635e+01,1.253638733507673209e+01,2.959772629012642753e+01,6.810803611927614298e+00,1.547868017863022061e+01,8.982432137062867028e+00,5.666980945980514939e+00,1.120108956305630699e+01,5.169738772604537047e+01,1.073824674343695449e+02,1.688957184874577422e+01,3.262987603346841325e+01,5.534620851779863671e+01,8.566185049225691017e+00,1.057765750209354039e+01,1.401323502731423964e+01,1.098186143885874344e+01,6.423462543071506659e+00,3.357554360347171496e+01,2.254313461133113350e+01,4.232231213051545637e+01,4.160218830472135920e+01,6.610462265036228580e+00,4.692550236051022239e+01,6.185571476659077916e+01,2.095538938339398172e+01,3.764220151050910346e+01,2.005572999957150415e+01,1.905548498893793763e+01,9.702816141287028984e+01,2.349086465178958605e+01,1.307645496571345056e+01,1.757343817893984550e+01,1.013944469000657378e+01,2.645057848011352775e+01,2.706775779860475595e+01,2.003277768348771559e+01,3.535694391177398188e+01,1.365254453279177227e+01,2.227831705584246080e+01,1.659749574302400532e+01
7.672072932789943955e+00,1.591463189038512382e+01,2.486791580856030137e+01,1.898447480392953253e+02,8.513640001285356362e+00,6.570789872994917005e+02,1.798310695313668361e+01,3.743788970487553911e+02,2.523218294908317816e+01,6.743387749111666274e+00,1.453321062775370720e+01,1.748468832588627464e+01,2.625546737375884732e+01,1.024132126887408276e+02,8.078640905862427246e+01,1.863694548487515235e+01,6.767814663885215687e+00,4.776835585323596689e+01,9.661331905178967006e+00,1.440830941581492830e+01,1.866089851363786778e+01,9.186939179809360922e+00,7.174279466398363070e+01,1.079471938334808989e+01,9.179885253086458974e+00,7.031466957128349904e+00,3.598991158306569815e+01,1.302193124168870320e+01,4.419531510133933949e+01,2.178140105992459326e+02,8.464543989618446673e+00,3.651314902359771963e+01,2.738194335203519714e+01,2.179565089633834063e+01,1.576814441048841076e+01,2.309040212223904973e+02,5.307157499091470498e+00,1.099983515358223762e+01,6.743771884790790239e+01,6.357206531169143915e+01,2.166817499191399676e+01,6.178893353384511400e+00,3.042226317667711655e+01,1.323126426660447663e+01,1.016931873059770197e+01,8.636367895231751746e+00,3.658551110239822890e+01,4.785572185608973683e+01,3.165275260720839512e+01,2.344036509694156223e+01
7.060162999738890832e+00,5.016208437794173136e+00,5.827534817358580810e+00,3.306476990782131509e+01,4.513588241003841262e+01,2.460523375374275474e+02,3.490316286480392449e+01,4.159768255904300815e+01,4.024859978417116224e+01,3.358870156240382698e+01,1.639464818200563201e+01,2.733500110858896548e+01,1.404017910436721479e+02,1.707513102356042722e+01,2.123633347404858540e+01,1.247455587984490322e+01,1.151937350099678703e+01,5.329542464952073288e+00,5.312960795759244803e+01,5.314066604761573132e+01,1.212528489960775318e+02,5.018492273433878381e+00,4.150592344848895721e+01,7.426401874535794256e+00,2.730027731584286599e+01,1.293655110014486986e+01,1.047928354055657962e+01,4.295408190252499594e+02,4.593284008028779652e+01,5.662106196714278283e+00,2.164943031682012275e+01,7.453292086207673250e+00,9.804361498161336286e+00,1.080982594434511235e+01,7.980826646950662351e+00,3.772142896428950110e+01,4.629117437551317948e+01,1.162253071110889557e+01,6.695911858765120073e+00,1.286657684450733363e+01,2.122691967981246819e+01,1.652492294146919249e+01,4.188121436486160754e+00,4.266558884262975937e+01,1.822083613433423466e+01,9.145448962303087015e+00,5.554926419433600771e+00,2.176591133903611919e+01,8.934692909261627847e+00,6.652749227037156210e+00
1.024329804493857239e+02,2.064072218465007609e+02,1.588068907814098552e+01,7.188898889417775884e+00,1.055712378114881034e+01,1.312971777571816290e+02,1.534064117103382863e+01,4.522777336837003048e+01,1.344711254550719026e+01,1.199645252680679448e+02,3.021834933122527644e+01,1.211359601882861270e+01,4.630493136726727244e+00,1.028608045655960090e+01,7.456785230928442587e+00,4.565383833779451948e+02,1.324850679117059471e+01,1.182324137100852646e+01,7.436392700936013789e+00,1.460798179405058406e+01,1.372047442851801158e+01,1.838653934772434084e+01,4.407893312193552404e+00,1.287364499546796139e+02,3.702428736954535680e+02,2.862714052036875501e+01,6.615634517107721102e+00,7.834061386135540594e+00,2.308442524558618913e+01,2.785385684964879260e+01,1.105049172922044143e+01,6.154530533797633041e+00,3.557282416015485182e+01,3.503210194535675015e+01,5.940767923441024578e+01,1.530523078157329131e+01,4.949472320759930710e+01,2.308384925288368095e+01,2.895337649981139450e+01,9.335291937396034712e+01,1.165149905060402169e+01,1.011845794419786948e+01,5.116442351367938812e+01,1.099976027078413843e+01,7.283479608989868836e+01,6.944853895602166460e+01,1.110995113802965406e+01,9.871365382646233755e+00,1.050131581214725252e+01,9.394432890921567747e+00
6.458000613931021761e+00,8.136574859924936121e+00,6.590660720979188625e+01,1.569655128432279056e+01,6.133063979616979466e+00,6.697404436236756631e+00,8.429945432179595244e+00,2.207381004869794694e+01,6.302618523724211741e+01,1.070780760870202926e+02,1.749894026546053283e+01,7.724206021531081490e+00,8.212504231940496169e+00,7.563604876990745574e+00,8.355832744513266519e+00,5.137074712554714928e+00,6.931419877264470841e+00,2.672681037911519297e+02,2.654318864743237896e+02,3.841502062378143734e+01,8.140350397496055379e+00,5.374246411089790598e+01,1.160276785689348777e+01,1.215458371880391475e+01,1.493008015874311667e+01,3.345386987268732071e+00,1.485431013933217592e+01,1.555485128993999489e+01,7.877269773303146039e+00,1.726192701309692268e+01,2.904531875656362558e+02,1.033949201085665237e+01,2.105466619829603658e+01,2.488186182853400652e+01,1.033628675513672235e+01,3.369638484270075196e+01,9.680280717099407184e+00,1.823830872665151404e+01,4.897756004505566807e+00,1.629241315131756096e+01,1.742591928619714281e+02,1.005482993044869566e+01,2.019777735478904290e+01,1.215789957330641080e+01,1.454247462713494166e+01,1.954761521800184312e+02,7.157590624700716830e+00,5.319881250575062381e+01,8.086818034420284462e+00,1.763862461593165065e+01
1.749637839734028333e+01,1.979234487117054897e+01,6.489908917685001200e+01,1.299469954533087446e+01,8.208058088176601430e+00,5.228905023134509555e+00,5.327232047442734029e+02,5.281432932277625980e+01,7.034449405686340029e+00,8.728547556461611734e+00,9.338147450966140184e+00,1.808806995087054759e+01,6.641322883142136924e+00,1.598593600992255048e+01,6.154102587358436516e+00,8.017004463642781076e+00,1.268196437748384575e+01,7.060813624627176921e+01,1.148097501904242357e+01,1.661531035367278974e+01,2.567086709993894900e+01,8.247561834097593803e+00,2.459873655768581813e+01,2.599668934836011545e+02,2.119183187532485491e+01,2.982418763979816489e+01,1.810976354792070708e+01,6.687955982086486451e+00,5.207931070810437824e+00,5.981730736821226913e+00,4.287486470106049552e+01,1.300897094872038053e+02,2.056202359193363094e+01,1.597445102641756343e+01,1.062921493331469946e+01,4.120893646216653217e+00,1.735253533026439499e+01,4.996454228315416657e+01,1.666625528282724389e+01,7.749286039572354845e+00,2.475327464355717311e+01,7.476309165009599411e+00,4.904383204111004702e+00,1.070119752222405083e+02,2.782669635859373614e+01,1.000228544396486718e+01,1.400582008021678782e+01,1.542592282472288190e+01,1.097923607197203211e+01,1.051718697388121626e+02
1.707948350463433229e+01,8.577382593151009260e+00,6.386008853988405676e+00,3.156821855348980677e+01,5.282222913907988016e+01,5.851058651225054064e+01,2.250616363983290213e+01,2.501917796085646906e+00,3.454562708566467677e+01,4.862534950762197106e+00,2.320498296909964608e+01,1.666353159179584864e+01,2.709777813617380815e+01,7.032864290183050038e+00,3.871178154717993891e+01,6.212628812842693193e+00,4.920370382882493487e+01,9.115170888237058122e+00,1.351641189053601444e+01,6.062417704075219405e+00,1.325755256744006871e+01,1.740892027163483746e+01,6.173431148016043757e+00,1.345402465857339678e+02,1.002051491537064010e+01,1.543540397759247007e+01,3.232402776212684614e+01,6.287831884500626245e+00,4.118422478084283078e+00,2.852080914101973264e+01,4.785491460351381221e+01,2.163496353441828290e+01,1.301957689735922763e+01,2.714607000374364532e+01,3.115368224440920741e+01,1.193626742437653832e+01,5.958597706389631377e+00,3.212305837227197003e+01,2.074238706606125149e+01,1.514246714891501355e+01,5.634320980989698135e+00,3.421434881392956129e+01,1.256265098147327208e+01,1.133656497977607103e+01,8.279949217891617863e+00,4.271863113979004112e+01,2.998527906049080372e+01,1.646333990360926691e+02,1.178467560394040703e+01,1.739164187113745541e+01
9.396757908078663490e+01,4.563062580325033757e+00,6.550102083808874909e+01,6.574098790067544051e+00,1.295409899212145532e+01,1.246150345062567233e+01,2.438829370482732184e+00,5.432671918069035044e+00,1.229827088087807851e+02,4.013180260202977223e+01,3.926665503926419554e+00,4.629673459858047124e+00,1.348972343003943841e+01,6.547477294675220882e+00,6.994939478266915422e+00,1.282758524755644203e+02,3.935379910659870806e+00,3.884692948991238381e+01,3.647113129853230618e+01,2.344214545963272656e+01,2.864724339875242265e+01,1.835793842401716347e+01,2.242161936480448858e+01,1.559137088209375044e+01,4.147920969936510716e+01,2.049645989906777643e+01,3.063687180444739866e+01,2.903976897094653342e+00,1.049625998497695178e+01,1.146711047548116902e+01,9.486741357255862539e+00,1.062471948284615308e+01,1.006058313338088084e+02,9.033846698273514164e+01,4.661875804462254358e+00,5.924966045521482982e+00,5.625349027465214391e+01,6.727227516511196654e+02,1.923279057588853291e+01,1.621672769214948318e+01,6.408910597132865483e+00,6.223681957998387304e+00,5.571860229250947150e+00,1.423975525495852068e+01,1.358068637414216084e+01,1.035556694586315274e+01,3.644457729351710640e+01,5.277756616334843898e+01,5.235175487758542801e+00,1.458957864714651009e+01
4.146882795151507040e+00,1.793305088041396544e+01,1.460137845941998691e+01,4.945082902541219738e+00,5.329602744040353457e+01,6.972851852479859502e+00,7.678320091825267468e+01,7.413512265963580816e+00,1.156496234841072202e+01,1.363640637081676132e+01,1.413689795692167017e+01,2.004089535626338403e+01,8.554679365613944597e+00,2.044754876511278141e+01,1.162824599554195970e+01,3.948903824696497367e+00,8.809550557449258079e+00,1.611444835008148146e+01,2.434610078272897837e+01,9.772384208696980323e+00,7.792175534466907472e+00,2.512926378597161392e+00,2.396960209857095236e+01,7.641926488613691504e+00,1.644904057853439383e+01,7.964426630781993310e+00,1.111074198078813424e+02,1.647890386716423450e+01,7.788918087542030300e+00,3.196631785043404861e+01,1.560587077506969322e+01,1.804146723374703924e+02,1.125611903299817662e+01,8.905893624981267465e+01,3.585027517911979267e+00,7.894288014493949568e+00,8.204381190013801728e+00,8.157899831957321268e+00,4.018109747152625744e+01,1.726322819801937314e+01,4.113682115792623328e+00,1.280687842715286884e+01,5.182717568376839523e+01,1.649293917057062586e+01,5.461210121086687685e+00,2.043361068512275480e+01,9.472014387916447120e+00,1.628999165380252023e+01,2.751514510925968438e+00,3.421425294219267954e+01
7.295735258801634870e+00,1.387952307723007728e+01,7.575547647815029961e+01,3.748315231430489280e+00,9.569079421244195416e+00,7.443638168040799030e+00,4.409734197981996573e+01,1.099183409168484360e+01,2.094670648297228155e+01,3.473561556842470033e+00,7.333857114842204261e+00,3.635174631394074485e+00,2.745640693742028304e+01,7.871382280180085900e+00,1.044403690647909677e+01,4.749848581734323893e+00,8.767639327909796165e+00,4.768467366393299933e+00,7.848437747294112476e+00,1.020013234478044062e+01,1.201485492793646301e+02,1.450447882196721849e+01,1.217634933374773532e+01,2.375296939130488738e+01,5.618868772019470015e+01,2.221912899419322329e+01,2.375717952305651437e+01,6.687531775166023706e+00,4.162719740154590653e+01,3.840272025301266012e+01,1.921961448268678652e+01,1.340185941827528040e+03,2.274412466598182903e+01,1.060730014580515075e+02,5.026882226764914030e+00,1.011221557085986156e+01,9.453689264974238782e+00,3.932774761571852462e+00,2.085984431502938463e+01,3.993434637008618893e+02,1.395759208514176031e+01,7.025508350413494085e+00,8.819682122463818885e+00,8.268076378142922067e+00,1.380155861386243465e+01,4.274077438810096652e+01,1.148521446108987476e+01,8.510496551996176606e+00,6.678994137257095076e+01,2.009449171752261520e+01
1.050165655462586933e+01,7.823264355332381115e+01,1.490789249098488334e+01,3.103874587326488310e+01,8.473535190868632938e+00,1.465319923994812967e+01,1.445888112175509477e+01,1.757724464295811373e+01,7.364292247251421486e+02,4.281247455513233291e+01,1.459860189449919154e+01,9.594762878100285164e+00,4.525765093639297731e+01,7.435083826623931635e+00,1.095314847171183814e+01,8.509397719255145986e+00,8.378028576416726381e+00,1.591477318747055847e+01,1.492538284869399412e+01,1.312838658821899855e+02,1.531476607371592635e+01,1.300075447602981171e+01,1.073566217002441192e+01,6.219567640024903810e+00,2.024616187691936275e+01,1.293533971277636319e+01,8.817973692505916006e+00,6.260884372972176592e+00,5.398899400941811422e+00,1.473197632672345136e+01,4.366919031248458793e+01,3.034249611522337187e+00,1.099259967142335981e+01,2.063646834092984506e+01,2.118829365796382191e+01,3.493678988214586667e+01,3.633806965287692492e+01,6.976205155878958841e+00,3.785786827553274669e+00,1.459860026128929000e+01,7.368362221081126506e+01,5.774856782524977916e+00,2.354867088020927923e+01,7.832971180223428753e+00,4.857707901791797234e+00,2.135486641637659488e+01,4.671536933140722603e+00,1.670083331626664958e+01,1.378157566900859798e+01,4.815376474219498881e+00
1.144697887435926553e+01,7.766127352771532344e+01,8.702504645970623898e+00,1.671298009131074380e+01,6.229655578739535571e+00,3.907601594545425439e+00,3.611696063908744492e+01,4.833351591023246385e+01,6.656618004440814751e+00,8.146175941044340618e+01,1.013808435863001911e+01,2.828698178001755892e+01,1.437411002497403274e+02,9.643025066937049417e+00,3.708354457532054393e+00,3.933153234688840172e+01,6.415706402540707565e+00,2.681518008679335097e+01,9.070640030098786610e+01,4.864432341510071751e+02,2.005066370081207765e+02,7.751518961288891063e+00,3.519934352679237577e+01,3.572176768429488281e+00,1.706394802132987110e+01,1.653310381924114125e+01,4.721692788127266027e+01,3.748333534804202394e+00,6.905347939582195060e+00,7.631723751222612151e+00,8.017719174424771111e+00,5.469980116625814404e+00,7.161383307845927249e+00,2.409444733792953741e+01,7.609071654880077418e+00,6.085504562681001595e+00,1.278024791874671173e+01,3.499686684408018067e+01,1.476186838086325110e+02,4.104599750920677970e+00,5.896509510601687154e+00,1.296915247136207938e+01,3.351584569093266630e+00,2.770834265829155818e+00,4.869730773824744396e+00,4.975720075132321618e+00,1.162143815225561383e+01,1.052441798987503496e+01,6.195913385697292775e+00,1.880505549700789203e+01
1.855421214494078086e+01,5.945704751554814038e+00,2.302470332215074933e+01,1.420607748582025387e+01,1.428157674356567242e+01,2.772343581069695162e+01,7.890361513502767821e+00,1.705143245250490480e+01,6.505637294251200409e+00,5.550522865015461882e+00,1.592415906232709766e+01,6.691253582031487213e+01,6.852080719985213364e+03,1.013564034794474722e+01,1.439103953125601620e+01,1.873301947448411227e+02,6.416061939734735375e+00,5.838316481743895281e+00,9.244784218795128794e+00,1.749284491964724282e+02,1.722221375497514728e+01,1.042626209481706390e+01,1.827687388815730429e+01,5.622636624933910809e+00,1.323483223722766056e+01,6.700997302014796375e+00,6.900356562346166456e+00,1.569954739810226840e+01,4.036251275488485390e+00,2.155937186370739056e+00,1.257716960657656635e+01,7.987797782616625319e+00,1.905728430912959226e+01,6.701743856087438722e+00,1.818539506451488919e+01,9.817504025843838633e+00,1.920361275182792093e+00,2.689897294453101217e+00,4.565625917285280444e+00,2.251926075747797995e+01,1.012300693425676634e+01,2.925956665411097646e+01,2.666990732316263291e+01,1.559865305571883987e+01,2.529812085106052422e+01,3.663166496230227942e+00,6.685937052799944524e+01,3.794985959412342513e+00,2.553674587723552847e+01,5.620719927969348717e+00
5.657822329041542275e+01,5.104941616353299239e+00,7.707387722705459687e+00,5.417721398933498023e+00,6.484099143897010364e+00,1.010764505133907853e+01,5.896680442100899810e+00,3.254034616411738767e+01,1.009171148994925105e+01,5.121162549322257895e+00,5.137941686094650962e+00,6.814944339514051208e+00,5.369352593479002955e+00,2.882166904746358682e+01,5.767304849023225444e+01,1.074762418216157833e+01,1.132861834016991764e+01,7.038090761856130584e+00,5.703898698605311957e+00,4.701732644747477963e+01,2.998823635524014097e+00,3.443866154899763554e+00,8.331381194361786413e+01,5.260967441258117105e+00,1.497516249341328276e+01,6.355359204496299874e+00,1.014745434931558066e+01,3.985533628463059586e+01,6.695517531381471876e+00,4.958354514542694602e+00,6.514656080246433056e+00,3.365997079020413896e+00,3.823772514621914365e+00,9.168402302164935236e+00,1.265948451588946533e+01,1.900454160628561695e+01,5.898597124606254738e+00,1.833428268809846173e+01,6.637170531830554410e+01,1.608220946884322444e+01,1.929073970884462241e+01,1.708068923583770982e+01,1.397595995801766655e+01,1.802846518088146155e+01,4.322236462605012264e+00,2.447621756992902853e+00,4.178356771770936895e+00,6.355267004173883016e+00,9.082207686022728765e+00,9.544981924240550697e+00
8.416071369182354545e+00,2.575678959521522149e+00,9.547189340455178197e+00,1.138289708684972190e+01,9.520440053330636587e+00,1.243409211627138866e+01,5.746360059050482860e+00,9.499479741295216328e+00,9.979241640000815039e+00,3.191659355244775842e+00,5.596603131194451741e+00,3.908531632745952500e+00,4.191632356252431357e+00,5.063039211009832563e+00,3.307832623873070332e+01,5.039750840976028101e+00,7.478610330301321163e+00,5.107786229869135219e+00,7.207590794107709087e+00,1.445114634930717301e+01,4.967784597210046726e+00,4.060565985475897754e+00,1.144924596148627138e+01,4.465956610356489165e+00,5.863127183492332861e+00,4.600199603266771575e+00,1.491487247395470916e+01,2.463983555559331506e+01,2.279047609966340460e+01,9.739591039716465559e+00,1.196238804759140706e+01,1.215753334178277356e+01,6.610870073364245592e+00,5.061006787488298464e+00,4.556716541301569556e+00,1.024914429987453168e+01,7.241223815238650552e+00,4.193689523602809111e+00,1.056753171455142137e+01,6.026172739996259686e+00,1.006875874305395229e+02,5.334124230883997342e+00,1.407813165058027494e+01,2.076367160460026540e+01,7.667918526691031467e+00,2.050297200338361137e+01,2.246487785076671173e+01,2.770774212156965532e+01,1.299375842315468788e+01,4.940806214916841910e+00
4.813344868101771645e+00,3.363116936335512008e+00,4.997152823614613659e+00,3.744559241227178603e+01,8.464815968526913537e+00,1.169976634792510062e+01,7.242897654262949736e+00,8.637396056208157091e+00,7.369902205663025896e+00,4.426593090824689547e+00,1.077615217324115804e+02,3.040485326431286239e+01,8.065745667700669586e+00,1.182399452916909155e+01,8.932037890050166240e+00,1.606147525618930416e+01,1.080157126308802340e+01,6.386303448358410151e+01,7.317860339120532132e+00,4.111909432313439083e+00,3.600456047313308705e+00,1.966387201686726760e+00,8.816652577796892487e+00,4.362276177882952410e+00,2.972413732589115654e+01,5.618138579318523007e+00,1.052902781097241025e+01,1.077137252565001546e+02,1.571769572658355862e+01,7.168133836195498709e+00,5.477039442331368413e+00,1.161920767005259165e+02,1.420069671159809133e+01,5.865304725408678976e+00,1.249842596043590248e+01,3.462865682272215473e+00,3.159821631475917325e+00,5.613070676791375391e+00,8.615207850950595159e+00,1.140351416714314325e+01,8.635735646695682277e+00,4.449783561016340983e+00,4.397244332885144935e+00,1.424735741267441291e+01,5.300107866721794458e+00,5.593896743039088015e+00,4.338216339682312572e+00,3.259068025060549445e+01,1.421208896410924716e+01,5.936921209308248848e+00
6.519839657705818858e+00,1.512346954380005037e+01,1.242559503187748327e+01,9.590508570200608318e+00,7.153836503208276021e+00,1.010844631462424843e+02,5.104207990870865785e+01,2.845277814350859025e+00,2.838064373239169935e+00,5.129780870216536393e+00,1.646916967828415324e+01,6.150345937818380904e+00,6.756306822882428342e+00,7.198292440327835884e+00,8.183852659618017000e+00,1.862563692285067987e+02,1.786325904344968762e+01,3.247400554090557989e+01,6.185656579645140596e+01,9.029688744401529021e+00,1.513471993756866674e+01,6.077225857986874757e+00,3.196693082981599598e+00,1.726332433227210572e+01,4.512841527823623800e+00,4.039244492280549537e+01,1.307515563869713304e+01,2.519303733805904955e+01,1.041917716213224843e+01,2.038353154781182752e+01,2.286981804982416691e+02,7.183116889805430283e+00,9.648010736484588179e+00,1.452079347396821696e+01,2.239293812186895138e+01,3.826150329952358042e+00,4.512406409095542692e+00,5.459559245915292180e+00,8.967710615745644986e+00,2.111159940591524276e+01,1.624838416814302278e+01,3.817280976924295288e+01,4.568734932626266065e+00,4.086384393886800304e+00,1.569040889361662394e+01,2.837348568121046632e+00,1.160388162935562484e+01,8.095273696393617158e+00,5.355092426996915123e+00,3.634639868738352764e+00
2.266620134123550656e+01,9.773628816210031545e+00,1.663784675895314535e+01,1.056788512324773421e+01,4.736773846967788160e+01,1.746700884992195313e+01,1.064196326576764307e+01,1.102052298976216349e+01,1.248974606654799757e+01,4.186284885950954937e+00,4.728031817459258157e+00,3.003265091270322262e+00,5.041487398050891500e+01,7.594693601035363173e+00,3.430122275205990334e+00,1.104913614527680110e+01,4.339727807331671627e+00,4.047030831856844202e+00,3.107491514699963542e+00,5.286995229443609112e+00,7.050513891153407542e+00,5.024732662661839377e+00,4.663910277799771187e+00,7.839055813165390241e+00,2.976088246629770140e+01,5.207414902429087000e+00,1.790656391065770237e+01,3.509588562940299994e+01,2.894027457883445287e+00,4.961469613005441204e+00,7.140498178040023625e+00,9.616490927489662610e+00,4.836889427850829648e+00,2.323215624669768076e+01,1.733816720227158470e+01,1.481155155287599712e+01,4.516224960204914041e+00,1.257139467779686726e+01,3.977856321596379985e+01,4.416045873334557115e+00,3.917324155184223500e+00,1.706546392584705529e+00,2.972758128719422466e+00,8.024559021637964307e+00,4.114877378356322879e+01,6.111458280804416177e+01,5.772359086515208126e+00,8.819306530139510159e+00,4.856000492462972495e+00,1.875910174516781410e+02
2.240318786942823159e+00,6.568355674318909223e+02,1.524923755202999942e+01,3.190957025496106159e+00,1.077404269938189429e+01,2.385435785452511226e+00,2.473077013185827067e+00,4.645979801352538630e+00,2.629668333923453005e+00,2.830063605059542464e+00,1.291045594382944195e+01,1.203194807786527498e+01,4.485323005181665934e+00,7.653486118628078039e+00,2.323905638196210077e+01,4.454948692261330834e+00,5.245187503899121850e+01,5.591477640975281105e+01,7.234801002872759845e+00,3.682044929169285830e+00,9.914352648865081719e+00,1.981941277197459161e+00,6.147211325476575894e+00,9.356057532119022468e+00,1.203535134095122672e+01,1.185958673455546517e+02,5.401639328829896058e+00,2.882408494405591437e+00,8.010699666135867147e+00,1.307079289389025512e+01,7.561388788335638544e+00,3.588752393684654596e+00,6.463498344541868335e+01,1.460794872774413200e+01,1.643374710009952722e+01,3.097660998161422263e+00,3.594235648122255267e+00,6.368928610255239597e+00,1.235336188927829149e+01,2.421418195865028906e+02,2.387191908356483339e+01,4.492201474763965585e+00,7.396940962738030976e+02,7.182143743362212618e+00,6.066173197082388668e+00,4.476006522450481029e+00,4.959808156598534801e+00,7.327733376294199630e+00,4.546107117492772076e+00,2.442329163279928750e+01
5.002832061660653196e+00,5.536176730404134716e+00,9.877028155206980742e+00,8.736518015144458360e+00,8.446496849931417472e+00,2.682929950010312314e+00,5.990172453424334797e+00,1.532010321693822519e+01,1.921927271885858701e+01,4.215876294203640740e+00,5.272198155963685018e+00,7.062473230168634153e+00,3.290967323929101962e+00,8.136495345622316577e+00,1.986216165770521798e+02,3.424433503594098038e+00,2.017510924596875643e+00,1.914027548793841405e+00,2.573600717594246845e+01,4.593852496450577583e+00,1.256723240791361107e+01,4.869576368193815341e+01,4.826898176281558150e+00,3.215142717930632443e+01,4.936599902449784416e+00,6.258787567598320223e+00,1.546920045088033824e+01,2.744790591862213773e+02,2.639288201318369786e+01,4.481528428625937366e+00,9.704177809941857191e+00,3.870478236475493361e+01,1.176329193010258933e+01,3.200109679454697709e+00,2.417164745626318112e+00,2.135180936815757047e+00,6.444134672135537478e+00,7.327984642538416438e+01,1.384727397477665489e+00,2.101503469928495349e+01,4.587469507449547734e+00,6.892960559030627543e+00,2.692261875076965794e+00,5.093141812239661448e+00,3.261963991432083709e+00,4.967094502055284799e+00,1.066901008939590412e+02,6.244549334673987318e+00,8.547086354660420326e+00,3.645669029299426711e+00
5.456473135337885694e+00,1.043276649972925618e+01,1.242768116462575456e+01,7.525770402830397110e+00,4.678049470853022029e+00,8.941840369511515618e+00,3.713037935760066244e+00,4.052335196351167568e+00,4.992045101664432494e+00,4.894680889712599736e+00,4.986450681088127723e+00,8.130337818347845413e+00,3.958084340078076302e+00,3.611710722632309967e+00,4.961238414022246701e+01,5.752687597227700955e+00,4.022597107791815674e+00,2.953699465219472575e+00,6.528058649141636138e+00,1.420651050260400838e+00,1.385065904420787319e+01,1.184982018829451356e+01,3.557392590757416428e+00,2.154543602824010406e+01,9.936940483186502249e+00,5.363089893137572339e+00,7.025982221837707264e+00,1.257406786681278810e+01,2.028281922706917317e+00,2.151144901922007335e+01,1.101219765199987854e+01,3.479692386833022066e+00,3.585122084203697490e+00,6.588563204603953238e+01,6.227095388912040619e+01,1.462764204187378603e+01,3.322796502768824656e+00,1.929041362742761834e+01,2.073418905947674773e+01,3.330856246504018348e+00,5.091488271941252641e+00,6.080858637971481073e+00,3.358539889004829604e+01,9.870559983307391150e+00,2.073707943915734475e+01,6.746658937844682846e+00,4.094252563786865196e+00,1.821624461721602017e+01,3.593254181291659677e+01,1.174428838160619648e+01
3.332207743816330670e+00,2.007328025308149577e+00,2.960843507424172572e+00,4.737121720487258436e+00,4.239735381085972143e+00,2.552073870984435544e+01,6.143402192490034608e+00,3.343441534516181868e+00,5.467939389957185092e+00,4.761625577216560323e+00,1.918734503595412866e+00,2.376715800533959566e+01,1.636741610179976760e+02,2.838007990051923279e+00,4.311644545125860262e+00,2.513357944543161526e+00,3.487388911443153550e+00,3.307309127430184237e+00,6.915504530861228183e+00,3.302001119928754225e+00,4.195982225394431886e+00,3.790745983983442091e+00,8.522728189209686889e+00,3.542673727175386755e+00,5.576268058094522750e+00,5.367209412056308970e+00,2.180118039344956848e+00,2.391775226295935308e+00,4.649068914220518600e+00,9.080504242721374908e+00,3.171051755496823610e+00,7.696926169224006742e+00,4.129614520221771556e+01,9.991636671464085850e+00,2.285886778094236149e+01,3.881408088770843090e+00,9.927504789422027187e+00,8.101442047665795343e+00,9.908920128385794612e+00,2.703729374074629987e+00,2.317425190580895844e+01,2.473692881202296689e+01,9.523441849971534978e+00,4.178001555293501923e+01,6.370621657179578179e+00,6.012978821210229086e+00,1.739164382621013472e+00,2.759419164403430269e+00,3.862394368257900723e+00,5.536081660891598588e+00
6.684738096916705175e+00,4.335280762806866619e+02,3.193812624842153891e+00,3.545161113171449774e+00,1.816767018907281539e+01,2.860816520515339079e+00,4.386869896475818820e+00,9.238048339443043488e+00,2.992531570725913692e+00,5.247455370551695530e+00,2.408308745726551070e+00,1.177346262381517619e+02,5.291012747908006908e+00,6.151530918238387713e+00,5.054854376870377308e+00,2.263524905088229566e+00,1.976174749067335368e+00,8.524575914307277458e+00,5.426360356323629119e+00,5.290565356587361379e+00,2.611612377071797830e+00,7.763281927002366523e+00,1.601140700035540121e+01,4.931274427343629085e+00,3.222681763617317952e+00,1.650895260292601918e+01,3.825436508957145598e+00,4.148555454669186560e+01,2.827664887546937234e+00,6.389706169572315630e+00,5.316051412174426005e+00,2.040796817757972548e+01,6.321833043295669086e+00,4.016074745035751903e+00,1.526264347444706182e+00,4.852650155973710078e+00,1.008743736905254273e+01,5.562960694844076670e+01,6.401121793494943368e+00,8.849094013573214568e+01,1.129304800183172253e+00,2.482576177333836753e+01,3.974092507520997852e+00,1.515846138958725220e+00,3.315771360164374570e+00,2.372183166255042330e+00,1.592752240379114781e+00,1.301750883995220534e+02,1.550292977781035475e+01,6.809731959110573385e+00
5.832815542187442581e+00,7.299134261984024263e+00,1.085853455855684757e+01,2.261406675985340797e+01,1.325497319630201609e+01,2.580119716581569911e+00,2.141890663461533340e+00,2.424157235345554717e+00,1.264158245166285965e+01,1.393702413572425947e+01,3.315778349127226576e+00,7.333238142559217465e+00,2.145443901191269376e+00,7.520495410889506793e+00,1.296224608691600899e+01,8.956149136217437245e+00,3.212886789293953438e+00,1.453315742511021114e+01,3.507696260027394874e+00,2.153537661966317351e+00,4.336918365987147439e+01,3.712903362060119061e+00,3.045556298272521722e+00,5.509799987234848651e+00,2.503260403785682708e+00,7.274815848393820339e+00,5.671901524776783887e+00,3.958503286223211237e+00,5.000709339093523553e+00,4.226121809851416167e+00,3.698887428331903759e+00,7.727512924845224340e+00,4.281680670213122930e+00,5.272202295151910079e+00,7.125622338250225063e+00,7.820303403670710907e+01,1.910122882235090414e+00,2.872581729731049904e+01,1.548702648153311712e+00,5.865832550310416948e+00,2.428546439281157987e+01,8.983963847118090484e+00,3.438816675091727149e+01,1.635962533466176438e+01,5.218389885128003947e+00,2.512480622917244055e+00,1.155822069420844755e+01,6.716909793272144213e+00,3.174766154988382105e+00,2.356212273275021918e+00
5.092867441139570239e+00,4.789510918966697339e+00,3.967840747551187874e+00,2.181705447863905079e+00,9.930914746158482842e+01,9.933340801872462933e+00,3.176473228620554146e+00,1.838579689073434054e+00,6.007988733353904536e+02,6.957160796701518990e+00,1.295991241837516128e+01,3.386953211255005591e+00,1.509646817172784594e+00,5.442431128942148533e+00,7.143061950104709013e+00,3.010764298913161330e+00,7.596067310355718405e+01,1.564124481205667383e+00,6.471026749675190537e+00,4.432973203044925370e+00,6.739238392535757960e+00,4.118875786884052204e+00,1.467761504789031157e+01,1.064506114021311767e+01,5.837289990970161213e+00,6.830716743838062932e+00,1.708997538834629237e+00,1.379839233962139033e+00,6.117934102205486724e+00,1.305272534891965819e+01,5.210608796155574041e+00,2.376990991792631647e+01,7.591843174693968521e+00,2.304190271771016683e+02,4.061972729301696283e+00,2.255764234017656023e+00,2.756899397303739896e+00,5.198543003458433454e+00,2.447251418020221614e+00,7.463579678246894389e+00,2.939043837734852449e+00,2.581877432888304735e+00,2.419854414658789477e+00,2.538244426885544858e+00,2.854144026734335426e+00,2.792163561203128364e+00,1.236635609492921617e+01,1.600819685235590928e+00,1.310952906713458610e+01,5.782196577314408614e+00
3.512145659338283377e+00,4.422360307304542104e+00,3.762474215480921647e+00,3.706764702797591404e+00,1.042390759051855653e+01,1.320907592606636483e+00,4.899796680456196540e+00,1.073107727166702663e+00,5.692699057964788700e+00,8.168866071544998775e+00,6.978102189789687770e+00,1.730461640018153613e+00,2.766272963190167999e+01,2.049481558584944185e+00,4.598246730125567616e+00,7.518582125978896080e+00,3.980653996871111389e+01,1.513025252676369670e+00,2.199473280057268720e+00,1.817637034679193242e+00,1.792981924401431781e+00,1.035606930498810918e+00,1.165258500726037383e+01,2.457357811385430857e+00,3.664990139966395777e+00,3.765030389242651765e+00,1.080396676569056247e+01,1.439613214014282683e+01,3.568214873842590151e+01,6.904907136799752543e+00,1.776540877774804184e+00,3.226359586969675952e+00,2.059945985432432458e+00,2.008230224207515846e+01,9.131937828619113517e+00,1.134097216733189725e+03,1.982873613236798560e+00,1.780632522566674814e+00,6.988296792243167133e+00,5.211793214933665652e+00,3.306156296519485505e+00,3.094737634669215254e+01,9.130307119520335135e+00,2.864275408594739503e+00,4.711687439480066963e+00,2.443219693968645689e+00,7.151352663933924880e+00,2.599839066738042348e+01,2.563954229307250365e+00,4.643232090490140074e+00
2.066510356484766664e+00,2.550832586294676574e+00,5.338458598065117577e+00,2.718540247607204030e+00,3.041608789690990466e+00,9.019619872711082564e+00,8.764274194475909496e+00,7.577254065753889378e+00,2.337354597773109166e+00,3.285306058167587029e+00,4.180568866923621840e+00,2.283826253796680028e+00,1.215250338898091531e+00,1.289026911672150533e+01,3.842703323930451553e+00,9.274310711551722264e+00,2.105077187109483550e+00,1.338372079663201930e+01,1.993246431617691883e+00,1.386137760992902201e+02,2.043858710133358869e+01,1.974455690711732103e+00,7.290394900502379372e+00,2.149614154024863666e+00,6.037468560674472684e+00,2.263515194457784485e+00,6.689682707907662618e+00,9.174326589528615017e+00,1.018118640114611395e+01,2.349951633604627332e+00,1.202179266018371173e+01,4.207560074782770165e+00,4.851261334526540736e+00,5.655804010738607168e+00,2.604678671033703097e+01,1.367638737528040993e+00,4.029340867733925080e+00,2.104537799952643784e+00,1.381386470687934143e+01,6.321866095133930941e+00,1.742594544252740008e+01,2.117006511805305191e+00,1.524422188294211944e+00,2.091435794586482544e+00,4.966270345030913802e+00,7.140927538687943610e+00,2.266718357976350351e+00,6.961909023428399124e+00,6.877254169329803268e+00,3.599974114054265151e+00
2.130338070829503216e+00,7.425559618829642439e+00,4.305371168652412095e+00,6.022175857440529967e+00,1.105384449216284981e+00,5.104202108940071092e+00,7.687885951609588986e+00,2.426716112128864733e+00,1.988438830341590524e+00,2.081412465787303745e+02,1.825004201585666763e+01,3.414106274468456714e+00,7.788651451384226654e+00,1.495595637827393354e+00,1.291766528568160766e+00,1.892566007545152473e+00,1.524799924387953354e+01,3.297343720446465731e+00,3.032651139914881888e+00,4.392845469894119503e+00,8.065687587839514450e+00,4.401364877903120032e+00,1.447994102063774768e+00,2.547722391060432745e+00,4.649954789124793209e+00,1.409379773437169803e+01,8.051826880822363819e+01,1.330345996618464426e+02,2.909251915396810606e+00,9.203949746413007560e+00,6.841552312573257133e+00,1.707627237120658004e+00,4.284376537855464129e+00,2.372288678091915237e+00,1.594884973377680870e+00,1.020773452121343183e+02,1.474738883778144682e+01,2.844680021852932672e+00,3.072940347124157423e+00,1.363511839061455344e+00,5.699157955121906483e+00,4.352937348605218659e+01,4.465914636877829302e+00,2.797345921636029242e+00,2.022927950067505254e+00,1.594126407146313795e+01,1.241445343944092485e+02,1.412775459266716638e+01,1.343645717122898375e+00,3.326336938795741549e+00
6.137735836182164562e+00,5.289743445688517731e+00,2.384463301428186188e+00,1.117098685085365695e+00,1.717886160720439426e+00,1.037818699321764981e+01,2.665071181672150402e+01,1.592561574501293187e+01,2.104489859165990850e+00,4.090120943180476587e+00,1.255257261003834124e+01,1.256989906932390433e+01,2.747801799623143193e+00,4.765230474775965064e+00,3.965784425845878314e+00,1.849310906058952764e+00,5.400694116107022325e+00,7.694954185959276494e+00,3.653288014297984887e+00,4.020478521044562825e+00,1.301591874376033076e+00,3.365899397088208289e+00,3.227899799093190136e+00,1.303760848963896102e+00,1.242058174187404607e+00,3.069127400354389579e+00,2.978796327207199113e+00,2.105661148303835439e+00,6.048309008969074974e+00,2.447222138784187262e+00,5.785239219390809318e+00,1.705167239449433048e+00,6.471445639281239615e+00,3.184525141190112318e+00,7.563965433030812591e+00,9.390951373086583231e+00,3.607184567880317161e+00,1.208910615280447187e+00,5.254542159313912997e+00,6.878679890101229155e+00,6.419827611639802534e+00,1.222104400201756258e+00,3.851460386207307351e+01,1.104075491517097696e+01,2.944996945084553275e+01,4.359644736326997005e+00,7.603932566636195212e+00,2.413823920709344595e+00,2.160981950113496364e+00,1.444567813507452492e+01
6.947051591337058518e+00,1.864191932982856237e+00,2.020103563878066222e+00,1.095707081644327952e+00,9.150809855829756145e+00,2.126396896952369442e+00,1.263706579844327438e+00,5.590549575014432726e+00,2.395444586120041297e+00,2.257729830864720899e+00,8.247433905912204821e+00,1.874575700934273925e+01,1.882109470440257892e+00,2.176926623096918867e+00,4.022253041172045407e+00,1.140912457535087299e+00,5.352304213539174960e+00,2.509241206316012995e+00,3.192558898932249978e+00,2.387255563392959967e+00,8.308961770168918903e+00,4.773266886590637803e+00,1.218635788757184102e+01,7.733539731234312598e+00,4.119709376922091160e+00,2.949854163729298762e+00,1.685475140463950527e+00,6.565361088852528226e+00,1.851875450225635156e+00,2.490337721121685721e+00,3.430376649193310978e+00,1.031148709350930615e+00,4.826458848011149882e+01,3.544420717173783153e+00,2.300078577842144423e+00,1.070154441757686481e+00,1.120201332933593141e+00,7.045109493207835527e+00,6.363635483857776443e+00,8.095938637545256000e+00,2.950862632603317337e+01,1.273595978895973868e+00,3.290323687645055006e+00,7.036283421943871019e+00,5.756872333740258085e+01,9.227379733741842838e-01,1.382741755418327934e+01,8.843626777385539262e-01,2.880325315443267975e+00,4.986808112441145191e+00
2.616881253186534195e+01,1.266543525149615101e+00,6.651917099854443016e+00,2.802003277865414788e+01,1.136041705996679596e+01,1.931186651068790283e+00,6.339169189140577032e+00,3.431321744029117049e+00,3.011426526612978449e+01,3.905975892418888318e+00,1.741811912892398784e+00,2.859238389244494360e+00,2.598835083375083066e+00,1.254820240191317993e+00,9.709528632316525076e+00,2.046613275324689951e+00,1.810611233176816048e+00,2.565900862762150236e+00,1.641011112562393848e+00,5.525716174959727667e+00,1.007523323085703693e+00,1.995420574934075209e+00,4.212368108538113276e+00,1.325212119562625190e+01,3.047575344959715160e+00,6.071379069873635181e+00,2.292721998995399080e+00,4.306417667643200886e+00,3.800184570972189313e+00,2.739226862202414736e+00,1.345072924842519591e+01,3.783140962465903367e+00,1.039420613364446577e+00,3.770584996331056260e+00,1.868899341112841483e+01,3.198800972977099644e+00,7.258244801079531960e+00,5.458537537587495159e+00,1.109417609108421354e+00,1.135448516918348139e+00,2.098694908139123960e+00,3.678399425781667453e+00,3.070355842454640438e+00,2.220292523334752133e+00,3.184704450551117727e+00,1.313410573457571218e+01,3.488886011703356882e+00,8.610535134259589274e-01,7.639340726942509541e+00,1.917069210697709192e+00
1.205060319553703465e+02,3.495035640818366929e+00,1.885079918511922470e+00,6.462979790513215583e+00,1.747159749398160988e+00,8.531426790088272316e-01,1.984954400026346377e+01,4.841709267287098051e+00,2.567545749567341939e+00,1.210617727479342136e+02,1.669357203184575367e+00,1.964440132323195032e+00,1.699972781188907156e+00,4.616564654185414618e+00,4.325160367905528602e+00,1.067773866480216993e+00,2.408699676753578434e+00,1.609926988895517441e+00,9.483154628008473308e-01,5.760572861994506688e+00,2.761652719852257576e+00,2.540870919957870200e+01,1.187011098742107640e+00,1.666293612430490789e+00,2.741940249528755480e+00,3.362009600035994694e+00,3.408371936085080378e+00,2.601616438010733834e+00,3.679472097353250426e+00,2.618605050518106658e+00,1.689166379238519422e+00,1.495712185895947144e+01,2.509268610463310178e+00,8.919032897803086390e-01,9.007727893485095727e-01,7.015556322991319149e+00,2.245639970799679475e+00,2.944686361226385607e+00,9.572665662035230838e+00,6.866436462436040777e+00,6.277997753088222943e+00,1.562679350778290122e+00,1.139271756896209853e+00,4.476724263837196460e+00,3.784522186234103636e+00,6.240307139302043282e+00,8.808754710825943413e-01,5.215239729423087667e+00,1.217310137735621689e+00,1.222934191564310380e+00
1.788879737193226127e+00,4.387072061975784365e+00,3.681579903789046284e+02,1.188473153099063495e+01,4.518779757469338243e+00,4.816047704798782192e+00,1.201321418217554671e+00,1.341962184824912363e+00,1.348297764475981708e+00,9.541676244992529643e-01,1.756766865030808944e+01,1.084076571878620854e+01,1.109192267001539811e+01,2.813005903529051110e+01,1.223250088875376340e+00,1.743340360069502770e+00,3.572162672363294877e+00,1.420044176836638528e+00,1.592868298986238162e+00,3.391418005473213260e+00,2.199867367313089517e+00,3.936559692499563390e+00,8.218702845416807179e+00,1.301876236945223253e+00,1.341748802106361715e+00,2.536482019313122116e+00,2.401744930798466626e+00,1.304722594055218066e+00,1.621357885857390713e+00,4.740870807366124318e+00,4.535428863480571060e+00,4.660754337795421698e+00,2.127437527359290925e+00,4.409312258046589328e+00,1.845316027245969215e+00,3.643577754208413566e+00,2.029934760695681017e+00,6.842798279860707877e-01,1.491696171148101824e+00,2.165800066101689403e+00,2.405727841722165916e+00,1.316612313492034003e+00,5.326147940403071601e+00,8.805160691623353131e+00,1.075968515418988192e+00,3.362816655396609011e+00,3.565831025000536059e+00,1.258310646857514703e+00,1.320575697633640466e+01,3.474255771543451221e+00
8.393226137566155431e-01,3.051453796385159567e+00,2.159610159814987718e+00,2.181024637424689772e+00,5.545080251396658610e+00,1.742055443982092555e+00,2.891817045159179145e+00,2.875861265804911415e+00,1.870854165005781056e+00,1.259439750666247138e+00,7.628555051773862061e+00,3.872836964742444366e+01,6.668136376385493058e+00,2.322988526364121498e+01,1.818460830992665080e+02,2.929083930504622568e+00,2.043548875596274961e+00,1.242929690548520316e+00,9.429580152347001309e-01,6.151689880592726700e-01,1.350467038335756875e+00,5.243270317104174794e+00,1.644418424300353232e+00,3.438749315199649104e+00,1.031168894462523689e+01,9.661593678670538088e-01,1.196965166411736448e+00,4.302864460577036532e+00,2.353064737497189807e+00,1.007708756992124366e+00,1.444700922173006319e+01,4.149456255090912649e+00,7.033222944575388880e+00,2.367876690298435172e+00,6.660735140616209637e-01,2.458233583701079361e+00,8.693886349085987453e-01,1.197204269268625865e+01,8.620725986643341443e+00,1.210486667148756412e+00,1.513493106842161140e+01,2.535306186642297455e+00,1.722462816480080372e+00,3.390554174345681293e+00,1.294082380922456252e+02,1.814841085386525998e+00,1.422425452610019958e+00,5.701290312625579837e+00,8.450025156961530115e+00,2.580748840756875939e+00
2.494955434988096243e+00,2.592755213132503123e+00,2.697094403906280302e+00,2.303558020136752482e+00,2.391982428131822047e+00,4.704320437006734856e+00,9.778024913243655192e+01,1.643921386972083232e+00,3.068985197560234024e+00,1.791070158105042331e+00,9.278485323547838171e-01,2.866524620996574768e+01,5.287973872953208421e+00,2.707664230603309186e+00,2.328814276944876749e+00,4.483166847768395691e+00,3.597492458435628038e+00,1.355965967390623916e+01,2.004320732997236476e+01,6.973637410304236894e+00,1.589493199265455736e+00,4.848906295756567175e+00,8.074014777305164259e+00,1.290990758443636643e+00,7.752947326264602701e+00,6.106393187853238480e+00,8.728884172872371394e+00,1.451581007531964618e+00,4.624018581057241839e+00,1.303774524311950733e+00,1.322888723271052003e+00,9.556867971147899876e-01,2.067230728985460786e+00,2.707462390067043145e+00,2.840634617087721470e+00,1.292474841180136114e+00,1.461140800995900690e+02,5.242065837785864879e+00,1.813244693260463336e+01,1.662298521504119497e+00,1.990803425641464841e+00,3.410392208883066711e+00,1.827210155373694134e+00,2.062009893119824078e+00,7.166543176401705129e-01,2.080406116888462442e+00,1.974348284316266522e+00,1.119176150807746239e+00,1.136072500087615067e+00,8.946794420434150963e-01
2.820050220762960080e+00,2.911322477683432997e+00,8.356391099421928148e-01,1.134990266561616279e+00,3.268057276809110068e+00,7.969621506515148779e-01,1.615799295719029027e+00,1.087243093279217199e+00,1.674422873193053274e+00,8.099559130602264290e+00,1.661570498346036207e+00,3.156246525295845817e+00,2.833126756693062909e+00,1.184085241303454161e+00,5.809168541252795848e+01,1.282007761061844775e+00,1.401135634650530148e+00,1.440639498392375817e+00,9.884135468883046727e+00,3.011719799646255247e+00,1.231537938687547573e+00,3.277409459849645401e+01,2.010833276258272573e+00,1.365828632637643647e+00,8.240713403622415001e+00,3.711867460516807160e+00,1.429389924704526083e+00,8.348939216791980700e-01,2.166873429388753269e+00,1.567996895450539885e+00,3.274754994461912094e+00,1.092738474143964211e+01,9.502696331237845406e-01,1.290604479336438626e+00,7.270408739698812628e-01,6.542752417859455605e+00,4.106025875732844277e+00,1.136144504481281459e+00,5.202384842868237769e+00,1.413128258972208728e+00,3.615625659735438369e+00,2.125485404089801023e+00,1.659138823323436762e+00,3.592379824938811694e+00,3.577529039345919593e+00,7.474064686181126405e+00,1.039245487352678854e+00,2.434983618989222887e+00,1.292659403681757357e+00,3.065935635251661573e+00
1.055369522498547985e+00,3.840226073763283399e+00,2.138378099862090931e+00,1.166334675849875602e+00,3.715058083074094952e+01,5.411652790063620877e+00,1.269813349216543985e+00,5.838822552106821107e+00,3.671295282432660567e+00,3.126399078171457457e+00,2.222053891631633959e+01,1.820329658731973765e+01,1.390302971108837937e+00,2.226722876055432288e+00,8.014259887194377097e-01,1.100222505458524180e+00,1.413452200109399426e+00,3.530292111357111740e+00,1.236224148589388783e+00,5.278054988620055177e+00,2.778604062926561813e+00,6.575338341034994372e+00,1.156784581309149740e+00,5.398201633729311055e+00,3.745218480578485387e+00,8.813819849804033879e+00,2.708133105578983013e+00,3.870846421019159767e+00,1.238336201989580942e+00,1.757969395737748020e+00,1.744664517505478241e+00,9.709637994220301493e-01,2.912011526960733843e+00,4.405103960072702662e+00,3.303861540765352878e+00,4.224099348037893442e+00,1.825394014647243601e+00,2.420571317773856812e+00,2.226490243204609865e+00,1.869579357511434559e+00,5.094883265766743108e+00,1.743412925266715652e+00,7.535108520172709712e-01,2.476004013574764961e+00,1.026831426792735869e+00,1.887449621885726847e+00,2.615242378763608322e+00,1.311542332307090053e+00,1.676284290666052001e+00,1.432661894947402104e+01
2.106386472310064928e+00,2.298911133202999668e+00,1.398512750916643732e+00,2.906957095849926631e+01,3.464383199182943684e+00,1.029660306645365120e+00,2.414815895263116019e+00,1.965648922317371650e+00,7.062546685441811967e+00,1.293422773064692111e+00,1.238793449234362676e+01,3.436180054844115261e+00,2.384769101244604173e+00,8.570997998986683797e+00,2.907709252484139597e+02,2.212355091360391324e+00,2.486619624922711935e+00,6.311915351881681957e+00,8.494513215021209929e-01,8.191118859526794749e-01,1.172406324928766619e+00,1.591410346349852123e+00,2.089346727930692982e+00,7.629698016993751164e-01,9.800006205807562765e+00,2.371867350866909252e+00,3.732756246522458696e+03,2.406708599114709912e+00,7.715850610567714929e-01,1.166072922120151532e+02,2.864216763357420259e+00,6.145460352321792108e+00,7.631506401510073090e+00,1.125242368945229776e+00,7.554598916406622955e-01,7.108952286021964717e+00,9.544394899790427100e-01,1.209152126457975029e+01,6.778890027574045796e+00,1.238408071566180713e+00,3.354672036135402546e+00,3.832991666239664852e+01,1.368448105004742921e+01,7.607399736567967530e+00,1.583117821427808547e+00,6.479510859372153320e+00,1.349413699503003938e+00,4.929873648483731330e+00,8.141548348176760319e-01,1.600879968734031822e+00
1.843363992478239455e+00,1.364591930698927627e+02,1.316023478555061299e+00,1.191699246396104428e+01,2.571785789992776738e+00,2.305421512266725870e+00,1.062732662979827269e+00,1.113260583914399415e+00,6.812923339008931656e+00,8.688113190626706839e+00,2.202481768638922865e+00,1.027675504535005890e+00,2.451733765631012751e+00,1.019633631792023820e+00,1.354377722275092788e+00,2.822782508713181482e+00,1.558270788762490699e+00,2.945678531760903329e+00,1.583091112356939334e+01,9.730912684287088554e-01,1.039691649316176303e+00,1.805067254939666554e+02,1.005229573284192934e+00,8.106419454958406767e-01,8.684679931649640361e-01,2.057710480996216784e+00,7.738798836304651152e-01,9.755367603521545306e+00,2.515940501637308202e+00,3.884725225497714707e+00,9.259969063195817585e-01,1.319407427647904418e+00,1.421615228610341841e+00,1.986256200046739417e+00,1.374723503050988560e+00,1.078229278301255434e+01,6.112608275450377437e-01,3.808547828809001601e+01,4.119795984354943208e+00,8.001026619250801719e-01,7.777933013680165431e+00,3.279988443081164551e+00,1.148756363403955305e+01,1.105157172279685573e+00,1.010367524707678433e+00,5.578690175806194418e+00,1.173724087338760658e+00,4.678546258019023796e+00,1.327148455083189127e+00,1.566130644588793253e+00
2.333448532281355181e+00,7.743631803099143340e+00,4.033651106425199195e+00,2.014911584695937563e+00,9.865194913186808856e-01,1.509522782974557442e+00,2.007329936342543419e+00,1.118166535137901318e+00,1.979354293533957199e+00,1.012752554129525695e+00,2.327283915042436924e+00,1.571298806346699273e+01,4.525153025672077334e-01,2.460145012868222292e+00,2.435945545480505015e+00,7.814681014487534494e-01,6.972686305968480269e+01,9.830492448986741794e-01,7.634997210789444821e+00,5.006540690395131499e+00,2.435057413134848581e+00,5.544159044676038040e-01,1.628197170270047067e+00,2.156024357797843738e+00,5.914445641627034789e+00,1.543883758964535602e+01,1.091027944381827153e+00,9.838998876178340680e+00,3.399443863748131012e+00,2.334855827668167016e+00,5.324175782094602738e+00,8.616417691150138225e+00,2.300793121934069152e+00,3.602005231558161324e-01,8.791559507167434617e+00,1.104539020125339555e+00,9.162145392528063814e-01,6.402663663873264355e+00,1.072524779070454182e+00,3.338140557859717195e+00,1.113913305995682279e+00,7.422122061397269377e-01,9.804065930839239718e-01,1.253510026191618998e+00,2.121961742871643075e+00,1.179250266354859278e+01,7.242563935133971009e-01,1.133664710386134145e+00,2.843049726961400570e+00,1.073117698203348525e+01
6.441730652329510365e-01,4.628214569523987798e+00,2.831217775539630388e+00,1.422395911519742873e+00,1.260381629489625510e+00,1.296682198484921678e+01,1.195312211752114884e+00,5.730916270867969509e-01,1.349516109210638470e+00,2.423433688541359210e+00,2.845379475217965304e+00,6.636904802748124332e+00,5.021339369440702693e-01,1.894215722571484850e+00,9.169047980399172459e+00,1.695449048169163975e+00,1.398289710591648527e+00,1.513287460481564040e+01,4.430319762255350291e+00,1.047728546872950695e+00,1.976121089637820294e+00,1.292588837808129938e+03,5.619052499721742144e+00,1.826647904894809882e+00,3.793154683924353954e+00,2.647145284337139248e+00,1.026923252234105632e+00,3.391769851789028678e+00,1.000113077260367467e+00,2.441716538952624305e+00,1.461097495393280710e+00,1.032311783037465780e+01,1.244017133465894487e+00,3.720535706282611432e+00,1.543552294781228129e+00,1.108371450627632981e+00,2.054130924548203119e+00,1.835803282669259628e+00,3.005490786248054036e+01,9.981947737485854510e-01,1.034503338731835198e+00,1.118838896229935820e+00,4.266867790535774363e-01,9.095047139591263541e-01,2.330995317736145545e+00,4.603172914020494666e-01,6.584505127002552305e-01,9.211155825869860037e-01,8.617372265165882395e-01,2.766179117184383252e+00
1.993081021402501207e+00,8.697517516721490205e-01,2.686963970681143454e+00,1.337167002170127850e+00,2.282109418905820419e+00,4.746933283637577716e-01,2.413292654833885997e+00,1.574652490102183000e+00,1.305651048182076668e+00,2.071490676688975352e+00,2.395579797439668468e+01,1.164585098096630356e+00,1.623062764626226055e+02,8.062962639404400722e-01,1.171412084306610923e+00,3.308313119875317287e+00,8.549797852095504247e-01,2.313492539848025498e+00,1.177942506417959168e+00,3.892029816868983083e+00,2.291203631964762621e+00,6.214818766017176088e-01,5.393849874143312739e-01,1.943684012709037123e+00,1.077931272145655317e+00,1.411064733087432632e+00,1.266269067740114052e+00,1.148788826571667876e+01,1.175127793953239630e+00,7.971300313557063699e-01,7.409171015266495353e+00,3.824284239877365099e+00,1.712984544550223021e+01,1.137229380244607846e+00,4.585095226945453128e-01,1.107840640716813141e+01,7.875251625290863089e+00,1.558878088460551092e+00,1.671920974777570068e+00,5.473356272664611666e+00,3.322979652588531785e+00,1.230998303883678924e+00,6.243257696568622173e+00,3.184225216451157081e+00,9.417518435967082713e-01,1.213518714260611864e+00,7.796405249525724113e-01,1.664378607332982485e+00,1.813195790706447141e+01,1.177472753739300160e+00
8.536455242556406642e-01,1.248758509292873464e+00,8.113340567432113515e-01,2.138790936195432923e+00,1.782575336335813887e+00,2.051359082594007344e+00,7.492082978701845031e-01,7.387610927593741827e-01,5.006522723446657608e+00,1.304010397060301862e+00,1.055563544528092912e+01,7.643058583547234219e-01,1.333645056970399922e+00,5.141451954992328766e+00,5.198958998782953200e-01,3.025091811128876262e+00,4.120663678721219192e+00,1.078513215698575944e+00,1.071775129387948944e+00,5.991806488392480423e-01,2.197269309508739710e+01,2.542474384490055694e+00,5.376025667797037499e-01,4.412323426814650507e-01,1.486730936520476387e+00,5.140374707236740059e-01,2.678854493406041648e+00,7.062416370027191359e-01,1.358412130843058563e+00,1.688984991579334016e+00,2.177782792430358683e+01,4.950981894693214369e-01,1.384550834219706372e+00,3.480436869003892930e+00,1.133400692287477618e+01,1.235127367495945538e+00,1.449912377490621074e+00,1.402640954677758955e+00,2.557862811335298137e+00,3.997889416694657250e+00,6.859457382246055834e-01,1.349001318537429661e+00,2.276447949208227683e+00,1.298084189493009077e+00,2.188703708411869009e+00,1.377686550486072692e+00,6.515527362468470640e-01,1.049423416585885116e+00,6.100299924279110053e-01,9.350295636805754373e-01
1.173599057909899601e+00,2.610063651603366619e+00,1.584918179454820386e+00,1.871059061821947589e+00,1.268950910159973855e+00,6.469504470970673937e-01,6.262516749777561342e-01,1.189138097558999130e+00,1.072406915959513007e+01,3.219443517392426291e+00,6.377476967391230156e-01,1.191607756004030350e+00,3.411194869240582239e+00,2.459182737377402894e+00,2.946813929114437070e+00,7.175635223825203024e-01,1.067149619538381833e+00,5.856021221638064711e-01,1.709381815716767505e+00,2.510691128762294611e+00,1.423156399487665702e+01,9.657385753580449261e+00,1.554880077807638594e+00,3.644410499242434209e+00,2.451372296652977401e+00,3.866368089873456260e+00,5.965859722243882501e-01,2.452883890705566561e+00,1.508820293820425595e+00,6.530658103737599696e+00,1.726387204697199973e+00,6.993950324993026157e+00,1.481144040782508942e+00,1.126101258008445960e+00,1.078305979219225108e+00,1.531163979948114262e+00,1.315571800277733017e+00,1.569039450368233002e+00,1.248186966908376494e+00,1.066130677604522736e+00,4.915181509298348628e-01,1.404849385287022745e+00,1.556804451121464483e+00,1.032227382804423055e+00,8.596858296115253983e-01,1.103179422427189316e+01,1.602664651446982891e+00,8.688764143116971539e-01,4.829249276188721574e+00,6.336882595588360090e-01
6.430081065133470553e-01,5.894834181650134841e-01,1.473579874664608713e+00,6.835619291066176162e-01,7.117776008173344326e-01,1.473479015571477424e+00,6.631493790157011459e-01,5.618657564549640604e-01,5.332414674825798340e-01,3.528750633914009782e+00,2.379989012784100577e+00,3.258192035759185368e-01,2.056598699272886108e+02,5.942526885520686974e+00,4.011271349313829115e-01,4.305481540408939156e-01,1.257300972591996580e+00,8.705620874343026117e+00,4.712364979454198854e-01,1.329468910620222433e+00,5.647551144943028234e-01,5.297708160422969215e+00,7.072114694850153427e-01,3.542592825291709380e-01,3.183877173405272876e-01,4.909411276693568804e-01,1.119916970358558084e+00,4.319410295609488748e-01,8.396737633032833603e-01,1.844288327083510204e+00,1.362245928776175230e+00,7.328951898838081958e-01,1.083467775297683566e+00,5.317994517734059290e-01,1.225044804875536242e+00,6.114962173757479968e-01,3.136678776005997538e+00,3.199435820875652370e-01,2.157001358540828306e+00,2.409051684100751878e+00,8.583198622690783042e-01,5.584715947908966971e-01,1.773786328892848374e+00,3.477428111939898425e+00,1.470128249011285471e+00,6.676917199948640969e-01,5.104359305494547971e-01,6.004345300422145870e-01,4.703574725883643559e+00,1.335746354075670883e+00
7.160557072969383485e-01,8.791377120542679391e-01,4.275081919393688423e-01,5.269964489516055783e-01,1.060433399081406991e+00,8.463019530143898184e-01,3.383392287733277826e-01,1.945708800572162289e+01,1.674109575262394234e+00,2.662440658749566591e+00,1.207608411450094232e+00,1.092714346385504687e+00,2.007698759340837746e+00,1.898003383998862370e+00,3.038158342130652390e-01,1.405109386068636335e+00,5.689420953119620483e-01,1.310049803006629876e+00,6.295494616809794053e+00,1.924366748698862040e+00,1.235458360463898453e+00,7.868183096554095535e-01,8.751742895962641988e-01,4.305655490974417132e-01,4.036810797928003680e+00,1.138626057714623441e+00,1.303408413410292566e+00,1.149628384707796824e+00,6.869281777637363806e-01,4.558267796485118595e+00,1.362807008145687560e+00,1.000586619146492051e+00,2.691029279086997406e+00,4.937873240365969529e+00,5.386446117556940028e-01,1.398389821143666056e+00,1.269158522916983500e+00,6.327523695529289061e-01,4.860500887670811565e+00,2.091398495735958374e+00,5.506317369408036955e-01,3.755394489181666517e-01,6.161341145991181545e-01,3.779107238763462995e+00,3.236256084691827350e+00,2.010005863193711217e+00,5.857237136045280179e-01,7.782127242891142549e-01,4.089748789446539412e+00,5.842609246380897403e+00
3.220741277077294296e+00,1.068355556229625414e+00,3.900864337287647032e+00,1.002414224634158746e+00,1.130242950080633468e+00,1.099133077174972994e+00,2.104869118821302365e+01,5.938544372137981586e-01,8.722797810176315947e-01,9.337201761201499028e-01,1.052534009423172101e+01,1.640214483836734516e+00,9.704711855246218377e+00,1.039226013364596746e+00,9.253332455973382054e-01,3.994633512831503586e-01,2.334010337877953134e+01,8.556357439992957836e+00,1.332680728496433931e+00,9.101260109319158076e-01,2.931292432750386201e+00,1.173750632451798337e+00,4.915275568694449371e-01,5.978340720760493276e-01,5.576744961774645626e-01,7.724502658660421517e-01,4.413779066530919004e-01,3.996451874815252214e-01,2.548660927992842939e+00,5.610235026102848854e-01,7.701468356809727522e-01,4.916305901176631910e-01,1.091174225081100957e+01,5.969463014034205317e-01,1.182428800644772071e+00,1.408316080994604036e+00,1.435053478394967552e+00,8.770013517857243590e-01,5.378189071526478848e+00,3.393557383888984313e-01,3.562246188277086723e-01,6.346508584165510003e-01,1.468960376336065687e+00,8.728688566286094686e-01,1.048467766511873567e+00,2.327159322107206663e+00,3.297902137431732967e+02,1.342367680595769741e+01,6.722538890556757352e-01,4.266815240378121765e-01
6.782554824915197900e-01,1.485470795905940333e+00,5.242641499875431155e-01,5.463991882259656707e-01,1.283373237411734813e+00,2.923456977551998293e+00,1.023247446227941726e+00,5.278115206309345275e+00,1.441726430125836567e+00,1.060139061832543472e+00,4.202311182269014567e-01,5.072713098676017163e-01,5.954090352059199232e-01,9.153969729563063984e-01,7.913077165286859227e-01,6.052209118617102312e-01,3.156190105615581665e-01,4.852397364685208991e+00,1.276683340311000947e+00,1.113777570328414956e+00,4.287777268475253534e-01,3.335203037030817774e-01,2.785764637633862062e+00,1.767197085626134756e+00,9.567093529641982341e-01,6.009002816552113657e-01,1.257687276884482230e+00,3.814734765843576514e-01,1.412880329080400399e+00,8.799440555971967948e-01,4.308791015146305470e-01,1.860595656067878689e+00,5.545469101016118341e-01,5.263937139932414189e-01,4.169726563800336683e-01,3.918100986681452569e-01,7.010198179292290721e-01,7.912141256055750915e+00,7.931246966490432371e+00,5.498512826903352746e+00,1.018862457016851852e+00,3.314533907099350252e+00,4.427755744009956307e-01,3.368502758707497824e-01,3.748406205065955010e-01,1.860015982427954961e+00,3.777845993878094499e-01,2.897285550587058651e+02,8.237191736507210038e-01,3.608088213629985219e+00
3.438988838892347299e-01,5.596382569931017681e-01,1.156583895176512833e+00,1.324998547064677901e+00,8.276432160122524362e-01,1.546876022646494819e+00,2.790106066847722888e-01,1.317451566859351608e+00,5.337341175789840353e-01,4.414999061602707386e-01,4.905941626132628741e+00,5.422247834906769093e+00,4.130238028742787559e-01,8.411500933736787422e-01,4.417669509242341808e-01,8.116776937375794532e+00,1.893979372753722634e+00,5.322924720187885761e+00,7.986605576889556524e+00,1.080265310147715763e+00,5.828308827615983567e+00,6.778502646626080264e+00,3.358504945765211080e-01,7.097322968593012815e-01,1.142820412183314538e+00,2.575061518128798355e+00,6.727816069041451241e-01,4.300235103580543949e+00,1.164935483548079631e+00,8.550138773258877389e-01,3.019211842069942642e-01,7.613192716978656183e-01,1.308453064333212179e+00,7.195124072167171647e-01,1.153242132222302319e+00,8.152992316954777996e-01,1.432701229223998496e+02,9.339952261308432924e-01,1.845357450363037088e+01,2.799299919650621304e-01,4.791036363561779199e-01,2.102040226170505399e-01,7.454305434208414738e-01,1.230389507329513465e+00,9.116495075483859178e-01,3.443411400050537252e-01,1.198818679052641167e+00,6.623783687958778588e-01,3.103738002989736566e-01,8.886920632271863951e+01
1.902423216025325714e-01,7.932636489468958274e-01,9.466784659408942204e-01,1.823449908773350003e+00,1.182798885110455611e+00,4.018139828184496554e-01,1.845559589193173089e+00,1.201969047222597231e+00,1.637643668848346223e+00,3.540465109637794594e+00,9.220075605816681064e-01,1.583135035183199646e+00,7.667799331628853965e-01,4.179707388218158459e-01,9.326432862785931643e-01,1.460264983165287189e+00,9.852064071804563783e-01,1.106917965476485355e+00,3.047966631841735552e+00,7.602391965395511875e-01,4.224705459829915632e+00,2.113911451709749034e+00,5.652673170377293665e-01,1.786956154526151641e+00,4.142192225602294164e-01,2.044653651760611479e-01,6.453076062337805840e-01,3.411172004593793772e-01,3.146439381332125418e+00,1.300365881409299540e+00,2.598531849478085576e+00,8.020174515397984205e-01,4.230686802901366117e-01,4.255152280788544461e-01,4.543806919459171811e-01,4.239664616117775342e-01,1.737054237956620728e+00,1.588162511372124754e+02,7.789098044220417183e-01,4.674285115474909325e-01,1.047342963219321810e+01,6.787290238627085026e-01,7.539005557946614200e-01,1.251521890193617592e+00,1.565692266829783241e+00,7.456769892022067081e-01,1.012001106694423891e+00,3.202254293564402499e+00,2.371595666060781316e+00,2.017859364358492336e+00
1.052023942537434742e+01,5.110639616304484267e-01,5.893445625912606678e-01,2.919136929359751886e-01,1.028839937468000842e+00,9.763661275798405370e+00,7.215132018390534085e+00,8.366196361109420110e+00,5.580143704172988439e-01,1.407683586067944148e+01,4.249803839269329364e-01,3.411265993982323663e-01,7.493866621581255494e-01,9.070718214999798912e-01,3.497565021845057687e-01,6.674455039570691417e-01,6.483380245410969023e-01,4.146409628376253043e-01,3.018286898273173335e+01,1.429335576242676709e+00,3.314212015798707056e-01,8.030960832515386949e-01,3.252486730079883759e-01,1.077350481837808571e+00,1.795445545042955449e-01,6.714300813192255468e-01,1.858439423927902467e+01,6.552874626129935320e-01,3.804471042957646709e-01,4.134637451864652813e-01,2.877651958287475442e-01,1.000769994447550992e+00,1.080320023265881169e+00,1.214833393678724782e+00,2.056345282044186040e-01,4.722299679900619496e-01,6.809645196742675211e-01,2.879092792301406245e+00,1.478969578994674849e+00,2.868199396123171652e-01,1.858736800776385145e+00,7.094624838903493824e-01,7.679839239050652022e-01,2.349730772570995385e-01,3.810333354207295908e-01,4.484762322803478085e+00,1.288245430729704877e+00,9.499600136483059565e-01,7.464475959683560813e-01,1.038522613257768290e+00
3.206155111570456184e-01,1.945894989928823593e+00,1.478967082201446015e+00,1.142859390847584145e+00,6.448892703181119401e-01,3.599365675975811474e+00,6.122611621924871628e-01,1.959170517916940302e+00,5.085727635348314957e-01,2.013552131464874106e-01,3.044941285412474663e-01,8.781931738884457550e-01,6.153275376375715311e-01,4.668471365344476487e-01,7.140069846903293049e-01,2.876268162482100155e-01,3.855214710781755816e-01,4.715803527817877816e-01,1.071690160686430415e+00,5.459060037963959777e-01,5.220640598383202713e-01,4.347279563553159698e-01,7.969675817665193840e+00,1.831459753221077014e+00,4.577754124260419388e+00,9.387446994353927376e-01,4.806957740450227834e-01,2.733320274735671629e-01,2.435678416860626305e-01,6.975879322391267401e-01,9.353754303856032237e-01,5.979531021723762940e-01,1.111455554304356719e+00,1.265912109851662581e+00,4.376430183087274828e-01,1.796030655722346658e+00,2.562727093971507997e-01,7.381074939616514285e-01,5.171448661072057362e+00,2.655189922236473876e-01,2.131068320382403236e+00,2.186684681489019955e+00,2.135553309622532647e-01,7.792208235910129677e-01,3.460782379366814099e-01,1.760943305171365214e+00,5.131088308909346196e-01,5.812673179552991787e-01,2.980829772012685841e-01,5.285402480802462444e-01
5.022825035176536890e-01,4.262033708104577268e-01,4.110126203964362124e-01,8.151638411460561118e-01,8.993751623181541532e+00,3.515217900394088102e-01,4.979390172464626119e-01,1.212651701872846877e+00,4.769876076201549076e-01,2.811344436748645093e-01,2.071134156010052130e-01,2.784013092820960544e-01,4.082348351783099960e-01,1.366168125715230275e+00,8.665088932156581603e-01,1.086631520308014132e+00,7.309426846912006059e-01,7.233150449860197284e-01,2.528071729608417417e+00,6.751635846185856105e-01,5.914712206390372318e-01,2.306543254609227045e+00,2.934570420618426434e-01,5.916892242916692579e-01,5.645057862025212314e-01,6.057147239400011429e-01,3.366521176178516317e-01,3.884576729089868619e-01,6.236765157275746541e-01,8.009582395359886586e-01,1.216701637555273274e+00,2.751492408948853274e+00,2.692794488067698389e+00,1.079300494671303845e+00,2.588056325595331497e-01,6.291333208299375590e-01,4.650493473409785250e-01,3.345551406689690754e-01,2.087373317229492820e+00,4.769326069299905768e+00,3.207928638531392651e-01,2.644178665505201309e+00,2.978412851174480069e-01,6.311731545640607566e-01,4.243037824854773432e-01,2.956545558385870742e-01,2.981250692069342678e-01,5.499089858410572962e-01,8.083412270514445108e-01,4.307017187770784794e+00
