1.860232481514919600e-01,1.871890529113765800e-01,1.869072440325023066e-01,1.867967321151153826e-01,1.867466973774629113e-01,1.877694203782536153e-01,1.864262018570733703e-01,1.866563311324104801e-01,1.866174888454339154e-01,1.868017845328568127e-01,1.868968983770268322e-01,1.866663458807251985e-01,1.864564670798606050e-01,1.859715210681296971e-01,1.866907835616025413e-01,1.863919160837666233e-01,1.867652894110561346e-01,1.860537682843995677e-01,1.875935263587854840e-01,1.863584827832754920e-01,1.869408764300209691e-01,1.871790182111507383e-01,1.865330427465826391e-01,1.860300741071831965e-01,1.868592598492003765e-01,1.864906997898177765e-01,1.871699565729335046e-01,1.865738539892582981e-01,1.876754537157260261e-01,1.862343178207844507e-01,1.871853650860603457e-01,1.865779856498191447e-01,1.866264090775696660e-01,1.866203653537304163e-01,1.868888900764319461e-01,1.870887260901998306e-01,1.870411261601146180e-01,1.872596137790353277e-01,1.869698693257708377e-01,1.862625086933133445e-01,1.860031572608109862e-01,1.875046931153490914e-01,1.859673859982728661e-01,1.875757583617385371e-01,1.857432045540342580e-01,1.862435995457878968e-01,1.873686003243056619e-01,1.871341929520916603e-01,1.862235183657642013e-01,1.864648236131740688e-01
1.870508352730144985e-01,1.863517292710499262e-01,1.872933756477186684e-01,1.872146798180009952e-01,1.870380639606563089e-01,1.868288641889250812e-01,1.866184541327957636e-01,1.865298371498275154e-01,1.862523985353194411e-01,1.861342070732631415e-01,1.861289059562707404e-01,1.866840711013215415e-01,1.873243998454272863e-01,1.871271018534553798e-01,1.861232299534784085e-01,1.876681732883443143e-01,1.875013894547526427e-01,1.870058288045393369e-01,1.869217696802170647e-01,1.860282047873058064e-01,1.872376772037538384e-01,1.865907399944970180e-01,1.868738718010058419e-01,1.866874121784856122e-01,1.872450589456009229e-01,1.853692702623778721e-01,1.862234810221244374e-01,1.867450207265556605e-01,1.868735565934153964e-01,1.857336634751109994e-01,1.873048324520276142e-01,1.868004155481012285e-01,1.865410245010493406e-01,1.864627387097279043e-01,1.865671668030201291e-01,1.870178745846887980e-01,1.873054561695905174e-01,1.873524528273694256e-01,1.866452761874253241e-01,1.862923080990593894e-01,1.866131509331778460e-01,1.871317760831193444e-01,1.867886545076397065e-01,1.869250982919799242e-01,1.871712142012785240e-01,1.861161353821461639e-01,1.860219161249558606e-01,1.882569375471016826e-01,1.866996830827835352e-01,1.873876352641685727e-01
1.859748572186092908e-01,1.861020519421363595e-01,1.856286220291714084e-01,1.873748618629959839e-01,1.869201793533477318e-01,1.855749416594635048e-01,1.865241867575246348e-01,1.869682644337316568e-01,1.871046385050119387e-01,1.875558269939029410e-01,1.865807169387454223e-01,1.865268835761914601e-01,1.868063812182408356e-01,1.872859201409464436e-01,1.866247741493368417e-01,1.859938255995252920e-01,1.858605271527502545e-01,1.870660805400384818e-01,1.864063983810047564e-01,1.868146043233330222e-01,1.865534934263725908e-01,1.869516403434098584e-01,1.866512531400358887e-01,1.862876943854910872e-01,1.872825437354528610e-01,1.871308722361162136e-01,1.860979178026017922e-01,1.867871389161142037e-01,1.873041262780379412e-01,1.865642070584092593e-01,1.868492718600755498e-01,1.871757356918208326e-01,1.859465224618522261e-01,1.868773403974334224e-01,1.870273501981472297e-01,1.868039382576234531e-01,1.864454789053310302e-01,1.867189509946752257e-01,1.872746247216426629e-01,1.867652403748723544e-01,1.874063530009209833e-01,1.870010830369961408e-01,1.864519030054352100e-01,1.868666416649972795e-01,1.873792349957288939e-01,1.866989260812069729e-01,1.872301879400860569e-01,1.874401742907350621e-01,1.861688648858079997e-01,1.869327875021146723e-01
1.862082244063808789e-01,1.862662763863641990e-01,1.869608282598758386e-01,1.873870027717879916e-01,1.870773995550114588e-01,1.860933992181241781e-01,1.858266973743559480e-01,1.861356205582066770e-01,1.863704228328253720e-01,1.850252958431038708e-01,1.864408233030912798e-01,1.868351874854795036e-01,1.866875750958024160e-01,1.862175722504836317e-01,1.857513207671476485e-01,1.860278083496847701e-01,1.858116171311614828e-01,1.863540076859490080e-01,1.872162115434006513e-01,1.864985404394466639e-01,1.868997312547671374e-01,1.866132043524392214e-01,1.856864520212502534e-01,1.870221224186811027e-01,1.871274409909848280e-01,1.875992122682776098e-01,1.867910284894620243e-01,1.875925587632022440e-01,1.869347442287421224e-01,1.869437233219381767e-01,1.873444933817803582e-01,1.877050021912301803e-01,1.861265017998094962e-01,1.871865061785704942e-01,1.875540849536747046e-01,1.866452651231917670e-01,1.870258577344902640e-01,1.863634590442084793e-01,1.868910447631077498e-01,1.866809767011778365e-01,1.854328218145967211e-01,1.864127761956266560e-01,1.873354305743590575e-01,1.860999538362111960e-01,1.861548817020245994e-01,1.868425509987695354e-01,1.864682372249968634e-01,1.867459099582748361e-01,1.868020639936125993e-01,1.856798638758679065e-01
1.858284594759535557e-01,1.862104739892184724e-01,1.867473509203090021e-01,1.869223048982749102e-01,1.867648062008157861e-01,1.865371234789208743e-01,1.870548047329843033e-01,1.862443781076008331e-01,1.871171795439540153e-01,1.865695340891180276e-01,1.870186788013255275e-01,1.861692741706838794e-01,1.866996170054509019e-01,1.859121152485048445e-01,1.867116576721229437e-01,1.863304942954655263e-01,1.873299374234558556e-01,1.868671080034823573e-01,1.866995652005107031e-01,1.875390375479936977e-01,1.869334261403550745e-01,1.868789218088487691e-01,1.865717205436839554e-01,1.865577146569563083e-01,1.868278159204916911e-01,1.871360757255302598e-01,1.860805189021195460e-01,1.867818516624730196e-01,1.863421240353922148e-01,1.856264013316017703e-01,1.868889487970693541e-01,1.859953159525179200e-01,1.864491608884313034e-01,1.869489820190725904e-01,1.865076127905214987e-01,1.855759061329056714e-01,1.869179687612677887e-01,1.860789082110510806e-01,1.865726339988166005e-01,1.873457593063059812e-01,1.858725096424822809e-01,1.868331339682929859e-01,1.862533313146428060e-01,1.867483445907659745e-01,1.873032309253975514e-01,1.857996270956412954e-01,1.859530907061406613e-01,1.866817572368147382e-01,1.875369646587312367e-01,1.870600149713975147e-01
1.864196834896153232e-01,1.855071841909642638e-01,1.860683773069317648e-01,1.860093795146144091e-01,1.863067937114673278e-01,1.864635934403842121e-01,1.860896565507259293e-01,1.863487611865887184e-01,1.865467128157604348e-01,1.855573106607111555e-01,1.865958626902845530e-01,1.866477824375711581e-01,1.864105043680151230e-01,1.861472863833637803e-01,1.860752441291657067e-01,1.868319016261057175e-01,1.863550262478655406e-01,1.854262596692839438e-01,1.862445880980645174e-01,1.865304436193752913e-01,1.860644858270807112e-01,1.861686077651894811e-01,1.868395388400899415e-01,1.860013749341208056e-01,1.859126389596153783e-01,1.853856696399747983e-01,1.864766262447968281e-01,1.867142596826585621e-01,1.870024841373331415e-01,1.862804086817848870e-01,1.855240000194135486e-01,1.863113233578200523e-01,1.871455075863713569e-01,1.863749023178879194e-01,1.862762054578825655e-01,1.857516358870877626e-01,1.867274124400178648e-01,1.870344590141931052e-01,1.862510093361234298e-01,1.859144892581894581e-01,1.857418991722636636e-01,1.859311099298473491e-01,1.857406995746557488e-01,1.870226063093204938e-01,1.871042014614463234e-01,1.872261001414290971e-01,1.865560822805327201e-01,1.864898227158958421e-01,1.869893641226008929e-01,1.860469127259479771e-01
1.864697298351488675e-01,1.855666654324382436e-01,1.855956464905453851e-01,1.860029149081386945e-01,1.863105723561927773e-01,1.868284669680871091e-01,1.863850331427387708e-01,1.874369576827231987e-01,1.851185401355916194e-01,1.867276011790323098e-01,1.864617680355452611e-01,1.863139201970845649e-01,1.857769768752235984e-01,1.856644572699039375e-01,1.869311226551562122e-01,1.859907907835034180e-01,1.867701756933727586e-01,1.862504922849735622e-01,1.859001783552479969e-01,1.869978925999456754e-01,1.861210256363603210e-01,1.861019518316926746e-01,1.864303557577821624e-01,1.865495672378086611e-01,1.860877070518013043e-01,1.858958652144871160e-01,1.864544662074840431e-01,1.862288986417399150e-01,1.857091539336388208e-01,1.865936167131639067e-01,1.862468097222549357e-01,1.860369180746100637e-01,1.860242753799415116e-01,1.855824657680494871e-01,1.858893384009738803e-01,1.865881516297505094e-01,1.867160034958082748e-01,1.854394953663966172e-01,1.854678932493777077e-01,1.859444638614982104e-01,1.867510039369994768e-01,1.863948742497576194e-01,1.857866975273590737e-01,1.861842038564944790e-01,1.861314146045531803e-01,1.858045044973380133e-01,1.860079680736604069e-01,1.867182426964683895e-01,1.862041450889165839e-01,1.852433357104607548e-01
1.865029393773824928e-01,1.858017587720467989e-01,1.860434910155111254e-01,1.857029754834408075e-01,1.850106073055582390e-01,1.851454570939007060e-01,1.861927330120602686e-01,1.858587036230824330e-01,1.863457306117412560e-01,1.853248922095240281e-01,1.863682004659840963e-01,1.855997151492198016e-01,1.858282961003542844e-01,1.854558690859966774e-01,1.852537450676467190e-01,1.865863467098817785e-01,1.853524205125564317e-01,1.853578726410572142e-01,1.859857879158194338e-01,1.863548255934153186e-01,1.869695628288071676e-01,1.863788657880226518e-01,1.853107892610290630e-01,1.864568258922015553e-01,1.864111149927659972e-01,1.862885264538600982e-01,1.862422947447335275e-01,1.858098558002607148e-01,1.852888309292538838e-01,1.870643113288217585e-01,1.851028721649223552e-01,1.864869120057903729e-01,1.856866092849473460e-01,1.849592757164451040e-01,1.850945500399674426e-01,1.859982470087964135e-01,1.864564178848619469e-01,1.862322826067228099e-01,1.855596513916169810e-01,1.848804300740774231e-01,1.876472028228641509e-01,1.860979707573461317e-01,1.865999610307445822e-01,1.865165107105102305e-01,1.855620285898425814e-01,1.861021102772913716e-01,1.866050703943912259e-01,1.857144462494829118e-01,1.851061812207134560e-01,1.858021534471963609e-01
1.856355424241441232e-01,1.856229548014645403e-01,1.858936358094869790e-01,1.859325680522746771e-01,1.863405659191766373e-01,1.856236653423070093e-01,1.860680097061075955e-01,1.854940605759716477e-01,1.859738503266407383e-01,1.857354991924870524e-01,1.851147511736081219e-01,1.855653686201022279e-01,1.857219804214688408e-01,1.848700895858706172e-01,1.853368157064715083e-01,1.862088924315141170e-01,1.857538624974267583e-01,1.842624109963357237e-01,1.854338204256503198e-01,1.859156551071856067e-01,1.846010120129701060e-01,1.859665270278217375e-01,1.860659597146753497e-01,1.850253901889954422e-01,1.848752980209891761e-01,1.867471780111492341e-01,1.862450439959251469e-01,1.854498475655997625e-01,1.860090992278912170e-01,1.849400563430312061e-01,1.861116955808035933e-01,1.861996051401566266e-01,1.845401957314336816e-01,1.856554880378628591e-01,1.851575191572162049e-01,1.862109531118179007e-01,1.854220760276773516e-01,1.858939673965153139e-01,1.855945376698857341e-01,1.864105326072924840e-01,1.858309355783960559e-01,1.857614263220605799e-01,1.854903177198939657e-01,1.851634593762194192e-01,1.856433701184673490e-01,1.860034029874763628e-01,1.851113656345126923e-01,1.856676373912520550e-01,1.865501342771610505e-01,1.852574945530634509e-01
1.852096749920216501e-01,1.859043471938268965e-01,1.850623794149870993e-01,1.842086073789493961e-01,1.850881107550512161e-01,1.854606992740231997e-01,1.853515237878736455e-01,1.864887432801341505e-01,1.845887423485190471e-01,1.872634746149780260e-01,1.859825258334921461e-01,1.850324359923496698e-01,1.849792488016211989e-01,1.853864157092673104e-01,1.847478265509407691e-01,1.846355751140403845e-01,1.850471908746501859e-01,1.850201098008766865e-01,1.853530050471767776e-01,1.855193418238780534e-01,1.844723479893621287e-01,1.846165517368650033e-01,1.840087010706225323e-01,1.858175351645271756e-01,1.845060952452963476e-01,1.845531051489029406e-01,1.861128833711756803e-01,1.848034622642820146e-01,1.851884552722429522e-01,1.864611013802388029e-01,1.857802172860965328e-01,1.855551347883663549e-01,1.850298136381287040e-01,1.843155418476196683e-01,1.850922423714713438e-01,1.851219016235646220e-01,1.855865580943884263e-01,1.860633065656995266e-01,1.858259771735424615e-01,1.855104880937840928e-01,1.857442014125794127e-01,1.849034910627944395e-01,1.848904916080397476e-01,1.847251338739219484e-01,1.848597016468071230e-01,1.860805653163705997e-01,1.851505074565838460e-01,1.850946130263881606e-01,1.862145782803616145e-01,1.854932035893302744e-01
1.854688761969675581e-01,1.853659378528821899e-01,1.848838826045212103e-01,1.845918417045024629e-01,1.848294536075963113e-01,1.849319867773993598e-01,1.839866980426435872e-01,1.849068991999725797e-01,1.846652912242844613e-01,1.842325593519076044e-01,1.860911803059442649e-01,1.843915667645218137e-01,1.841716109055482886e-01,1.839694830308246098e-01,1.852808800741132245e-01,1.844239938017159519e-01,1.851064861624837077e-01,1.856303884282641259e-01,1.850776616385315099e-01,1.845444827664862730e-01,1.853909099441216624e-01,1.848217695508139191e-01,1.850694312710891021e-01,1.851660329368186031e-01,1.849128112183043571e-01,1.858993895004754648e-01,1.854342668048344633e-01,1.846735990386238757e-01,1.850682247183050022e-01,1.851015579596147487e-01,1.855357259413261684e-01,1.857673054640623100e-01,1.846214832591916710e-01,1.838950443261579692e-01,1.850270001707733369e-01,1.849715683099024122e-01,1.846094200083580883e-01,1.843219991899806842e-01,1.846640787675221662e-01,1.846602204982123463e-01,1.848803987009705052e-01,1.852011852481832976e-01,1.848403515444630163e-01,1.849493636952062592e-01,1.851625439525720895e-01,1.843536640743970167e-01,1.854649438042643983e-01,1.849143963404044078e-01,1.850328445492339657e-01,1.854094816511473454e-01
1.847090468045178846e-01,1.844716752606042620e-01,1.837998591731652143e-01,1.851412475249943623e-01,1.853908454422836249e-01,1.832815768836891790e-01,1.845838477311483317e-01,1.846318369047724728e-01,1.847780133526190360e-01,1.849506090900329414e-01,1.841529414878673165e-01,1.843174381428665520e-01,1.847410175271225752e-01,1.845139528089152492e-01,1.843408379355038484e-01,1.846116326541826225e-01,1.841552689597678039e-01,1.844536536751429368e-01,1.854844992297579043e-01,1.851246064564193994e-01,1.844218394101170277e-01,1.837173797127001906e-01,1.837311449044700395e-01,1.846759047464612558e-01,1.851155618609046372e-01,1.846145866939383762e-01,1.850626711101444888e-01,1.849156736892782760e-01,1.847254351988632803e-01,1.839398416653039159e-01,1.844046791032561694e-01,1.843900635101915486e-01,1.849194504756178914e-01,1.841751675328588966e-01,1.844292233913998880e-01,1.852097968368880965e-01,1.845866427401617327e-01,1.841131517245521987e-01,1.848710520902708543e-01,1.840455279412708811e-01,1.845863247243602068e-01,1.841735314672321988e-01,1.847360492365658358e-01,1.847156066643705352e-01,1.844496253088556970e-01,1.845435014727156708e-01,1.843443548114746255e-01,1.848395826286777510e-01,1.845015656207998900e-01,1.851033520390443776e-01
1.845386241993496601e-01,1.839415465946262485e-01,1.833742583757256572e-01,1.836117436196864627e-01,1.828154100691817552e-01,1.849268565020888710e-01,1.849286411747555203e-01,1.843821405681501102e-01,1.846322704113474433e-01,1.848412511406049841e-01,1.842824119876933231e-01,1.844863791328545943e-01,1.838102962078135838e-01,1.838890323076830813e-01,1.844008183931384326e-01,1.840762778521323750e-01,1.839956019328863879e-01,1.848749493188853732e-01,1.836762935460406476e-01,1.840682886446969591e-01,1.844308005200551992e-01,1.840704082179019097e-01,1.834393951481230745e-01,1.845354260235092525e-01,1.840355877267771945e-01,1.836422879853840118e-01,1.835068200090033130e-01,1.837871590146886724e-01,1.827942433595103611e-01,1.838942999042859905e-01,1.842870501804783900e-01,1.849553303827475847e-01,1.838563429581838160e-01,1.844742920746717252e-01,1.834904506302999228e-01,1.857311128390845834e-01,1.843462854396026585e-01,1.849553838873950751e-01,1.837879920579538751e-01,1.855194062448959902e-01,1.835870416527564664e-01,1.841403974141426203e-01,1.838488036548089899e-01,1.836015854435965877e-01,1.837671419319938937e-01,1.842016449004088008e-01,1.849060179335084153e-01,1.848012526490891150e-01,1.843098407081498746e-01,1.838699424235806512e-01
1.841405795560341341e-01,1.842448756634983698e-01,1.836251271528504814e-01,1.833199460937343095e-01,1.828754951296544529e-01,1.828173228942421846e-01,1.844823030268260278e-01,1.832232306052407611e-01,1.838093743788223877e-01,1.826666160407722228e-01,1.831924713901196822e-01,1.849606127184750537e-01,1.844350167679713604e-01,1.827628663600961989e-01,1.845403416885474934e-01,1.832362396611321997e-01,1.843687485574517504e-01,1.830540647744181015e-01,1.839779213555317317e-01,1.835359487107884602e-01,1.842772441956334883e-01,1.835194707795298197e-01,1.832827372199922755e-01,1.831873437358904622e-01,1.843464940387501971e-01,1.847816073300955764e-01,1.835715778850511015e-01,1.840237104303607540e-01,1.835564691676110916e-01,1.847099011318955597e-01,1.829938618305419484e-01,1.835733715644519426e-01,1.824426754158814390e-01,1.828688156930655118e-01,1.829124182713164348e-01,1.838827238799868036e-01,1.833455370731816025e-01,1.846790140357298382e-01,1.833119176151674634e-01,1.837392454994602464e-01,1.844743700278399789e-01,1.833485004229971627e-01,1.837066067991669771e-01,1.830854195500336290e-01,1.828711797062171074e-01,1.839973592583950546e-01,1.837355231974722725e-01,1.835626152412499490e-01,1.837594381169048996e-01,1.835363395829102129e-01
1.837293409975582492e-01,1.828077613039300053e-01,1.830013467736012478e-01,1.833601786739718076e-01,1.831570162171106408e-01,1.817529665514902026e-01,1.821507275711681806e-01,1.830339032206418914e-01,1.831561148769231817e-01,1.826408368825402639e-01,1.837022263843559600e-01,1.839859037940347886e-01,1.831076073294731488e-01,1.824712047764841805e-01,1.831687650349553553e-01,1.832605735269821068e-01,1.827645275353873555e-01,1.820882631189801870e-01,1.830785841315518414e-01,1.830499689632514582e-01,1.822294359010542542e-01,1.824870254528441205e-01,1.826839753409078559e-01,1.836074677237128638e-01,1.832312632722875589e-01,1.837424116467935853e-01,1.837341573629188429e-01,1.822747081749816478e-01,1.835049035004679696e-01,1.829921021744310150e-01,1.833719333560677178e-01,1.831542573800861995e-01,1.822471894639027812e-01,1.833562112210677664e-01,1.829683639659360761e-01,1.837152789796837049e-01,1.840590932570483895e-01,1.823031028890742256e-01,1.824111451363287506e-01,1.833357120211735469e-01,1.828613006759674531e-01,1.827552035110604489e-01,1.839012877270352897e-01,1.838512883759357563e-01,1.828278877713779837e-01,1.825539897342031703e-01,1.845204136043180898e-01,1.832755254807340306e-01,1.834358045889341038e-01,1.830512097749798506e-01
1.832436014791196111e-01,1.822638008482943273e-01,1.830084495935985212e-01,1.830235667356971685e-01,1.821266124860388413e-01,1.820484096075113967e-01,1.833031758842414150e-01,1.820840408093540308e-01,1.830405654756648848e-01,1.823791834930046651e-01,1.822260745712634411e-01,1.819587894368317471e-01,1.829722191174536772e-01,1.821556211164274131e-01,1.832274786238036191e-01,1.825035073558835819e-01,1.822984087360761951e-01,1.826949657613577138e-01,1.815431996738232356e-01,1.819648432908685387e-01,1.812338145125390876e-01,1.828355782757758174e-01,1.821412357811187654e-01,1.827351935208341716e-01,1.829789068691104748e-01,1.827072773062358713e-01,1.815280326857631743e-01,1.821934788279271078e-01,1.824748259159757191e-01,1.820129621667437303e-01,1.824200576222080594e-01,1.816674289396699171e-01,1.826414419765512165e-01,1.827828104993982905e-01,1.828701035369989236e-01,1.818406563641034590e-01,1.827781784085901196e-01,1.828644490839545778e-01,1.819668709000877849e-01,1.832205957191630208e-01,1.817461988451338217e-01,1.818494546112696397e-01,1.826427094240450077e-01,1.826678995555397200e-01,1.820449128740914968e-01,1.821396020586416864e-01,1.821477420965847138e-01,1.822910310828912417e-01,1.821077218767320205e-01,1.820781427871195068e-01
1.811158640217744031e-01,1.814868868489593889e-01,1.818854866612979737e-01,1.811531514752064975e-01,1.815521744889171951e-01,1.820772734837892148e-01,1.821179893408086947e-01,1.809646373906835803e-01,1.823738519672663261e-01,1.818103783959807151e-01,1.821469468603107711e-01,1.824681819676758632e-01,1.813888331954291444e-01,1.819644585867317421e-01,1.814749114375976691e-01,1.819464931549184261e-01,1.816913252836899750e-01,1.817323141444959211e-01,1.818167400867591321e-01,1.816153126251674743e-01,1.815502048311836980e-01,1.823365248096762703e-01,1.816739433819022920e-01,1.825579434501942711e-01,1.824303523070804622e-01,1.817400765541511976e-01,1.821197097266609166e-01,1.811002639444562190e-01,1.827317724049297709e-01,1.815616683949747290e-01,1.812388539776153273e-01,1.821338141915855302e-01,1.813622201862068184e-01,1.817381763372366565e-01,1.825410346918313886e-01,1.823018986465188007e-01,1.814044890575314262e-01,1.816119047584472956e-01,1.816668009629599512e-01,1.818953961694913246e-01,1.824403811174518386e-01,1.824673786661811237e-01,1.818256178328951367e-01,1.820553983431481004e-01,1.822804561348699004e-01,1.814986387661172429e-01,1.818410247076810704e-01,1.817906301058129226e-01,1.808626299652592861e-01,1.817124848198114206e-01
1.812339863271915930e-01,1.812881545657619442e-01,1.816969326607941193e-01,1.810520762047493071e-01,1.809412444495545336e-01,1.810123995049547907e-01,1.807758235136592562e-01,1.807578758622001847e-01,1.811374947853234829e-01,1.805908548807659830e-01,1.813615428837081212e-01,1.821181118650654907e-01,1.813589720149550444e-01,1.818748492776076919e-01,1.811925881184604792e-01,1.811060526381879920e-01,1.813114195686094665e-01,1.813482607031398353e-01,1.819079597652685787e-01,1.825498464111612040e-01,1.811158838158187512e-01,1.813212469178695496e-01,1.809895962358143151e-01,1.800030507987235295e-01,1.819155283490589137e-01,1.815675989558628578e-01,1.814172648334504701e-01,1.825425113016340140e-01,1.814854395943831800e-01,1.811776905624638834e-01,1.800218406824207751e-01,1.822285138104532409e-01,1.814369703438707404e-01,1.808631441621252334e-01,1.813107488146753765e-01,1.805046084943912887e-01,1.806063796006965316e-01,1.814927341372540304e-01,1.815884461157941665e-01,1.809762304339411765e-01,1.810924125849697197e-01,1.816264950817003121e-01,1.807778718302579801e-01,1.822865942033474185e-01,1.813927368278826224e-01,1.813027328905560676e-01,1.820298388443815640e-01,1.810372998275705247e-01,1.811509316450564677e-01,1.810914282088205984e-01
1.803819787631515958e-01,1.811285759774379778e-01,1.809414807174561102e-01,1.798004603604918261e-01,1.804847365584258401e-01,1.805962562665600346e-01,1.808487227195092473e-01,1.797034213452599893e-01,1.817120101180509373e-01,1.815772650290804202e-01,1.796251657730928153e-01,1.809359038614931359e-01,1.805810589565180202e-01,1.802992413445140552e-01,1.807502347215480532e-01,1.796471963784108394e-01,1.797291474305583725e-01,1.804805955782149418e-01,1.809878762835131216e-01,1.808635581099853062e-01,1.806420555028274144e-01,1.808825966013058451e-01,1.804315878372966531e-01,1.800776183234596151e-01,1.794717418407627829e-01,1.806022993095044993e-01,1.810409402580838156e-01,1.811969040990271951e-01,1.803613667001207066e-01,1.805273421602344719e-01,1.806026070409829654e-01,1.805586027953544337e-01,1.806748525931952121e-01,1.808701819883050954e-01,1.796160327697569059e-01,1.801149156018339859e-01,1.794371736468717560e-01,1.801721523358940924e-01,1.809869447334898074e-01,1.795984603621800790e-01,1.802452120759751863e-01,1.813581371186154256e-01,1.801596701725415028e-01,1.805616717803304183e-01,1.808402607399582362e-01,1.810941760309759951e-01,1.798969942745221595e-01,1.802681308086054590e-01,1.805194409496499452e-01,1.805043557899627116e-01
1.804067861552756669e-01,1.800842869334534913e-01,1.796828890561024406e-01,1.788123232036175625e-01,1.800592501504268139e-01,1.799427910898577232e-01,1.795053206040867211e-01,1.799799219638590908e-01,1.797002101150098063e-01,1.797844927430203299e-01,1.793439747381443961e-01,1.793517849893602190e-01,1.799969112593627352e-01,1.793655204034705908e-01,1.794486735469619509e-01,1.795726056282455629e-01,1.801022821241501926e-01,1.790352711606555403e-01,1.798204123060428983e-01,1.796020667767224688e-01,1.795637393057670228e-01,1.794382696999369531e-01,1.794524860016124823e-01,1.800235217265304388e-01,1.785752447118287012e-01,1.797066521590591215e-01,1.797288355487196287e-01,1.793513406459334991e-01,1.795569296530674375e-01,1.797386107900015018e-01,1.803289118176113759e-01,1.791041111564544708e-01,1.806451431411418840e-01,1.793573978032075023e-01,1.802253092638246290e-01,1.794041802611967829e-01,1.799638981973162022e-01,1.795907031848592017e-01,1.802837269312678736e-01,1.809228734576753539e-01,1.794544269608583098e-01,1.807743618284272935e-01,1.793633863338727208e-01,1.786250296475336008e-01,1.799138224289257015e-01,1.787836854677008758e-01,1.797556663013991363e-01,1.793188676537216530e-01,1.801692826584281870e-01,1.798552616514721980e-01
1.782622684470905328e-01,1.788126954279058989e-01,1.795256220815800441e-01,1.791626225042516896e-01,1.785404048513856701e-01,1.787932943795211282e-01,1.778413102413803071e-01,1.789351583477696017e-01,1.792456150289041261e-01,1.789801562680761182e-01,1.791622197561995589e-01,1.787646092238524831e-01,1.789139380177316996e-01,1.798752088884549849e-01,1.796082537536410617e-01,1.791326542623528917e-01,1.800970907000571108e-01,1.776423981589522749e-01,1.783534300388064930e-01,1.790863555711687261e-01,1.789370745150119513e-01,1.778420444337611428e-01,1.787782618899545761e-01,1.800309477003831093e-01,1.784826975738886823e-01,1.794682251076753499e-01,1.790522489197154399e-01,1.785938722303759829e-01,1.793742469159943786e-01,1.772380763709065776e-01,1.789428578954204985e-01,1.789232164004055381e-01,1.795034663082629711e-01,1.789714341634630612e-01,1.791380802279877726e-01,1.796855613760021675e-01,1.785825552270600969e-01,1.794428223527213817e-01,1.786584040410380270e-01,1.783978927497625322e-01,1.790669209646972848e-01,1.791043499547343709e-01,1.791048218517811708e-01,1.789235995443240468e-01,1.792333047301467308e-01,1.786148853267498782e-01,1.797530723009489462e-01,1.793321851575384596e-01,1.795283214061701993e-01,1.797325360116140414e-01
1.779309809223716676e-01,1.777917036785499338e-01,1.783936608570541038e-01,1.775864565472443368e-01,1.776737553432952421e-01,1.774384768706111781e-01,1.771166201095312198e-01,1.780329104595501921e-01,1.780109049779625974e-01,1.785668620058188105e-01,1.776138193780494867e-01,1.774203552764061220e-01,1.767946737178875405e-01,1.780628793470897808e-01,1.774621723218939018e-01,1.780728682144217812e-01,1.780290572565933760e-01,1.764691768319575915e-01,1.777392576094510568e-01,1.765979910535963593e-01,1.783792555938576163e-01,1.783561441729395458e-01,1.781606133482678822e-01,1.774474634044237442e-01,1.789988151857310195e-01,1.785705467906318067e-01,1.781243880140713221e-01,1.771493249533804271e-01,1.783249065951334200e-01,1.790688352267512384e-01,1.780259278092232722e-01,1.776118813634697813e-01,1.776114359535777565e-01,1.778887634569864817e-01,1.767456153903194660e-01,1.774862465632952857e-01,1.791851326981369619e-01,1.774604185202643680e-01,1.785216161002564916e-01,1.794330405820316332e-01,1.780798160180825929e-01,1.787213383821809887e-01,1.782387893485858354e-01,1.772243167336926273e-01,1.779295499351353782e-01,1.785340312271623819e-01,1.776280474354917371e-01,1.782952252870476373e-01,1.769333043276632433e-01,1.781480972620229919e-01
1.766996712597968255e-01,1.770525128451377606e-01,1.769815112303236571e-01,1.771060758933705181e-01,1.771917033046338241e-01,1.772239511545219970e-01,1.770818371750537967e-01,1.780070538483745635e-01,1.764177832822132197e-01,1.765904073996059920e-01,1.751903412923798142e-01,1.776882827827528932e-01,1.776780163755970476e-01,1.771222218181401353e-01,1.765250095054418378e-01,1.773829712359409616e-01,1.768590025900788620e-01,1.766929942383775320e-01,1.768612476897810093e-01,1.767256209478371420e-01,1.769361135225613613e-01,1.760663796061418263e-01,1.765871563381151421e-01,1.765943408401769166e-01,1.774227314114439347e-01,1.766383528480445775e-01,1.772948049911373669e-01,1.776813900884474662e-01,1.777065266804286336e-01,1.775077551181675484e-01,1.769458821558643480e-01,1.768137464086941835e-01,1.766338793933075468e-01,1.770066394551221833e-01,1.752813091247112376e-01,1.776047946216726126e-01,1.773636800301418570e-01,1.768603720152631398e-01,1.770286762096202060e-01,1.769575952543104569e-01,1.779382461822392736e-01,1.779145563893769766e-01,1.761859086159361099e-01,1.762232232507785490e-01,1.766786544641450740e-01,1.763222849233063716e-01,1.767651699778255148e-01,1.763332494556416885e-01,1.769956718396077378e-01,1.781495319849362713e-01
1.753621648190353266e-01,1.750584011418091501e-01,1.753086613270161687e-01,1.757277870491183169e-01,1.760865947455796388e-01,1.753245505583082009e-01,1.755194301095299447e-01,1.764333086805740247e-01,1.763685478434821319e-01,1.757942318219477273e-01,1.760749538650824841e-01,1.759922468593703715e-01,1.757007377457174557e-01,1.752372366986673646e-01,1.759721270529658321e-01,1.752958347553209006e-01,1.755393866725328822e-01,1.751816680172822438e-01,1.752642289398341213e-01,1.758284394938763040e-01,1.745827804822339679e-01,1.762893153139204472e-01,1.760611142540868257e-01,1.751271518263536331e-01,1.756215231537653354e-01,1.753729237056865786e-01,1.765648838551763522e-01,1.764249860445118168e-01,1.757972665768620657e-01,1.749192830643568064e-01,1.765517794565830689e-01,1.750358037566761560e-01,1.758349947474872610e-01,1.751779098247766564e-01,1.751507297338959768e-01,1.744974633959174015e-01,1.753583872604055349e-01,1.754589530728706825e-01,1.755069812104457783e-01,1.763988514138279950e-01,1.755459464004896775e-01,1.760465222720473122e-01,1.750105935261063728e-01,1.752366322573772062e-01,1.757254259686347464e-01,1.769058537074419402e-01,1.759622035510083338e-01,1.766388771120438739e-01,1.749942926419869593e-01,1.758346354788601351e-01
1.737514745859988219e-01,1.740810751073149365e-01,1.742894693119981520e-01,1.744881836430464128e-01,1.753406393656470053e-01,1.743261862324658462e-01,1.733758786905624794e-01,1.750179478294201785e-01,1.744907156945459670e-01,1.748975205029534574e-01,1.751270235181050516e-01,1.738763194351066466e-01,1.744239385788151075e-01,1.753850307697784328e-01,1.743819867289411463e-01,1.748323939039385932e-01,1.749501073755790059e-01,1.736673301004702796e-01,1.739973339877625980e-01,1.738867235049763871e-01,1.759233001803031382e-01,1.745800928563089327e-01,1.741019131365921790e-01,1.739261984137973893e-01,1.745929542419846769e-01,1.744577623740192762e-01,1.743566157837585506e-01,1.740220865096099301e-01,1.743405792366427010e-01,1.743588937599789002e-01,1.760089675004126719e-01,1.754767662398047379e-01,1.740389847449069771e-01,1.744070357712613206e-01,1.751276343287516413e-01,1.748662515998370692e-01,1.746738913307231411e-01,1.749854991211627353e-01,1.753622263939696446e-01,1.744457844820770376e-01,1.745541653386016856e-01,1.742237659880274403e-01,1.740570061698998028e-01,1.744541181374087424e-01,1.746446125601058275e-01,1.753958272666895080e-01,1.745208532448297434e-01,1.745751250555380440e-01,1.753591766729196422e-01,1.750990912691346990e-01
1.742859621334930664e-01,1.734126931504125779e-01,1.734614950125961119e-01,1.719617316646635807e-01,1.734168076071805897e-01,1.727687085773297326e-01,1.731037914807380951e-01,1.726923838579845771e-01,1.742794232929060494e-01,1.730411388572264675e-01,1.729741803057857352e-01,1.734447685122572358e-01,1.728602291918596157e-01,1.730492860124771271e-01,1.729007489191898561e-01,1.738550100752996319e-01,1.731787090099324300e-01,1.735549345353673278e-01,1.737492169416313681e-01,1.734342005473304971e-01,1.727756728102965988e-01,1.747528469422900410e-01,1.730624369463768519e-01,1.751880813448604413e-01,1.732828981806081026e-01,1.722898297173984794e-01,1.733083403923899313e-01,1.745635531737271262e-01,1.734620583934987914e-01,1.729046564559064414e-01,1.724122390253200188e-01,1.731838874263190164e-01,1.733925891999915370e-01,1.725881131108733535e-01,1.722803542267589971e-01,1.724603900327228156e-01,1.739097504520953075e-01,1.732387464665915977e-01,1.731380567562979811e-01,1.728926279191257132e-01,1.730997511087447038e-01,1.738690047511300130e-01,1.727799818909070972e-01,1.738649794304588103e-01,1.731154916619984385e-01,1.739596389804350107e-01,1.730382863753148481e-01,1.731638469106970835e-01,1.717625891313110942e-01,1.742360833199915471e-01
1.718619480141128364e-01,1.716788750526744289e-01,1.728236990630973580e-01,1.722398268610887961e-01,1.723151473757812135e-01,1.717736770197386964e-01,1.719389014389584025e-01,1.726860561498205215e-01,1.715957632318948767e-01,1.715850383962450598e-01,1.715637930365889463e-01,1.722891802921978632e-01,1.721644439670742266e-01,1.713674233927155732e-01,1.729153817989376174e-01,1.720701716756387889e-01,1.727822995947324303e-01,1.721053076533980153e-01,1.726410483568021070e-01,1.719782720321186564e-01,1.717172253346855304e-01,1.728210611492567439e-01,1.718998554939848156e-01,1.728359840058464880e-01,1.709560343466012544e-01,1.721079116655307162e-01,1.725568424071206031e-01,1.716676992463620766e-01,1.723945629279241831e-01,1.724843093059615362e-01,1.713388117388872367e-01,1.723389537290232754e-01,1.719996524725772025e-01,1.722080180346987066e-01,1.715093553067523757e-01,1.718687888808195785e-01,1.727376835723126447e-01,1.720365312226807553e-01,1.716467365319094274e-01,1.721816713614997829e-01,1.725726804684005189e-01,1.729994060086803842e-01,1.713855502169903677e-01,1.708725679344493820e-01,1.725067302649558043e-01,1.729178669051940898e-01,1.723817302321509481e-01,1.720985122687934965e-01,1.715520044534935562e-01,1.716948127186951611e-01
1.712495904856727036e-01,1.707217390991447037e-01,1.709114413314922198e-01,1.705328312518450129e-01,1.707106860552959349e-01,1.706157984193716337e-01,1.690599062689590315e-01,1.706122575025158794e-01,1.706641718223765036e-01,1.706717713518880464e-01,1.712284805423490430e-01,1.701993486308053805e-01,1.708864819832808246e-01,1.703572456282337333e-01,1.704440854270727890e-01,1.712984114366147559e-01,1.698585644404354278e-01,1.705887677103729017e-01,1.708310794813499289e-01,1.705376513592975485e-01,1.704071472992521596e-01,1.703687438393066411e-01,1.711975661936288029e-01,1.718151111416887089e-01,1.699431048200869265e-01,1.708577746410614162e-01,1.693437226326985068e-01,1.709437467794394649e-01,1.706853196887223867e-01,1.710440234006522231e-01,1.693782460569887016e-01,1.709920696459316658e-01,1.700377920705371526e-01,1.709318679805573726e-01,1.723848709347423902e-01,1.713024088754735996e-01,1.705974433972176074e-01,1.702827540839317866e-01,1.703894543321530508e-01,1.705403201677941905e-01,1.710570697119969119e-01,1.704092230735677060e-01,1.700680733439806358e-01,1.704916094740583921e-01,1.707647246506534822e-01,1.709723685890238432e-01,1.713768412339191638e-01,1.704507290607678305e-01,1.717002103352909537e-01,1.713643162763731076e-01
1.695769813263132142e-01,1.685756844459884718e-01,1.683479598968225244e-01,1.684627218250058234e-01,1.684354593040965631e-01,1.695573795164364295e-01,1.690369305284215029e-01,1.692401383012864247e-01,1.709680907051691623e-01,1.694841869553288805e-01,1.695334005154832402e-01,1.691889502558487635e-01,1.683460612230457121e-01,1.703628978513836711e-01,1.701638842887902847e-01,1.702824397395806544e-01,1.710241336183014049e-01,1.683664475262687532e-01,1.692399032900860356e-01,1.682019652121889142e-01,1.693963817427627527e-01,1.687163405583300690e-01,1.690320189754571378e-01,1.686367298308981133e-01,1.693170966322501969e-01,1.687867890538925775e-01,1.691519511134627618e-01,1.701510463634013925e-01,1.688788538054785959e-01,1.708380270525764466e-01,1.691897314993289769e-01,1.694032730543862109e-01,1.693953973691032233e-01,1.700120203638000593e-01,1.683555126985844252e-01,1.695885085687758587e-01,1.694260974338944181e-01,1.694494716092861120e-01,1.675320963661606488e-01,1.684015734923244578e-01,1.698405341157283588e-01,1.702872860988572101e-01,1.690499954964123641e-01,1.691690861771250609e-01,1.687336941283981429e-01,1.700880879635099097e-01,1.700505803412980521e-01,1.682439881230168577e-01,1.689664459870858781e-01,1.696321832748696468e-01
1.672452811501922432e-01,1.679931113179227442e-01,1.677131742146130144e-01,1.682198309375027290e-01,1.682005489349672755e-01,1.680782055020317023e-01,1.679755025831305981e-01,1.679271576299953272e-01,1.669859076098810791e-01,1.679713167671414153e-01,1.682893912531788216e-01,1.683154050323887041e-01,1.673801951475808736e-01,1.684235744401417489e-01,1.687186800590346480e-01,1.662572158503771436e-01,1.664907496076487026e-01,1.673015246349302820e-01,1.674918633290621572e-01,1.673984232100134140e-01,1.685612187800917539e-01,1.678988208775932800e-01,1.683311117991483641e-01,1.683228281090447809e-01,1.669936266024572014e-01,1.677923811175718039e-01,1.682565405643246248e-01,1.665042041421119223e-01,1.659250445692333209e-01,1.666295566661689931e-01,1.679923281481562336e-01,1.665984244144941562e-01,1.668870081227854241e-01,1.685819755340420556e-01,1.679034396990104205e-01,1.682073522166550039e-01,1.692151795113579493e-01,1.665856734853155829e-01,1.690409631708823246e-01,1.673932674615894733e-01,1.682990080225051643e-01,1.669905353864371833e-01,1.677642378013880498e-01,1.674619856150448560e-01,1.666934431302973529e-01,1.686490867683227424e-01,1.685438849597883371e-01,1.678872775164885200e-01,1.681487526109254893e-01,1.683609921656110398e-01
1.655860174599001755e-01,1.672050845837123600e-01,1.659924844206293604e-01,1.655700914616848318e-01,1.653529167653753906e-01,1.654922112386875421e-01,1.671482287457119742e-01,1.663772964988075587e-01,1.662682530214475429e-01,1.661151918816047846e-01,1.660789254522621328e-01,1.657216493369699228e-01,1.652460419380276102e-01,1.662695529943944150e-01,1.654552395505892448e-01,1.669701121843596148e-01,1.654095733127573520e-01,1.659702380304648728e-01,1.662747468524650718e-01,1.650531600856733894e-01,1.651375565620316344e-01,1.659056176562537510e-01,1.657405817305195039e-01,1.666633892473775302e-01,1.659383211362810695e-01,1.672476910956538498e-01,1.648688415954891462e-01,1.651303722598176371e-01,1.655330033548732260e-01,1.658159962284050104e-01,1.659307659031312998e-01,1.649595025257852843e-01,1.666069948711993431e-01,1.655780121149968143e-01,1.663618814742082730e-01,1.657081495195193710e-01,1.647985175748109821e-01,1.651475311692427728e-01,1.665623014810849178e-01,1.659117707729491631e-01,1.651492517468029220e-01,1.657083555601756852e-01,1.650985132413171907e-01,1.652660788746318776e-01,1.659336915031369153e-01,1.651802144532572292e-01,1.657894692148049742e-01,1.657585867979939898e-01,1.654285223197077270e-01,1.649654531640670774e-01
1.631424423136731139e-01,1.640992140376913988e-01,1.644034597537678832e-01,1.652312602139967834e-01,1.651696753160429298e-01,1.645150273370825367e-01,1.640287020615014690e-01,1.647831593641769510e-01,1.644265347239634301e-01,1.632549456975388724e-01,1.662464234744839287e-01,1.642433948357514550e-01,1.651064443088591238e-01,1.641131302200328768e-01,1.651217494870016456e-01,1.640175373086815991e-01,1.639207238249059118e-01,1.641486906098293674e-01,1.645127395527893610e-01,1.646161335345669163e-01,1.637234853265964185e-01,1.647111285226399435e-01,1.644209751302971589e-01,1.643623937742532681e-01,1.644471651819281455e-01,1.637695246591379106e-01,1.634292219186021244e-01,1.645926136935692563e-01,1.634115854735725404e-01,1.633180775536278440e-01,1.637322841791467309e-01,1.642573920230887552e-01,1.646772182320045408e-01,1.636100423511583080e-01,1.648869007406120191e-01,1.643923382374910536e-01,1.645224221994607272e-01,1.653141417720939144e-01,1.632917219912087825e-01,1.637809121685341041e-01,1.632226663186297777e-01,1.641857792998376031e-01,1.637985657683515006e-01,1.650051053997191597e-01,1.643852443929348928e-01,1.640579250351815732e-01,1.650004767755128554e-01,1.646215357249470879e-01,1.630758878258148636e-01,1.647078115854523905e-01
1.627205024555298529e-01,1.627101091873441596e-01,1.619835094242988993e-01,1.628615411243651556e-01,1.617543912038135745e-01,1.621632803807135093e-01,1.626978420441172468e-01,1.618258957438783729e-01,1.614511902528839304e-01,1.626809785426902855e-01,1.625127037777485961e-01,1.634868047483339637e-01,1.620632291809754877e-01,1.635749723752973062e-01,1.625064339093796884e-01,1.622818811617138535e-01,1.621341688275743098e-01,1.637552647902031089e-01,1.625001651863752228e-01,1.629061949584092450e-01,1.617884408102047700e-01,1.622782556906179063e-01,1.623786968282659726e-01,1.609548357059073231e-01,1.615165087865575166e-01,1.608125725063842826e-01,1.627566326228699345e-01,1.614843764963069250e-01,1.629136309854182507e-01,1.626964418700835857e-01,1.631747723616531198e-01,1.617607510936305282e-01,1.616131554741371545e-01,1.620097772262375502e-01,1.635556092497106595e-01,1.625188952561802957e-01,1.625234766394240415e-01,1.624249000058629044e-01,1.626831718003705907e-01,1.623681595308260617e-01,1.628427552713378468e-01,1.622760633273112041e-01,1.626203561286385657e-01,1.626767548406781727e-01,1.617079170859027359e-01,1.614368828283956059e-01,1.617931327125029239e-01,1.614898897091962271e-01,1.627820430936965379e-01,1.623174807584858159e-01
1.606559402293785133e-01,1.603961808538678369e-01,1.608695572620963132e-01,1.616894140040803229e-01,1.597648402415224322e-01,1.599577190059747467e-01,1.605639581496179358e-01,1.605595629807611835e-01,1.610709355262789910e-01,1.601312753079043583e-01,1.602990692274458284e-01,1.599055486571615559e-01,1.600437308218712329e-01,1.593919747569091661e-01,1.605466425935393182e-01,1.612335551121395205e-01,1.597449619685572808e-01,1.606057430392784924e-01,1.595963840194130345e-01,1.604879292345852970e-01,1.600689422572474097e-01,1.602251981060225650e-01,1.606221149952732907e-01,1.605697153784761966e-01,1.600879572582190047e-01,1.614225108990922919e-01,1.601081437732457258e-01,1.602843572787887028e-01,1.606645492153153665e-01,1.597990762104099238e-01,1.600957003828765990e-01,1.603087736696693077e-01,1.599041341983833964e-01,1.600904474695293844e-01,1.605613805053093535e-01,1.610185093353125874e-01,1.600602066447557315e-01,1.608724154165259990e-01,1.601677736484518333e-01,1.595892409676024082e-01,1.602564349830820079e-01,1.605015190126970470e-01,1.594029163914139069e-01,1.604312642166013658e-01,1.619182301732614015e-01,1.606646352423705126e-01,1.597859833159472609e-01,1.598392196159086343e-01,1.611166465553981186e-01,1.587633144607466795e-01
1.575781846058961211e-01,1.583650847398155315e-01,1.599218994124146087e-01,1.585579926904121806e-01,1.593776636545805592e-01,1.579804029832719836e-01,1.587485370708039689e-01,1.579347114319835932e-01,1.574644097721054903e-01,1.587350526542923301e-01,1.578586150374407804e-01,1.578555581300356281e-01,1.576940084129674902e-01,1.565772175435991009e-01,1.578584658476920866e-01,1.582142089155704756e-01,1.585223867924015761e-01,1.584068531756162301e-01,1.570183656540730943e-01,1.582976092280804770e-01,1.579558952598594246e-01,1.577941845605509430e-01,1.568172040368651377e-01,1.593267546282935432e-01,1.587715234543239651e-01,1.590707302875321305e-01,1.580123798412610692e-01,1.584557410265101940e-01,1.586666149765894873e-01,1.587294301223257376e-01,1.577745231864862152e-01,1.577331146619199154e-01,1.567799155332632310e-01,1.580252697748382451e-01,1.577233902758004014e-01,1.581245789824069214e-01,1.584283430303828066e-01,1.582565834967064877e-01,1.580889980850469778e-01,1.583110332771855699e-01,1.563174566235441265e-01,1.594581344837493753e-01,1.574492268441466669e-01,1.593153527991180984e-01,1.577804064406775064e-01,1.582902463054270126e-01,1.582496215514005988e-01,1.587810304412310691e-01,1.568752091314151442e-01,1.580053982551306302e-01
1.556054869622972292e-01,1.556545009944786950e-01,1.559096363647528016e-01,1.556528328023466523e-01,1.541901319340218401e-01,1.553041748639824304e-01,1.576525615938823288e-01,1.556039720307976770e-01,1.568422434474693594e-01,1.556785307603731905e-01,1.555870036994080885e-01,1.560556189619663192e-01,1.555074623126745381e-01,1.565537902250565827e-01,1.560322646825122173e-01,1.559578884819693978e-01,1.562370402536023550e-01,1.543240852637806637e-01,1.555635235223823964e-01,1.549198879213631586e-01,1.563229733859272386e-01,1.552427805277871165e-01,1.556141371350611979e-01,1.559689204440626864e-01,1.565838379416784609e-01,1.561076991227167976e-01,1.566943440294744361e-01,1.556898762977198813e-01,1.550014193603126977e-01,1.551071221429400349e-01,1.567626756654084130e-01,1.553942062676199887e-01,1.557877269026498590e-01,1.573223937177050114e-01,1.555563128739669843e-01,1.555456031443224474e-01,1.551798804360065009e-01,1.565737218296195388e-01,1.558323181417310133e-01,1.565576863260833007e-01,1.558161770847261984e-01,1.558551361818873160e-01,1.553250248811921808e-01,1.558550869738485056e-01,1.546738717336459679e-01,1.557996127873262082e-01,1.565211292312080893e-01,1.553974657049584929e-01,1.558480112566112130e-01,1.559838230111754709e-01
1.523450870467778773e-01,1.543726142492134468e-01,1.535637948198257663e-01,1.539232807036853279e-01,1.531278792219668561e-01,1.534076136830434256e-01,1.535816599387589132e-01,1.532418692634588131e-01,1.540651202882301896e-01,1.536473234033731705e-01,1.520918079459294969e-01,1.550680364512197207e-01,1.535923424827342898e-01,1.539237199374301202e-01,1.537299954924466749e-01,1.542261901297188598e-01,1.540396291231172221e-01,1.533597531211810527e-01,1.524612898149803331e-01,1.525933792144859025e-01,1.551287607425257398e-01,1.535446790151134555e-01,1.526207502397669002e-01,1.531015584490921511e-01,1.532547326449916480e-01,1.522419667892467854e-01,1.546135829191282174e-01,1.543685853341902336e-01,1.541729893557323983e-01,1.523534739842477004e-01,1.525798028870505307e-01,1.526005763779735569e-01,1.522449363351920104e-01,1.534825802648138449e-01,1.537974479098489222e-01,1.544321359138854655e-01,1.532046902003419697e-01,1.536548566181946684e-01,1.545415718916098302e-01,1.538065726981495684e-01,1.556543889975221528e-01,1.531058985228608282e-01,1.523074296850978337e-01,1.525410667848718371e-01,1.528632546009667525e-01,1.520719315827730456e-01,1.539985257892803328e-01,1.530984069700618289e-01,1.539638905931678403e-01,1.534763475340556460e-01
1.500938456367998663e-01,1.513698845126737191e-01,1.512504551495277849e-01,1.515412046482969288e-01,1.515141012276835508e-01,1.513257565937219939e-01,1.517186520800912486e-01,1.516804839212148870e-01,1.507950366667427378e-01,1.507184625449435877e-01,1.516705924351164358e-01,1.502995788251245968e-01,1.510438006828775659e-01,1.512319999678907179e-01,1.510940946237351867e-01,1.503818015155435617e-01,1.516976239465061549e-01,1.508024023720463402e-01,1.509394515621666766e-01,1.507066249667531332e-01,1.502222254830214432e-01,1.513823731807479867e-01,1.519437428754122632e-01,1.509739478760330211e-01,1.504395611827741008e-01,1.505033788738774636e-01,1.524482767575071618e-01,1.511537688290129633e-01,1.509399742190824789e-01,1.513898922221049992e-01,1.512908133372410369e-01,1.505667369345387030e-01,1.501173301565675577e-01,1.516833144070775519e-01,1.506495016618081551e-01,1.510115395674238026e-01,1.503863518466123650e-01,1.511977592517389501e-01,1.513367149046658533e-01,1.510818139649353076e-01,1.503841601672113726e-01,1.513195859881001359e-01,1.513425862232428976e-01,1.511286711061396448e-01,1.504837125581007240e-01,1.514192995493001681e-01,1.513897046465005058e-01,1.517600366688713065e-01,1.512805191285480078e-01,1.509295330685421488e-01
1.480296159447949123e-01,1.483472223711999605e-01,1.481299818425231563e-01,1.495744945701244499e-01,1.476140641254325980e-01,1.494789994858294890e-01,1.484934060493605101e-01,1.483900061994967989e-01,1.475030477256571715e-01,1.495744134799059932e-01,1.479725078304769403e-01,1.486220794232661346e-01,1.484362511665682227e-01,1.476779652582266844e-01,1.490491705427873792e-01,1.483012837588712496e-01,1.485164878482536366e-01,1.474081469535587219e-01,1.490658417913559297e-01,1.485802265752886597e-01,1.472234039379264892e-01,1.471095604362686882e-01,1.475304148494249457e-01,1.482473480249532072e-01,1.483274197737406708e-01,1.487457703024404609e-01,1.487366637321547169e-01,1.494026785253979028e-01,1.481057456524081661e-01,1.481757069219652168e-01,1.486725567137533455e-01,1.487886909760986753e-01,1.478847275991206633e-01,1.493333168728885607e-01,1.476875777272127765e-01,1.471453136362871061e-01,1.492327589895861006e-01,1.481828637934123893e-01,1.486768860567871664e-01,1.491628230778875297e-01,1.476250349209133894e-01,1.486246315928256290e-01,1.481994085831578878e-01,1.482612700831534569e-01,1.484202345889496510e-01,1.476456548587070650e-01,1.479443918784123790e-01,1.494713274887537469e-01,1.489679474496385658e-01,1.487103910363882786e-01
1.459033472038392398e-01,1.446546599521194854e-01,1.454077826803624185e-01,1.448777091805370232e-01,1.465014235461956915e-01,1.466113616670163822e-01,1.445937323169245448e-01,1.455786495082269649e-01,1.451157479212558388e-01,1.448394581585580598e-01,1.448799150080967990e-01,1.460944566839985082e-01,1.439520581533706434e-01,1.454411160312197582e-01,1.456626555599286610e-01,1.448264400977247179e-01,1.454521611389083258e-01,1.465397572737540677e-01,1.444600401512763088e-01,1.456368318232743320e-01,1.456291925317086122e-01,1.458913222632228224e-01,1.459139700148812113e-01,1.453542021753048696e-01,1.453508577093242660e-01,1.462456508119941989e-01,1.453013335220017799e-01,1.461670287952010205e-01,1.463240617297537349e-01,1.445953248210695985e-01,1.456025490630744601e-01,1.455900959554490559e-01,1.462939727059624773e-01,1.454706805401055347e-01,1.449564137121746865e-01,1.454693021253231633e-01,1.453760134155600015e-01,1.459540098673868525e-01,1.461328221695121499e-01,1.456860802042994063e-01,1.457886816358665016e-01,1.447086493337667035e-01,1.445877150573484649e-01,1.447780134212658110e-01,1.458663122442459825e-01,1.464296317506035561e-01,1.458086349868056575e-01,1.441692259843341262e-01,1.456602118223696007e-01,1.457046785269236755e-01
1.429783841004639011e-01,1.414494857110180082e-01,1.426775491806627771e-01,1.427095199308499041e-01,1.426586179618388461e-01,1.434350397705833335e-01,1.420153661642626353e-01,1.433002336341430427e-01,1.438733446804886518e-01,1.429035466428739964e-01,1.419690021144596193e-01,1.427060150542561467e-01,1.426532875779220333e-01,1.419282751092271477e-01,1.421908914900422150e-01,1.426690667225041786e-01,1.432176677506828422e-01,1.430213151435465457e-01,1.423560193292382203e-01,1.418129379038222115e-01,1.425140589397200230e-01,1.426855486467856204e-01,1.412032297348409238e-01,1.421141881439137999e-01,1.415390522779567395e-01,1.428423757206408184e-01,1.429592645569389420e-01,1.416612451233259795e-01,1.431038472267049388e-01,1.416156655604332570e-01,1.425668543405297084e-01,1.424944725877981822e-01,1.432871186395118790e-01,1.432490553650170029e-01,1.416519982275435963e-01,1.433551368859901920e-01,1.433119444952533073e-01,1.429162721608332465e-01,1.431312675080686769e-01,1.428025449896600796e-01,1.429274666284023054e-01,1.430236595413718614e-01,1.437535733274933614e-01,1.429702889597040671e-01,1.419347842442280627e-01,1.425271406094303639e-01,1.422729009192515159e-01,1.425238426018019533e-01,1.424357016912561336e-01,1.439220965394729379e-01
1.397542052132926538e-01,1.389356069788927894e-01,1.398756805995863828e-01,1.405227269026458614e-01,1.386431797141847166e-01,1.398232106666849328e-01,1.394563473449469126e-01,1.384164920336411198e-01,1.399112603286509771e-01,1.388224874863528135e-01,1.399900307045161552e-01,1.401645818900249252e-01,1.395726723800977120e-01,1.398724389436085402e-01,1.390067316432547218e-01,1.383512877657702422e-01,1.408544637642507036e-01,1.401550619740948855e-01,1.401843775702454609e-01,1.384706590259790204e-01,1.404039590789528391e-01,1.369803967238917008e-01,1.395347781756813843e-01,1.381222875932261451e-01,1.409538744287423540e-01,1.402467656454881029e-01,1.399996434970432746e-01,1.378815354006273086e-01,1.402159269877416570e-01,1.393046197506729034e-01,1.386074038944031528e-01,1.386103137839659327e-01,1.392320978729512659e-01,1.403523347905886176e-01,1.393966373814383986e-01,1.399896216401904925e-01,1.391694629344991940e-01,1.398436155467886188e-01,1.388371565576821953e-01,1.387015282157005314e-01,1.394400125772526089e-01,1.384454120997474502e-01,1.403271524100599688e-01,1.397980372624801348e-01,1.392959110899356368e-01,1.390817719500326843e-01,1.398802307850069149e-01,1.398650115269778060e-01,1.391892831260173047e-01,1.394831566269659207e-01
1.363661589749153025e-01,1.372619142087532496e-01,1.372471513467664883e-01,1.359652912354341048e-01,1.370469672736451539e-01,1.370633540571100095e-01,1.360295146869072158e-01,1.368913012422979247e-01,1.368670888058964863e-01,1.368074687579532156e-01,1.355851489038934210e-01,1.360528766626125097e-01,1.361746952625614016e-01,1.359805395971653008e-01,1.358785118373831702e-01,1.362760806485189824e-01,1.367253519355834668e-01,1.363423124209148518e-01,1.373116404109760436e-01,1.371809891220163724e-01,1.360581765965291068e-01,1.368898489177728939e-01,1.360631892739398441e-01,1.356119469033112701e-01,1.371746490465292068e-01,1.369587789315138138e-01,1.374496979254478390e-01,1.364736397468871709e-01,1.357525822391259518e-01,1.355725989533516918e-01,1.365571323439185580e-01,1.367047711401244148e-01,1.374909674812804516e-01,1.372977085369866401e-01,1.363165415889783794e-01,1.364587179501780823e-01,1.365664498505615165e-01,1.381300084168818609e-01,1.355441767850101564e-01,1.366962677002399040e-01,1.360006753888926834e-01,1.357327365487560056e-01,1.356940914170278456e-01,1.347547888391233128e-01,1.367978654479881095e-01,1.359316663079509768e-01,1.366798641815716864e-01,1.359182795779871611e-01,1.371605490937253258e-01,1.366670717093082521e-01
1.330355731735466118e-01,1.326999580240581789e-01,1.330112263734825051e-01,1.324128680428458549e-01,1.316632559187662088e-01,1.334169637970905042e-01,1.326099441111299737e-01,1.319622431464099188e-01,1.338834023132228213e-01,1.334644650371575869e-01,1.328024559383902126e-01,1.334141030846382470e-01,1.324750874317155436e-01,1.336046841583924116e-01,1.323668526172768756e-01,1.340104762342057554e-01,1.333022555442868740e-01,1.330860569143791916e-01,1.326314818772194593e-01,1.321918763120682738e-01,1.328130481208763536e-01,1.330900285440879127e-01,1.324174980744823038e-01,1.330660585199592294e-01,1.330688419777711073e-01,1.327142385189729878e-01,1.321942887772206976e-01,1.330820658974273818e-01,1.322208624389685505e-01,1.321742676840549080e-01,1.328166312866362053e-01,1.332560161872712590e-01,1.339571111615067978e-01,1.331674870468352867e-01,1.316551804716964147e-01,1.330212232866644362e-01,1.326764711570335153e-01,1.323712541677961319e-01,1.326901223019220644e-01,1.321380706744132716e-01,1.341019115959342367e-01,1.311814461268530907e-01,1.335903760768120951e-01,1.337258918986163891e-01,1.325247436703633486e-01,1.340868069547732078e-01,1.311937390712012985e-01,1.313239950467439687e-01,1.322539948287585754e-01,1.327769318483083272e-01
1.300250211993422833e-01,1.292796746674296504e-01,1.289031542223002536e-01,1.296126432326714650e-01,1.270717462100950101e-01,1.280877106281571309e-01,1.290523423452797358e-01,1.301212186870450149e-01,1.291957719910601932e-01,1.302534105376225992e-01,1.284491049122260531e-01,1.300672725855385181e-01,1.297677439838048064e-01,1.290150252389774543e-01,1.294692731071153957e-01,1.290912206196665191e-01,1.293475580219178300e-01,1.288194473250957595e-01,1.295718205135968915e-01,1.301880310421723586e-01,1.295327310829532674e-01,1.287626509373509531e-01,1.285839068538003893e-01,1.296592252325828587e-01,1.295798372911097784e-01,1.292911555254551148e-01,1.288235659656354060e-01,1.295937201464557598e-01,1.304307535734615386e-01,1.295203793803719472e-01,1.283162506809543690e-01,1.291033239846810232e-01,1.299146447752481115e-01,1.289876935737118979e-01,1.280571245968999683e-01,1.281004918823789029e-01,1.303008803109768909e-01,1.287991850371430769e-01,1.290202478764805039e-01,1.278355524543048349e-01,1.295400385759043482e-01,1.282724328347338572e-01,1.281558040083485284e-01,1.295739093582251589e-01,1.292971061569966884e-01,1.293977493754334407e-01,1.281326209045310083e-01,1.309997104842459126e-01,1.291791566541131697e-01,1.285462508910648338e-01
1.256849433162652574e-01,1.255873787986381551e-01,1.247673739015290051e-01,1.249040315417496716e-01,1.243742916601028037e-01,1.269562942812976769e-01,1.260679741839027534e-01,1.249490652658832024e-01,1.260553750464061262e-01,1.250007638878532223e-01,1.247819833079188145e-01,1.246987266784383291e-01,1.254636002410093043e-01,1.247800357574591346e-01,1.249869371003298618e-01,1.268556312958440957e-01,1.257042238935524581e-01,1.245183183534436105e-01,1.253023147365832646e-01,1.255901494149669895e-01,1.254428194722269629e-01,1.236531001778169298e-01,1.249410218551522955e-01,1.270655109202913635e-01,1.270383646053507287e-01,1.251845956353484779e-01,1.252155196649432090e-01,1.253367754780799759e-01,1.259355408646463392e-01,1.272439522685516189e-01,1.249352619432827632e-01,1.245486245004080728e-01,1.250395258111774155e-01,1.250005009469919437e-01,1.255966902988184253e-01,1.256209939751990468e-01,1.268365004619282643e-01,1.249199491561015507e-01,1.243008656313723537e-01,1.246630427360336663e-01,1.252390624626242843e-01,1.242051804416417771e-01,1.253877709317436917e-01,1.257280853354770522e-01,1.250323194163789620e-01,1.249871168072364536e-01,1.247849556290698825e-01,1.254813934324526536e-01,1.258525218767188869e-01,1.249380915684665250e-01
1.202804631807396496e-01,1.200700534243357431e-01,1.205982474995176829e-01,1.221625167320873062e-01,1.207250307219478319e-01,1.220210906921269517e-01,1.202982631693623877e-01,1.205371594769449745e-01,1.199354061033266750e-01,1.215329597033060344e-01,1.209264304197509299e-01,1.228253379632997799e-01,1.208609321582400919e-01,1.199268305885837355e-01,1.223004023761153358e-01,1.217120829792470160e-01,1.224894251452267185e-01,1.232366360068565120e-01,1.228172587652116426e-01,1.212170630372323005e-01,1.198527995020152448e-01,1.208261468528558646e-01,1.214212236440558312e-01,1.205506368290502200e-01,1.213781293256522009e-01,1.203329917075323802e-01,1.209952478869612824e-01,1.221392057089481786e-01,1.220464610699845132e-01,1.215875243259931793e-01,1.194293811659442872e-01,1.203658396600713887e-01,1.215427944046119507e-01,1.205878014938938092e-01,1.209163553679716285e-01,1.208501707843877143e-01,1.210714301278697919e-01,1.202799084274803615e-01,1.200008369906718220e-01,1.214027213728228888e-01,1.213402611146709720e-01,1.209530401725312787e-01,1.216578709335257857e-01,1.217447145129505193e-01,1.206323042889309582e-01,1.195939274674575753e-01,1.214654419491602022e-01,1.229727975854601335e-01,1.218980672702039414e-01,1.224136681314626635e-01
1.171720358901639503e-01,1.176945006957270390e-01,1.170775111167413202e-01,1.165492878290133177e-01,1.176797339575902102e-01,1.173387273090610167e-01,1.175017475162575820e-01,1.158816783076786067e-01,1.175668432072003028e-01,1.170330302161234209e-01,1.178036365914737899e-01,1.167778942427867006e-01,1.171007302263128852e-01,1.162956430260350393e-01,1.165019790283974288e-01,1.183396489865932294e-01,1.171951523344488266e-01,1.173483998790954275e-01,1.159617184654485877e-01,1.180113777228961741e-01,1.179506021621990197e-01,1.176230947634216289e-01,1.175018310896076834e-01,1.162669920699652970e-01,1.168248358737977582e-01,1.173207230684420593e-01,1.171863601419353279e-01,1.169663186996009741e-01,1.165603976414505555e-01,1.172262560671066683e-01,1.180912874793417638e-01,1.168438736844249620e-01,1.167236111836914697e-01,1.173124194996654490e-01,1.164332622160851594e-01,1.168023819218898807e-01,1.170639545617638833e-01,1.159959563556961504e-01,1.164408773562723154e-01,1.178076451690927562e-01,1.169672960440064635e-01,1.168311759939199002e-01,1.166867596356201825e-01,1.161516550858440466e-01,1.170281122546990155e-01,1.177516208772665940e-01,1.168398458750175145e-01,1.176153892931260103e-01,1.161750361276273763e-01,1.166363433785431586e-01
1.125773709984295295e-01,1.131992629651612098e-01,1.128886644277305035e-01,1.117257658212635063e-01,1.117869869988256659e-01,1.126506541247779963e-01,1.123636825570270004e-01,1.120592971933891957e-01,1.139731649778805422e-01,1.114671283909724614e-01,1.125404851424645358e-01,1.126062166024577454e-01,1.122610112454261594e-01,1.129939632797944821e-01,1.127003925980320370e-01,1.124036473746700127e-01,1.110017047181042632e-01,1.121875418367078575e-01,1.124794036192187652e-01,1.116328640530649119e-01,1.124629809885609177e-01,1.132795510016934987e-01,1.146345660864872551e-01,1.126321950361924007e-01,1.121140588515998487e-01,1.113971648120055669e-01,1.128956927939039068e-01,1.130777105059864868e-01,1.127138050046544854e-01,1.133388012271926704e-01,1.127288858578924524e-01,1.121242236883115834e-01,1.127899591525746842e-01,1.127750038301233854e-01,1.120741295597332127e-01,1.123074749806940165e-01,1.121699188222933796e-01,1.143221980958053635e-01,1.119157132427475582e-01,1.116462359636538199e-01,1.121862492460560246e-01,1.141455623644011819e-01,1.112278189182548116e-01,1.120781258089659782e-01,1.107103656674669895e-01,1.117095113928211897e-01,1.130476314616552652e-01,1.118863421749095033e-01,1.134113502397303130e-01,1.126848931829015493e-01
1.081353587972884167e-01,1.076926582783234582e-01,1.087790598888892790e-01,1.082427904558919685e-01,1.060703721924108334e-01,1.072180430617822172e-01,1.074353025244504656e-01,1.078003600569084341e-01,1.088439655350414564e-01,1.075258491834997776e-01,1.056946031789718493e-01,1.068893880983829703e-01,1.073368650640520311e-01,1.089511579573558958e-01,1.077703769627868374e-01,1.087781817984328769e-01,1.076396517110011636e-01,1.076889624547654883e-01,1.074517954969213401e-01,1.074726491033753256e-01,1.081353779189826447e-01,1.078505122625146445e-01,1.069665524371245791e-01,1.082864735671971584e-01,1.061264579320479323e-01,1.075323403317012677e-01,1.078775373397603543e-01,1.079659173687249618e-01,1.090200200394203511e-01,1.084883303047929209e-01,1.084346201211959654e-01,1.076599858163321682e-01,1.069615086366952211e-01,1.067435318018031404e-01,1.074042657049042310e-01,1.064531477026819661e-01,1.065532677130382883e-01,1.078109560114648979e-01,1.081193868554974208e-01,1.076925294515560794e-01,1.088198003804670411e-01,1.084172941026889936e-01,1.080090431059324008e-01,1.082233661142381065e-01,1.071782518772434883e-01,1.080092059524677545e-01,1.066146155961602837e-01,1.094635120585727983e-01,1.076774641698856061e-01,1.081457847081690321e-01
1.027535610730056642e-01,1.038887466698817791e-01,1.025288509542056914e-01,1.035024522840491401e-01,1.030939208033923166e-01,1.034126170816195567e-01,1.041464801645006488e-01,1.026205029050720613e-01,1.031241602559781756e-01,1.039886634289130807e-01,1.024663462442404610e-01,1.036747055110182891e-01,1.033164734464409318e-01,1.026961953795714616e-01,1.032888814706314912e-01,1.021138558899332832e-01,1.013280272546157740e-01,1.039198110279322684e-01,1.026192183567798538e-01,1.041007878554391225e-01,1.024030399711839401e-01,1.028222324845927821e-01,1.016263878556079858e-01,1.012410031942539423e-01,1.021981713944323245e-01,1.034926523807124799e-01,1.033190213213793923e-01,1.007972510961482326e-01,1.024365654467886133e-01,1.037082405075794717e-01,1.032971213721495807e-01,1.019655686008510143e-01,1.032547177606391448e-01,1.024700896612762979e-01,1.026986454675474780e-01,1.032219035570524773e-01,1.036197848717094749e-01,1.026090376549354671e-01,1.025192414927911244e-01,1.024501145798299012e-01,1.029341322054390523e-01,1.026784617894164475e-01,1.026295666444340671e-01,1.011435903766504246e-01,1.017617497779669672e-01,1.019195398608503528e-01,1.032961939120482509e-01,1.034349691322127007e-01,1.018148325760115380e-01,1.033019160915450846e-01
9.872343393216362339e-02,9.790338784574244280e-02,9.777675750479571104e-02,9.741793161469337881e-02,9.861786130096657221e-02,9.792710673889905293e-02,9.746643606260244064e-02,9.841953599472703929e-02,9.839762407230717711e-02,9.704736357772547617e-02,9.723528766570456450e-02,9.764307674623323718e-02,9.795541744282591778e-02,9.764095885799844998e-02,9.687189354888549320e-02,9.809103592463493115e-02,9.706397831000816712e-02,9.845930592504356649e-02,9.860079249967562687e-02,9.874083548487792850e-02,9.711847186938149523e-02,9.947239719286810056e-02,9.713022058410583637e-02,9.667420331810407108e-02,9.701344447737404730e-02,9.667599290903061693e-02,9.809505590869067870e-02,9.746681302771277589e-02,9.827319579994195364e-02,9.733526959204258366e-02,9.785478805281416781e-02,9.882162376139319582e-02,9.903431042152868735e-02,9.664565247803910686e-02,9.842550560886634270e-02,9.756532376466059420e-02,9.896823385863309785e-02,9.747661980201237364e-02,9.864974644579389829e-02,9.754859647600547246e-02,9.809031993663604176e-02,9.789511896784955369e-02,9.688895706695584142e-02,9.752100712595718202e-02,9.740125904687235714e-02,9.795531616917521611e-02,9.722616626021038377e-02,9.793899433442319891e-02,9.647263221699595159e-02,9.797636030794325268e-02
9.263792861426810299e-02,9.228323430468651778e-02,9.406246609445739759e-02,9.262905943893040561e-02,9.151456613709653409e-02,9.336154815789919625e-02,9.214115045981291496e-02,9.243872628552304849e-02,9.244866652529311335e-02,9.180140363538633053e-02,9.147703045761651497e-02,9.297704067238335424e-02,9.188837784546101395e-02,9.151490420760841071e-02,9.133433685735974084e-02,9.203755993851628348e-02,9.288430009437512180e-02,9.148229799279405938e-02,9.248311525176707015e-02,9.413644174954252652e-02,9.237537915235292940e-02,9.102040217908544117e-02,9.091173414749878501e-02,9.191190500948154263e-02,9.079809755063011911e-02,9.136940171671324717e-02,9.272043166508694978e-02,9.174117561633257645e-02,9.171994661005328231e-02,9.290185472871242967e-02,9.204399791421426225e-02,9.288947866304957113e-02,9.153270363871739146e-02,9.243099433177497104e-02,9.115298350945973127e-02,9.150429054803412010e-02,9.122284513763226355e-02,9.087914623244754131e-02,9.019173009222711257e-02,9.249089248070087310e-02,9.217667813122942810e-02,9.318635823027601739e-02,9.271947315157155756e-02,9.194613288616905467e-02,9.182359846665721914e-02,9.288962051100908834e-02,9.357399243523537025e-02,9.119205341149468069e-02,9.190748605508748670e-02,9.186257615137237431e-02
8.731144956582871652e-02,8.839040330373777732e-02,8.798731955408868599e-02,8.743985345707540324e-02,8.416164669496752071e-02,8.608925811890019708e-02,8.589791166549250179e-02,8.751958650472424495e-02,8.818294060573124427e-02,8.557594638921574293e-02,8.528957626378472212e-02,8.737190855854409799e-02,8.574426518791014584e-02,8.648820994463313205e-02,8.528554677179162047e-02,8.577359500460260411e-02,8.747641421525934047e-02,8.753893514916340213e-02,8.553975649234220324e-02,8.744236443999235664e-02,8.638131109902055793e-02,8.691258833348933233e-02,8.532791657061279678e-02,8.782539120162671797e-02,8.652209521954165594e-02,8.793773971139298706e-02,8.673080369046302918e-02,8.545030383324464518e-02,8.676913109880533825e-02,8.624255656252365065e-02,8.615009218297681182e-02,8.477319898507765239e-02,8.621927264510850786e-02,8.527904866370068782e-02,8.786888286335009512e-02,8.723674893471640435e-02,8.539440616761750924e-02,8.865754300998872350e-02,8.825893268534011626e-02,8.528697282561166493e-02,8.582573836411486190e-02,8.700229804761780428e-02,8.700580803597503243e-02,8.558684332070858047e-02,8.629274375765559613e-02,8.537418812317068562e-02,8.769441263379623708e-02,8.703903028924538099e-02,8.491961705206811650e-02,8.578167204954216529e-02
7.956239868624669087e-02,8.287044938780997738e-02,8.157938350343263423e-02,8.012122470486754411e-02,8.013902494655388009e-02,8.225954307321381442e-02,7.944151047637268426e-02,8.042960678367849781e-02,7.991031215392195575e-02,8.013321623476291067e-02,7.997430910905657664e-02,8.053683603843585226e-02,7.942686712256800952e-02,8.087164620985032304e-02,8.096983186047373993e-02,8.121736170071747196e-02,7.907909210655453269e-02,7.976525052625611789e-02,8.165538285179786693e-02,7.988156797041974511e-02,7.940195811556603755e-02,7.997448838158051354e-02,7.897425715482501996e-02,7.937863183701321379e-02,8.072336705751252672e-02,8.038355983339064148e-02,8.035375264444762078e-02,8.215078461774166785e-02,8.070412971310285399e-02,7.998217676405447452e-02,8.091372886736236669e-02,8.105531660366561975e-02,8.010173951698335015e-02,7.882004628662510337e-02,7.990468288392976737e-02,8.081226875097431706e-02,8.120233465140902496e-02,7.895277440639686395e-02,8.035826639363366497e-02,8.069980674680642119e-02,8.011097474003961438e-02,7.993002155751494087e-02,8.076591434429139515e-02,8.090422306044291190e-02,7.953339791636333811e-02,8.039709977289705156e-02,8.147984977810859841e-02,8.128908589814821950e-02,8.018594779997015309e-02,7.976922986810043581e-02
7.402019677298604661e-02,7.283087734831104887e-02,7.347125208307682398e-02,7.379613937700031656e-02,7.329201396903331500e-02,7.544392438775487930e-02,7.425961705648517763e-02,7.368022212347850874e-02,7.530706093456633610e-02,7.399931848558788383e-02,7.501749709680206879e-02,7.302116857864476840e-02,7.427947915304189408e-02,7.365700026966791325e-02,7.529334349426693163e-02,7.410468655543325789e-02,7.315775663583168331e-02,7.459083143425736251e-02,7.311301862453817302e-02,7.383203628300098742e-02,7.336738409866642996e-02,7.418570502226866370e-02,7.469006984314705000e-02,7.397558327005782086e-02,7.295393237176873991e-02,7.360187212516305921e-02,7.218607241808421005e-02,7.322946283578453397e-02,7.453786283832433690e-02,7.416442212001038425e-02,7.278146822282059725e-02,7.364235627892394553e-02,7.334774554619162557e-02,7.425305477439866908e-02,7.304400841243965936e-02,7.546137697926146026e-02,7.515050503250707281e-02,7.511194295306528046e-02,7.351382679317550184e-02,7.399569088043907172e-02,7.219006791647122889e-02,7.404551807540113439e-02,7.229899540329814966e-02,7.456525120625241698e-02,7.449751070928530006e-02,7.289201894364734369e-02,7.350363451050023755e-02,7.267972235229920586e-02,7.287457153757133377e-02,7.471703087691117240e-02
6.635060970804614044e-02,6.622268335733391686e-02,6.596406542535784845e-02,6.771067065785650596e-02,6.665839379504530371e-02,6.834441914324757006e-02,6.688405178005407681e-02,6.659422873186432446e-02,6.532272400987407246e-02,6.636354265401610275e-02,6.616255279921964827e-02,6.686968996805912890e-02,6.652464538564537011e-02,6.807000427248485752e-02,6.840283992255334622e-02,6.683117072122402025e-02,6.613950822902121829e-02,6.668986250424631390e-02,6.628154414628861790e-02,6.850658885258721631e-02,6.618782773954373644e-02,6.594404863717258369e-02,6.812110275964697315e-02,6.714532819746052428e-02,6.721256847319341532e-02,6.682457650645032277e-02,6.668355455790979380e-02,6.741242740730374328e-02,6.633441763880892905e-02,6.693292305559427058e-02,6.651981670074451347e-02,6.531519893439330371e-02,6.773402031054530370e-02,6.614314153767569815e-02,6.767831323868910010e-02,6.691245570746677529e-02,6.698958642460571544e-02,6.732353360041092027e-02,6.742143768342583054e-02,6.562049466518664331e-02,6.788486468337660840e-02,6.723612068122890306e-02,6.755791903671838627e-02,6.560804233067310531e-02,6.730456321047172119e-02,6.919857326202120962e-02,6.714011935719610413e-02,6.630109507261462698e-02,6.746633295338774761e-02,6.695347352590921841e-02
5.905414098019557551e-02,5.891610506257470570e-02,5.811088572617464920e-02,5.936865818739735928e-02,6.052104966254272939e-02,5.940039806837448672e-02,5.904391945668658465e-02,5.975090029031972921e-02,6.001128835483972301e-02,6.019047493201349491e-02,6.047025512297136279e-02,5.953981362278652073e-02,6.064833908562670267e-02,5.912271379239926461e-02,5.934581293787691975e-02,5.885455005722020627e-02,6.048837737057723846e-02,6.068704758842035502e-02,6.102579268753917374e-02,5.924570306706319206e-02,6.030111094142028699e-02,6.140744588296412343e-02,6.020170747989000287e-02,5.903730732164389622e-02,5.890286478263300624e-02,6.068398139140830649e-02,5.979060788416779709e-02,5.961785968862295948e-02,5.890346185579566768e-02,5.930745177226440235e-02,6.093689201589841398e-02,5.847756617133486462e-02,5.958062322994186338e-02,6.087946945295533846e-02,6.049204484002407983e-02,5.908325124014129209e-02,5.894747688584071194e-02,6.004914958987853102e-02,5.985340526054753335e-02,5.870518289642732979e-02,5.992907057739432081e-02,6.009466230503768269e-02,5.948887420103769752e-02,5.902883937664328562e-02,6.007993252301705583e-02,5.876363524103015573e-02,5.953161393620017006e-02,6.021053965723002777e-02,5.948740598628857873e-02,6.064655060150968280e-02
5.078090421459718895e-02,5.181441906555159238e-02,5.167176046582207249e-02,5.118620656314365469e-02,5.214998392603432259e-02,5.220293888903976970e-02,5.137467742979624774e-02,5.183602525689883639e-02,5.201504929539475103e-02,5.134879133609572543e-02,5.073394595468996154e-02,5.029658543665611187e-02,5.143646177203013009e-02,5.275955160350245809e-02,5.378343629185083907e-02,5.318870944668864509e-02,5.095074912845900389e-02,5.160283498866169438e-02,5.288249670837853050e-02,5.180037940477391634e-02,5.268239434430876250e-02,5.163158821124839981e-02,5.269854521846115830e-02,5.172789551501601885e-02,5.110020019826529147e-02,5.229420026511766295e-02,5.318288546449382453e-02,5.067023088018919597e-02,5.238183933051773766e-02,5.302214425411053839e-02,5.056568901197231597e-02,5.235499868664079265e-02,5.271020395778264894e-02,5.176389229323047347e-02,5.109086088725404290e-02,5.234196066937069070e-02,5.091349137844711215e-02,5.130197111111252373e-02,5.278134881135243539e-02,5.092525230208178044e-02,5.280402208169526768e-02,5.183163000035559409e-02,5.130498819138285677e-02,5.204511407161169917e-02,5.240514373166486189e-02,5.415219460386955924e-02,5.202789028080648248e-02,5.198000232868213444e-02,5.175441618938842608e-02,5.266457582306389995e-02
4.507226497919061825e-02,4.399821282976151132e-02,4.282778746565567285e-02,4.429589916078277567e-02,4.343189717756875540e-02,4.329606118206190402e-02,4.513311959394787631e-02,4.359914831244751654e-02,4.321603125555765340e-02,4.347838302135897254e-02,4.478955411918860569e-02,4.437588707360658191e-02,4.378662459360437020e-02,4.451663020228497497e-02,4.344912882166308138e-02,4.507579901746862350e-02,4.421618453471625604e-02,4.521463037219139447e-02,4.467749166244627812e-02,4.461709541128783957e-02,4.525358182789646078e-02,4.478849289279215190e-02,4.491612348333010041e-02,4.308094561315244098e-02,4.397954157228065736e-02,4.405965317989016944e-02,4.475654378423603308e-02,4.475555631836748011e-02,4.481749741964422690e-02,4.424914865884330140e-02,4.422245382221796917e-02,4.554214243864444789e-02,4.453330213589536818e-02,4.371466590204231562e-02,4.547808217278839771e-02,4.422855923361946467e-02,4.326278649111758856e-02,4.403857226774964689e-02,4.379171519404289475e-02,4.441059005326909725e-02,4.328136189582554999e-02,4.472295308224798205e-02,4.194139430835507748e-02,4.359974894401642126e-02,4.480607967593898400e-02,4.471897053615891265e-02,4.381113368122708379e-02,4.327818541377138895e-02,4.464167004074252876e-02,4.385497888533647359e-02
