5.693297556425593736e-02,5.756564938981657137e-02,5.730633752666755565e-02,5.736086108193086397e-02,5.736459333346560080e-02,5.741696412935269611e-02,5.715715335100227806e-02,5.741658812806483408e-02,5.742821179131885057e-02,5.710999967802272981e-02,5.746481781597190253e-02,5.738617552347667627e-02,5.730828849807653030e-02,5.736793868392636025e-02,5.725719511888669594e-02,5.733667790887261861e-02,5.753818890916172213e-02,5.760370874782544393e-02,5.724938373447122780e-02,5.714162720707614135e-02,5.717492521138557021e-02,5.711027236516048877e-02,5.720550546828056387e-02,5.735892589959751958e-02,5.729928013625938676e-02,5.694674016975829339e-02,5.720032344886642750e-02,5.732659445626671346e-02,5.747918166576378163e-02,5.740115222868905770e-02,5.740425090698005051e-02,5.709931076987697501e-02,5.758199535634034999e-02,5.714005167368638866e-02,5.751541843399606696e-02,5.737109977936031419e-02,5.710619967669227498e-02,5.667608188705670208e-02,5.722321793461112444e-02,5.706994462010096802e-02,5.716772556410502221e-02,5.699607910038721748e-02,5.712108729315896333e-02,5.695777967516076068e-02,5.744082445479985893e-02,5.724643568381188735e-02,5.752545435594735856e-02,5.712945914100805989e-02,5.727419274169604640e-02,5.749670371929382906e-02
5.726843912482033200e-02,5.708285276509956346e-02,5.698259648801877464e-02,5.714022170853411825e-02,5.749952281994531733e-02,5.773171776175548692e-02,5.732048495174384833e-02,5.691827946454087322e-02,5.736875671317173686e-02,5.729385863856700095e-02,5.729937832124566005e-02,5.721086410384317034e-02,5.708155862831389843e-02,5.709101395965375525e-02,5.735544611718070701e-02,5.707219001539502734e-02,5.711199063861326780e-02,5.738208428226933278e-02,5.708229847031869031e-02,5.744360066573302864e-02,5.718237511825078473e-02,5.711850332160722105e-02,5.701244684936236651e-02,5.758620132790049501e-02,5.754681188612565529e-02,5.712656173572137203e-02,5.702777136877774933e-02,5.739170066617671484e-02,5.765947340333162086e-02,5.708376040956655156e-02,5.723401920742678811e-02,5.694751426514686049e-02,5.712227134644824039e-02,5.707788750410974776e-02,5.747978300739309265e-02,5.730443503647807135e-02,5.706731549058939590e-02,5.718972713952748255e-02,5.707375123843427128e-02,5.728770800088387599e-02,5.705781546961957718e-02,5.767869152156054197e-02,5.730097070754781863e-02,5.720244192342692491e-02,5.730075876623915571e-02,5.712442867386149925e-02,5.703901466165484102e-02,5.726028092051616697e-02,5.748834084305252945e-02,5.725181709587711526e-02
5.734465043183688965e-02,5.735559293779824569e-02,5.675855892443446710e-02,5.718394118140466414e-02,5.695182615742348103e-02,5.722846895213858781e-02,5.725096185709046409e-02,5.726759292739626306e-02,5.737247967332251980e-02,5.722305780236393996e-02,5.715645174927912880e-02,5.699378274303898428e-02,5.712328295843104725e-02,5.742469466264606831e-02,5.702494062673765102e-02,5.703838584042524723e-02,5.733534122394248755e-02,5.743768689914995756e-02,5.718649672711194343e-02,5.719850810682448883e-02,5.674088970426737627e-02,5.730965025096105420e-02,5.726872693494251820e-02,5.757690451684942257e-02,5.718685609111637258e-02,5.700822457826452277e-02,5.723374755847958351e-02,5.745298704075813001e-02,5.711061753113163414e-02,5.715626977279487236e-02,5.739591272721084741e-02,5.761772749266846211e-02,5.703319214491521516e-02,5.719494141194180620e-02,5.722300441146301736e-02,5.738841485939912695e-02,5.727713765439790966e-02,5.739303214331614028e-02,5.719897068205975071e-02,5.733684021678786547e-02,5.698582450388201687e-02,5.728073701697425357e-02,5.751736360853269142e-02,5.760680190637035292e-02,5.722736875891790836e-02,5.706323936823839982e-02,5.728913256306568391e-02,5.714043963377329199e-02,5.732554345676346697e-02,5.732817940465594064e-02
5.700552510594419225e-02,5.717464636635374159e-02,5.690098666803515559e-02,5.722224543989925388e-02,5.730596183701990032e-02,5.727968548205858434e-02,5.702694809065710080e-02,5.729599724401240879e-02,5.698402615430897544e-02,5.753580407403582897e-02,5.700019968930181147e-02,5.710240055209694909e-02,5.727934199310225072e-02,5.700590589745126169e-02,5.714680922779383221e-02,5.692996486405767220e-02,5.744011427068649450e-02,5.720149439494950916e-02,5.723940652899155851e-02,5.710208020114686950e-02,5.685593101001571587e-02,5.703397226321364755e-02,5.704748102964797563e-02,5.682915667183496139e-02,5.732022952967936319e-02,5.707373848283546491e-02,5.733427786872521970e-02,5.728946842679025209e-02,5.705895868768035700e-02,5.700244373648269414e-02,5.728687927615629116e-02,5.713278349551634272e-02,5.711120471786147040e-02,5.737180720072543316e-02,5.742279055618343397e-02,5.722265923984086455e-02,5.720416767564709404e-02,5.729984198061906925e-02,5.708037495402298184e-02,5.709182752154298018e-02,5.716937796372485725e-02,5.734555398007599308e-02,5.718476000169402801e-02,5.723636125474832609e-02,5.725187311365143028e-02,5.707509810748689211e-02,5.741291761702104618e-02,5.746846945472714602e-02,5.721787460461398578e-02,5.718166010589351145e-02
5.688684719504107784e-02,5.739909445779289160e-02,5.722843655660143913e-02,5.701583269961394557e-02,5.694873835353161245e-02,5.757994824061195283e-02,5.700841048697515012e-02,5.690394029560656708e-02,5.708227440321111956e-02,5.720175566392413785e-02,5.709132675936417350e-02,5.702163865783023422e-02,5.711481869179766552e-02,5.713378816938684268e-02,5.703342044665528354e-02,5.716912236381536949e-02,5.709472518219259329e-02,5.697063596106478195e-02,5.711034516952936957e-02,5.709307572746014775e-02,5.707636158401009630e-02,5.719985649775275599e-02,5.704961681482407371e-02,5.744417258564119694e-02,5.706220028916199338e-02,5.693822864081474894e-02,5.706282003322703245e-02,5.714685369251629177e-02,5.707650458581031011e-02,5.721406435712117489e-02,5.696598469852546393e-02,5.723813465441416476e-02,5.704535118902957086e-02,5.704805906815223204e-02,5.694466769441019344e-02,5.671702305100589231e-02,5.710242453466674722e-02,5.722936396458512542e-02,5.700824388543228316e-02,5.733813475849953295e-02,5.725078558522397193e-02,5.689971201996321670e-02,5.734370864616658570e-02,5.684681642532855156e-02,5.694307060136858528e-02,5.740526994660537924e-02,5.722267884920280434e-02,5.716741450563096738e-02,5.700999066024761697e-02,5.720989034191061029e-02
5.711830315944128184e-02,5.735756199941635658e-02,5.721378828978396919e-02,5.702035165470217132e-02,5.688799119637291679e-02,5.694440667105730991e-02,5.708442987188607626e-02,5.686688822302096019e-02,5.692555021817742589e-02,5.664676862339932534e-02,5.671740260037164139e-02,5.699059039846466473e-02,5.697379915724896937e-02,5.711273141261707237e-02,5.702070357195136024e-02,5.711925983297516662e-02,5.685979065392264553e-02,5.710669553718098618e-02,5.710790348198836047e-02,5.696511242546881820e-02,5.677597532806145930e-02,5.713255801872284267e-02,5.684984362473915337e-02,5.721420476901969976e-02,5.701611367261407576e-02,5.682997134188285532e-02,5.720333611794471695e-02,5.681474323478512278e-02,5.723892173050276755e-02,5.711987596839488562e-02,5.687630427242852671e-02,5.685765007438034480e-02,5.734690675990184588e-02,5.693833445520254943e-02,5.710069337531023526e-02,5.678501251315120485e-02,5.687182279651916555e-02,5.712136335009103394e-02,5.723209654558980564e-02,5.712256213091011087e-02,5.716946588473211660e-02,5.729253831701430766e-02,5.689378348384323963e-02,5.657917469841913793e-02,5.687853776560891639e-02,5.715475503215983882e-02,5.696548076020115786e-02,5.676576681637510863e-02,5.712117276469686616e-02,5.697311531171984217e-02
5.682421086981698927e-02,5.689994158333976787e-02,5.704753572909695980e-02,5.661561531863380098e-02,5.693721175494819570e-02,5.695773426649129029e-02,5.693689898062839760e-02,5.672528620337577432e-02,5.685076066868406663e-02,5.670343028240386329e-02,5.685198893882813936e-02,5.678361271045781478e-02,5.692797823542249808e-02,5.667612414275033372e-02,5.688661637883704603e-02,5.663227916293582520e-02,5.686694829292679443e-02,5.671334029736087301e-02,5.681163776957299377e-02,5.691525289229976137e-02,5.703857814777874014e-02,5.684364056360988182e-02,5.686603756283964417e-02,5.696413132100830445e-02,5.672310167782522450e-02,5.701074918550391030e-02,5.665257969222375900e-02,5.649114751901421205e-02,5.699994584290648397e-02,5.691455033832550081e-02,5.673060615410934621e-02,5.705140025162613870e-02,5.690717487862416435e-02,5.682223875387738821e-02,5.682190949494797527e-02,5.660557293897145598e-02,5.705324905836935828e-02,5.694818114910445844e-02,5.698961431594612437e-02,5.680542317222473520e-02,5.709469997043472439e-02,5.704045040929604099e-02,5.686755684452569209e-02,5.680331364070011213e-02,5.686280245840778097e-02,5.659059819524525636e-02,5.678637378705279903e-02,5.680416932011145281e-02,5.712283187870690476e-02,5.646313219674751332e-02
5.666528998889488328e-02,5.662036326925119073e-02,5.643184951951596418e-02,5.640376828158299299e-02,5.665033730164650144e-02,5.681490662993474161e-02,5.678195988793729998e-02,5.690185864206638577e-02,5.653037014631082102e-02,5.650489518817149864e-02,5.663177043194741328e-02,5.690533289781534582e-02,5.658746492094156311e-02,5.674754251273204236e-02,5.665651288644945466e-02,5.643385727668451257e-02,5.686361120456309010e-02,5.671642774322278868e-02,5.673305318937741509e-02,5.687695041623719305e-02,5.666793203212226737e-02,5.660597254373186255e-02,5.681169782329598128e-02,5.679546340923862652e-02,5.700954836304952117e-02,5.664322797532152926e-02,5.640058630939667750e-02,5.673638837828560294e-02,5.692337676177967876e-02,5.688169597180258580e-02,5.683276895110941224e-02,5.662925292122215903e-02,5.668283417704829408e-02,5.680167798745378027e-02,5.682180102619908274e-02,5.637695078614708699e-02,5.680529621167517557e-02,5.653378274133020326e-02,5.650694435545660504e-02,5.653958929460819322e-02,5.668817306172278109e-02,5.685357566108169280e-02,5.665545276353758236e-02,5.649945951295717167e-02,5.695439042090451320e-02,5.666583124407583577e-02,5.664010652804446488e-02,5.669219660744542061e-02,5.662732575728544188e-02,5.694517445097423136e-02
5.648897912554005224e-02,5.618533284831429137e-02,5.651573363404330946e-02,5.674212479616021210e-02,5.628928040615345518e-02,5.648848348143450937e-02,5.676918913047104137e-02,5.663988506826083541e-02,5.674833378599329625e-02,5.656802688891873071e-02,5.657619744365192244e-02,5.667625406564529011e-02,5.644733769456955486e-02,5.651821483785723216e-02,5.665084579402588499e-02,5.659608529694763746e-02,5.622572171339459274e-02,5.623710835640829270e-02,5.621811209067818088e-02,5.664885556895853796e-02,5.660645566087885161e-02,5.661990641660943208e-02,5.661346246607511234e-02,5.663228723006452636e-02,5.658484081689443834e-02,5.669464744227351721e-02,5.659276340414676892e-02,5.653797381746081263e-02,5.659513056517090357e-02,5.660244672246093900e-02,5.688642207950859314e-02,5.644019153513394477e-02,5.648670208652313562e-02,5.655238431300602109e-02,5.678429225530233493e-02,5.652863979453474214e-02,5.670884470909599850e-02,5.648279033731447990e-02,5.668059768414324823e-02,5.644411264938142825e-02,5.650583896540906786e-02,5.620646672754503470e-02,5.665468238430143577e-02,5.649421810988742437e-02,5.646305375664021492e-02,5.637242324681222133e-02,5.660507006048664386e-02,5.670338071422122150e-02,5.674020412217757603e-02,5.611571168208752403e-02
5.641356339596873687e-02,5.638732327479526601e-02,5.640401713064598088e-02,5.652031213959227834e-02,5.653027785691946971e-02,5.628984572073045256e-02,5.631140996658234865e-02,5.617219739400249739e-02,5.636558332827575762e-02,5.605280450398369280e-02,5.636762715106440058e-02,5.625432726284092938e-02,5.628178303481337630e-02,5.642192992640715499e-02,5.635699118482863368e-02,5.642464733278226147e-02,5.628308849374750317e-02,5.588767052894888510e-02,5.668629041882897873e-02,5.602196370327173353e-02,5.627432147549547847e-02,5.654739666826433947e-02,5.626656827514835146e-02,5.652085790501856777e-02,5.616218614984952451e-02,5.660060141820388163e-02,5.649504033576865925e-02,5.638486692134928036e-02,5.662003093234890122e-02,5.663046503904643064e-02,5.628211370606957947e-02,5.653910937828442868e-02,5.617732248583400673e-02,5.652146263809672277e-02,5.651803921845682116e-02,5.628671750237738275e-02,5.647092230862445217e-02,5.627441248807764362e-02,5.629629790303743164e-02,5.648519760013074459e-02,5.642437760470007946e-02,5.643930375816547107e-02,5.663726891802291913e-02,5.656272600215715707e-02,5.643108970986539935e-02,5.647523533765232834e-02,5.615878011788091873e-02,5.647496538151305229e-02,5.619087832457485970e-02,5.633385514493866042e-02
5.575477728909888214e-02,5.597102048602836666e-02,5.609299423325053713e-02,5.603152156940284512e-02,5.628452862222751291e-02,5.613408350251727907e-02,5.624994537651117205e-02,5.635816351740777913e-02,5.624002375730235287e-02,5.610579148679289974e-02,5.615904642304830885e-02,5.575586557567697998e-02,5.652659751000221194e-02,5.608563272374315206e-02,5.601793224398753795e-02,5.606542707308560108e-02,5.587917286552605139e-02,5.600919276609699071e-02,5.599994531868502518e-02,5.629386739853573657e-02,5.609607287768375583e-02,5.613151816519419690e-02,5.634440054386564284e-02,5.628493500940326411e-02,5.623964625698050362e-02,5.608976632174104970e-02,5.621446225152496728e-02,5.620867917042367962e-02,5.603169672427593673e-02,5.604138926242138025e-02,5.586488532506674737e-02,5.601240102979520435e-02,5.599519664842642769e-02,5.603471368673625108e-02,5.602598019445789723e-02,5.639508576630673786e-02,5.633110780763103675e-02,5.644706658079116923e-02,5.617541147720901684e-02,5.625183012688705214e-02,5.636262025883029964e-02,5.568858927926111091e-02,5.650970308216152899e-02,5.626552730050878720e-02,5.596292237883595394e-02,5.625584162775764535e-02,5.602655267132387873e-02,5.588896205720212534e-02,5.615548037323150887e-02,5.596472910211869323e-02
5.584671451304262790e-02,5.592512835711605651e-02,5.605504678228333260e-02,5.592623488070336268e-02,5.600541746771881685e-02,5.585024294237820458e-02,5.575188853269846118e-02,5.562828275769189645e-02,5.596881770630905001e-02,5.578439258415440749e-02,5.594569854118461305e-02,5.578222011776232808e-02,5.584003836732982090e-02,5.614188199946824193e-02,5.554502501101622747e-02,5.572529901321775919e-02,5.621417183022406339e-02,5.607166788124200857e-02,5.607903236165550503e-02,5.582694693702783956e-02,5.565364967483918401e-02,5.602046126675503529e-02,5.597378570370723644e-02,5.587751680794292297e-02,5.617774142123094921e-02,5.594839638058052983e-02,5.572094917186379281e-02,5.586410244078947318e-02,5.598759189548873499e-02,5.557614218051082355e-02,5.601778859211344747e-02,5.566301185957145403e-02,5.563364184583368538e-02,5.635795013060691805e-02,5.563911600713962458e-02,5.590384312566518132e-02,5.557330027226188573e-02,5.596369138726378645e-02,5.603945888038964346e-02,5.581736587973269020e-02,5.605149252056679937e-02,5.567134034421726552e-02,5.588270299900073568e-02,5.557497541032779820e-02,5.568855469373876904e-02,5.563739839513075908e-02,5.608220514171285975e-02,5.558336099873159575e-02,5.586269740676830242e-02,5.598275749554489783e-02
5.536620701130894051e-02,5.548100348825681094e-02,5.589004073749184731e-02,5.548070427668396615e-02,5.552906450117702647e-02,5.571482467651091286e-02,5.578585455957135730e-02,5.593645837334481480e-02,5.545978989980993035e-02,5.563020589447286585e-02,5.548927084903217122e-02,5.578109796020462585e-02,5.549442403419848485e-02,5.573253777310448187e-02,5.562691317171132577e-02,5.560923144483009145e-02,5.590206967495402884e-02,5.558092398533487355e-02,5.525947517292014582e-02,5.556690221829728438e-02,5.550748968835703123e-02,5.571364412844310304e-02,5.562546561676493667e-02,5.572032371565203285e-02,5.569939697600306827e-02,5.564886825970574019e-02,5.598009647725367410e-02,5.555180738429676274e-02,5.581909468758926990e-02,5.580149844935344133e-02,5.538530751122154594e-02,5.587365784870230306e-02,5.528682657813733387e-02,5.532764970560705847e-02,5.552479038657431171e-02,5.536464296306541771e-02,5.582831762353472616e-02,5.570207081096865270e-02,5.595568462685915345e-02,5.566790942360958644e-02,5.543725638175898973e-02,5.552140402669820257e-02,5.523379274601621786e-02,5.575569525107332974e-02,5.553973153848495298e-02,5.557457441688447297e-02,5.536886824442121408e-02,5.542156820003718565e-02,5.576075728964582229e-02,5.550484767966151062e-02
5.546056975926238336e-02,5.554271395416703755e-02,5.546570478669740623e-02,5.541122743708111476e-02,5.538942743331058682e-02,5.538366338014040491e-02,5.552612865119342656e-02,5.548468286264162525e-02,5.537794297593947451e-02,5.544405335026362375e-02,5.511709815152920910e-02,5.546869106187330561e-02,5.562786997374192383e-02,5.549715825747290193e-02,5.534927487593532119e-02,5.526938080871821035e-02,5.503921591083091314e-02,5.529401838574125871e-02,5.508165208621582098e-02,5.520804815468082632e-02,5.541349303472740961e-02,5.523118942195965470e-02,5.551385475206369047e-02,5.527200866740056978e-02,5.533700036790736854e-02,5.491012815623719234e-02,5.545803993648981689e-02,5.550722296701252056e-02,5.525865176001796414e-02,5.530478631264264255e-02,5.552884847756892062e-02,5.519258610970498996e-02,5.514897069973320742e-02,5.530071241934880061e-02,5.534429550602101844e-02,5.516792554356210465e-02,5.539762584109129279e-02,5.538632919135240418e-02,5.513757818389156823e-02,5.552140996262485556e-02,5.557094928509517112e-02,5.525436181060976171e-02,5.534361708028891907e-02,5.533355237670601473e-02,5.539072528717776250e-02,5.543310935731651790e-02,5.503589871844315889e-02,5.542091449669921815e-02,5.528360237673169558e-02,5.552772882935774063e-02
5.527909727499104309e-02,5.517811175918675010e-02,5.484818723762115850e-02,5.512047335123444053e-02,5.532323021378735689e-02,5.489062753953573986e-02,5.496674765348620595e-02,5.515213918806112503e-02,5.511386887282350433e-02,5.520034970105884564e-02,5.511437310908360449e-02,5.537490426424409445e-02,5.486982169044653940e-02,5.490512674536293658e-02,5.533863712649834954e-02,5.475719437820042446e-02,5.479973719084800521e-02,5.504628578622648705e-02,5.505838307802672638e-02,5.515273375125355482e-02,5.535263516924913973e-02,5.517287246891374591e-02,5.486796873048890161e-02,5.513947824652373070e-02,5.496899634079753516e-02,5.480701646607363808e-02,5.523658183453288018e-02,5.524146727057729911e-02,5.522115251282215531e-02,5.497674276300562601e-02,5.493449785909267774e-02,5.510696577572871124e-02,5.495686168295067092e-02,5.532909055202379911e-02,5.463508538739612203e-02,5.497019832481482571e-02,5.476296482296676843e-02,5.495971334367902306e-02,5.526516047650981145e-02,5.475554512734705920e-02,5.525040605693135043e-02,5.477353817757850407e-02,5.470167497623191349e-02,5.484838189011018855e-02,5.522136377901101095e-02,5.516237336166915362e-02,5.478021488124656946e-02,5.504506200267150068e-02,5.486448137610701326e-02,5.503349258461904397e-02
5.473300793407905040e-02,5.438383476353052942e-02,5.475161213622189299e-02,5.469100353260436531e-02,5.484937932588439258e-02,5.486713271533792680e-02,5.457081637712651173e-02,5.464392356808408374e-02,5.475948328752217042e-02,5.465618366480488877e-02,5.496641831620897867e-02,5.486609807503772807e-02,5.442624809323656082e-02,5.447193148693934422e-02,5.457202021924954100e-02,5.483019942617273906e-02,5.462292119487124203e-02,5.472691226171124551e-02,5.490614001613648015e-02,5.477128928371276934e-02,5.480095383188827302e-02,5.447564668782985120e-02,5.440613250607814061e-02,5.498940929198992827e-02,5.472304640003134574e-02,5.448819603061620664e-02,5.477027379017955500e-02,5.471352842540244676e-02,5.471627006871033344e-02,5.490817866747130238e-02,5.451676335188009731e-02,5.462682180990588443e-02,5.487947928966379479e-02,5.464017216973617724e-02,5.468418628220701044e-02,5.501360848912378171e-02,5.458082582962486828e-02,5.432904374239629769e-02,5.511425930764900227e-02,5.452645351042455929e-02,5.449035654746961499e-02,5.471419235136323889e-02,5.461011516195218157e-02,5.466290378623273050e-02,5.444226462527432253e-02,5.451386718899189215e-02,5.464418142560947128e-02,5.468418394014601391e-02,5.502842442711235182e-02,5.484110008001973763e-02
5.427035795020126313e-02,5.386569734170278123e-02,5.460091622481657442e-02,5.440529956904267828e-02,5.427004118676445610e-02,5.439586772879892451e-02,5.407600000564827952e-02,5.416180444612926637e-02,5.440584725800407667e-02,5.420541026133662843e-02,5.434715851593067970e-02,5.433317222927775553e-02,5.437250943854469304e-02,5.455801307758285229e-02,5.389535446643734656e-02,5.404744527042247559e-02,5.436014109682045514e-02,5.386907204659119319e-02,5.407759391135248672e-02,5.425399412160918089e-02,5.429502721827184769e-02,5.417879179622679675e-02,5.408167377823753369e-02,5.430240664069783257e-02,5.441612511861029094e-02,5.446236268771173505e-02,5.425649007018380071e-02,5.446507115560084156e-02,5.419170807574146681e-02,5.451871385461217606e-02,5.416762791713498199e-02,5.428912885665648086e-02,5.446644563014629153e-02,5.400309989356007895e-02,5.432037719857425728e-02,5.439247284120104359e-02,5.422321010764140359e-02,5.425900675175218679e-02,5.426898344029364857e-02,5.449044056639765904e-02,5.421310207783637536e-02,5.467209285777637623e-02,5.436338362526813017e-02,5.427797277198153497e-02,5.415042072964148384e-02,5.455355840343831947e-02,5.465277408107654250e-02,5.434006322621667134e-02,5.451304630171571741e-02,5.445040675265708924e-02
5.399148031131414949e-02,5.395914692018602410e-02,5.395783978842818435e-02,5.389304660629360560e-02,5.377956649829494090e-02,5.400895413975820986e-02,5.384955483333269538e-02,5.408265041880966351e-02,5.402686631728876449e-02,5.392009875372071742e-02,5.385371108512403138e-02,5.396731627818640575e-02,5.402887509331082833e-02,5.375186410949490262e-02,5.371998468904923968e-02,5.378375516432824799e-02,5.406978801622932401e-02,5.384541775496939214e-02,5.398995141085156241e-02,5.404330642673597224e-02,5.390393376990069985e-02,5.366929264674016181e-02,5.359414830163781313e-02,5.392031168056243134e-02,5.416682844731825208e-02,5.391219214964114437e-02,5.407772987093728556e-02,5.404439491581613381e-02,5.404022749190595665e-02,5.409246763525098894e-02,5.449188984966699817e-02,5.375896468893619912e-02,5.409630862393623868e-02,5.412734703352115734e-02,5.419356040550704634e-02,5.396871408917406493e-02,5.402419420529418204e-02,5.405103881282947303e-02,5.373245376452496364e-02,5.377603972857531583e-02,5.403715603752021202e-02,5.383414215908458034e-02,5.353407001066969734e-02,5.403616199465705039e-02,5.405975452900176059e-02,5.394843968325518241e-02,5.372431761475963269e-02,5.399097460672868526e-02,5.392858475204564961e-02,5.376877383020595841e-02
5.397821428727184873e-02,5.371261468984901005e-02,5.362661935576809591e-02,5.364461600992365131e-02,5.310838248314025956e-02,5.374423879277780147e-02,5.364007378317061508e-02,5.362194873256156957e-02,5.344132326961974211e-02,5.318246717610115165e-02,5.355586711318408716e-02,5.303786813138877676e-02,5.328781961612197998e-02,5.365181245283553307e-02,5.355799550525804087e-02,5.363794440212131531e-02,5.333576780791941807e-02,5.323727160208027720e-02,5.333682228305744455e-02,5.346592262261205819e-02,5.348248097974041965e-02,5.352211192193617739e-02,5.326018914810265459e-02,5.338235819801037674e-02,5.324728311879619452e-02,5.338329238010081773e-02,5.362876789191427240e-02,5.371851348838876244e-02,5.361193400365937139e-02,5.348318470194595581e-02,5.379994485068181898e-02,5.359204028765623268e-02,5.366902602328538913e-02,5.365456988509663405e-02,5.347988012994022572e-02,5.322925860785058388e-02,5.358188135559988768e-02,5.382281565694779779e-02,5.342481884075328535e-02,5.367084117669349702e-02,5.342442054396972367e-02,5.342044527383717906e-02,5.343346855650810134e-02,5.338006235630747554e-02,5.355930899533654227e-02,5.337454953313348210e-02,5.341031462048084766e-02,5.331054709012837678e-02,5.364102244374469725e-02,5.377684474673385950e-02
5.240287329370742209e-02,5.315567530001562291e-02,5.288150775617244531e-02,5.335602581524916815e-02,5.315120417017069748e-02,5.277470598255951800e-02,5.296654858803741955e-02,5.315717512459021410e-02,5.281796502206722449e-02,5.367833086808804915e-02,5.329044606660610084e-02,5.297154177271323761e-02,5.308843859911391988e-02,5.327006838008439132e-02,5.312838131799178798e-02,5.317716342117068812e-02,5.275997374369561371e-02,5.304679300113077783e-02,5.281816657907232454e-02,5.282659811887344820e-02,5.327015325540673807e-02,5.286950019582085936e-02,5.306093345431919794e-02,5.289082875000706424e-02,5.323630774718453307e-02,5.298116971906185330e-02,5.297108726738213730e-02,5.326821284031817844e-02,5.314272719691561647e-02,5.308698935473477043e-02,5.275817029838514999e-02,5.300156546030457966e-02,5.305554801465335590e-02,5.307981353724265661e-02,5.338324626781857513e-02,5.308048091468511864e-02,5.304980972259223937e-02,5.324753692700701785e-02,5.317205480241106452e-02,5.347086195369291778e-02,5.326147676415531051e-02,5.303439708041746137e-02,5.297784417238973753e-02,5.264304925722000650e-02,5.276630425396587609e-02,5.310049121133314509e-02,5.309604830325880681e-02,5.299925665764308041e-02,5.296807436762090981e-02,5.299758546169719420e-02
5.270537967405620333e-02,5.237421951666190040e-02,5.285878386584057925e-02,5.258442459672545838e-02,5.267046187235142202e-02,5.250699036447632057e-02,5.234781708200076517e-02,5.231875118406439928e-02,5.251517328603494406e-02,5.255950568750501067e-02,5.290177384297856805e-02,5.274960059331372519e-02,5.301633975600187482e-02,5.273772881028117310e-02,5.254389041649858844e-02,5.266593778587377872e-02,5.275242878466327584e-02,5.233272141931692711e-02,5.235072048372731157e-02,5.244812350866166067e-02,5.282274562097574733e-02,5.237787436251560569e-02,5.265337025740139676e-02,5.245385458253671446e-02,5.248403598993282154e-02,5.265753655477374562e-02,5.264137217662413770e-02,5.246317411214074938e-02,5.239616393195285771e-02,5.295292586441148475e-02,5.278519039604313151e-02,5.259236751308266067e-02,5.269102025175464304e-02,5.250030000381093048e-02,5.252263177099915359e-02,5.211507907914348509e-02,5.226968023349859438e-02,5.294857795432921649e-02,5.259207125797070448e-02,5.259797493155753123e-02,5.247662801581812891e-02,5.264336270219811126e-02,5.243116836783027340e-02,5.276505369207096924e-02,5.239526655339125233e-02,5.291611552581716033e-02,5.251941420926687504e-02,5.276390817080571505e-02,5.226511199448407446e-02,5.277402447046918715e-02
5.244981802364134110e-02,5.172442168124600365e-02,5.229412878840462159e-02,5.182819826920991718e-02,5.203871917732760810e-02,5.209443999506226802e-02,5.213788290115730500e-02,5.201258840069460793e-02,5.200846791592242391e-02,5.224328872197595008e-02,5.191729515632449721e-02,5.219069252619384230e-02,5.182937574147257476e-02,5.190148039331986263e-02,5.188239676284988472e-02,5.246864113528056789e-02,5.230245939276190192e-02,5.210400720508549105e-02,5.185607478471924991e-02,5.212210446479439985e-02,5.230226347427155420e-02,5.219960012613384520e-02,5.221387532803214993e-02,5.176652828400024609e-02,5.247682211065598373e-02,5.205134303470337204e-02,5.219500261925157092e-02,5.213280155745156352e-02,5.228287139013278878e-02,5.229011582022830007e-02,5.227743951899162245e-02,5.211285467293209211e-02,5.237621578979848036e-02,5.204234430578855153e-02,5.221394207423481204e-02,5.194674169523351426e-02,5.238533996309844426e-02,5.181240621328803836e-02,5.214064445881391729e-02,5.185489884627059870e-02,5.188635131517996268e-02,5.227237303379931449e-02,5.210995893373820964e-02,5.208211187494780209e-02,5.197370846504099917e-02,5.191811314319525611e-02,5.245243337976114584e-02,5.245572771005687501e-02,5.213711239783738738e-02,5.241184689653752282e-02
5.165793551105369447e-02,5.157847456723196888e-02,5.176376594317757401e-02,5.165827087804544804e-02,5.192461150198857817e-02,5.162247725315085439e-02,5.147654416228349822e-02,5.157765159483614775e-02,5.141252286302062935e-02,5.131177033058657161e-02,5.163171981922177328e-02,5.169171998777962601e-02,5.155257075894836144e-02,5.172201832083235529e-02,5.149096660242210438e-02,5.171707297889477362e-02,5.157096881191772231e-02,5.160484712049739214e-02,5.167474669977464852e-02,5.139776271756258536e-02,5.130286808007925026e-02,5.162747720106589805e-02,5.170889363502202685e-02,5.162887209598478883e-02,5.158021919508691544e-02,5.170708104241322767e-02,5.171785214886771842e-02,5.145484952033033826e-02,5.160896449786966933e-02,5.137283046214847354e-02,5.154797072420070486e-02,5.191420636492020263e-02,5.168922625405510812e-02,5.167108267895774432e-02,5.150154539625194372e-02,5.165766500122683652e-02,5.162873343568312456e-02,5.154580853362034087e-02,5.139611647607088968e-02,5.160738939781581158e-02,5.190379672749205475e-02,5.154317230236173109e-02,5.143551196308077805e-02,5.175265567148788076e-02,5.153206777513030107e-02,5.132544483105428573e-02,5.188158066477805558e-02,5.132584873341380222e-02,5.155349984858060425e-02,5.133067544178231828e-02
5.091519574528505232e-02,5.106751267675489064e-02,5.076198899053747937e-02,5.067677920400780883e-02,5.094140527464260937e-02,5.050041597277522831e-02,5.152605927320944024e-02,5.105201393770788382e-02,5.098420135507163858e-02,5.101520206561267756e-02,5.100730373698243725e-02,5.105379560241835729e-02,5.121917497000047503e-02,5.101910778509409494e-02,5.085197200113271421e-02,5.087912500603716803e-02,5.062703197710280434e-02,5.101183240585296930e-02,5.108887343155880945e-02,5.113090096791672590e-02,5.079923826228047168e-02,5.124801423072275486e-02,5.064164888521979074e-02,5.122329789273160489e-02,5.084002670980510008e-02,5.094559974271907488e-02,5.135847699652289211e-02,5.097346590345208650e-02,5.094919235697348975e-02,5.090895044453679075e-02,5.097114486370692144e-02,5.120516222372966525e-02,5.124320266603427099e-02,5.139809946467453761e-02,5.104906368460754990e-02,5.090239487361074289e-02,5.102301219845969960e-02,5.072053964766602002e-02,5.099011345698614694e-02,5.067496767070004543e-02,5.097745068014458703e-02,5.118313628924434089e-02,5.096811429406609278e-02,5.108705820378992013e-02,5.095628999766702721e-02,5.097891299753227329e-02,5.085661985667624951e-02,5.082497952488123499e-02,5.098199186298386226e-02,5.128989543415910651e-02
5.079199382920671774e-02,5.039605371237200482e-02,5.038042069436405451e-02,5.018937983086752680e-02,5.079374485417993690e-02,5.062331112922190124e-02,5.018205472389587057e-02,5.022860349736021218e-02,5.035283269719861843e-02,5.050853588259092419e-02,5.045537585485537768e-02,5.030917220459577011e-02,5.004757125185139988e-02,5.060173303808676581e-02,5.044315140593412516e-02,5.039390081697976004e-02,5.037686849029110459e-02,5.082581768723457016e-02,5.034705105324240731e-02,5.082976664386507776e-02,5.027294125366518068e-02,5.028884048210838231e-02,5.087908842396413056e-02,5.019143298732930275e-02,5.027173401776399708e-02,5.024542233847503758e-02,5.034019739979084945e-02,5.075553740054982582e-02,5.028789855380186302e-02,5.029805268539607604e-02,5.079965004872883522e-02,5.033974595095703358e-02,5.030610626041497058e-02,5.041631425891004298e-02,5.039062191383975736e-02,5.057574764035145665e-02,5.013011155341361158e-02,5.008089379948570813e-02,5.078094619438433543e-02,5.043765226654353673e-02,5.052931076223064061e-02,5.048045986267476332e-02,5.034392314062132584e-02,5.052150145718452973e-02,5.067805570688265621e-02,5.039803084397458111e-02,5.043045047879166076e-02,5.037325310109003890e-02,5.008851407428884656e-02,5.063789142707633695e-02
4.988210814694162692e-02,4.995285726685929489e-02,4.980788386788752298e-02,4.979068433398087939e-02,5.004111546267093341e-02,5.007275722564671211e-02,4.964085754142879420e-02,5.002017395804443656e-02,5.000468847986118404e-02,4.952115806068518866e-02,4.961900938543480077e-02,4.994432224845871821e-02,4.965910575052345094e-02,4.987983224184396047e-02,4.975164475000275199e-02,4.966771133297163965e-02,4.966161461381785741e-02,4.950619874330453724e-02,5.004865466866826457e-02,5.003138708746271424e-02,4.968255123150061570e-02,4.987237402938101555e-02,4.990549158799045815e-02,4.989826956072124231e-02,5.008697330463668385e-02,4.994075710695748682e-02,4.984130457535849296e-02,4.950630199656887165e-02,4.978586858460162107e-02,4.992476467703600013e-02,4.960853535755511967e-02,4.955458772984165650e-02,4.969863897959986287e-02,4.969872785330482073e-02,4.957312450441669210e-02,4.990290490086529002e-02,5.009707749626279849e-02,4.961152862918127154e-02,4.958222874576352635e-02,4.973448979161378819e-02,4.970292136909268410e-02,4.963583664213567365e-02,4.954990668025615469e-02,4.973556694803721312e-02,4.988092792228863981e-02,4.956384280947216669e-02,4.974625370508394678e-02,4.959763180654431364e-02,4.942993103905119617e-02,5.003000323464866506e-02
4.894922228375050283e-02,4.927308423366114076e-02,4.909194428806477190e-02,4.897798557696441540e-02,4.875423859667859378e-02,4.912910737131415823e-02,4.964557596487138846e-02,4.907745324672551507e-02,4.903167336604393606e-02,4.931586416786648552e-02,4.901429456768996440e-02,4.929312110649679279e-02,4.891053812189149336e-02,4.909079218933562472e-02,4.897410433738454139e-02,4.936080208690967613e-02,4.889804079928297686e-02,4.895693482665302437e-02,4.915373619038423958e-02,4.926141161842437222e-02,4.887808975694411112e-02,4.915206454844590900e-02,4.911486268570851299e-02,4.899481754840457476e-02,4.947684347442107139e-02,4.922467195868128476e-02,4.908387912986870993e-02,4.893294562498765043e-02,4.888573110651384807e-02,4.917703511985174053e-02,4.935696858964194050e-02,4.920088150357109641e-02,4.907461301576472590e-02,4.906938353635566241e-02,4.928738062506689971e-02,4.922927863694092493e-02,4.898508944711332108e-02,4.950763634424210080e-02,4.945379474164701694e-02,4.905875915541989263e-02,4.915451252001568766e-02,4.880062341943512683e-02,4.914223097447355249e-02,4.908530961141022858e-02,4.889477970254101080e-02,4.916259651461137026e-02,4.909100221148279819e-02,4.951394996895153860e-02,4.907215032110059244e-02,4.892157477288455042e-02
4.830035524336237507e-02,4.833198057540954301e-02,4.834645510866404650e-02,4.866021755290706602e-02,4.833298649947723874e-02,4.842831825586924738e-02,4.872634677225115563e-02,4.833769784121109969e-02,4.823670969252917551e-02,4.869206386868901032e-02,4.817138850635736824e-02,4.856194131929043867e-02,4.869665046535186920e-02,4.863204997000586394e-02,4.890709103778785594e-02,4.852380328246077429e-02,4.815122616955156559e-02,4.858564972487097733e-02,4.879085779907861575e-02,4.898225102690676597e-02,4.841626081362999240e-02,4.855318419322544182e-02,4.853674120821916543e-02,4.860301489528754543e-02,4.879257432040785825e-02,4.887583323089089715e-02,4.874792108222004289e-02,4.882347539704771228e-02,4.832003274428315481e-02,4.837787080995627903e-02,4.840255190843129746e-02,4.845525791799883825e-02,4.846607329512463841e-02,4.813945366410963406e-02,4.867666724095878750e-02,4.853860155141516419e-02,4.829531729198687645e-02,4.884670729953132645e-02,4.836888388722627302e-02,4.860680260265166919e-02,4.891521638016704809e-02,4.868125307533108237e-02,4.862779614855328864e-02,4.855545300464862712e-02,4.854810730192383322e-02,4.866674133085802101e-02,4.867254753718591037e-02,4.881829498805415751e-02,4.885174737384009869e-02,4.830659564402531997e-02
4.809317946672470034e-02,4.782653005831689896e-02,4.796719973978445795e-02,4.799462916101208954e-02,4.751978351889066254e-02,4.743117077021399841e-02,4.780396018658841090e-02,4.765989059058930999e-02,4.811972871100805849e-02,4.792196894100247961e-02,4.753765422023531473e-02,4.767719142281218181e-02,4.751929736176908198e-02,4.796950067273372809e-02,4.797911449133450412e-02,4.790412631766557267e-02,4.782045801029857768e-02,4.770812004051795674e-02,4.775009185086287467e-02,4.759078765876733480e-02,4.753377632348011056e-02,4.773886136260424573e-02,4.804531421677877417e-02,4.787460020173428532e-02,4.773585673901913767e-02,4.756225170333636815e-02,4.754386091229247102e-02,4.782678704278010146e-02,4.758670777181365358e-02,4.774193386641662623e-02,4.740760296269964230e-02,4.752566425253720861e-02,4.727721189491296272e-02,4.799566019688169399e-02,4.786719483455253304e-02,4.785629723563655097e-02,4.782421522918703372e-02,4.766142402259595373e-02,4.784742183683104305e-02,4.763912829542802513e-02,4.787471453175722036e-02,4.769366519415991351e-02,4.789671299832636009e-02,4.797632706375893480e-02,4.780276087434214699e-02,4.807155591213260748e-02,4.763574492038585850e-02,4.783847723807088670e-02,4.803131487317205406e-02,4.791440843444614434e-02
4.717198696918945694e-02,4.709528361568379728e-02,4.714643888508258246e-02,4.697889113857971199e-02,4.727289202502326509e-02,4.726876408532373203e-02,4.747895995416523407e-02,4.752717027747656309e-02,4.685667971154294786e-02,4.711612173567394923e-02,4.722530168161198638e-02,4.704063997433573230e-02,4.666147213087359913e-02,4.693942601995209490e-02,4.719145864918500299e-02,4.725493720495189953e-02,4.722473171944926995e-02,4.695777809886834964e-02,4.707010902001964453e-02,4.718636330391284134e-02,4.705697994771352449e-02,4.679078399807197475e-02,4.713424125617975136e-02,4.715254633251939748e-02,4.677020728352369178e-02,4.695820876719651593e-02,4.708905277564592179e-02,4.711289806480530723e-02,4.696363445988891577e-02,4.695357371601072832e-02,4.706989702474007747e-02,4.713502579587049157e-02,4.665881862940358255e-02,4.720961263952223874e-02,4.706288463545074685e-02,4.727087828154531018e-02,4.706702252010048354e-02,4.700258667143284580e-02,4.699652247833302487e-02,4.715380592557132794e-02,4.705654353384509242e-02,4.698224880310978430e-02,4.699552070272356580e-02,4.691733440165757330e-02,4.671748111568924805e-02,4.679136473176512961e-02,4.694183576483314940e-02,4.696909752267586224e-02,4.689134350397858308e-02,4.685726941628737263e-02
4.608672042344796188e-02,4.610900174347996872e-02,4.612388878578287110e-02,4.635102219888410924e-02,4.667150738099311302e-02,4.607547539571716505e-02,4.652220659189003349e-02,4.621084385633127123e-02,4.617545000650775250e-02,4.644034383537580524e-02,4.613258626618075425e-02,4.626389002490591262e-02,4.628322510124089489e-02,4.612083594301835676e-02,4.654658544463478875e-02,4.625167611518717081e-02,4.613211660018470828e-02,4.621626025929017473e-02,4.669012910006183764e-02,4.627417489136657902e-02,4.616684377818399548e-02,4.644004216265558427e-02,4.639327912202128451e-02,4.637887240072555844e-02,4.656915743133044350e-02,4.640375977814369807e-02,4.635552606752372379e-02,4.614597880750956338e-02,4.644129476818784075e-02,4.589112880624800911e-02,4.603382129658098454e-02,4.621700756169060120e-02,4.620076955828160414e-02,4.594134023950258161e-02,4.636209069546596423e-02,4.658240463251876740e-02,4.616755851796654209e-02,4.597913874449644639e-02,4.627689501208292339e-02,4.623077307333868513e-02,4.642335221674665641e-02,4.658253718464738097e-02,4.619771009199644812e-02,4.650678730061868354e-02,4.601698069044948131e-02,4.624982695052782394e-02,4.625491500436114400e-02,4.616455345454650167e-02,4.620625170012674504e-02,4.576590788764543088e-02
4.596551855503159395e-02,4.555555201789394937e-02,4.536811568797004257e-02,4.581696187025780659e-02,4.556072354926228585e-02,4.549469415216901569e-02,4.534305522803019212e-02,4.548854105329642322e-02,4.570124659408015405e-02,4.554657179179039117e-02,4.581450941866115761e-02,4.545694787810311555e-02,4.570484627922962589e-02,4.570968796518444510e-02,4.528787606290270162e-02,4.611115604620132091e-02,4.563638968877090085e-02,4.545248017908502108e-02,4.548610734259641436e-02,4.587675997205055423e-02,4.499868358114300637e-02,4.545499599003602342e-02,4.558050219213988230e-02,4.585209107307652160e-02,4.539316995896117840e-02,4.540127408736253228e-02,4.535615971945425318e-02,4.529172939428610656e-02,4.535602025045825519e-02,4.550622566612157194e-02,4.548686436779496300e-02,4.513871213523026199e-02,4.522661672197546973e-02,4.541580238690638011e-02,4.574151445981686909e-02,4.567653471910473190e-02,4.541666307666109709e-02,4.543430682646984464e-02,4.532508746894793605e-02,4.545046849985220905e-02,4.536516707798905063e-02,4.534549555355388978e-02,4.550954879636041894e-02,4.580282999913946884e-02,4.553772772049247824e-02,4.498362250957474440e-02,4.556406528912380904e-02,4.572758150501241708e-02,4.551142862659850186e-02,4.527555993931701994e-02
4.447331708021474983e-02,4.460683894515590081e-02,4.487492094127470271e-02,4.463069156998780013e-02,4.485945024887350724e-02,4.462366860922328121e-02,4.467215426474485662e-02,4.460568708795502324e-02,4.469201205070608141e-02,4.471728887148183201e-02,4.482387432439115249e-02,4.456824160222280090e-02,4.459489822743526594e-02,4.479264170978960319e-02,4.481847611178585433e-02,4.471988357181323065e-02,4.455613286546805663e-02,4.441442050393985819e-02,4.459166306748898329e-02,4.446088203737572769e-02,4.473179408121041867e-02,4.453940999560530856e-02,4.444108049913068209e-02,4.435571757100908313e-02,4.496573074275298648e-02,4.474082620896309426e-02,4.461870737399730585e-02,4.470911969235120270e-02,4.467040138206662681e-02,4.472435061950241070e-02,4.465195532624638419e-02,4.472519788669757773e-02,4.450051167722238882e-02,4.466053596975640833e-02,4.473883544630623266e-02,4.461031773528571776e-02,4.460685428071201747e-02,4.469237900626055887e-02,4.434354701948881733e-02,4.493298519498552246e-02,4.510152274508501258e-02,4.451503322084716247e-02,4.453971722087241708e-02,4.489651048878148115e-02,4.452263184832495196e-02,4.459220981774838360e-02,4.448577740363574007e-02,4.482512577947359717e-02,4.492672339952183402e-02,4.459280220913830473e-02
4.356382813011763777e-02,4.373494441865673210e-02,4.418495966803357572e-02,4.399507599003785185e-02,4.381445695462349299e-02,4.411007148802879169e-02,4.373308292702238892e-02,4.364437051876874502e-02,4.388951697101316218e-02,4.357734243475888669e-02,4.380174082484893788e-02,4.356593084115915199e-02,4.362201642602173829e-02,4.421129836465599594e-02,4.392733110026787735e-02,4.403005493276418436e-02,4.392804788832009588e-02,4.371572593150128277e-02,4.372710755800564980e-02,4.367027100934928879e-02,4.383604940577965486e-02,4.373354670258682020e-02,4.369378166722787810e-02,4.380157080016960219e-02,4.357503556421175872e-02,4.375792718551080318e-02,4.365071196644256663e-02,4.332352965282704887e-02,4.375908822015635302e-02,4.341033037016543694e-02,4.396008432307058067e-02,4.384083207767443258e-02,4.379470803750418195e-02,4.372609636976202557e-02,4.357189326364060977e-02,4.379062423256493281e-02,4.389235033868570807e-02,4.399502737402086194e-02,4.390830407292278109e-02,4.367428748507631159e-02,4.370608055108377715e-02,4.351385159117328316e-02,4.376401597721063519e-02,4.363261496925139454e-02,4.394280225582391369e-02,4.352337442156391234e-02,4.367879596418433596e-02,4.389650022947364644e-02,4.344792539136601434e-02,4.372241714675116631e-02
4.278037097185137527e-02,4.309877695130719111e-02,4.300993577628008796e-02,4.267531394186558497e-02,4.305502062752737669e-02,4.278488636382143939e-02,4.299749016728521972e-02,4.279024626055890484e-02,4.295963128459742708e-02,4.309511700548361579e-02,4.257795003007461970e-02,4.293808551515208155e-02,4.308464247168517641e-02,4.310407820592924988e-02,4.290217182125048018e-02,4.278627763474313062e-02,4.279227916335486687e-02,4.282016412760235313e-02,4.291942245537723466e-02,4.273187980594829460e-02,4.251531459000196245e-02,4.233329872371028452e-02,4.240922715685803424e-02,4.283000344531173037e-02,4.289486836175222112e-02,4.268930283798118980e-02,4.286376930038903604e-02,4.281677055792866560e-02,4.299595288837114448e-02,4.273666770398473064e-02,4.270672069410118288e-02,4.280899706510762209e-02,4.308356203728336969e-02,4.270500234643362369e-02,4.312816938958473345e-02,4.277627118042875293e-02,4.272116151571837828e-02,4.280893097523571361e-02,4.290181426452476660e-02,4.270952855008477295e-02,4.273759913406380978e-02,4.249759843924656028e-02,4.285268722661305513e-02,4.315047652530997618e-02,4.287969721405332502e-02,4.296939767672974808e-02,4.292837448856019061e-02,4.285598204383896798e-02,4.300758816186991962e-02,4.287402505280695636e-02
4.194892532101816146e-02,4.212876126085000200e-02,4.150663158210102233e-02,4.176931034005684079e-02,4.151597933161956661e-02,4.199628344614736442e-02,4.223774752078390815e-02,4.189575848621023696e-02,4.212409383896945775e-02,4.206977705576102344e-02,4.208317769360091914e-02,4.158104916671789830e-02,4.180532067373746857e-02,4.192705803668711484e-02,4.198835737015249592e-02,4.207269432824042865e-02,4.181193457300511063e-02,4.214696840402245431e-02,4.175490801302850219e-02,4.212211925092419762e-02,4.208635274122059927e-02,4.155952739529384515e-02,4.186395668464620162e-02,4.194834059484961464e-02,4.211008988828667671e-02,4.230597287853912064e-02,4.165323078081911018e-02,4.178181860098916650e-02,4.174485805753521545e-02,4.167978052478116952e-02,4.210115967135336784e-02,4.200030414237353182e-02,4.197155120773737869e-02,4.221824983928933184e-02,4.216077949638691313e-02,4.173410755495962632e-02,4.192815526350844590e-02,4.185965928610688863e-02,4.164231334970979609e-02,4.187411213558824008e-02,4.212739314939376728e-02,4.157238082373315713e-02,4.154173975081528608e-02,4.185318038492275017e-02,4.167788557221230317e-02,4.154963200137513912e-02,4.167901387683475151e-02,4.197212273912465791e-02,4.151546724056999482e-02,4.178271425141022455e-02
4.077578523896287915e-02,4.084046526518446407e-02,4.079379575811747233e-02,4.105380359663788475e-02,4.086517621620480711e-02,4.065179424170051875e-02,4.130138466765594096e-02,4.071640983657631718e-02,4.111538750303648376e-02,4.114073165220318712e-02,4.079078660944600310e-02,4.120616719388320304e-02,4.093215881218290747e-02,4.077474001390862107e-02,4.089578607995518478e-02,4.085423065980851171e-02,4.091420587540821330e-02,4.072116110044033538e-02,4.072024707618567690e-02,4.103552536028717834e-02,4.122026205167814150e-02,4.099768288164563207e-02,4.089083609591771112e-02,4.107621517208612238e-02,4.090796477499373390e-02,4.090524955775428489e-02,4.053081808404033343e-02,4.109544540503396598e-02,4.100614636392829748e-02,4.105962663241780053e-02,4.096392204856529051e-02,4.096485000728777859e-02,4.113863570927926705e-02,4.120085296131052038e-02,4.044597371421180393e-02,4.085362272345201967e-02,4.100037909847807638e-02,4.103711858441143334e-02,4.113860098712614904e-02,4.087249613864989833e-02,4.115224110715961364e-02,4.060960597251027371e-02,4.079151843421470469e-02,4.098717275264582988e-02,4.085928060082587299e-02,4.080798864859618708e-02,4.071685147670258548e-02,4.109586209531439216e-02,4.081615001552686001e-02,4.082751090898249779e-02
3.983090957020731654e-02,3.968063346018716603e-02,3.982745619535608267e-02,3.962760859305056865e-02,4.007149150303261631e-02,3.966914667753984602e-02,4.012888373398541125e-02,3.958537836210699462e-02,3.971335948484636807e-02,3.987627567524876931e-02,3.966509792131388268e-02,3.982988342103681995e-02,3.976999239152681498e-02,4.003167339161300270e-02,3.993575241900659129e-02,3.960169098181030856e-02,4.021724795917274581e-02,3.985137507875868151e-02,4.015840629686522750e-02,3.983691925406605133e-02,3.978109885583431399e-02,4.002220761529721310e-02,3.948936898189764344e-02,3.987109367389155695e-02,3.973344341090050830e-02,3.943713347717389683e-02,3.982318409660041969e-02,3.950819247270504625e-02,4.008689236441449755e-02,4.024175550808507806e-02,4.005465158457627989e-02,3.988554660441172295e-02,4.018376137969895817e-02,3.994332202773604595e-02,4.002807047735497392e-02,4.019469081742145511e-02,3.985090538610501498e-02,4.052762236635776283e-02,3.980157423239306935e-02,4.002791726041683706e-02,3.996642646475756511e-02,3.985397061389169687e-02,4.007815934166349819e-02,3.986005742456575490e-02,3.969553871698835307e-02,3.987562946560360699e-02,4.025936843771749790e-02,3.967510699908845945e-02,3.959477109515825016e-02,3.993434851438762423e-02
3.902429033617531295e-02,3.873275972551903923e-02,3.882632293854657024e-02,3.887959934371577192e-02,3.892634557835629450e-02,3.921358176549993163e-02,3.892703345712827945e-02,3.870315322778850736e-02,3.906471244830269501e-02,3.905075221871599084e-02,3.913430301917344284e-02,3.821284498080015218e-02,3.874275917943693914e-02,3.891207075895000700e-02,3.885252903603202829e-02,3.884797886174741477e-02,3.879542109839823755e-02,3.921221767374469952e-02,3.917331448015873990e-02,3.877982468030371360e-02,3.890621061219200899e-02,3.886576327641920459e-02,3.890585740325961522e-02,3.901465424998341175e-02,3.902157227282167240e-02,3.880301192785907960e-02,3.894121896456846643e-02,3.848614918864665807e-02,3.900945657435739983e-02,3.897595233774486106e-02,3.856047121312088793e-02,3.907483197668280145e-02,3.890181934995485397e-02,3.884779239802432782e-02,3.912888668038511097e-02,3.924637126145329169e-02,3.890052328779744495e-02,3.886435033177135928e-02,3.885930994613005784e-02,3.857553464497347900e-02,3.862185595632151164e-02,3.854344035388136691e-02,3.872018286061070652e-02,3.883635677731731711e-02,3.892805664695030143e-02,3.898650526864523569e-02,3.887971717172870184e-02,3.903660001126502133e-02,3.816906609745997214e-02,3.886146141952107058e-02
3.791384916526777810e-02,3.785943216135390782e-02,3.803598717506947308e-02,3.788049611920351473e-02,3.805977639863231815e-02,3.797399829362638202e-02,3.814657276370363170e-02,3.809204776920447483e-02,3.774674212027281928e-02,3.741582095413942266e-02,3.787900687690604756e-02,3.776750196073418858e-02,3.770023245851773092e-02,3.800589177337152652e-02,3.832524861285743073e-02,3.758992462811410612e-02,3.779078169312501817e-02,3.793591807257901821e-02,3.772595418688578367e-02,3.807149678971469275e-02,3.807801392775285454e-02,3.792110655549266185e-02,3.752029945837913327e-02,3.796810134254859082e-02,3.813226044508126467e-02,3.758845833336366821e-02,3.775313460090049672e-02,3.830283158678427641e-02,3.772623119353128718e-02,3.778225317958513324e-02,3.788245583255798327e-02,3.780452249054278707e-02,3.763781949024604112e-02,3.745267912172572933e-02,3.745770772922880215e-02,3.767162522785015566e-02,3.806997907850677432e-02,3.768033868653649504e-02,3.752179050168745478e-02,3.778225986749394333e-02,3.761896591561161157e-02,3.792706321438828188e-02,3.824217501222328119e-02,3.787654025172020045e-02,3.776036691286840941e-02,3.754294316888692057e-02,3.748241812594343969e-02,3.787664043176880435e-02,3.823302072003941648e-02,3.787504535751685247e-02
3.666511140892670523e-02,3.699777489912887268e-02,3.670743500463248543e-02,3.674864028426395174e-02,3.682586444263422770e-02,3.666928160043554652e-02,3.635530643526981021e-02,3.684005068278191353e-02,3.673355181893347976e-02,3.702719393112847979e-02,3.679677580480968796e-02,3.675486477304373140e-02,3.672223313880818019e-02,3.649962381172267706e-02,3.619732468066558934e-02,3.666424407391977169e-02,3.672215745026956302e-02,3.690823810904026586e-02,3.666113813254412435e-02,3.652680906655254855e-02,3.657935675797837488e-02,3.656782127314201630e-02,3.656689229913623329e-02,3.661142996515465153e-02,3.692142995610984968e-02,3.646648029435294036e-02,3.684758388292364711e-02,3.663218461725586961e-02,3.677580955616565478e-02,3.654001101289551523e-02,3.682076845421190792e-02,3.608223959279203974e-02,3.665629044489818189e-02,3.671946147885463835e-02,3.632166991242986864e-02,3.657425539679174525e-02,3.696145068696617131e-02,3.680277037177850236e-02,3.653313612783370967e-02,3.662937785600260676e-02,3.660227588858049053e-02,3.669271258960607462e-02,3.658109582262415727e-02,3.649859915398367266e-02,3.672286819104159800e-02,3.632101946942412063e-02,3.678842054544519125e-02,3.650895558193951312e-02,3.671423191528200292e-02,3.660823320501373906e-02
3.538780939209189291e-02,3.544740601348456144e-02,3.551989994314123933e-02,3.533216931031533253e-02,3.554307143244873207e-02,3.564849037905044871e-02,3.571759591502204206e-02,3.569254582354354499e-02,3.543587214131078272e-02,3.554597223347294443e-02,3.554655017032316844e-02,3.536706299731653264e-02,3.507756875334962915e-02,3.577362892290614910e-02,3.534653358874666196e-02,3.553310148360556975e-02,3.586881504141093552e-02,3.521751705658528186e-02,3.567195915344747309e-02,3.562759675941789411e-02,3.556106076037553188e-02,3.527423645030746541e-02,3.546345964159250408e-02,3.542846823316465193e-02,3.576763753739186508e-02,3.586004162621355545e-02,3.559222968013383420e-02,3.552923687135213504e-02,3.583870788257449702e-02,3.514950803898009984e-02,3.600624691390900967e-02,3.540434999168037833e-02,3.525916563927145031e-02,3.531068596600033666e-02,3.556559622066064047e-02,3.557952363392750256e-02,3.526337148808069560e-02,3.542652780671767115e-02,3.492723159584333603e-02,3.526623698788684119e-02,3.546014177513124449e-02,3.541731980192849849e-02,3.574750977556791914e-02,3.525757484585405332e-02,3.551493461382648764e-02,3.528247868662565817e-02,3.563312716067700003e-02,3.523582786511865461e-02,3.538798734456852918e-02,3.546678205659627159e-02
3.408201178287191546e-02,3.416822339250906448e-02,3.476383896321629668e-02,3.463308603901479182e-02,3.410073745026576120e-02,3.437009246236904375e-02,3.407381171026574451e-02,3.481743623359396383e-02,3.425581234017614773e-02,3.424440859207127791e-02,3.427113280403425860e-02,3.437089782894924006e-02,3.417297596052203817e-02,3.459079053709901430e-02,3.442765618671359690e-02,3.464691813151841993e-02,3.427601378202148330e-02,3.416499395479885570e-02,3.422824671479011982e-02,3.441444710367054516e-02,3.442483247760174531e-02,3.439613907311942637e-02,3.415647391027291230e-02,3.376951902129838451e-02,3.416911567411962808e-02,3.424325449923592418e-02,3.458805577964976091e-02,3.449106319185682445e-02,3.402502792320837716e-02,3.427430803716325497e-02,3.439958207399466256e-02,3.429061622327746889e-02,3.453786359322929406e-02,3.423668728127569200e-02,3.457333787931426983e-02,3.418716730099891077e-02,3.407938499424533613e-02,3.446175828347122772e-02,3.448502873912719785e-02,3.454629139664947696e-02,3.429013719700079593e-02,3.425874183882009899e-02,3.453317372177753392e-02,3.458585484277997002e-02,3.445098446107091456e-02,3.423336394043167974e-02,3.445151491685028572e-02,3.379094671658824933e-02,3.424408045827110475e-02,3.431117966597416885e-02
3.329479980547157131e-02,3.298002941964109369e-02,3.304050341546201780e-02,3.309824305148016677e-02,3.319123281166241196e-02,3.248878525455865807e-02,3.324715424463135088e-02,3.311604784678773283e-02,3.292067643905199903e-02,3.298384766052264716e-02,3.325051971858897920e-02,3.335225792065243944e-02,3.347739160277202891e-02,3.318004476012330339e-02,3.291335425028708156e-02,3.337595661040889533e-02,3.290368143775451726e-02,3.290835722123493928e-02,3.348485741219858758e-02,3.312568853852802114e-02,3.289870904490886649e-02,3.311197948291347976e-02,3.278715383053783239e-02,3.310663114325355233e-02,3.288303560394124220e-02,3.293921885926147375e-02,3.323238101148042606e-02,3.300290294916735645e-02,3.284395232182224511e-02,3.315027961522118427e-02,3.334281000633958214e-02,3.327496597868303402e-02,3.289261734130072279e-02,3.281122740373926955e-02,3.320524630201338728e-02,3.272385552519117835e-02,3.300991107804285285e-02,3.309174477847854484e-02,3.337628564789313357e-02,3.295538658759858408e-02,3.292761860594742296e-02,3.293065779694923784e-02,3.326496310363484532e-02,3.288146642605482839e-02,3.325781212010783111e-02,3.317363911460234627e-02,3.297118728533538629e-02,3.314685703878089001e-02,3.293114184502513725e-02,3.291349537502901573e-02
3.202724389140569616e-02,3.169868874870312991e-02,3.169637729450475866e-02,3.187701027574720708e-02,3.164783910424476265e-02,3.165068176265081745e-02,3.137366386430813503e-02,3.209218148058395198e-02,3.204193690645133763e-02,3.179313847941169641e-02,3.178933307163282762e-02,3.160032739574670374e-02,3.164693630274443420e-02,3.191087674236063598e-02,3.174994938455567156e-02,3.102015610739675827e-02,3.193133907762747692e-02,3.140169933825911336e-02,3.211687909501536459e-02,3.198456201423834772e-02,3.167260415307841109e-02,3.150435144459495795e-02,3.163099551998084513e-02,3.194780904585461934e-02,3.174250405515575274e-02,3.191619584383996455e-02,3.205745102004503577e-02,3.175524547530902963e-02,3.167137855059668633e-02,3.195056550670300616e-02,3.173891712215465288e-02,3.148048707813362601e-02,3.162476547805914695e-02,3.197360808075581928e-02,3.187304903323331939e-02,3.176365421314559373e-02,3.180019596239948981e-02,3.180666500891836390e-02,3.181954294824482915e-02,3.172763379867246658e-02,3.176290764785378445e-02,3.187399406752801367e-02,3.225555952183588315e-02,3.196737133593704344e-02,3.186416682345188239e-02,3.193198340440807359e-02,3.160263682461528917e-02,3.200369479263717037e-02,3.188036697017682802e-02,3.140124149372273271e-02
3.040786107112153011e-02,3.035265403599754497e-02,3.062118183304042562e-02,3.002064296954411529e-02,3.044615684234778727e-02,3.064410826519820691e-02,3.052683904466766893e-02,3.055552047265173987e-02,3.047644768517650954e-02,3.030552577664088684e-02,3.032250675239834409e-02,3.063294906788853467e-02,3.067056701034991464e-02,3.000803834151679478e-02,3.026151681785315892e-02,3.022904303668152298e-02,3.050234719436080780e-02,3.008772877444304550e-02,3.052609310589347869e-02,3.053344948747307996e-02,3.048972154380071020e-02,3.049370643364717262e-02,3.069529135301017966e-02,3.055300128090289793e-02,3.043739712125283561e-02,3.089425748430126017e-02,3.058846789520897405e-02,3.061890232836142478e-02,3.059049616931280163e-02,3.062529184634699489e-02,3.033940957178671641e-02,3.062693393293323268e-02,3.052096516377855381e-02,3.013755974836319906e-02,3.043926352583833927e-02,3.089285975123751485e-02,3.042087093816183904e-02,3.039400066034918593e-02,3.080283317938026233e-02,3.085736033700316183e-02,3.061275208512266241e-02,3.057969583788435614e-02,3.056086514267337614e-02,3.001448410068760508e-02,3.047144040214075714e-02,3.027454692550800991e-02,3.050816647688827168e-02,3.055297316804426316e-02,3.055271427325787978e-02,3.018291307397259066e-02
2.916679847475369541e-02,2.897152448995226476e-02,2.901540042662414942e-02,2.917114406455935047e-02,2.916773872727626560e-02,2.935293887384840192e-02,2.918865386062725886e-02,2.951893888858150156e-02,2.896731884185757208e-02,2.914490318419114476e-02,2.914224154486122834e-02,2.928366502464625418e-02,2.898013656359730780e-02,2.918661689892486019e-02,2.927645708288727916e-02,2.885554925068273269e-02,2.948294558816378502e-02,2.936391102754267249e-02,2.929572120151007625e-02,2.922568985384155563e-02,2.945366506072889454e-02,2.918641614370403106e-02,2.913400146657264822e-02,2.911686010771664945e-02,2.902078378134947956e-02,2.915233606965726004e-02,2.919516169385690321e-02,2.935549632065079934e-02,2.925889255356899782e-02,2.922499345942504087e-02,2.905427260993530963e-02,2.873943441595585777e-02,2.911185390903070838e-02,2.927680034968583797e-02,2.906203930213084943e-02,2.875317294114222710e-02,2.907810497612436929e-02,2.900408493174596106e-02,2.896758109273834050e-02,2.896443783974654920e-02,2.954084908369381327e-02,2.907073551039006040e-02,2.921657500244854294e-02,2.927623874759725450e-02,2.928039896182414725e-02,2.966182231780366968e-02,2.912375014835371853e-02,2.917833002725205016e-02,2.908179703544499020e-02,2.916698849579770630e-02
2.771713047066806310e-02,2.811274993724715079e-02,2.793218332921513364e-02,2.792136338579779414e-02,2.785062740963607439e-02,2.773255495525877787e-02,2.797120351932198476e-02,2.787788037302805361e-02,2.780584198897763371e-02,2.773461657312550205e-02,2.766405231487407967e-02,2.811754434593966012e-02,2.767095026568855767e-02,2.784812189615591335e-02,2.762259180843159787e-02,2.781346729076344254e-02,2.791669246637288465e-02,2.765419720587068003e-02,2.730741871452527225e-02,2.770250262993825124e-02,2.768620410706089038e-02,2.754775216680583130e-02,2.754395841916183058e-02,2.766300427970147177e-02,2.756624841616030219e-02,2.773251604711905391e-02,2.795688265014880172e-02,2.741571301207478342e-02,2.777988098667906122e-02,2.789732906717085070e-02,2.756866607590826093e-02,2.768081631079471680e-02,2.765110014912810360e-02,2.793250454016796280e-02,2.749049502742332077e-02,2.786345746521039571e-02,2.791501591533465665e-02,2.736650213300634293e-02,2.770488969558335818e-02,2.734482252852785469e-02,2.775325890116809441e-02,2.773733715710282460e-02,2.779456293971139733e-02,2.803645300370318297e-02,2.761931659423545390e-02,2.754671579511607307e-02,2.783949009425264881e-02,2.780641090161595219e-02,2.748830636236357372e-02,2.810173935964731251e-02
2.623591008980056399e-02,2.633752234226709871e-02,2.622230477597942491e-02,2.634555503981917193e-02,2.601327961013915127e-02,2.613271666201717400e-02,2.645468525154781592e-02,2.611355557160319543e-02,2.615790040607744379e-02,2.617578906239766134e-02,2.623453578583909498e-02,2.608488073832729987e-02,2.610944107135998102e-02,2.619179452854727627e-02,2.611907455658803168e-02,2.615291187961910416e-02,2.614975237945721745e-02,2.627379630729578808e-02,2.605864426757224794e-02,2.647596495566786542e-02,2.607039990171072449e-02,2.610683696515535279e-02,2.623800131024533674e-02,2.630765816947533420e-02,2.627798291644577525e-02,2.610792034540097145e-02,2.601206215151811302e-02,2.628773318298414235e-02,2.609966178877970791e-02,2.625265300368701676e-02,2.604048651386051474e-02,2.622874684776400206e-02,2.639264970396016860e-02,2.652492111271260999e-02,2.623061622101176618e-02,2.594119185977498271e-02,2.583377551685630408e-02,2.612381676669064262e-02,2.637274002500135037e-02,2.619140631206023223e-02,2.628276114120426180e-02,2.620422667987080609e-02,2.640195280793754262e-02,2.636343685674337467e-02,2.685993894374752097e-02,2.622415440334889200e-02,2.583317248963425822e-02,2.627426783591899073e-02,2.608412695159353922e-02,2.676201515622071703e-02
2.479526682231253734e-02,2.442776459632759953e-02,2.448193618445767411e-02,2.473498265892955586e-02,2.495784082742404791e-02,2.492636079891642764e-02,2.477749454850050603e-02,2.474446770672093787e-02,2.480551226730530814e-02,2.466202054794263548e-02,2.504563314243559574e-02,2.439513893699094341e-02,2.489414723621502512e-02,2.480347232508479591e-02,2.464343989476374883e-02,2.485669750719103968e-02,2.489524591120241895e-02,2.481551135041850167e-02,2.488414942700602206e-02,2.474839367933167472e-02,2.493892924151340160e-02,2.480870214191849624e-02,2.483658428465202947e-02,2.469577186605467420e-02,2.507823235337875573e-02,2.482225332565234435e-02,2.462997841875427113e-02,2.497631249625782701e-02,2.463861839404281676e-02,2.500131985098212953e-02,2.522979154386056216e-02,2.447638109613724244e-02,2.465746612402321819e-02,2.478472145875391941e-02,2.491803957469655717e-02,2.480613052379368466e-02,2.506767787649233706e-02,2.469420863383037582e-02,2.501816504457573045e-02,2.481558617101748895e-02,2.454756792871695334e-02,2.449030887123471514e-02,2.464529427528249980e-02,2.500284084359725295e-02,2.473609381128114709e-02,2.445717262161362787e-02,2.480321750964643857e-02,2.490589372714879790e-02,2.497088084681091044e-02,2.458298892377472691e-02
2.347221810603598163e-02,2.322870026920395223e-02,2.335939101002851986e-02,2.360461816016820244e-02,2.342582560370068054e-02,2.352779968495621876e-02,2.299245630716084329e-02,2.323896836879130873e-02,2.315735076693309011e-02,2.318299420741808115e-02,2.302904392908965495e-02,2.294646443610275088e-02,2.323252841813735342e-02,2.310340405243106743e-02,2.312288310931692736e-02,2.317952746667426012e-02,2.328126013777435596e-02,2.325299931491878538e-02,2.353937096126448511e-02,2.345613152732329773e-02,2.332646174510842260e-02,2.350164041612411853e-02,2.369398933273703448e-02,2.343996711139222436e-02,2.309900619519794640e-02,2.331824490734497185e-02,2.372325153349206031e-02,2.372040968956642265e-02,2.306489115830358261e-02,2.316628644213577018e-02,2.328108893738231946e-02,2.349323684161338729e-02,2.323064575710068538e-02,2.352998229186434309e-02,2.316872928654621286e-02,2.297133554288972521e-02,2.390885972830530601e-02,2.317764590110127365e-02,2.325516868587376024e-02,2.357592853122020618e-02,2.341202971667371083e-02,2.345445526075027459e-02,2.295118570284332415e-02,2.338258333088226795e-02,2.308616375990006978e-02,2.350895649628272771e-02,2.323896771960185306e-02,2.344075825779252248e-02,2.355926235792185630e-02,2.320568610452775071e-02
2.146554572149704521e-02,2.216457289277606879e-02,2.176684787021210613e-02,2.140363379711798797e-02,2.164911721583144197e-02,2.167451927614179319e-02,2.200192416373999982e-02,2.145298866934964785e-02,2.161542425993868283e-02,2.171857770248083672e-02,2.181036791800840605e-02,2.168892320714052233e-02,2.169117845371397110e-02,2.187003322406080863e-02,2.189250283641191314e-02,2.183746071503706726e-02,2.167035267322144423e-02,2.169550183067990926e-02,2.175955302982132689e-02,2.182013213865487133e-02,2.165755619200108312e-02,2.158096916061328502e-02,2.202657743012687713e-02,2.181087827917028640e-02,2.168193259982466314e-02,2.167663133788996430e-02,2.151406655439427190e-02,2.160588645075261702e-02,2.176410230020234954e-02,2.125410160734433895e-02,2.182878064554351696e-02,2.172980224400840321e-02,2.195481492906811022e-02,2.194883967415401857e-02,2.169024784060373176e-02,2.155073245701396786e-02,2.126556748900622698e-02,2.168663014047883184e-02,2.137584793083935342e-02,2.170069864357349401e-02,2.191568803732466333e-02,2.138579114894699137e-02,2.176419446879758121e-02,2.204648435368439588e-02,2.209000451320844438e-02,2.163523245992734004e-02,2.171654375702098197e-02,2.149342705800719525e-02,2.181509270060586966e-02,2.125163547637576311e-02
2.015614659925985680e-02,1.983935315953444523e-02,2.044303669998114720e-02,2.028798119885505402e-02,1.967621559916836113e-02,2.003524053435317906e-02,2.004289586262489320e-02,1.995540946276686683e-02,2.014805326973486549e-02,1.983552629970428138e-02,2.017254583787754171e-02,2.002291084402200647e-02,1.980152197742385614e-02,2.019876584453676044e-02,1.977261274945430955e-02,1.984028156437572452e-02,2.034714828256612221e-02,2.049190318442057138e-02,2.033336554822689698e-02,1.969321771511485519e-02,2.013277450952461953e-02,1.991682448374336792e-02,2.008486076172835352e-02,2.016369501307465131e-02,2.009784095032004364e-02,1.997264213420675213e-02,1.979499390262129399e-02,1.990185659829814616e-02,1.996223066776195432e-02,2.013341263286943378e-02,1.994300372626234275e-02,1.991947446149764864e-02,2.017384040903499529e-02,1.971879546318305171e-02,2.022471772310169627e-02,1.994422192981926481e-02,2.012714000240471701e-02,1.981533215345484752e-02,1.997361254933058619e-02,1.996709297630101451e-02,2.016494185904525727e-02,1.982718871069451272e-02,2.014112805666347372e-02,2.011071442556581698e-02,2.038349644141372596e-02,2.002786839133153390e-02,2.048545457890794258e-02,2.038316554552679905e-02,2.000673271401117240e-02,2.011689796346212422e-02
1.869151949515278355e-02,1.827578506730067470e-02,1.862120990407394039e-02,1.832531043205004248e-02,1.827156287260271739e-02,1.843750130588828542e-02,1.824076859347076307e-02,1.806682530128430816e-02,1.883068913044631462e-02,1.866924235503742216e-02,1.811965259115457319e-02,1.904448698720221864e-02,1.821327605016515028e-02,1.833906741335235638e-02,1.836989812913989925e-02,1.856462587035520584e-02,1.818969006462830412e-02,1.819354554639647514e-02,1.829416620357634041e-02,1.825823395597358026e-02,1.829763369146090654e-02,1.807017234003883283e-02,1.828448841676084263e-02,1.839159818391171430e-02,1.791107683541976955e-02,1.834513624672205745e-02,1.844208844387417931e-02,1.845074972743686662e-02,1.848553061875803094e-02,1.868371232993915748e-02,1.829407925016935874e-02,1.834815118326372715e-02,1.827300690178167847e-02,1.853521242219466347e-02,1.805042236240205628e-02,1.833582725286609511e-02,1.838880419624479637e-02,1.835741524781768844e-02,1.879972330717937998e-02,1.840890277052799340e-02,1.850784596578200839e-02,1.838573827315299544e-02,1.822359260885438384e-02,1.845707517855981264e-02,1.841873748668926281e-02,1.863141843599108033e-02,1.790869626077996879e-02,1.844420256707060904e-02,1.845914000476972863e-02,1.852359229275030161e-02
1.634710729299654330e-02,1.648226168830655911e-02,1.697363048853335263e-02,1.688526564528171001e-02,1.653239725733740215e-02,1.651225291234127354e-02,1.655899375551670577e-02,1.684753401929999297e-02,1.658160762773206939e-02,1.645310733332125061e-02,1.649750252963284522e-02,1.653402410668640757e-02,1.681209365838591541e-02,1.659636435874757912e-02,1.670175191228137276e-02,1.674722179798606228e-02,1.639544359711052335e-02,1.628342971781806744e-02,1.669295984797066965e-02,1.660212944426314036e-02,1.664932144349261581e-02,1.690707858411223327e-02,1.657621705451796379e-02,1.673334363510505657e-02,1.637211074616741480e-02,1.661353302655991723e-02,1.655039123413111143e-02,1.635224068923831972e-02,1.651651043096735369e-02,1.660887899385732336e-02,1.665656612643903745e-02,1.629732137261798164e-02,1.641604403319476060e-02,1.669207230957260243e-02,1.653223444963474939e-02,1.688683162714720021e-02,1.635722920647652082e-02,1.652522083433556263e-02,1.663558941618903386e-02,1.657484686590110501e-02,1.663436951982436018e-02,1.689248470506612629e-02,1.625682899060799588e-02,1.683745017412674808e-02,1.643613942793434313e-02,1.678481341732585355e-02,1.675454209305240680e-02,1.645237464549490630e-02,1.658501387961949791e-02,1.655877259005921961e-02
1.486589185530871882e-02,1.487667967549251291e-02,1.462259203711384868e-02,1.483278914609965048e-02,1.497443451221168974e-02,1.457833850633719411e-02,1.494476998768400761e-02,1.477364325350537591e-02,1.498207748293539990e-02,1.488540247166842204e-02,1.503352988430198094e-02,1.456990263003327124e-02,1.475879199534034167e-02,1.503896998340268840e-02,1.480725318278329830e-02,1.491695706011253626e-02,1.479575355359360848e-02,1.472361314950014315e-02,1.464812385863133691e-02,1.518603142713133118e-02,1.496423297623249681e-02,1.474670404304571913e-02,1.486802163464941498e-02,1.459659013331696641e-02,1.523330683246984160e-02,1.505418278560878564e-02,1.516561891109999803e-02,1.487774215552207201e-02,1.473040761629294815e-02,1.474612261003379991e-02,1.498326676613447039e-02,1.517501766028146737e-02,1.531074016223297855e-02,1.485363464100575813e-02,1.453032749049465618e-02,1.486631484856799738e-02,1.487743662274667797e-02,1.480978218443909297e-02,1.452085268221714638e-02,1.437012273940518545e-02,1.500014365275003508e-02,1.518235459343117953e-02,1.507908887120410629e-02,1.520016680118726864e-02,1.501014574603404435e-02,1.495782407356995719e-02,1.458897418913767015e-02,1.470742740005010277e-02,1.453453521469215415e-02,1.451918358630847200e-02
1.303342490583922660e-02,1.288566294042987372e-02,1.333343144244530064e-02,1.282429794106233062e-02,1.250157335832309362e-02,1.283703185755736241e-02,1.315979105577174887e-02,1.281777894521978628e-02,1.311610588640299384e-02,1.315759274017182061e-02,1.310458476411116568e-02,1.306955167164657906e-02,1.289756860835838785e-02,1.262229445586267491e-02,1.284498973211012189e-02,1.282328629058366275e-02,1.277225897697132836e-02,1.317751243697146656e-02,1.266001224616747876e-02,1.343726702214695541e-02,1.324343090816807247e-02,1.302699772029321766e-02,1.288890035398306509e-02,1.294936990087761780e-02,1.311946446812619835e-02,1.282334525915156988e-02,1.304611030862632554e-02,1.320164680194710859e-02,1.297866196532236616e-02,1.291012718944349949e-02,1.315001158150638609e-02,1.287157476906702555e-02,1.287502970505740446e-02,1.293316118013678080e-02,1.311242138820383797e-02,1.316438172570736156e-02,1.322478938304231383e-02,1.291629823603862408e-02,1.298658418324514542e-02,1.307241766595557304e-02,1.259004754646177518e-02,1.288693857687143139e-02,1.307496142896577042e-02,1.311954306330288637e-02,1.257749473165576878e-02,1.311224626567053693e-02,1.298722831976980956e-02,1.283162405327377929e-02,1.294402259772345354e-02,1.323118568060087027e-02
1.094559344436298216e-02,1.092606346188285983e-02,1.099968562025118585e-02,1.069356590024155527e-02,1.118466929292514893e-02,1.100365234878519609e-02,1.101616970285045419e-02,1.093354092741432616e-02,1.118628132633297037e-02,1.059634101516574931e-02,1.079404346454310333e-02,1.131241198094825283e-02,1.116364146164156718e-02,1.134790505016848063e-02,1.112505119774750105e-02,1.111645265051688578e-02,1.063842970729627670e-02,1.090709691969206016e-02,1.094297943553701816e-02,1.092621837680589694e-02,1.081320904153218812e-02,1.097593637787229112e-02,1.071486583260090018e-02,1.107578231310217889e-02,1.103030930017595557e-02,1.106024695275445620e-02,1.112419004599528478e-02,1.103388069311867295e-02,1.056193260679748162e-02,1.135020315186974736e-02,1.092716940717128327e-02,1.094866798256842987e-02,1.130693913924429340e-02,1.098230597211966031e-02,1.127152987620093881e-02,1.088211168590113263e-02,1.114320627253182795e-02,1.096318149597427967e-02,1.114118829444527004e-02,1.066987490012296508e-02,1.129378343808739617e-02,1.077426823869035745e-02,1.075695653213788044e-02,1.120274414279620427e-02,1.098509920834857961e-02,1.108924011857001686e-02,1.109686425042116786e-02,1.091549229133453695e-02,1.092066945040536322e-02,1.078862045969201759e-02
8.539955621038521072e-03,8.943732022157301412e-03,8.822910428814955547e-03,8.951040704245554619e-03,8.726618238050065993e-03,8.804037600876583533e-03,9.069601388916758225e-03,8.943993632748727454e-03,8.990561794539879414e-03,8.999431524651740899e-03,8.715616643894382939e-03,9.108926751551544784e-03,8.845813892351556476e-03,8.925615610170497052e-03,9.299090606518739185e-03,8.887346144983751528e-03,8.957843759054544969e-03,9.278289269165091585e-03,9.134255391089385681e-03,8.547894061450738920e-03,8.835500486212285315e-03,8.716712039048814253e-03,9.140859033025916514e-03,9.072757499032801931e-03,9.288939999207428133e-03,8.905834541995519271e-03,9.289445747888860558e-03,9.051995848527824573e-03,8.936278676694218645e-03,8.758158573632110824e-03,8.830949670793468778e-03,9.091764148426875400e-03,9.050520381922154758e-03,8.550881367173295000e-03,8.610863641092805429e-03,8.918433714421839312e-03,9.104095737097960342e-03,8.907191905057398884e-03,9.195330522684301913e-03,8.908075674603133445e-03,8.962222594105184043e-03,9.190799113356877201e-03,9.018566647541066336e-03,8.745558129763512933e-03,8.628259157479688246e-03,8.866844544443365853e-03,8.891281505013705344e-03,9.028230174517518428e-03,9.068455979148298471e-03,8.901890780703494016e-03
6.864276591779178496e-03,6.769883719868756596e-03,6.897260356455095151e-03,6.685967528768492658e-03,6.739071814081069173e-03,6.770756399240273823e-03,7.067508854133175769e-03,6.572091725368249364e-03,6.892748272736884917e-03,6.857989674072941660e-03,6.709240993973086126e-03,6.621744141708880461e-03,7.052594931629062661e-03,6.925545298430830360e-03,6.863557162030077888e-03,6.836707485016556458e-03,6.924208723911827457e-03,6.802460923701985317e-03,6.667490099196308161e-03,6.809624041422351025e-03,6.676535199170945296e-03,6.986832565619924273e-03,6.871060449624573699e-03,6.714917460759622231e-03,6.855154510696545404e-03,6.845916382443095922e-03,7.003625922163943598e-03,6.946646242731692282e-03,6.682851107861555694e-03,6.877132361632176671e-03,6.853933930261621628e-03,6.775643738944357557e-03,6.737124394658523460e-03,6.694774500529444838e-03,6.889712225786365392e-03,6.825984798504186601e-03,6.861853979015218943e-03,6.614911100159525867e-03,6.922922185955441773e-03,6.690457545391751207e-03,6.818027943175696340e-03,6.647358005510667356e-03,6.616937793848251710e-03,6.629177703011059075e-03,7.063649568778820019e-03,6.926140563599774390e-03,7.017738232016208257e-03,6.652219570479077186e-03,6.640891543967420048e-03,6.844778934612328648e-03
