2.807939229841019402e-02,2.958970652834033016e-02,3.303806361961166005e-02,3.447560828105770969e-02,2.761222275158924100e-02,2.697102771014307787e-02,2.728742914060865513e-02,3.112445987329623756e-02,2.462610828413656222e-02,2.538196111549053530e-02,3.001791960372002591e-02,2.871612984683001232e-02,3.832908603330573843e-02,2.892176265489183537e-02,2.586474987867865699e-02,3.346411455281243785e-02,2.847766895731439554e-02,2.672320451970072383e-02,2.657173743579976932e-02,3.429697591465159096e-02,2.987872678113679542e-02,2.752572665353704082e-02,7.018130552958808110e-02,2.738745974620624551e-02,5.990948842813286629e-02,2.567011742907551047e-02,3.470351519628873255e-02,3.097252643484983345e-02,3.363053043675989090e-02,3.252625008135320156e-02,2.750672272742777161e-02,5.595720928869907934e-02,2.782939054330817868e-02,3.370537652535420675e-02,3.438017791620268104e-02,3.231956624258325306e-02,3.382637102114314370e-02,2.926966276807388759e-02,2.992634472558227537e-02,3.070680757211676284e-02,2.638807301726700527e-02,2.796965229169071782e-02,4.438245192520543642e-02,4.719635992050213308e-02,2.668692247537257298e-02,3.182741348796958719e-02,3.393473613274308048e-02,2.516698267057405902e-02,3.256352304993069546e-02,3.749752370427544834e-02
2.712485349146525823e-02,4.962829314095962285e-02,2.591063278510522677e-02,3.164608425992949253e-02,2.879356684812712369e-02,2.866653217290209693e-02,3.244168006711928287e-02,3.381764080090403357e-02,2.729581140125929978e-02,2.756146070483272634e-02,4.710768491024357879e-02,3.076970148473012062e-02,2.649755527715435752e-02,2.851818331363733736e-02,2.620895541006426632e-02,2.925733667354098524e-02,4.252415865193496375e-02,3.267743635552090853e-02,4.114365687978246283e-02,3.053787480421768855e-02,3.129058855963867680e-02,2.661594495361346152e-02,2.972630245306851285e-02,2.771599763124293903e-02,3.134659465534271605e-02,2.909005904853214156e-02,3.065669623522537107e-02,3.747688712919615417e-02,2.719771341721321373e-02,2.612398378189496884e-02,2.631673229006236542e-02,3.580524454676609764e-02,3.063453780955921121e-02,2.903305128679958130e-02,2.688299289269802453e-02,2.968664171942286129e-02,3.825145851807890129e-02,3.363154171044931834e-02,2.763740348676352321e-02,2.771528450365371918e-02,2.671788128479658450e-02,3.434491480387130702e-02,3.194981882038454291e-02,2.888278649847249302e-02,2.941888403485120804e-02,3.514617226625148250e-02,3.586267514008290025e-02,9.977794626483199592e-02,3.022345995265371399e-02,2.966313219597230960e-02
2.585641822442169557e-02,3.255600877988315545e-02,2.590502088650413134e-02,4.715825182241512731e-02,3.602663968648307097e-02,3.364784093998183373e-02,3.316019490368544292e-02,3.362959162658947510e-02,2.612799421978333203e-02,4.876913769542380594e-02,2.825888421129209294e-02,4.140925364552463378e-02,3.319314645726613444e-02,3.493293592772759443e-02,3.340366411630767141e-02,3.929582226315144616e-02,2.948483001677026927e-02,2.723053564415449726e-02,4.745297082162768659e-02,2.983316496426963865e-02,2.614264903909420054e-02,2.769500074859869432e-02,2.645330152958736206e-02,2.591099203830513412e-02,3.148487824918511091e-02,3.479815729593983137e-02,2.701621605904446985e-02,3.146757280496992326e-02,5.098489504821306084e-02,3.376992759785442388e-02,3.498079225474727549e-02,2.908679154783166271e-02,3.183786064481630013e-02,2.514285165772926073e-02,2.678743653693864066e-02,3.156611394672597520e-02,2.774806944658839147e-02,2.820145062497658034e-02,2.513111821227594772e-02,2.532232264218004653e-02,2.579058771893091156e-02,3.322103875346812951e-02,2.740408105489311463e-02,2.799080929155189912e-02,3.463825184028115900e-02,3.239621003029174301e-02,6.198612252329091521e-02,3.561471161002273400e-02,2.796172634993593017e-02,2.995804487857496937e-02
1.130961201368136659e-01,2.764907829900877315e-02,2.875133646453248079e-02,2.849746213048440224e-02,3.358406756856793102e-02,2.727875774866405853e-02,3.499410237346507052e-02,4.014071942324500680e-02,3.288891242633911610e-02,3.052416584002344557e-02,4.197161568449022523e-02,3.307456709876246959e-02,2.563507086501755350e-02,2.368881067670853408e-02,2.804519246840475252e-02,2.535476087555339417e-02,2.793743623502437448e-02,2.869538107686673070e-02,2.736183017169572379e-02,2.345890650462604740e-02,3.312671783680130183e-02,1.930546966282632726e-01,3.006166910607493623e-02,3.145227494693048076e-02,4.077753516519959376e-02,4.763922890036562802e-02,2.630194523058919376e-02,3.433452847306873307e-02,3.412383784476361037e-02,3.060540123043154620e-02,5.587109772898410376e-02,2.711502007178382551e-02,2.597134630548527182e-02,2.565960886068865965e-02,2.765963841599933248e-02,5.671082375980410900e-02,2.771269973556985192e-02,7.311600180966576490e-02,6.720775151298465089e-02,2.660104607680670308e-02,2.746016343678664776e-02,2.639617221112435311e-02,2.576732043383437101e-02,2.901183539818743065e-02,2.727102593509447143e-02,3.926712553553594193e-02,2.945722306912869001e-02,2.751817519403376017e-02,2.635418481248438111e-02,2.759337695967577914e-02
6.011090836371991986e-02,2.796565511527166273e-02,3.112900418326312174e-02,2.645977382944589631e-02,2.991745523901426576e-02,2.642264448724874690e-02,2.661023096886297110e-02,3.319344629975538169e-02,2.961623516966001637e-02,3.127276890473761756e-02,2.760069243722920035e-02,2.628707195325811347e-02,3.092426178120292329e-02,2.447411321536318088e-02,2.927113438400375314e-02,3.106983419620331852e-02,3.564301376803562932e-02,2.626818548478570062e-02,2.805454754986654031e-02,3.024570887767107433e-02,2.757609831645189274e-02,2.760550283907617017e-02,4.478762366308286502e-02,3.165431571089052237e-02,1.001083315981462218e-01,3.938964060941158724e-02,3.639619277024563199e-02,2.411467943719170989e-02,3.127858312382205547e-02,3.806902276911224015e-02,2.685089836990310272e-02,3.192066234394533297e-02,2.750043139465946362e-02,2.272197697868569982e-02,3.105315126914159549e-02,2.971596757849775255e-02,2.931130580105363939e-02,3.087574160042933641e-02,3.187576622372768204e-02,2.792677786356235689e-02,2.402125756763459630e-02,4.640017680802875633e-02,3.495586404142853737e-02,3.237350107816108075e-02,2.989869525983860840e-02,2.567650228499318565e-02,3.330315087657242934e-02,2.879088106155660090e-02,2.934592538143067017e-02,3.884706091206757694e-02
3.392766567327375887e-02,3.572179686938258686e-02,3.311734607620502036e-02,3.190808762088450518e-02,5.331978039343544806e-02,2.756198718407107742e-02,5.331524487664682926e-02,2.774288970613816158e-02,2.553370821670191901e-02,3.014802370673776502e-02,2.935158825086115614e-02,3.517872017442132127e-02,3.851223336334608921e-02,3.124909550081051562e-02,2.753675101278401857e-02,1.785555266664194396e-01,2.805460812061839546e-02,2.816322873724901379e-02,2.762577056504859560e-02,2.601537929375234703e-02,6.341493166685163718e-02,3.232177284942893553e-02,2.736060289795258851e-02,4.382518819557518902e-02,3.394294229036408372e-02,4.610745589586896787e-02,3.702383884374632617e-02,2.571967819339576744e-02,3.262789277904902530e-02,2.476318683544444579e-02,2.770374108690374856e-02,2.965523139031156497e-02,4.780668827479444410e-02,2.598352582806729219e-02,2.716376998581447946e-02,2.841914669800658932e-02,2.606339874077568536e-02,3.389125349278263033e-02,5.268674999672374321e-02,2.651425157541174513e-02,3.930233861843005633e-02,2.667169604665466445e-02,3.015487407839745684e-02,2.406609518815250315e-02,2.705836194070145376e-02,3.008488000792453390e-02,2.761899700874326929e-02,3.040719259838268670e-02,2.835376361450651569e-02,2.623983094621800544e-02
3.410651538445046149e-02,2.650347135519755259e-02,2.761455872348727789e-02,2.609042912972280720e-02,2.764936844418327405e-02,2.401138685948926016e-02,3.020341589694155310e-02,3.872709302404692133e-02,3.077565664027586551e-02,3.723368330664434539e-02,2.684549745368132109e-02,2.653139814540234759e-02,3.293056242412212981e-02,5.513458943782130472e-02,4.624830934237767616e-02,3.267790904747534114e-02,3.128528598055861643e-02,2.834166434213043068e-02,2.923740422486488175e-02,3.698106548548223821e-02,2.816312775946507724e-02,4.700823562731977490e-02,5.162938170276393235e-02,2.995683775382389571e-02,3.157158042729184960e-02,3.302515070526546026e-02,2.759993097552971772e-02,2.973544352688223952e-02,2.641487123279437008e-02,2.911843208786397269e-02,2.736715464632594186e-02,3.084403603979229622e-02,2.938994621063956841e-02,3.604892852125341635e-02,2.547065479770536586e-02,3.619036878756285575e-02,2.675136319999444831e-02,3.968455901940918379e-02,2.965848821947280126e-02,2.926465355627724113e-02,3.542139995338310782e-02,2.564746668267201685e-02,2.729644557503965382e-02,3.779959116637582328e-02,2.867060346799247400e-02,2.732557224613206548e-02,4.338631893619065288e-02,2.458758956378275656e-02,3.098462664681633089e-02,4.385349455226637827e-02
2.808301927812066612e-02,2.698992936286559105e-02,2.957709694877568019e-02,4.165088534109558788e-02,6.723100700171803779e-02,3.095304964055213201e-02,3.841741221488129132e-02,2.685006744222606656e-02,4.533183803085163305e-02,2.739114666966202538e-02,2.915510443531417126e-02,3.793523655359806734e-02,2.946218654083952032e-02,2.998572929207539775e-02,3.343294133527760503e-02,3.150329020589454077e-02,2.813892605028359487e-02,2.960080940556686011e-02,4.104761007246637838e-02,4.189876054322604071e-02,3.240277410092799737e-02,2.811169108154687457e-02,3.897662582396577841e-02,2.717696087084603071e-02,1.163703559452881897e-01,6.059851814663726882e-02,2.437628444749740178e-02,4.186834723390873980e-02,3.975762681182697794e-02,4.929957505482700231e-02,2.803902053712562653e-02,3.258354538999066324e-02,3.132794465632719044e-02,2.590352863221487625e-02,3.008363931369072500e-02,2.976410226601196307e-02,4.050972409679862163e-02,4.507369743972358678e-02,2.645376893451905492e-02,2.833905540710432783e-02,3.271020920552098615e-02,2.470151551684897709e-02,4.313522928971787879e-02,3.290366586865144799e-02,2.531046739452210217e-02,3.304857357743320317e-02,2.998356405181503218e-02,3.779957090292493382e-02,3.167759667523990796e-02,4.566935910850161706e-02
2.947499187162424400e-02,3.439041921542837499e-02,2.826183087311523456e-02,3.632816803669980388e-02,2.877297989100930514e-02,2.809937722762248513e-02,5.153106318524527246e-02,2.693168006274296311e-02,2.950759630595110178e-02,3.750297544732197202e-02,3.425142555624594715e-02,2.595084812574799740e-02,2.730255430484427454e-02,2.883946045386980711e-02,3.055713270316807659e-02,4.090832856869210804e-02,3.042091360370640166e-02,3.286036615261147403e-02,2.862902858102829573e-02,3.836065493024174572e-02,3.177081483185998506e-02,2.957134629126106917e-02,2.830608017859556971e-02,2.948716913557833733e-02,2.791322125009620958e-02,2.698480286053535002e-02,2.546776230246551587e-02,3.359176698661038574e-02,2.486516788122807020e-02,5.577134199721943408e-02,3.874116175782680443e-02,3.165431941819667194e-02,3.245066514315737838e-02,3.109041025623412655e-02,3.873026341870629968e-02,3.182486777984221832e-02,3.299110368320968406e-02,2.680856620379296062e-02,7.693521570761793771e-02,3.656338441294933184e-02,3.122485591630918406e-02,6.452777004526231985e-02,7.618379848561254719e-02,3.156991278531330603e-02,6.225853503252916366e-02,2.896125290425489648e-02,4.316663715801376255e-02,3.081667225501072069e-02,3.547622844955641147e-02,5.639076415818431581e-02
2.948862764701178779e-02,3.301810398922170459e-02,2.663424165591915874e-02,5.350921452798224065e-02,4.269734337340967967e-01,3.927188039634512545e-02,3.983294334316065527e-02,4.071952691745120423e-02,9.523681036297376723e-02,2.811164415963037302e-02,3.198945711204263104e-02,4.905947505922555324e-02,2.620105614753440865e-02,2.733804859449770475e-02,2.627320328502746188e-02,2.646483130555449606e-02,7.160987382470970775e-02,3.251676416670366832e-02,2.947083501865107452e-02,2.706320226712588539e-02,3.613565426502424183e-02,2.767307849044365817e-02,7.915863205367174027e-02,3.331394423237403479e-02,4.588861338121910660e-02,2.004784149039700314e-01,3.370260559943172307e-02,2.813806971358960227e-02,2.540909509351613541e-02,2.745496912434749331e-02,3.408351774480397611e-02,3.412317699495285434e-02,2.956788918521132195e-02,4.166332021613829845e-02,2.841894971504042508e-02,2.802105928554098416e-02,3.232321387961143572e-02,2.602967871685501339e-02,2.376428780831343901e-02,2.673352323650808257e-02,2.681302986778375322e-02,3.375986997032094650e-02,3.051278693375106266e-02,3.839254238832911365e-02,3.286310810808459881e-02,3.487083936149693725e-02,3.050886061412930172e-02,3.205821362718744988e-02,2.814808094282548676e-02,3.070398486002186636e-02
3.038238927690700350e-02,3.082471250241570343e-02,7.776379538931468827e-02,2.903674034042505112e-02,2.995842993898133189e-02,2.924526042535650211e-02,3.776682715001677265e-02,2.682848599795508576e-02,2.779453539730601316e-02,2.520659183704624870e-02,3.035554724011406760e-02,2.636648402667871732e-02,2.957352454840356942e-02,2.585141884715413951e-02,2.923648879500798797e-02,3.355845572832210494e-02,2.906559936325298424e-02,4.444179323925718378e-02,3.333139357563234123e-02,2.696651229203296529e-02,2.743211352741626100e-02,3.380168881242225087e-02,2.523854931655903147e-02,3.182295483221340981e-02,3.523247268896542023e-02,2.970564070411230509e-02,2.958188150351784285e-02,4.193479755359653255e-02,2.802843304638963709e-02,2.616829280832939572e-02,2.614959163738140094e-02,3.161193898214020859e-02,3.030898315396422793e-02,4.271603851311944061e-02,3.156032899593059354e-02,3.465554833647930405e-02,2.989521740392712609e-02,3.446863438455818190e-02,2.778869232752436552e-02,4.713019492981820879e-02,3.007951073543944920e-02,3.017727897685148694e-02,3.062450051761323247e-02,3.854366729962358656e-02,2.623329505645512899e-02,3.061322545348754698e-02,2.719115329908289996e-02,2.851874880573000010e-02,3.287385010761652293e-02,3.905193645674501224e-02
3.074116418197679959e-02,3.126922370730692707e-02,2.686283144545522500e-02,3.031603705147669497e-02,3.028930222591299376e-02,2.932835773085577802e-02,2.446573452537622109e-02,2.537474654205717009e-02,3.933921252875795943e-02,3.572664797022604560e-02,3.002631489824264879e-02,2.553257021197145177e-02,4.741958941355179508e-02,2.625709744889245453e-02,2.958586354636787499e-02,3.456711918889029955e-02,8.518514720597031298e-02,3.406138166491117641e-02,3.940691135366991560e-02,2.489910625465151933e-02,2.758027591527025327e-02,8.398545762780983137e-02,3.089309351644990362e-02,2.644821497344326811e-02,2.885734265632533893e-02,2.735985829543864656e-02,3.340800349785690709e-02,3.788044839979946843e-02,2.679628639941942711e-02,4.029485567018512709e-02,3.410787418467285670e-02,3.131460947680180656e-02,3.294750913874421039e-02,2.922003721439555765e-02,2.587302581358030470e-02,3.075847044350139489e-02,3.761986105924455120e-02,2.768358880748645473e-02,2.990436578269419984e-02,2.498174197748206232e-02,2.785540480011684111e-02,2.727092948629076738e-02,2.882174071821996114e-02,2.862025054869396859e-02,3.007609891431263852e-02,2.891115865884239314e-02,2.800917815643646364e-02,3.069035040994351135e-02,2.708924812627716908e-02,3.604839219891203816e-02
2.932283028253417079e-02,3.114635880988082112e-02,2.582278679474342420e-02,2.796657354070937115e-02,2.982798546015056132e-02,2.759151566131860453e-02,2.647533936327330431e-02,3.395262407026888168e-02,3.767735419774499717e-02,3.104481720817976742e-02,3.798311035547455305e-02,7.950267644645042653e-02,3.347648232722449935e-02,2.888281687045015506e-02,3.168006366838461985e-02,3.087086903972137072e-02,2.550190571378808946e-02,3.020932152493190082e-02,2.801994311385281461e-02,3.481092789547578920e-02,3.768143794336035329e-02,2.610100977279871531e-02,2.480146656838900718e-02,2.891106211080732638e-02,3.065488267789066509e-02,2.981475724674827188e-02,3.643502335993985264e-02,7.995809270353906872e-02,3.103648728132277212e-02,2.509112338055650634e-02,3.438116655015623774e-02,5.062466644692732026e-02,2.575110317913243199e-02,2.762295442004164547e-02,1.140226698646174541e-01,2.882819259512185706e-02,6.230940119463016652e-02,3.753262854953676175e-02,2.772182168840892774e-02,3.008818962699789587e-02,3.493908803098665083e-02,3.127441010527421544e-02,2.460169702992985249e-02,2.659988809212204819e-02,3.136156408093974252e-02,2.884210471912589460e-02,2.871520295878837378e-02,2.674359354434890576e-02,2.865945118742251746e-02,3.868365105124343950e-02
3.047212312946794704e-02,3.135280920838823260e-02,2.911964305240537926e-02,2.915614565902062416e-02,2.482234252573742653e-02,2.712852101074113981e-02,3.260429374914944334e-02,2.611231497939048990e-02,3.332105884409323343e-02,3.324637148709020523e-02,5.707974086283001264e-02,2.635705545394203056e-02,2.960917941650917373e-02,2.857198597209605756e-02,3.440041459283484787e-02,2.556297223787015391e-02,3.252334241941203657e-02,3.316058185580109813e-02,2.787930169419295529e-02,2.884399890400515115e-02,2.688819652914223660e-02,3.108986721705526632e-02,3.192253656662305539e-02,2.675755270584050105e-02,2.541284285784354766e-02,5.673169331573075375e-02,2.864641493490904106e-02,4.159571847696862806e-02,2.916405815467977905e-02,3.671276735042725697e-02,2.855914159865091326e-02,3.194875969804568394e-02,3.791950240651746629e-02,5.531931993126013719e-02,3.578826181037622622e-02,2.688580789129417503e-02,3.311358287514701987e-02,2.664165483917239202e-02,2.841674188957853814e-02,2.902152793421028387e-02,9.368764707442187034e-02,2.393638286193813108e-02,2.973104941433434012e-02,2.602877774120496146e-02,6.236915441149144812e-02,2.924114769869285910e-02,3.026131970608458149e-02,2.811389718228257326e-02,2.468839242053101624e-02,3.054212486201520263e-02
3.609702003888053817e-02,3.575582670135452057e-02,3.123563934150290489e-02,3.989117902020037493e-02,3.405438988928284616e-02,4.111844437484783732e-02,3.339423060977433216e-02,5.485441401592614646e-02,3.738634023154350366e-02,3.574743543111969651e-02,3.064228618448435262e-02,2.948682116433664138e-02,4.854795942801067715e-02,4.191124058375927941e-02,2.479223243714657465e-01,4.903609765194305581e-02,2.753757600578175119e-02,3.851385700979269994e-02,3.299072939741947569e-02,2.971465876610796322e-02,3.234466322246278697e-02,2.837518910460394214e-02,2.703811964319111430e-02,5.199047308794187833e-02,4.303835429078162883e-02,3.151154739546990768e-02,2.486452681405701415e-02,3.522593876357769938e-02,5.619882708532850796e-02,2.734717132418145943e-02,5.666865639943768213e-02,6.003018524292431934e-02,2.995076307819624639e-02,3.849828971395161115e-02,3.999225517465970769e-02,3.766319354333794167e-02,3.389738154718692498e-02,3.347030730760184453e-02,3.385434874024054186e-02,3.236919258852900133e-02,3.208126179733038902e-02,3.166292575961571903e-02,2.665962906362220192e-02,2.888107071251492033e-02,2.929109917795486365e-02,3.383164309194834629e-02,2.698894346769523805e-02,2.881726741671160330e-02,2.832900304714024847e-02,2.735794243959027011e-02
4.684951536554649021e-02,3.956516522633861388e-02,2.762565473754771683e-02,3.251050808826360522e-02,4.482276024276860699e-02,3.274710868423046789e-02,2.673007684637630776e-02,3.468076993182209189e-02,2.673282334112830547e-02,2.661098567557378808e-02,3.161228835379129715e-02,5.359304777233031558e-01,2.742684478142842081e-02,2.754280949612112478e-02,3.012233173144612808e-02,2.897561473488504194e-02,2.954692455642675755e-02,2.995495899431200801e-02,4.358361381750121277e-02,3.300888944116530527e-02,3.089991394231907454e-02,2.832316796125337877e-02,3.323651053266332006e-02,3.087270963935750609e-02,2.593138570913161231e-02,3.056679136802544633e-02,3.101552111487058255e-02,3.214930237239228827e-02,2.929115299011333592e-02,4.486765121533016487e-02,3.187307290669927351e-02,2.876632293649549615e-02,2.973291626742594063e-02,3.200138040400184181e-02,3.198579619456318884e-02,2.726394029188920765e-02,3.025657565551418196e-02,3.081595234201662745e-02,3.884125751523969522e-02,2.686085384354075511e-02,2.991326829716085475e-02,3.251787555298074617e-02,2.845960605716724157e-02,3.323415403833190895e-02,2.635679428432794250e-02,6.380242709228740872e-02,4.052381287961885625e-02,3.584443949216585545e-02,3.292610852497391410e-02,2.629338170741076300e-02
2.777068246781010108e-02,4.213953502702273007e-02,3.552088519768488439e-02,2.916759349563750880e-02,2.812347200181291099e-02,2.727612685271501095e-02,4.415329431959889167e-02,2.920107121204751702e-02,3.137775742445353400e-02,3.390701918858866903e-02,3.224421736999585203e-02,4.780881726040427104e-02,3.401944070903558520e-02,2.522436827290792591e-02,2.744988658570739898e-02,2.608258067359810889e-02,2.939860822471456261e-02,3.164706844997104696e-02,3.062246678601152419e-02,2.760941677746429207e-02,3.172052998894088482e-02,3.255121825652327466e-02,2.850473072137897981e-02,4.344152434663681867e-02,2.922718536656050345e-02,3.359355986921367526e-02,3.848648283058227204e-02,2.883898013268412427e-02,2.689614838383992332e-02,2.858791366158824551e-02,4.959011285332617924e-02,3.145267309857055493e-02,3.911756085707422670e-02,3.725996409049162073e-02,2.834357769633821453e-02,2.847451105354803502e-02,2.865057347355021503e-02,2.872838643611352535e-02,2.809431110495338654e-02,2.900373582604589759e-02,3.033110024539691432e-02,4.617490587043742573e-02,2.823985518944312559e-02,3.429093012509029648e-02,2.536042015792914356e-02,2.553265055442732051e-02,3.626999647111812941e-02,2.684578989469766155e-02,2.522230929318604320e-02,2.775609504902462263e-02
3.859225382762352524e-02,3.213947532069259122e-02,4.664785157130189874e-02,3.506848876927010084e-02,6.062246222138338581e-02,2.925215990520012299e-02,2.653580758081985208e-02,3.071255815220599872e-02,3.707511090980161739e-02,4.608845797216160056e-02,3.005297126064224514e-02,3.173678829589587913e-02,2.901942192914870253e-02,2.730224302672627432e-02,3.100965607176349101e-02,4.252136940701200379e-02,2.722303004060879633e-02,3.112346050126936145e-02,3.350500927545034535e-02,4.863997907852426333e-02,3.132772439632706268e-02,3.215848435263207045e-02,3.402508864984505471e-02,3.125920180530140924e-02,3.732624976704720238e-02,4.181039375836689831e-02,3.365034811198509834e-02,2.502858402359554521e-02,3.482996241685729771e-02,8.967965892539504769e-02,3.116924853650280408e-02,2.896244716476596356e-02,3.679375590242344590e-02,2.624826941626346583e-02,2.806383923120246010e-02,4.193311053704686792e-02,5.729936624208650797e-02,3.124043592780028841e-02,3.314990142320836664e-02,2.811098904399051204e-02,2.747074577887965996e-02,7.907855565401387954e-02,3.468111720562892797e-02,2.691796068239212664e-02,3.546218281627804003e-02,4.082675452744655847e-02,3.110809993730829365e-02,3.721761622366245165e-02,2.763818216901313060e-02,4.270149429262995455e-02
3.072103892326992491e-02,2.405175592747859151e-02,3.321576424233958769e-02,3.242191254080414864e-02,3.308426897112332066e-02,2.727414670345921013e-02,2.668540554256748631e-02,3.236948101720799748e-02,2.623069194433582871e-02,2.484397305109517853e-02,3.348525124746395965e-02,2.559212229764943822e-02,3.122943316861698931e-02,3.049981005062728928e-02,6.568840561987920879e-02,2.938428075383130861e-02,3.756193016599596035e-02,3.094312928561609305e-02,3.419843709949387661e-02,3.139445939844257710e-02,3.137930766937928329e-02,4.478688273529610187e-02,3.168890295144106972e-02,3.036057374275395043e-02,4.943419857760426167e-02,3.321718924422410735e-02,3.766777801510168278e-02,3.154844443041285307e-02,3.083646327444632476e-02,2.875745751373314299e-02,3.276146606547743895e-02,3.046230051834654395e-02,3.648091435777673502e-02,2.816266699574511423e-02,2.877540287439795536e-02,2.824873473834790469e-02,2.964558853610139294e-02,3.862692228300995678e-02,5.026999011955988333e-02,4.312398712952106999e-02,4.021897767833291365e-02,3.580834134875351960e-02,3.337687946234641628e-02,4.769399330378391866e-02,2.556947373727085082e-02,3.035441839606702399e-02,7.621519075733577953e-02,2.695951283862823081e-02,2.616184753583682479e-02,2.714148813051690118e-02
2.594258749624547833e-02,3.652528617285930729e-02,2.879026082583959964e-02,3.190667297106539874e-02,3.301789246936883554e-02,3.050623180421716679e-02,3.016388136292165109e-02,3.388305547011016827e-02,3.844661640905094185e-02,3.031701808209819743e-02,3.259312818655942662e-02,5.726761042437658600e-02,3.307137676962988715e-02,2.939724478325717733e-02,3.185753987790426039e-02,2.914282880259061459e-02,3.468543110343638713e-02,3.477257128506320433e-02,2.762496454271422264e-02,9.957286161516464007e-02,3.348427410404815341e-02,4.839516698632379682e-02,2.769651393727634581e-02,2.677226123849429235e-02,4.740702713038336125e-02,1.248290903746916425e-01,2.864620637400636799e-02,3.193403894751112304e-02,6.838245201562179187e-02,9.366602486544980954e-02,3.150515728847686631e-02,4.182899289068416071e-02,3.493661525529969530e-02,2.862098668012467637e-02,2.472591293423764477e-02,2.898988823305747795e-02,2.797869268050707375e-02,2.556377079551244366e-02,2.781926612577878891e-02,2.636460257332216839e-02,3.696421299468880678e-02,3.281401465886462504e-02,3.251604643507007009e-02,3.107589743926448059e-02,3.372328693471642741e-02,2.986570764640416459e-02,3.412219158613530312e-02,3.082214383407558267e-02,3.285511428594631994e-02,4.461983246539544257e-02
5.435074468072612769e-02,1.440005997043903863e-01,2.917635668629054574e-02,2.813077845613451422e-02,3.189187484262163974e-02,3.153381857169160890e-02,3.362814353152822344e-02,3.354237824328343970e-02,2.894547331771856954e-02,3.129913206574233553e-02,2.838154025993065710e-02,2.913206583031687641e-02,3.542511236642903460e-02,2.981901372550902971e-02,3.765508308776722296e-02,5.909522169183140106e-02,5.688360968140146467e-02,5.347248430850023992e-02,2.937210239788790728e-02,2.877499061671292407e-02,2.962409098264575172e-02,2.727960483763130356e-02,4.403409276089035457e-02,3.185990362504183271e-02,3.705658141772496389e-02,2.658163978796276514e-02,3.329510592315851336e-02,3.900890489118772481e-02,3.883388369672594737e-02,2.933029942198880566e-02,3.098305287520964485e-02,3.373692268100999397e-02,3.460980163964318818e-02,2.774466525599995556e-02,5.020532287517311815e-02,3.137934789047336359e-02,3.662591082879638332e-02,2.554257422323543206e-02,3.941716428871287758e-02,1.972696487674930887e-01,2.769201370765927636e-02,4.685113219914057575e-02,3.056827853129047770e-02,2.639151644336895641e-02,2.962745691506919049e-02,3.325506258144169530e-02,3.525763465936385122e-02,2.521467222908473776e-02,2.800146300654193440e-02,3.436368095248818616e-02
2.897138268891837759e-02,3.040047095969166183e-02,2.537713042126114524e-02,3.507947223498592004e-02,2.811341339149195720e-02,2.669875082559137330e-02,3.174957755729716780e-02,2.694161105316976446e-02,5.725119305517102630e-02,2.868763382754931784e-02,2.782973074672393313e-02,2.566840628064011309e-02,4.674995804803538241e-02,2.713350041097153595e-02,2.760079450377198734e-02,3.085122411284167351e-02,3.841410613103025257e-02,3.459711436203410928e-02,2.978692428074635953e-02,3.191537364266036625e-02,2.929386771999563724e-02,3.671735936050552623e-02,3.255809428033809572e-02,4.495896272948788491e-02,3.158288609978963241e-02,3.354863796813768728e-02,3.415423539232195077e-02,6.584750362732558204e-02,2.852236018287131539e-02,3.444238643477931516e-02,3.762986659216322610e-02,3.231350271198531188e-02,2.902524305435991506e-02,3.465187936424982823e-02,4.455294656047251861e-02,4.209414938944952556e-02,2.808510078162558196e-02,3.002125917788773732e-02,4.451722726401560748e-02,2.976955484229670823e-02,3.982005961412408979e-02,3.120544037402429860e-02,1.140926164081892263e-01,5.805127535016287033e-02,2.734330052513651507e-02,2.924300267227833081e-02,3.265409146178335081e-02,2.939720915397904880e-02,5.234490381123725611e-02,3.585550164429483072e-02
6.480065950217830939e-02,3.335295787069872397e-02,5.754437790406922992e-02,4.918689834794536669e-02,3.276030762651096356e-02,3.771616432538469482e-02,6.496450279406612571e-02,3.740595352553559988e-02,3.545237491782660122e-02,2.936957891016631766e-02,2.778619617605625550e-02,6.168151379108637034e-02,2.380462334358574017e-01,5.365173818466126981e-02,2.460129210419104151e-02,3.260253055520566379e-02,2.666899157118032132e-02,3.056593341380162837e-02,2.755849098770422542e-02,3.508768234014791182e-02,3.397993911615352497e-02,4.323668300099947626e-02,2.823981663006948015e-02,4.711357987189834784e-02,3.111494078144280695e-02,2.693977343451116682e-02,2.777991699272037984e-02,2.782014182683871170e-02,4.899896616449318093e-02,3.330337494275668886e-02,2.738129097509411913e-02,3.284657652044790238e-02,2.805086556236376441e-02,2.920231794036350775e-02,6.739027448665856068e-02,2.634747310016779392e-02,3.796947736307792337e-02,3.025500267840489782e-02,3.019332147053075191e-02,3.916628486217293981e-02,2.628797369722372934e-02,3.475588683634393133e-02,3.501200073463463930e-02,2.691249852437704870e-02,2.925239913285279658e-02,3.517968831358796872e-02,4.163798945688858277e-02,2.874599431138896016e-02,3.776350357389592072e-02,2.792371997451070786e-02
2.575028287858418391e-02,2.893440626595860862e-02,2.863887566392505149e-02,2.928566006736785243e-02,4.204730505101987592e-02,2.462617315557543915e-02,3.326537026250621365e-02,2.773059972226098180e-02,3.048408052969646398e-02,3.366343349511653760e-02,2.943395744854821264e-02,3.148793310261019385e-02,2.910429521281955936e-02,2.666766935356318716e-02,2.831526758554661280e-02,3.892702412901660053e-02,4.535454265874796359e-02,2.673489479697798918e-02,4.608622552512835896e-02,2.750776757998566260e-02,4.817105219087323281e-02,4.237036930978630572e-02,3.848889571911240370e-02,2.515032119446092285e-02,3.219424874085290850e-02,3.211963066624702601e-02,2.824957159631118556e-02,4.513620521828693583e-02,3.206622755733407742e-02,3.029923871988274287e-02,2.654533845190314156e-02,3.386584364049086832e-02,4.118488298662397601e-02,2.790113889348729351e-02,2.811063114842307295e-02,3.247760932325385874e-02,2.881454073626888573e-02,3.227273641245730768e-02,2.887374941806665485e-02,3.111148624967283172e-02,2.849851435725300405e-02,4.151892143476992175e-02,2.610456140978883663e-02,5.928264052387155481e-02,3.470541126884421623e-02,3.503625686873394068e-02,2.993467262583995175e-02,2.808939363380404119e-02,2.791634772166464232e-02,4.833808117781693975e-02
3.822404851055929975e-02,3.760135676712442199e-02,3.139140953666529066e-02,3.240862855825094729e-02,5.558880058593924922e-02,3.130260689376967997e-02,2.733535082352700832e-02,3.407077782149576378e-02,3.386404378264811638e-02,5.183064409960496527e-02,2.926172325430751592e-02,4.612606762894128076e-02,3.212375215100289616e-02,3.377176561523365789e-02,4.413178435099028574e-02,3.197270364288139211e-02,3.911664663523250346e-02,3.791050294672323323e-02,3.489438425908533703e-02,4.323060768903580486e-02,4.240588445268350659e-02,4.406001030673306618e-02,4.692007206646928164e-02,3.241837554640764757e-02,9.048218953678845156e-02,3.584917015093434800e-02,2.699327004047755857e-02,2.926992458042759412e-02,4.616213492920945294e-02,3.950623421193167478e-02,3.945407371509866007e-02,2.715372415566734421e-02,3.255767634510039338e-02,3.315242395662808261e-02,4.760775317059200151e-02,2.397290915754494642e-02,2.861434035148457261e-02,2.465598155192265037e-02,3.338760071436616683e-02,3.412947550627930954e-02,2.558760388409477698e-02,3.139983995905350211e-02,4.093055344175770827e-02,2.859183072053184810e-02,2.544143166699238193e-02,2.849543681884245117e-02,2.749641313522845076e-02,3.049279559417526417e-02,3.431058909367195459e-02,2.538544357169481014e-02
6.398041056776011815e-02,2.858751743067795489e-02,7.019791282318692260e-02,2.590444365450516109e-02,3.507750670458370523e-02,4.252321523410571014e-02,3.326452091938972982e-02,4.297915141659053306e-02,3.005098280247095466e-02,2.885615183064636421e-02,2.735815204522120542e-02,2.738420744441973434e-02,2.833670849934674663e-02,3.621144463027424487e-02,2.882715347346110832e-02,4.738216309974980361e-02,3.530527845637913137e-02,3.273480088833250617e-02,3.581437316965763867e-02,3.288020800020901441e-02,3.882729218253808817e-02,3.845041751498160659e-02,3.846159796119529711e-02,3.364563537402481125e-02,7.276766050785558881e-02,3.010224034159323173e-02,2.625775385195165679e-02,2.904014805198968860e-02,2.799837767010862621e-02,3.368247932595578448e-02,3.630097075718222155e-02,4.038341379799353925e-02,2.923248994546896046e-02,3.051886947766304509e-02,3.066433560466371236e-02,2.823765290768146322e-02,3.188021159871077398e-02,3.134219550973947610e-02,2.717453823734327853e-02,2.872571905755087057e-02,3.241939810978076986e-02,3.289046158225236022e-02,2.767222842946143180e-02,4.099430479095767660e-02,4.994375850837658171e-02,2.962272110599582439e-02,2.742559574975800968e-02,3.946836619780115518e-02,2.947896668462534828e-02,6.712557271727631614e-02
2.870372976341239307e-02,3.611309542343515283e-02,2.856556794643236308e-02,2.891872903152413118e-02,2.910774895108831847e-02,3.097373875986175057e-02,2.608747273669493119e-02,2.957263018314284023e-02,3.193466015916796713e-02,1.957611597456070385e-01,3.458012939874452463e-02,2.723406824109256275e-02,4.883380326421666445e-02,3.074559091425618437e-02,3.513698044056846881e-02,3.099570000290536795e-02,3.339177642500269771e-02,4.233172616716254083e-02,4.577769000268102489e-02,5.019032912653564188e-02,2.748703648197450139e-02,2.555423453664352682e-02,3.349007186941916486e-02,2.724735769300001137e-02,3.465704629607235104e-02,2.889672180086821224e-02,3.922938343015346108e-02,3.910781106243761684e-02,2.998156186576807214e-02,3.049476701198702844e-02,3.402980669967690247e-02,3.514538185389126657e-02,3.435612471361716713e-02,2.713886451618578027e-02,3.106831476106398926e-02,4.881074345125552966e-02,2.861094889170105043e-02,3.655138945800696232e-02,2.639043976764140695e-02,5.346731997856305624e-02,2.860682977419976014e-02,2.553322716964194841e-02,3.038350780042976471e-02,2.623901113359658477e-02,2.640649804765475561e-02,3.122597534830684127e-02,2.595433100476276372e-02,3.539488784898162099e-02,3.012602464670514901e-02,3.194947790096697160e-02
3.329064541387880688e-02,2.661037162356056154e-02,3.155234044156184081e-02,6.405616405192185447e-02,3.641733725229103630e-02,2.479938864470952395e-02,4.194874693610626398e-02,2.952052165409754445e-02,3.781297167832273209e-02,3.132960559508553289e-02,2.812343733883641492e-02,4.576645504919754637e-02,3.078264086698501156e-02,3.064189593054086197e-02,3.314216241295925985e-02,2.743207525559504534e-02,2.939165982421074880e-02,6.449286892302266705e-02,2.910829697733699831e-02,3.439829247220525799e-02,3.260338188219105704e-02,3.390850380138928089e-02,3.386337928600484382e-02,3.147997608416485543e-02,3.161736559363011873e-02,3.798020650376236068e-02,4.162496410054501023e-02,3.151033936455429479e-02,3.640741734395525758e-02,3.823283678893933668e-02,9.577073347190083463e-02,3.222977631125348991e-02,2.811102938658656750e-02,3.372382165533158865e-02,3.455777696775622770e-02,3.003756936738394626e-02,2.670832514533224428e-02,2.594933651828150098e-02,2.888494348029061604e-02,3.319794103947250330e-02,4.348372312031986708e-02,2.689642027595596369e-02,3.593312734518828294e-02,2.911380117463646666e-02,3.453635848175050371e-02,7.410787332187655785e-02,3.062767877857667728e-02,4.081277082700342923e-02,4.766880220489948944e-02,3.137992930271383402e-02
3.263682830042671096e-02,2.741836845758371943e-02,3.047529789234600106e-02,3.510573983199681558e-02,3.407613812546107790e-02,2.719713743289060848e-02,2.955800077701817297e-02,3.023710723289056712e-02,2.622999503151516795e-02,2.970925273481226508e-02,5.248057361868897763e-02,2.665906010179979607e-02,3.117923471213614184e-02,2.943035282071199479e-02,5.941023421200902072e-02,4.270140609385265906e-02,3.272660655975428989e-02,3.207967549537460439e-02,3.434761479687926944e-02,3.385224352772715772e-02,3.101304780819312198e-02,2.725446203689364799e-02,3.018955159711360359e-02,3.895250458555941930e-02,2.854120629024316930e-02,6.614333822676667085e-02,3.602466200778037253e-02,3.209254085081626739e-02,3.009592372362345988e-02,3.309637641104296035e-02,2.833597685192867227e-02,4.645240368688016014e-02,2.932437121387255000e-02,2.689963155799309294e-02,3.631853536621330869e-02,3.288636364958548441e-02,4.323641388955628412e-02,3.710946158280212931e-02,2.991149253758128984e-02,2.845382064743194259e-02,9.184662120973408062e-02,3.707229706118778112e-02,5.188514193572645733e-02,3.341016701635760727e-02,2.660899873202452956e-02,2.723153612921831029e-02,3.161590422878929330e-02,3.148437633480007103e-02,3.120768122353679772e-02,2.878936858691128267e-02
2.741781785270417868e-02,3.372528086050676638e-02,7.478435658730023250e-02,3.003277640679699254e-02,3.092123978097596759e-02,3.032525145146408585e-02,7.449419898637395232e-02,3.517058429004329273e-02,2.623913392855909896e-02,2.664471740296385852e-02,2.436085427175737478e-02,2.808682139161117197e-02,3.129183434848208795e-02,2.741874669300413750e-02,3.352299574795477438e-02,4.087475504890441397e-02,4.149243791967872214e-02,2.647364228833080577e-02,3.157834968356217770e-02,2.789531164371283900e-02,3.326196843031291317e-02,3.055031349663815676e-02,4.358696350526246321e-02,3.599299206717231775e-02,3.938277919582371112e-02,3.224484404443033608e-02,2.884167406520284083e-02,3.932722955597688780e-02,2.990066083418111212e-02,3.053461757738807833e-02,3.295527460905570138e-02,3.358717927645162721e-02,3.165918638983755001e-02,2.689737774438813109e-02,3.125171538417964578e-02,3.007782872616916389e-02,2.753915585424542359e-02,2.904520734221381975e-02,4.019484053933264356e-02,3.777740979534879862e-02,3.060471950395415516e-02,3.230866078456401391e-02,3.756478588316221334e-02,2.780257199225111969e-02,3.159265943561528206e-02,3.322147498632684742e-02,4.362547594704165727e-02,3.066959006177479366e-02,1.094994905969865068e-01,2.920107176314402919e-02
2.823488533025550473e-02,3.694816451961643877e-02,3.394334857413169870e-02,2.715028714728560597e-02,5.725138534513615068e-02,3.393608182560509112e-02,3.469585006303797792e-02,1.344890237672617950e-01,3.254123491426003101e-02,4.130001550135287830e-02,2.970484713114500061e-02,2.646855808357625323e-02,4.595482004290929456e-02,3.121484046797322678e-02,3.200152123899076967e-02,4.360531918991633615e-02,3.038118777037780369e-02,2.772715899827292788e-02,3.453632540697532116e-02,3.108086823403138216e-02,2.816988207998888383e-02,2.754925983275363990e-02,2.910243099090940172e-02,3.100304551162916256e-02,3.333431718034637892e-02,3.340016032869391749e-02,2.514793011070025341e-02,2.720888299875002039e-02,8.675196660831754891e-02,2.925693853671886349e-02,3.082477442266061407e-02,2.661583658159293736e-02,3.063347820532988722e-02,2.964818799908840521e-02,4.502235995616447189e-02,2.823248045354981653e-02,4.050504738157606477e-02,9.420274587957222501e-02,2.676155336835446194e-02,2.695925742488005164e-02,2.743592152298574352e-02,2.967909491957769486e-02,3.042052205207398941e-02,2.888194963376140151e-02,3.413854605462638553e-02,3.910798225165347530e-02,3.283096237908580267e-02,3.976935224115987072e-02,3.048583286966593739e-02,4.808296725132583938e-02
4.664517376846809282e-02,3.190003229090437181e-02,3.154750144541841606e-02,3.162514238726542304e-02,3.833302699102553862e-02,3.135329841336456647e-02,3.981234564269907350e-02,3.022280917182194188e-02,3.221297635907218598e-02,2.994912795728651642e-02,3.188738495818579238e-02,2.903996021712535944e-02,2.804787290356992868e-02,3.735106041821899953e-02,3.075590169087795769e-02,4.259497899945980520e-02,2.995506793747950564e-02,2.691231974993281081e-02,4.750723116462765572e-02,3.401911097999031630e-02,3.514434640487698602e-02,3.096146566856510310e-02,4.265859685954101477e-02,3.709446296927632059e-02,2.838652116668873709e-02,3.080154109144063110e-02,2.767843393028414714e-02,2.974136282888447877e-02,3.506175319967948928e-02,3.426962084565488703e-02,3.311026903426809304e-02,2.717466979140359049e-02,3.126928569141446124e-02,3.070217389350387086e-02,2.944546117962464765e-02,2.964105107551143203e-02,5.543731593870339369e-02,2.938429758045710272e-02,2.906968523742006760e-02,3.216309198581610712e-02,4.838726377071211893e-02,3.735835560427613194e-02,3.323855009141061384e-02,3.004710840845862402e-02,2.786804329253785711e-02,9.480942354167691544e-02,3.955537167989753994e-02,2.866014158165993211e-02,3.258596199917662001e-02,2.639268707328497332e-02
2.950714024626053741e-02,2.836572154376201457e-02,3.464438971187289162e-02,4.048112232424969092e-02,2.959206680552855379e-02,3.280495530933750375e-02,3.665545993228799815e-02,2.894236964496525386e-02,3.881236845554675297e-02,4.188749906795124350e-02,3.552346297235664530e-02,3.532678819195400610e-02,4.454668225288337807e-02,2.885416904549479439e-02,2.901612513765504386e-02,2.991741035366877327e-02,2.864759497566352411e-02,2.846305143589425088e-02,3.186321751764233101e-02,5.399023236091561595e-02,2.748438852678829897e-02,3.106452473989429475e-02,3.837778001114074827e-02,4.292369362141329470e-02,3.837586712093399993e-02,3.078430345496165066e-02,3.981709368915462011e-02,2.555353692631480086e-02,3.291802962806383154e-02,3.377970828299767941e-02,4.359812822039359909e-02,3.108515776566619926e-02,2.817480992601781656e-02,3.429570648749510897e-02,3.741997404508957958e-02,2.954970618343031111e-02,2.542523978942775112e-02,3.028472045656169231e-02,6.290309941525784598e-02,3.465337427160079808e-02,3.346601650985089882e-02,2.715545165095851685e-02,3.352482004726862336e-02,3.954597936758367377e-02,6.116795877888818456e-02,2.818404245487684395e-02,2.610447912709692661e-02,4.899721110221889192e-02,3.451385986195248945e-02,2.960587016220138715e-02
3.236060042860636199e-02,2.911557799660797682e-02,2.918699155747553342e-02,3.075445730373607342e-02,3.403506027294094655e-02,3.266994341852957895e-02,3.946260148125528555e-02,2.980694570393271556e-02,3.770236039049520288e-02,3.608856066111468947e-02,3.377394343347970423e-02,3.701028522693240036e-02,3.171770317309689780e-02,2.796885257975724112e-02,3.282364242149752448e-02,2.681286936368506776e-02,2.809157625854627124e-02,2.898114735578307538e-02,2.859496128630843043e-02,3.838181685115098912e-02,3.085362803506049717e-02,3.816314665112019444e-02,3.515819694865562201e-02,3.147824118173273705e-02,5.662163041412539288e-02,3.575119329627089032e-02,3.915263912170827837e-02,2.875298514871113195e-02,3.196352188288715396e-02,2.859944820801029255e-02,2.711784323503464711e-02,3.946840103221391227e-02,3.823632096728174501e-02,4.701045715450363760e-02,3.508266110515376873e-02,2.765867097950446690e-02,2.680129937614334282e-02,2.834010645739806419e-02,3.051246775391204188e-02,2.733725365312001873e-02,2.726282762768372434e-02,3.375849043543965172e-02,3.312325426332499156e-02,3.059715750160774475e-02,2.649593906267856333e-02,3.366810520818794283e-02,3.193655393647379381e-02,4.088580086099012634e-02,3.200891893655093134e-02,3.559970221322231870e-02
3.593038206465328649e-02,2.680079404909639987e-02,2.736930425668647124e-02,3.261953815262876033e-02,2.863143733936528851e-02,6.211120045540179796e-02,2.550353793000318184e-02,2.643487631778148814e-02,3.343481297459491991e-02,3.788438776608180764e-02,3.118494806683118001e-02,2.788195528122985878e-02,5.406300285341895245e-02,3.928756177943792949e-02,3.190748714794607727e-02,3.453013542634000843e-02,4.625818090732759097e-02,8.158842125673658463e-02,4.743738446410722398e-02,3.665598802796576905e-02,4.015019608285311931e-02,2.886184513005592492e-02,2.610383332054130867e-02,8.826133939238774151e-02,2.986585516419814137e-02,3.725407745471717019e-02,2.965668224617341170e-02,3.627078878395879197e-02,3.062398040097004739e-02,2.939014829897829834e-02,5.360928531139726866e-02,3.228975912032303053e-02,3.689760246735986071e-02,3.287568892444581864e-02,3.283098514222393405e-02,3.099170215857433366e-02,4.101072373780285246e-02,3.236846150721506277e-02,3.269311128486283857e-02,4.476188022927421462e-02,6.603845894251228477e-02,3.345488170741326567e-02,3.367379304632879544e-02,3.467829076581731979e-02,2.794623639443386334e-02,4.522185365344288249e-02,3.077902661021107711e-02,3.008157103686578959e-02,5.991154370283970770e-02,3.361099198973923480e-02
3.824613395883166844e-02,4.071961772011918612e-02,3.414395988751352251e-02,2.761444303177023468e-02,2.628431059881165474e-02,2.910244603906702449e-02,7.512260366924766730e-02,4.511829609327418916e-02,3.229793562403437263e-02,3.000200042385573959e-02,3.370088163623750910e-02,6.914229820832623608e-02,2.869191879689616739e-02,3.474855689376591533e-02,2.752621465278569032e-02,4.083709692803100255e-02,3.398795248965744142e-02,3.209191510421102039e-02,3.007276842471689332e-02,3.252489641862335579e-02,5.540632146675667641e-02,3.372739534473132017e-02,3.773178880562706727e-02,2.853677227472642408e-02,3.651420224082512628e-02,3.021739953868872799e-02,3.064798315184327077e-02,3.034706947971081356e-02,2.861104873004969434e-02,8.627147407812549296e-02,2.968425270013164835e-02,3.059436987473524577e-02,2.960675869524713802e-02,3.086070721929527402e-02,3.186823409097946924e-02,3.351970067407254034e-02,3.613903413798280617e-02,3.025715166971660458e-02,2.908171048695376223e-02,2.804129257765074212e-02,3.133781242336206030e-02,3.199332271650771886e-02,3.299651181079833739e-02,3.515727860457129594e-02,2.880796036215163211e-02,2.918398803781733011e-02,4.193109846771420068e-02,2.734147359752662348e-02,3.041993028187410172e-02,4.796471940575751380e-02
2.712174030751291626e-02,4.414971806959944872e-02,5.001457670629270297e-02,4.237331681066885264e-02,3.575875417668862577e-02,2.877615849108467946e-02,2.830342493565981762e-02,4.188822285168964515e-02,3.091721885818305565e-02,3.072963855646674777e-02,2.934800868026657752e-02,3.000037651276751469e-02,3.166127702196202404e-02,3.098067827509358441e-02,3.179548578222568533e-02,2.909041670675387159e-02,2.750024649211196132e-02,3.040723649577332585e-02,3.244670961750330263e-02,5.294924827347047974e-02,3.351279840290002227e-02,2.947027667080089411e-02,3.143149082723260129e-02,9.424783511821621662e-02,3.201423692121450892e-02,6.585839355424352726e-02,2.905547692076576941e-02,2.942455247603840973e-02,2.942592860901224391e-02,3.468151364735876097e-02,2.804737351206838813e-02,2.860149439714715011e-02,3.077263179754261002e-02,2.769909682781178384e-02,3.198485404869978038e-02,3.096284564495547370e-02,3.329478242687797240e-02,3.493804954671110574e-02,2.699753315763323350e-02,4.643855715349123892e-02,3.103541408610612645e-02,2.954362220970599071e-02,3.199099249998682559e-02,3.814343787986673034e-02,2.856546836392699629e-02,4.023275465630080788e-02,2.970874631574084435e-02,3.973360465292011950e-02,2.999373083405097382e-02,2.687806634430759539e-02
3.434100279925900862e-02,4.288268658292233165e-02,3.654668714223689024e-02,5.859607600574060632e-02,3.799528837695854977e-02,3.789068433167586125e-02,2.773657414386291112e-02,3.867401892495465898e-02,3.501866495925057277e-02,3.404000115200296606e-02,3.165266449348431987e-02,2.842027101762447869e-02,3.491176766963340755e-02,4.024006716954894869e-02,3.036537999600413471e-02,3.230662951194213789e-02,3.318550228098273575e-02,2.829540436980067936e-02,2.721281613208700531e-02,3.676557754402793449e-02,3.065468217961514821e-02,3.385080045657096887e-02,3.992606345028051895e-02,2.593732852872591976e-02,3.290865477165946101e-02,3.214171037134688769e-02,2.924987477592682142e-02,3.441953894830514227e-02,2.983816057294988097e-02,2.796546751070528442e-02,3.885304418211014965e-02,3.227915802382512467e-02,3.349945658972915130e-02,7.946697130720498103e-02,2.718028098497939082e-02,3.580351240939144003e-02,2.768313940004093684e-02,3.303748559798927453e-02,3.218030969532924973e-02,3.600711042795472910e-02,3.228026656972195901e-02,3.905613180884184160e-02,3.343562768928030199e-02,4.361304353659137267e-02,3.387380953718796550e-02,3.329883232119670161e-02,3.089316354238442683e-02,3.000316651567746032e-02,6.363513852875449239e-02,2.950449318512471733e-02
3.266583045506632477e-02,2.834898369987769867e-02,2.853035494454093240e-02,3.074161129544918450e-02,3.114072268822861908e-02,1.050486116721503077e-01,3.241536999243510575e-02,3.837942373728579076e-02,2.967017841774616249e-02,3.560656457687302184e-02,3.485712206081179737e-02,3.464390258919256699e-02,2.850283227548735740e-02,3.665639261212678274e-02,2.952681879376169855e-02,3.634229194015135833e-02,2.830412658040348806e-02,3.051033676845712680e-02,4.036386704781590173e-02,3.663540533111932923e-02,3.421896643272836352e-02,3.353816834181902462e-02,1.903755644575866601e-01,2.937225191856692591e-02,3.980250474742288991e-02,2.779957460384582107e-02,5.399985434108429960e-02,4.666522445466121660e-02,3.719733360867964050e-02,2.576218534171903496e-02,4.140755725872195814e-02,3.354143568450323326e-02,4.353693653652318529e-02,3.184377448593787158e-02,2.941384685775822599e-02,4.081220943321261369e-02,2.789952071679447157e-02,3.104093030701396069e-02,2.811317099521749852e-02,4.398247990998262191e-02,2.879858235651406792e-02,2.934949868072306636e-02,3.739773486822171866e-02,2.602911163231942313e-02,2.933479143664645059e-02,2.935401299415359502e-02,3.175363474071106473e-02,2.821560818239423826e-02,2.639981886040792744e-02,2.862912437105120944e-02
2.677886354785808179e-02,4.352717911313610383e-02,3.913632491706135058e-02,3.128615584041137543e-02,3.277404971007445017e-02,3.129000423941507431e-02,3.399431402244258715e-02,3.128612906651180581e-02,4.383888225841132275e-02,2.860580572694823923e-02,4.145097383465248114e-02,2.690285985643075736e-02,3.292789642378888409e-02,3.156703544574852166e-02,3.800203620342206684e-02,3.132275113002279399e-02,3.537553221419674487e-02,3.262900465319883841e-02,3.621243082512630440e-02,3.766734041237623093e-02,5.320575760910008917e-02,3.098210507371025949e-02,2.976336670008034729e-02,2.696913969266315908e-02,3.882346488760966136e-02,3.010616019675028260e-02,4.650444375391767776e-02,2.746192315275151549e-02,6.976421178443772964e-02,3.206615833730768611e-02,2.808763588241895703e-02,3.059527923561541213e-02,2.683241261638839512e-02,2.922590307753304001e-02,2.901063182093527662e-02,2.964610599203258354e-02,2.800742727060134829e-02,2.917770830832513290e-02,3.304678314685770280e-02,2.861617129654531883e-02,2.880996307152665706e-02,2.897184897040569820e-02,2.901846470187687682e-02,2.868739662066057891e-02,3.276817669562694796e-02,4.474215589116370406e-02,2.802395686187220472e-02,2.825860716613089879e-02,3.454732605975519705e-02,3.437303767292009676e-02
3.604988634270753223e-02,2.887851371523402974e-02,3.625496505185932944e-02,6.301125591043033047e-02,3.293925362399001411e-02,4.061763125878890129e-02,4.831514340972355159e-02,2.654660786901166802e-02,3.834887280557211509e-02,2.647394645089396967e-02,3.235700201015905692e-02,2.853253455674745545e-02,3.156978247847434804e-02,2.663965301214799367e-02,3.677028252862302865e-02,3.423350548568435125e-02,2.605926034815691725e-02,2.846157146243630254e-02,3.916983062095232698e-02,2.999523822150693478e-02,3.055052850551742347e-02,4.086702834067533485e-02,3.114098164507157415e-02,2.907142468847792247e-02,2.643202499541778480e-02,2.610971959989786748e-02,2.658570202524328588e-02,3.339394963276691441e-02,2.733647923286228534e-02,4.560249631630707706e-02,2.905226295833258227e-02,2.985286531480825511e-02,3.232162595226152624e-02,3.102865836545906295e-02,2.708208056905627575e-02,2.913940143047048098e-02,2.626001068173347205e-02,2.863262921796009067e-02,3.093592853370474155e-02,3.035688863992527103e-02,2.677033166819188861e-02,3.032688728218260049e-02,2.889533267476988854e-02,3.590778861025392676e-02,3.380078599991015453e-02,3.117571840958364635e-02,3.080991028540982363e-02,2.547976232295211946e-02,3.291874870639186629e-02,4.391599948318659213e-02
3.501957467781643268e-02,3.346731712101077422e-02,3.424246410674199742e-02,3.369291014265955730e-02,3.290738136627530813e-02,2.722837224833777117e-02,3.963904913000734775e-02,4.248891831264819258e-02,5.898232974499338643e-02,3.209823699776688521e-02,3.346445240867743087e-02,2.683818291680824947e-02,2.920631758177627199e-02,2.672442088691765263e-02,2.703452127762308310e-02,2.767649903464869734e-02,2.982465641230910500e-02,4.049406737843342513e-02,2.633837482005447345e-02,2.694408324579797287e-02,2.667851495893980643e-02,3.087098600672039811e-02,3.641871560499901350e-02,2.931878158081138719e-02,2.869059443069084045e-02,3.576166280145164078e-02,3.402044547610189734e-02,8.328834368875141780e-02,3.052740558220673125e-02,3.238654700860428559e-02,3.246635996589519735e-02,2.651865935520872353e-02,2.879435591168146014e-02,2.976843412243672382e-02,3.128681621759035053e-02,2.654258070125611185e-02,2.730923199372014068e-02,3.699822728309262038e-02,3.122661229985559603e-02,2.744781388234265873e-02,3.198018746643866567e-02,4.676196144598788323e-02,2.925128665166501496e-02,3.482932727738094481e-02,4.092735720834668467e-02,5.644995303892493682e-02,2.961186310141393843e-02,3.102176881944637005e-02,3.081236733007837111e-02,3.042493475288544566e-02
3.229530124490068155e-02,3.755870164638586833e-02,2.587743947987411128e-02,2.723205312336533790e-02,3.699192219377415991e-02,3.060905252442846364e-02,3.658486983652362717e-02,3.517954958280779254e-02,3.216727868061009660e-02,2.899267432482549242e-02,2.766853228138066098e-02,4.767524949864672401e-02,2.730964961347208050e-02,3.291845977523414485e-02,2.648649533080320653e-02,2.994159294715548203e-02,3.245883894290113592e-02,3.058707360202914463e-02,2.886475940920645369e-02,2.946081862144377117e-02,7.332116596863182123e-02,2.583843606178855279e-02,3.156292713970869357e-02,4.290809845388612875e-02,2.845418449087122603e-02,7.578750504213825900e-01,3.202446878322857959e-02,2.436642613340311153e-02,3.433509365069487701e-02,6.122260184529627891e-02,2.757004723386045214e-02,5.294058423826149967e-02,2.881283823209851436e-02,2.631426459376615470e-02,3.088645621278618414e-02,3.815165336205374874e-02,3.458769432277482292e-02,2.654123683479046175e-02,2.755059057386728683e-02,3.995736940290509076e-02,3.746642095476351159e-02,3.169219266710367883e-02,3.192082620189452824e-02,2.845749975428418441e-02,3.669653529239911421e-02,3.004858925942186995e-02,2.929396175618382420e-02,3.688220830558672919e-02,2.747781531799984786e-02,3.468208381625748071e-02
3.104091835332045343e-02,4.692628422404942351e-02,3.138435677519992723e-02,3.050341412525477830e-02,2.866328169986800956e-02,3.021855058235260044e-02,3.401180412725845342e-02,2.775995942499418639e-02,2.904357409546129073e-02,3.146785345547277457e-02,3.274596006007105681e-02,4.108723410772575219e-02,3.717975796726498416e-02,3.304025471496723626e-02,2.994357376917715016e-02,2.684707364705820123e-02,2.715173289658227851e-02,2.794687504703212422e-02,3.346783981051763834e-02,2.743962742466050583e-02,3.142971446475414932e-02,2.647941014983720351e-02,3.991918123142706998e-02,3.085321937021876654e-02,2.680832488986332682e-02,4.016275175612530474e-02,4.534122215504189646e-02,3.338179956453175140e-02,3.282515871187408063e-02,2.892450721057267249e-02,3.015114495208141149e-02,2.836539115886238180e-02,3.142674650269032532e-02,3.206813056847495486e-02,2.892421828085545502e-02,4.553455160086934683e-02,2.778171768832860336e-02,2.916945296970679946e-02,3.475290630881588266e-02,3.413467951053816146e-02,3.146132379580909161e-02,2.727039013377677290e-02,2.947239643361103736e-02,2.872955471601047056e-02,2.864470909461113574e-02,3.015532144505026282e-02,2.726050429934969571e-02,2.858361086133789919e-02,3.173042798152938410e-02,2.761528560078137240e-02
2.684726127119091421e-02,2.874280413561228903e-02,2.965556830002294419e-02,3.543371548604740129e-02,3.140440747473039612e-02,2.590618187616361076e-02,3.125868455919068867e-02,2.886789136994593469e-02,2.625079878391967450e-02,3.041526367150118593e-02,3.141841588377777827e-02,2.643556838077381482e-02,2.846467871090226087e-02,7.334471207340652332e-02,2.541819088209575084e-02,3.060942674197163899e-02,2.863628205236579127e-02,3.559026535884583786e-02,3.236416354418812646e-02,2.671584092334780558e-02,2.940378751401455382e-02,3.204018997777847294e-02,2.969145061333519631e-02,2.992389689896834959e-02,4.140956653926847197e-02,3.826126361651906865e-02,3.678243080126743919e-02,4.244779963542272966e-02,2.891799249592885007e-02,2.553737717073618213e-02,2.941443721158252395e-02,2.682176359505735602e-02,3.220973740972805921e-02,3.779976304825555244e-02,2.836471150511678599e-02,2.846846563492938173e-02,2.783095083898850380e-02,2.756164027482382525e-02,5.892066933767359238e-02,3.376686740121928598e-02,3.075914044156066035e-02,3.718041161377498571e-02,2.390968338436580062e-02,2.970910019211900691e-02,3.025510845892978931e-02,3.793986777242313452e-02,3.884245498401846242e-02,2.773470511731964197e-02,3.465180275904814616e-02,4.259336785307862860e-02
3.426960848641211893e-02,2.635772136867119489e-02,3.293841201468436508e-02,2.936279208755997530e-02,3.203312530855414314e-02,3.294082657188696778e-02,3.213477533578578543e-02,2.705035547220216094e-02,2.858363141958353629e-02,2.776902171343114886e-02,3.335095548723255449e-02,4.842043058712632020e-02,5.789204112005820468e-02,2.672812992487957895e-02,5.142259676228984333e-02,3.098738750713463802e-02,2.791363023835020593e-02,4.616577248089487329e-02,2.842449586484802407e-02,2.808686717469483299e-02,2.574488033516159416e-02,2.945235707313611020e-02,7.668353162811290813e-02,3.258492232757911194e-02,3.320724604399608038e-02,3.290125793346877769e-02,2.765528176539176763e-02,4.855517654565321556e-02,4.785052367938143897e-02,3.422249224197435047e-02,3.066241645816824429e-02,3.730683736777810205e-02,2.536840272796077322e-02,3.835288559224792754e-02,2.860542350766800967e-02,3.518259340309258520e-02,3.006687520288036514e-02,3.208317534276024924e-02,3.148901807338045505e-02,2.521002592036903495e-02,4.409298467921388132e-02,2.621043927681383084e-02,2.671649569122436924e-02,3.181621140060748171e-02,2.979738212353940860e-02,2.743782257574221145e-02,3.050244567918553376e-02,3.142251185468535740e-02,7.569964117380616198e-02,4.197224175672361474e-02
4.309515713927310893e-02,3.888278651552920517e-02,4.861953507291235516e-02,2.863068022808396007e-02,2.845311278134415867e-02,2.645340769730883737e-02,2.650983413536501729e-02,2.754561984582115305e-02,2.895444100246681932e-02,3.148475421739592439e-02,2.592065294265282621e-02,2.979279949868080674e-02,2.928080064759972997e-02,3.218436043136894964e-02,2.782341361850874592e-02,3.037608275461563950e-02,3.399099029653859100e-02,4.425447197444834502e-02,2.947872311713898782e-02,2.697989735376662632e-02,2.670327067586360237e-02,3.125010734581176730e-02,2.867049263405146292e-02,2.785590443949365752e-02,3.346773781194594538e-02,3.782531914306279386e-02,3.364168475360066607e-02,2.836905625679964418e-02,2.935749261351061970e-02,4.253285916585559240e-02,2.638168160232625195e-02,4.002897886379045561e-02,3.076284895928129565e-02,2.626206638289936904e-02,2.781869683427412587e-02,2.791545726486252890e-02,2.984273139379278045e-02,2.735160614373986429e-02,5.163384121717805308e-02,2.580206159265705651e-02,3.168636850650426856e-02,2.617451643708392992e-02,2.749309000141383214e-02,2.767594528269936779e-02,2.643295747086945799e-02,2.766552140626591175e-02,3.033942035351487598e-02,2.879245140889696158e-02,3.113327488872763560e-02,2.893994834111563233e-02
2.933469689580625595e-02,3.646434387274314487e-02,4.160933843726277032e-02,2.632711732122416243e-02,3.489997106372418750e-02,2.973252114732858470e-02,3.589204177140657703e-02,2.771086823414654551e-02,4.366822297962000970e-02,2.683710840360800307e-02,2.684687814738773853e-02,2.821720370871309488e-02,2.930954336381201911e-02,4.767591705756451387e-02,6.927176752636715618e-02,2.632521314041801758e-02,2.611247765331941445e-02,2.590397279790492349e-02,7.002988394893086554e-02,2.947438985980984499e-02,3.019217815374807337e-02,2.871195022615933429e-02,2.640308235792174565e-02,2.730941666597611409e-02,2.769772916340810381e-02,3.294914631961277235e-02,3.014971227788110567e-02,2.856838352453701380e-02,5.920250092843643008e-02,3.274847952052310079e-02,3.122603887142948870e-02,3.157504758509425274e-02,2.705809663033729301e-02,4.140173924474372519e-02,3.211512133595905566e-02,2.802866652757234067e-02,2.620189026420827183e-02,3.098003812698012574e-02,2.683575632165075692e-02,2.784735573901270592e-02,2.852662525216767206e-02,2.979663671904572708e-02,2.579005948876197593e-02,2.735565412727928442e-02,3.712940543547865041e-02,4.903817854301799339e-02,3.386764272452143232e-02,3.137764374786219251e-02,3.206983453937980316e-02,5.226951371336930469e-02
2.768571650183376115e-02,2.780549283490254056e-02,2.591669595026142858e-02,4.345863410658947629e-02,3.361806287658334474e-02,2.831754887155537789e-02,2.903984606072580743e-02,3.187941011918284107e-02,3.302009285050283571e-02,3.386977485605940918e-02,2.872249616174397252e-02,4.127316402358837538e-02,2.669831175136799795e-02,2.487984574246684261e-02,2.744320038473057471e-02,3.086098981590778070e-02,2.898839146029048505e-02,2.956288990678754627e-02,3.164434986039035835e-02,3.066254615573256112e-02,5.689419107743902415e-02,3.368227165871676837e-02,2.677208952003634623e-02,2.847760891465585253e-02,3.414498148324963955e-02,3.097962366422444061e-02,2.708430278042630451e-02,2.804950111362520052e-02,3.812772654584208748e-02,2.537836373670374068e-02,8.410386858336445226e-02,3.375853321340405860e-02,3.999381798767500523e-02,2.730131819999007461e-02,3.133594499579113457e-02,2.980586149099309287e-02,3.328749413212532537e-02,3.179805056430546478e-02,2.604793048692561827e-02,2.844167880312048133e-02,2.837191515854243368e-02,2.640428172358477710e-02,3.564710644937901102e-02,4.082746178623308103e-02,3.175532473723200605e-02,3.430125751766773673e-02,2.771771786530027176e-02,3.006459828360994596e-02,4.554113593412865979e-02,3.817524334420110271e-02
3.156644416985258939e-02,4.114740234764535654e-02,2.871861052563807332e-02,3.502492576709397704e-02,2.699523325394798806e-02,2.545960858069019547e-02,1.711307717246520754e-01,3.576096552014119273e-02,4.562130957499557771e-02,3.466528740505692152e-02,3.415471354280094629e-02,2.809724735931324116e-02,2.805113439115704266e-02,2.695540406051982057e-02,2.982124979888512578e-02,2.564906756238754734e-02,2.681560006657592032e-02,2.776275415840429028e-02,2.754820864095047436e-02,3.582568382697054465e-02,2.910947701545643640e-02,3.435541298812436195e-02,2.811078095908211422e-02,3.206331339679401732e-02,3.098411583694477694e-02,4.161228213638652057e-02,2.579162107978320503e-02,2.908022097387891886e-02,5.216433721801331386e-02,3.350792252822474421e-02,3.156781411070894161e-02,3.466106640756338314e-02,3.477232773389080100e-02,2.800933242834879530e-02,2.972462472076654871e-02,3.549312797399276770e-02,2.729743453654690302e-02,5.517037537176332218e-02,3.295150631322119050e-02,2.842788264014098343e-02,6.386409641390856928e-02,3.010519007431901317e-02,2.830840777842486347e-02,2.409348904996759175e-02,2.398559977783097999e-02,3.560696858435555279e-02,3.453400383457211342e-02,3.537535336237294242e-02,3.918002262386759138e-02,2.899594687762844375e-02
2.963640253883384479e-02,2.835360253788578311e-02,4.919939628266506437e-02,2.671593266000467023e-02,2.332580880869606146e-02,3.695796524435877167e-02,2.527824835761467021e-02,3.211283170843669266e-02,2.574612540144958703e-02,3.002209447005827619e-02,2.982436108340212610e-02,4.768041755326846154e-02,3.133055159468745021e-02,2.876557067621676733e-02,3.728566566475102068e-02,2.993762233999690270e-02,3.091329658615653980e-02,2.596263220806632049e-02,2.614454247608986523e-02,3.239215380058955984e-02,3.091294707944624784e-02,3.364739984962548253e-02,3.618702619785810204e-02,2.485109678140184561e-02,2.458309141529212843e-02,2.517300469402473581e-02,3.677160579509479443e-02,8.318853879840823473e-02,3.521992196386470458e-02,4.198908765570409651e-02,3.575707212313247035e-02,3.582104499955732907e-02,3.309314368439017495e-02,3.321937189483248343e-02,3.000309868650892497e-02,2.785101446478404491e-02,2.571422818334898053e-02,5.040640592966359745e-02,3.877579743466873924e-02,2.895559644388009946e-02,6.782267902016920758e-01,2.586325811390875404e-02,2.718998881506495477e-02,3.476901630583761893e-02,3.021109141761037925e-02,3.223636166502764216e-02,2.760110116723997128e-02,2.971080202308946927e-02,3.162172537194921085e-02,2.999370093851196420e-02
2.701845197703802229e-02,2.438085095769078336e-02,3.114088698031007574e-02,4.546365157516138455e-02,2.450860734932149704e-02,3.320868292464203980e-02,2.464082341361370151e-02,3.699172939539016602e-02,2.646824283100827901e-02,2.837421388368571024e-02,8.425095983596303517e-02,2.813573229436045972e-02,2.737001345530223895e-02,2.908984739999669056e-02,4.175611787637842354e-02,2.577099834228618186e-02,2.889816908067887116e-02,2.748316236815353739e-02,2.744244985285007252e-02,3.638573590229157717e-02,7.665175635719131964e-02,4.275810011103887975e-02,2.390159385363910954e-02,3.919764496787515179e-02,3.292224870657677743e-02,2.697096586468127402e-02,3.039958199541714992e-02,2.652924517268152524e-02,2.564335618388969076e-02,4.181076662837450442e-02,2.838387477860704333e-02,3.004352590748043603e-02,2.338282371934487583e-02,2.876703335049516155e-02,2.575848530917571391e-02,2.709600337871281503e-02,3.261794102451819055e-02,4.603328175567164560e-02,3.861293064198727254e-02,3.106854305093702945e-02,2.147347828388927737e-02,3.258748673991994360e-02,2.956230291547571123e-02,2.856402005108589146e-02,3.241443139356057351e-02,3.202453651666224699e-02,2.668441391642714655e-02,2.562189351858502537e-02,3.251197712393201489e-02,6.090888517398545393e-02
2.265970690723610043e-02,3.505392231722195134e-02,2.986859544473905587e-02,3.775225159306733191e-02,2.863701106916470562e-02,2.551951849786830012e-02,5.292248319361624043e-02,3.296434465179665096e-02,9.748252081481123543e-02,2.423343608757990222e-02,3.548077977660270971e-02,3.069174177264836004e-02,2.333436357833406846e-02,6.362269984657735467e-02,3.536649241063584415e-02,3.062382181766877196e-02,2.999710159341278937e-02,2.522803624814048962e-02,2.710259103226304173e-02,2.755108866814793417e-02,4.781836782163358113e-02,2.761290800152494881e-02,2.107577087099355220e-02,3.294902013636122340e-02,3.637279295856814948e-02,3.514424420882437256e-02,2.547658484016708177e-02,3.652052677341915965e-02,2.976595325260940339e-02,3.072178802271148534e-02,6.674488274962132872e-02,4.020852080938310674e-02,3.191541736990980566e-02,8.490638631655861301e-02,2.672024231606834332e-02,2.548708355548857940e-02,3.278779357610788620e-02,3.087099751839977521e-02,2.816898286339287322e-02,3.876822977970018069e-02,2.813612911508842074e-02,2.844707847228452116e-02,2.672306264675622378e-02,2.878005034316973368e-02,2.948126354800335511e-02,3.196845334880155098e-02,3.564323806644130455e-02,2.708843618074884343e-02,3.808928984355185177e-02,4.596191713710869042e-02
3.154492841997735830e-02,2.810504080690883963e-02,2.359827746884322897e-02,3.302808515558854768e-02,2.769384373917917891e-02,2.480228095677353486e-02,4.136969616249439735e-02,2.805241295007490296e-02,2.723464997116912048e-02,2.546030884815683737e-02,2.793561005036080541e-02,3.874195444817089828e-02,2.504071840442918459e-02,2.581608212620553622e-02,2.369006678466690358e-02,3.208332588747212638e-02,2.544880331391714129e-02,2.305134236732358718e-02,1.776653681473886748e-01,5.181930021667626590e-02,2.277378103019534264e-02,3.304103530974346337e-02,3.087707546482571994e-02,4.800873641923229102e-02,3.057032546219247762e-02,2.396903398812192526e-02,2.310557437706866127e-02,3.090878435045040645e-02,3.066403207479504248e-02,5.295397206251669514e-02,2.322128169994670463e-02,3.550517279459819431e-02,2.439163886162649258e-02,3.021763461431889800e-02,3.369954061213342039e-02,4.708762504104366947e-02,2.481865336329711763e-02,2.983527705309315867e-02,4.346578522776135822e-02,2.720552507640005072e-02,2.488419393835606883e-02,2.829042374346883368e-02,3.290788422439932387e-02,3.134421121561926232e-02,2.715868668789652232e-02,5.828068878747108550e-02,2.428448145990536738e-02,2.408733911676813264e-02,3.720610123275770037e-02,2.434311163102808456e-02
3.118646082016353349e-02,2.477297483094345262e-02,2.782014555759598079e-02,2.977249656305055656e-02,3.087641089120919669e-02,3.076413065973669647e-02,3.135635989917311128e-02,3.081800647352640060e-02,3.777215195341332432e-02,2.716222153474730228e-02,2.682977745135075101e-02,2.515143744620450608e-02,2.286720109653108540e-02,3.790522294228034633e-02,2.777458990974878555e-02,2.334457389128258287e-02,3.473028507853919561e-02,5.623994658004269342e-02,2.587506588624042050e-02,5.213556661649738910e-02,5.699791067772409792e-02,2.846041189396971566e-02,2.838384313821384897e-02,5.026741375998242806e-02,2.186745029771790944e-02,2.614218716720646471e-02,2.522705227481457022e-02,2.629205449286465754e-02,4.000294021387865162e-02,4.240177181435696857e-02,2.550195571365046834e-02,2.328749270174737540e-02,2.266353034625358254e-02,2.923115493511401278e-02,5.463369045176309780e-02,2.875129243503704579e-02,7.921658911895490540e-02,2.387585620275376602e-02,3.019561456217602358e-02,2.473927028212617729e-02,4.631191988399126214e-02,2.941432674531083494e-02,2.845575547975229269e-02,2.896016356688831464e-02,3.129454631121073721e-02,2.758181084400957578e-02,6.542776925754151263e-02,2.424363281781805393e-02,2.534381208842305389e-02,3.271898160210695572e-02
2.134671815764419348e-02,2.976626005878673514e-02,2.650252104560322716e-02,2.286678538082165951e-02,2.261874735279761905e-02,3.701933517980944555e-02,3.259843496405515767e-02,2.302591796421837519e-02,3.399965805794521317e-02,2.579351331211102508e-02,2.067352824297675681e-02,2.990559604170262009e-02,1.827152300085854997e-01,2.693917617964974517e-02,2.069024466645275409e-02,2.049734371554166878e-02,2.151163487383113068e-02,3.727577186669404907e-02,2.279468784868705217e-02,4.449329609140404568e-02,2.948477041042716490e-02,2.084844242679981252e-02,2.959343468660422666e-02,2.607025388518645695e-02,3.223264291467447390e-02,7.216576594727223959e-02,2.749910519147153246e-02,2.651614642131687460e-02,2.501906088276066933e-02,1.154282592796825740e-01,3.810628590237798846e-02,5.357003381031105738e-02,3.668154238477022711e-02,3.345155215018621314e-02,8.465930260066918678e-02,2.294271856949576041e-02,2.933875430961941505e-02,3.066838515850554489e-02,2.622854454080326969e-02,2.086658337746834582e-02,2.680346913145012500e-02,2.511473404558047309e-02,6.003793561147545421e-02,2.598530112639726650e-02,2.702260559505010110e-02,2.393942483275309299e-02,2.057290317251416964e-02,2.332002960709561243e-02,2.317051770805907476e-02,3.951501765109983327e-02
2.883261520963462110e-02,2.318016185603845661e-02,3.006329580206423477e-02,2.253926891178799699e-02,2.802405805280432441e-02,2.460679606466063124e-02,2.322402114158970271e-02,2.681725302108208323e-02,3.146132794976368163e-02,2.973867934454450454e-02,2.681449109750752569e-02,3.068098358371129999e-02,2.169222951647874903e-02,2.424969397436711402e-02,2.462242739365362587e-02,1.919927526996663067e-02,2.239522344201685944e-02,2.781930918023967428e-02,2.158742768406088364e-02,2.127489399972556927e-02,7.713189953938195953e-02,3.145058094277815297e-02,1.756399397131555226e-02,2.202207417389690988e-02,2.700790134885518862e-02,3.518550732386641761e-02,2.255403385830365148e-02,2.243404834510037971e-01,2.361676297840272984e-02,2.688685915454446657e-02,2.541464662282186607e-02,2.027295329915106137e-02,2.381008479173994316e-02,2.190026902210561940e-02,2.594369871286907395e-02,2.123852860937946660e-02,1.830330546187169949e-02,1.928773850823758268e-02,3.362032172135002994e-02,2.703698281420383737e-02,1.970452513869008077e-02,2.181315281609473231e-02,2.635359494103294356e-02,2.657998206813528760e-02,4.634260697499993642e-02,2.817255269318302141e-02,2.138931698756315822e-02,2.496166496464168397e-02,1.881863927243458343e-02,1.896142847547729535e-02
2.331653550124813956e-02,2.655382747577555991e-02,1.481121715282460866e-02,2.696897524637099919e-02,3.043351707477189028e-02,4.250000838254489044e-02,1.952157783432626262e-02,2.648659519948311919e-02,2.850721683751357080e-02,2.840613737594318081e-02,2.160412784370025277e-02,2.456094180109424235e-02,2.498751290182703311e-02,2.263103286643516551e-02,2.443379093698720347e-02,2.507470873994900248e-02,2.445587576560770415e-02,2.736725507617967373e-02,1.770070038516428218e-02,1.973128995293598961e-02,3.352912867160404153e-02,2.704387300922926965e-02,2.176360349228452160e-02,1.909130520186611349e-02,1.786099892816552306e-02,2.220085809894860665e-02,3.858898344493892629e-02,2.939996192474460951e-02,5.167450974243220641e-02,2.837774805881126960e-02,3.306435807586375480e-02,2.102614002920051572e-02,3.130185365690351523e-02,2.575888745652505848e-02,2.703369782146049227e-02,1.948565730472548788e-02,2.035322893091356944e-02,2.269959427483957820e-02,2.552764231222041935e-02,2.416860468914279469e-02,2.246939590605500844e-02,2.227900384980769852e-02,2.392121708422095816e-02,3.036595388232856199e-02,2.142921228445501466e-02,2.219361116419350452e-02,2.942764418673201460e-02,2.101795667849452529e-02,2.291247371818957643e-02,2.878332280767494436e-02
2.410402177198053830e-02,2.826153534347290719e-02,2.154794997352041386e-02,2.447986712744461973e-02,2.196703482774251676e-02,2.073773823375841055e-02,1.961752953330307345e-02,4.349149978328927663e-02,1.586755599853331353e-02,2.195992814058310427e-02,1.906048682464474286e-02,2.612738008063820658e-02,2.709203058210020443e-02,2.996840555516365467e-02,2.218446486453743566e-02,2.369275158866265135e-02,2.491117101668981551e-02,1.485589975645427302e-02,1.467506474092476060e-02,1.426075171819849927e-02,5.452316429683357751e-02,6.115305189964134053e-02,2.225258584290607661e-02,2.569813175530114707e-02,2.573148488229563824e-02,2.601009223897525480e-02,3.618034713990601198e-02,1.799865008042798170e-02,1.723325341341271077e-02,2.204862263309608980e-02,5.858242334926632572e-02,1.530472239124475164e-02,1.141058173511971634e-02,2.125378726531350002e-02,5.075105820709557847e-02,4.176625830729870092e-02,3.072830524555999684e-02,1.757806105577041506e-02,2.157164462378568376e-02,1.928933458337782694e-02,2.479780995661740040e-02,3.826384854453621087e-02,1.743918600774879354e-02,2.495891060216038487e-02,2.061678198502225542e-02,2.229650933666391804e-02,1.953039758272767309e-02,4.903639475698923916e-02,3.052928452721372435e-02,2.443024431203032892e-02
1.329252336971139358e-18,5.991199066380797100e-19,8.357458050205846018e-19,1.040488389113620988e-17,7.583212464622736996e-19,2.046160338875168165e-18,4.094780665050254272e-19,7.483035846473103500e-19,2.946986718154276626e-18,4.249789369186069605e-18,9.807305476544215352e-19,8.517234256458072837e-19,8.631351819681939028e-19,1.359096685431123812e-18,1.653933113547800135e-18,1.975117618357642934e-18,5.829131351981859952e-18,4.114640625930274288e-18,2.331021058540178239e-18,7.148922107561267820e-19,7.512968786314325313e-18,3.855924872908633847e-18,7.934000494807362251e-19,1.001548657236910838e-18,1.373471214701279055e-18,4.013266508939256452e-18,1.687756720817452552e-18,7.940565099715654855e-19,4.818821040032552270e-18,6.834535482068733751e-19,8.614312097765995622e-19,3.767658801424116105e-18,3.057957143667572258e-18,3.938269095406977765e-18,1.289566629799829549e-18,6.016361760190753428e-19,2.805410651123989505e-18,9.886621103027715578e-19,1.187271210323741770e-18,8.807830476462121980e-19,1.348769629331489031e-17,5.282040572062793789e-18,5.384186185161388642e-18,2.720859805641525014e-18,9.127277755418241860e-19,2.066141766710464207e-18,6.514002833695875582e-18,3.826715194810166801e-18,3.443562684115274354e-18,1.541921095959317933e-18
