4.531249350406852394e-01,4.556170575316716431e-01,4.528645701069505813e-01,4.539683988908359003e-01,4.557076890608913744e-01,4.577439267851742266e-01,4.597396069597415869e-01,4.576619292368391823e-01,4.524380358064628571e-01,4.551278950776637688e-01,4.526511970764719450e-01,4.551278527599127988e-01,4.541407372195540026e-01,4.592911681701685733e-01,4.574052889839664293e-01,4.545463088271151086e-01,4.548610772515728762e-01,4.581216234106482710e-01,4.560191026396064329e-01,4.516383282990185100e-01,4.612708663507127382e-01,4.553365357209682718e-01,4.552029654282767623e-01,4.524707366908787276e-01,4.592651559401985106e-01,4.507973232236287542e-01,4.558977799334803516e-01,4.564276083462506794e-01,4.578904789550086729e-01,4.556608025249584415e-01,4.491984853101336217e-01,4.559206148713635387e-01,4.604250350732215780e-01,4.549329862901430044e-01,4.554013373438325907e-01,4.535288617959021829e-01,4.540949661028175766e-01,4.561922517678674294e-01,4.575601182810664636e-01,4.537189909316632908e-01,4.516253032294961778e-01,4.598439683962678437e-01,4.533814363846619955e-01,4.545588656413584450e-01,4.550206541555963935e-01,4.601764164541155555e-01,4.589960215561164625e-01,4.520562714352613365e-01,4.574937470763890679e-01,4.574911065196251014e-01
4.530192416493176721e-01,4.581282903016542507e-01,4.590193412828407205e-01,4.554655303103757880e-01,4.542497995895447005e-01,4.565010549117016758e-01,4.578008134053109246e-01,4.532033581759338792e-01,4.550353011791377078e-01,4.520453109820587456e-01,4.561949102309447723e-01,4.541240969902273772e-01,4.548576783554408864e-01,4.586927273985200726e-01,4.609148657891480871e-01,4.536064820154224742e-01,4.549029577981404948e-01,4.539812438458455945e-01,4.530951669767003809e-01,4.574596472041683737e-01,4.568644600228053410e-01,4.550692271695696012e-01,4.569264111127052108e-01,4.567310354640538583e-01,4.533331524397323231e-01,4.580109824175195299e-01,4.579647026011003930e-01,4.603212825391967411e-01,4.551968662586631242e-01,4.594671329069635046e-01,4.554136133992842672e-01,4.560816575242014892e-01,4.564041961871005415e-01,4.558418219209727784e-01,4.587908902760673424e-01,4.612224416909928570e-01,4.595750361859577970e-01,4.578727720838960402e-01,4.561219342343252325e-01,4.527264895613004603e-01,4.568758651171352381e-01,4.585058369506346265e-01,4.527336017955997938e-01,4.534598711035595642e-01,4.508394814134350503e-01,4.561865636346790209e-01,4.576600271093920758e-01,4.570388115435911058e-01,4.553972306364529876e-01,4.535368874490998681e-01
4.608057343947666862e-01,4.573668520388743386e-01,4.533003982290764733e-01,4.578570051576942856e-01,4.575019394754055724e-01,4.528023104715750979e-01,4.561629849085731547e-01,4.578550588445254310e-01,4.597350162866119527e-01,4.588622289314592817e-01,4.560039791178682744e-01,4.525684049296386791e-01,4.540438744050540598e-01,4.542904258586836219e-01,4.522775394664172999e-01,4.530075023894007957e-01,4.552322784133117639e-01,4.551669251494344093e-01,4.559669747643555482e-01,4.452264544302609872e-01,4.584782143993069159e-01,4.556846829963127621e-01,4.606348033868100655e-01,4.582541514525559911e-01,4.554365150241465043e-01,4.583349944218071959e-01,4.610512850774252103e-01,4.566920494667081609e-01,4.584144540367025011e-01,4.566127230487546096e-01,4.575208845321381279e-01,4.560972293884432704e-01,4.521396148144321003e-01,4.565063027927765971e-01,4.588569849576925597e-01,4.489487735828127102e-01,4.541007375770396148e-01,4.516702697507723463e-01,4.536419404304213310e-01,4.531779122096276646e-01,4.566599755711733821e-01,4.541225345272492109e-01,4.575421576218255404e-01,4.550440326232504384e-01,4.533093791000916140e-01,4.562016163401740321e-01,4.558704658556758105e-01,4.588431738916696756e-01,4.563071710979357265e-01,4.561941844165765536e-01
4.530319987142017446e-01,4.519323333818311417e-01,4.565189919542022023e-01,4.590656830499716401e-01,4.579915218670089216e-01,4.578783368684011812e-01,4.507051925584266150e-01,4.516856531245376227e-01,4.528120942721060582e-01,4.537263065270482065e-01,4.577561051233001166e-01,4.571652469297320387e-01,4.546296686667076759e-01,4.531095939860066979e-01,4.544696013564106796e-01,4.586205440700951708e-01,4.502511113773011164e-01,4.559348118446823195e-01,4.546175081001869733e-01,4.557637408945915958e-01,4.559624259946424285e-01,4.546582746521580787e-01,4.508890300142024410e-01,4.551088357865920031e-01,4.514306671614445321e-01,4.537171388472974187e-01,4.511209176544594412e-01,4.555808648776230596e-01,4.563914379149261458e-01,4.562716652771249271e-01,4.578063340116491631e-01,4.521843237992341225e-01,4.557674678432870330e-01,4.533944098076523321e-01,4.495187019796882399e-01,4.543012903116594448e-01,4.501818744126935279e-01,4.537943184221236437e-01,4.558360402448329851e-01,4.522648009687571524e-01,4.592364150159483627e-01,4.541708577148933501e-01,4.532863655804421632e-01,4.529421876982620554e-01,4.554427383509824789e-01,4.532557820325902043e-01,4.526178476296301989e-01,4.549447730057774586e-01,4.555567115583287197e-01,4.540143665798543338e-01
4.534750535921228676e-01,4.564468104624480049e-01,4.538156408483206006e-01,4.518318954430983192e-01,4.559336729461918591e-01,4.535037388541242054e-01,4.506711888029059643e-01,4.535068567886008095e-01,4.575209688986946466e-01,4.577787110003017079e-01,4.547633415573016924e-01,4.557898170091571055e-01,4.560515579901450178e-01,4.544807733550939588e-01,4.505551591111875420e-01,4.552823908881095671e-01,4.543499994279748266e-01,4.525849554456377599e-01,4.540878215479758340e-01,4.542201650351616049e-01,4.506604704872426148e-01,4.531756500826892853e-01,4.539089316547660347e-01,4.546041542515714129e-01,4.569178186888602777e-01,4.594981911574548272e-01,4.540305045930324024e-01,4.534453596261326380e-01,4.576320556218624880e-01,4.520183912566120843e-01,4.542263979823298325e-01,4.550512064927388911e-01,4.541615954270910027e-01,4.555008055970489744e-01,4.559280096228537915e-01,4.556508051015667471e-01,4.558781526292400854e-01,4.569336176439135477e-01,4.502526605192607168e-01,4.545378475061488399e-01,4.532600604343925421e-01,4.529931531170982573e-01,4.549351706056496414e-01,4.507054493315609811e-01,4.540558954935122182e-01,4.589567657764960229e-01,4.501114067708646971e-01,4.531040461027471822e-01,4.555366043568301326e-01,4.518666215724804758e-01
4.546013051421190498e-01,4.532436297928217894e-01,4.570669313604231454e-01,4.523558009161995352e-01,4.549632466431025035e-01,4.515001523364088332e-01,4.522595121024253206e-01,4.540692708639449959e-01,4.521441295679465289e-01,4.518121013784692774e-01,4.515536353977659956e-01,4.517832334838299269e-01,4.541721194149489493e-01,4.546465737848965905e-01,4.541581949638499038e-01,4.568783555658177953e-01,4.544485417170084918e-01,4.535153261986475948e-01,4.512426669679439062e-01,4.516155677665664725e-01,4.514116413166780473e-01,4.518110959206927957e-01,4.498941956495189354e-01,4.530235584957540418e-01,4.541426228637087670e-01,4.540013649551493669e-01,4.543496193672818539e-01,4.486004627857692606e-01,4.508171416448703561e-01,4.525535263226021510e-01,4.477783598783235397e-01,4.552077083059610785e-01,4.459085040965698465e-01,4.523516702986687399e-01,4.558113841036821601e-01,4.476017287146693557e-01,4.571179169706189871e-01,4.566854580826710808e-01,4.493129924073637760e-01,4.506175242804638659e-01,4.498888069387239064e-01,4.530743472267384497e-01,4.506429399984935302e-01,4.550221910823298299e-01,4.515137272184691075e-01,4.470304270763436061e-01,4.517214535004699938e-01,4.545132417082343723e-01,4.488094268672445097e-01,4.527888495852493977e-01
4.506344742370121392e-01,4.487666073315848547e-01,4.538521338539612260e-01,4.524889723515251871e-01,4.557969052658650821e-01,4.537042183462101086e-01,4.484811739864348334e-01,4.489936617534454610e-01,4.553456479820078839e-01,4.534139015669206851e-01,4.527780682846714311e-01,4.544253351149093456e-01,4.554216828425353691e-01,4.480955916557806118e-01,4.482030618790335819e-01,4.546545671979490000e-01,4.492340959765492858e-01,4.548745138184695502e-01,4.512186106249785889e-01,4.534324483618527024e-01,4.470949047737096671e-01,4.510032097554299568e-01,4.466552064504730191e-01,4.524097323568611606e-01,4.524120939056628932e-01,4.538262981008673314e-01,4.499012502871365116e-01,4.555970187941271177e-01,4.530512990060516776e-01,4.509393006601061238e-01,4.505212846538259597e-01,4.501788266383062176e-01,4.536254879573092258e-01,4.549197948303076444e-01,4.501178188767588351e-01,4.555546743055315373e-01,4.561802958360524629e-01,4.525984837732419108e-01,4.524005015648764894e-01,4.541468770271318567e-01,4.474021794186234802e-01,4.484233088033277026e-01,4.522811358847270147e-01,4.515111329762776515e-01,4.530078010136924793e-01,4.551765328192717841e-01,4.533358722912274041e-01,4.495213813470935738e-01,4.506087837778879890e-01,4.535919439370329487e-01
4.463848338559716078e-01,4.477507164227151892e-01,4.488498179109577380e-01,4.511621794472268632e-01,4.527416586658991604e-01,4.506116982584888464e-01,4.483511795126570720e-01,4.478112448868482587e-01,4.489838330175551784e-01,4.526627325914467370e-01,4.463859532556845866e-01,4.529361095975271700e-01,4.497746915713378701e-01,4.542323646773709367e-01,4.531035467005647410e-01,4.508349749986533261e-01,4.530001305298623215e-01,4.500567841318818818e-01,4.493303090935790167e-01,4.550367741180742498e-01,4.507865154906617322e-01,4.488896586400377697e-01,4.501786044569939804e-01,4.535136588093099386e-01,4.496977619681821192e-01,4.494775509685498549e-01,4.468939964729859993e-01,4.493266882412358387e-01,4.501623216985093379e-01,4.477312030065699888e-01,4.469376456799900588e-01,4.476073130043580761e-01,4.527623520639801336e-01,4.492975963500546177e-01,4.527106724318478159e-01,4.513188870658253471e-01,4.462943156384877041e-01,4.497789024199432273e-01,4.492083171983192735e-01,4.547068221943995070e-01,4.489893359272820184e-01,4.537957888973942477e-01,4.558012670712948133e-01,4.514690149772948025e-01,4.503753786736390263e-01,4.526072751464896848e-01,4.482374599237824442e-01,4.475297645628406040e-01,4.497516018988306219e-01,4.522143485295214149e-01
4.486133456653801366e-01,4.504946599007655927e-01,4.447753451761449761e-01,4.491399706925338631e-01,4.461055399029048574e-01,4.508389308206484092e-01,4.513038681501926330e-01,4.481690573806760280e-01,4.464889268177688608e-01,4.484104018050960594e-01,4.449287882677541162e-01,4.463839759411266650e-01,4.515225387137053459e-01,4.466279090021921805e-01,4.429498111882237965e-01,4.466967392133467385e-01,4.503153262153129499e-01,4.512500967058445389e-01,4.445065650042031025e-01,4.479191768407976282e-01,4.473003112984195728e-01,4.498848810836978407e-01,4.503334604382323580e-01,4.472954203638453419e-01,4.477261871257003922e-01,4.493108336666984948e-01,4.501089215303750724e-01,4.470728222581028533e-01,4.440184012149976378e-01,4.499093156148354922e-01,4.511727880701222881e-01,4.468337589883217831e-01,4.485909932923705101e-01,4.494625472325828874e-01,4.528244568730966924e-01,4.455317514612812668e-01,4.464744751964874747e-01,4.481965319338601650e-01,4.452957222198068443e-01,4.463492998838666237e-01,4.500228007918349871e-01,4.459482049957012029e-01,4.486459079653550286e-01,4.526278785016667472e-01,4.419271416348068970e-01,4.505741998232292711e-01,4.506177997973825899e-01,4.479756115552850915e-01,4.445782964999430154e-01,4.477600169947346664e-01
4.458482293978734967e-01,4.416070654882217061e-01,4.467814718257338558e-01,4.486746869607123878e-01,4.435236564381491164e-01,4.454975447858013360e-01,4.432295125391990109e-01,4.464594677678976331e-01,4.491888933150597896e-01,4.445386040555192042e-01,4.489885074266942167e-01,4.493254426665002632e-01,4.428844262334075688e-01,4.474514062589637908e-01,4.451754614994584691e-01,4.425552608270370558e-01,4.449540878757852758e-01,4.468675926835217194e-01,4.488333987341985853e-01,4.459874828368037281e-01,4.458153419826402786e-01,4.485371866938571150e-01,4.511611283746363443e-01,4.452480244732264225e-01,4.444954144248222105e-01,4.449554540244083367e-01,4.462493217949505264e-01,4.438388377847298782e-01,4.395080184115490729e-01,4.448292159018646386e-01,4.463571305886405716e-01,4.489931547748397533e-01,4.424271705419780543e-01,4.460660694997298226e-01,4.433559381722878556e-01,4.467788088619433218e-01,4.457364456991927959e-01,4.497273827340147467e-01,4.451039625516396425e-01,4.426599635456491266e-01,4.448962529735240867e-01,4.467980318419725316e-01,4.486623189095020336e-01,4.516049408442014967e-01,4.493859540349673942e-01,4.479138019563247419e-01,4.448316931517229400e-01,4.455019060617088078e-01,4.419804632145585832e-01,4.447470394828779705e-01
4.452562707474513881e-01,4.417532260071999617e-01,4.422318534089240694e-01,4.414569853721965198e-01,4.400627959683682811e-01,4.467569831909198874e-01,4.430858387837314227e-01,4.455052864060604079e-01,4.423309929308389954e-01,4.450591445293567983e-01,4.392434130162359840e-01,4.428275147417358726e-01,4.453228774159221359e-01,4.498008623648601656e-01,4.416889030020597073e-01,4.430105513261111128e-01,4.375856002263517897e-01,4.422355219468013798e-01,4.435298197971267453e-01,4.465853697272418876e-01,4.407461137195353706e-01,4.403192298294095752e-01,4.469232946239018456e-01,4.423038067923061867e-01,4.476381894662098127e-01,4.398998044728770207e-01,4.457250589531037144e-01,4.456262082970438021e-01,4.466540862914989973e-01,4.409616333931319909e-01,4.408668677214326870e-01,4.432758644672309400e-01,4.401961845237918336e-01,4.425023299829367041e-01,4.446552867100327933e-01,4.453395954086362685e-01,4.452717220222875416e-01,4.442144632506663249e-01,4.437030651382506408e-01,4.440831811719641586e-01,4.438077851243467098e-01,4.484502184116679890e-01,4.449330663859580870e-01,4.402130692465755502e-01,4.463211612778131276e-01,4.428139738233727307e-01,4.445340946687112438e-01,4.396113926345966427e-01,4.424267975972869804e-01,4.453479492807480011e-01
4.425982908824139805e-01,4.409546355700253994e-01,4.439306377855664620e-01,4.437704495375782154e-01,4.448971807809398160e-01,4.369186280666007560e-01,4.413209542501143612e-01,4.417259972449708028e-01,4.461131170021579995e-01,4.402344829605537857e-01,4.421574695814641798e-01,4.336587927239246021e-01,4.395336130869919034e-01,4.407009771529197817e-01,4.411061868524481788e-01,4.424801972801959971e-01,4.397561458309369176e-01,4.419815535183940769e-01,4.427590580475509463e-01,4.407197785489548880e-01,4.417562041498164782e-01,4.467294915400676913e-01,4.425252864342077430e-01,4.408252304728018101e-01,4.380865466921454177e-01,4.412296296949504426e-01,4.375022882562404347e-01,4.409082197934949821e-01,4.425189634798675775e-01,4.422018533854552569e-01,4.362734854358900072e-01,4.455282500717442917e-01,4.451343937920441696e-01,4.430383673558838664e-01,4.423971406517436811e-01,4.392421941191522183e-01,4.435719476143163420e-01,4.345755903742316573e-01,4.459414906064214090e-01,4.412841675632801497e-01,4.420161845846390936e-01,4.405397816144614453e-01,4.417170813803600327e-01,4.448533385958925446e-01,4.414561837430204805e-01,4.416077914710726526e-01,4.440826848544659478e-01,4.439317301412109562e-01,4.430026207203487387e-01,4.424134418488691600e-01
4.354907021524883071e-01,4.386760748492555817e-01,4.342102378383212447e-01,4.420454957507840010e-01,4.380591174705502633e-01,4.401974404593537726e-01,4.374128373197321284e-01,4.401347793360077532e-01,4.387480972276498470e-01,4.341314332518430019e-01,4.362325958779444401e-01,4.357795299114244347e-01,4.352887407547880172e-01,4.380169815762183783e-01,4.334334606270906498e-01,4.320035414593313416e-01,4.388399856297168777e-01,4.372620132759271749e-01,4.416732092045755342e-01,4.392873418503875360e-01,4.394003646058491919e-01,4.428883304019794465e-01,4.333748915960511927e-01,4.415027274070935648e-01,4.406882204662109226e-01,4.375367071280548692e-01,4.389131385048461453e-01,4.410373090108632987e-01,4.367141439307135609e-01,4.362642021731751307e-01,4.406798053166980922e-01,4.421830949603766658e-01,4.420505483936866820e-01,4.366460923841157249e-01,4.404440242682516882e-01,4.378781781883354651e-01,4.399942245810367636e-01,4.450111147110923371e-01,4.394607691640892155e-01,4.371973238088408542e-01,4.333072926365460487e-01,4.394421052413475803e-01,4.429855737202822441e-01,4.355264355268616550e-01,4.388736403639182382e-01,4.430786806900564589e-01,4.395757928154686578e-01,4.369809825726773678e-01,4.401454591544832207e-01,4.388809742214524467e-01
4.329672986753242414e-01,4.335120653954065983e-01,4.336553418200101429e-01,4.354861070318781224e-01,4.311075982241008298e-01,4.375763756442279662e-01,4.349754517641449270e-01,4.355634964188044855e-01,4.352574650726039884e-01,4.341698482213138255e-01,4.347224184877345743e-01,4.358516765149840211e-01,4.356208767233524792e-01,4.365704810771056654e-01,4.321638948817603243e-01,4.360480725081253284e-01,4.348066153305443216e-01,4.360000852260591531e-01,4.358779081779803888e-01,4.342149400173007101e-01,4.303186784279114940e-01,4.347925988649620210e-01,4.350342499320223877e-01,4.360332717554063486e-01,4.389800673562594402e-01,4.313824203023887693e-01,4.374242147575395645e-01,4.342950902303754912e-01,4.306511944943919867e-01,4.358887464089269970e-01,4.352132393594807525e-01,4.370612627220465396e-01,4.336774504561418109e-01,4.312286047175467041e-01,4.386799733384256217e-01,4.391043505110551748e-01,4.333141021973995199e-01,4.352113208784914034e-01,4.357234498138422563e-01,4.369168731120547378e-01,4.344687011932445997e-01,4.325135482217171701e-01,4.413449768747414459e-01,4.311831216943511902e-01,4.299476507442956397e-01,4.368248759279586002e-01,4.401334004214200735e-01,4.381688550678797256e-01,4.314286746607424727e-01,4.368292828352771107e-01
4.279354192449102978e-01,4.312576795567489296e-01,4.365637252377657096e-01,4.374891145981087970e-01,4.309210952683151241e-01,4.284888455481590253e-01,4.284107608364926545e-01,4.296448884642503074e-01,4.305195118229231399e-01,4.310732234850306877e-01,4.385616381676535336e-01,4.328776417958569156e-01,4.310575549963321929e-01,4.325096274669586460e-01,4.323631823131204865e-01,4.290681469671356885e-01,4.311690511956194349e-01,4.322088774892783869e-01,4.347776439350876654e-01,4.297799031808757220e-01,4.314764603057731351e-01,4.316027958772628570e-01,4.370286470544631485e-01,4.309345200426620837e-01,4.297431044672062606e-01,4.324574424068397538e-01,4.319359078914278283e-01,4.296507003557921700e-01,4.308509598769788562e-01,4.318519254997069678e-01,4.273228194160249571e-01,4.328507251256563659e-01,4.313139095488990327e-01,4.287963900168970666e-01,4.281928805578406050e-01,4.301298558992955323e-01,4.327035801488617883e-01,4.283841571407695503e-01,4.308810901921186209e-01,4.357749032209470297e-01,4.306006814200977750e-01,4.323749272647662845e-01,4.331877662067146750e-01,4.334524487791240888e-01,4.322401391494555267e-01,4.288979246773465537e-01,4.367417595290082888e-01,4.316357222142784278e-01,4.379923993654043501e-01,4.284343508606973661e-01
4.267220284700313226e-01,4.350696293304430196e-01,4.199956226412249194e-01,4.263047376990605764e-01,4.305777795979841005e-01,4.310237654710104005e-01,4.298584730445441648e-01,4.250589764247804103e-01,4.269179494335835212e-01,4.285897483396986507e-01,4.263835018881728112e-01,4.311777810679788270e-01,4.300314359141819143e-01,4.262868793513311938e-01,4.349219329262750677e-01,4.299731526051916997e-01,4.279467372569821237e-01,4.262423860328957148e-01,4.314747232402872945e-01,4.272205485928955992e-01,4.305060567645707104e-01,4.281430553957655261e-01,4.288624361293305598e-01,4.296542305503633363e-01,4.290187579979649057e-01,4.328552310014916471e-01,4.294179256935030109e-01,4.267159015862502791e-01,4.283408049897524106e-01,4.269710411927755134e-01,4.289022784754930595e-01,4.277796997375986066e-01,4.292720941218011732e-01,4.296998763078947459e-01,4.289818295069148801e-01,4.312522194652735341e-01,4.239079874974816531e-01,4.267642317796812024e-01,4.291128022810559717e-01,4.299915245647215611e-01,4.272916573275033492e-01,4.308975048578336797e-01,4.269346982499269139e-01,4.299224697761828140e-01,4.299695984634024359e-01,4.286597188906159372e-01,4.299430800653727958e-01,4.307654620169589221e-01,4.258287496776582137e-01,4.298054902992427539e-01
4.196082795069622784e-01,4.188791662500671031e-01,4.214789429586842662e-01,4.241475471925332252e-01,4.232941323537768863e-01,4.206712667744553769e-01,4.278180147307426018e-01,4.249790182916399206e-01,4.233956554973011266e-01,4.235217444233577710e-01,4.294555646402462012e-01,4.286654092363157975e-01,4.302957885593374776e-01,4.224495446665079701e-01,4.235431692220190669e-01,4.256388882055257561e-01,4.273878967340400958e-01,4.245470508295708933e-01,4.238693872867445034e-01,4.220884829620212830e-01,4.248405380455617664e-01,4.281216422245029407e-01,4.299888773999208103e-01,4.278235647111709450e-01,4.233649108349780144e-01,4.312604945415781099e-01,4.275022242595600264e-01,4.231065716262607523e-01,4.233861390163494720e-01,4.203976105115891371e-01,4.251900618054277881e-01,4.252482845103335296e-01,4.275925108945894393e-01,4.208662969525042707e-01,4.270531991507373615e-01,4.214596752006200542e-01,4.239045619867100601e-01,4.254676836544580842e-01,4.228356118080317527e-01,4.274706664949856072e-01,4.230738060339973572e-01,4.249750572345902255e-01,4.219482794188845198e-01,4.271039572675132678e-01,4.194010136696369462e-01,4.300571529556834749e-01,4.241945071127999345e-01,4.239985854218167316e-01,4.237848019501809782e-01,4.209581525225732923e-01
4.248119207929715868e-01,4.178014561774409108e-01,4.223883701135739410e-01,4.248846789096573651e-01,4.225466126865622396e-01,4.204582297004387237e-01,4.250623551259409272e-01,4.259446761676005111e-01,4.175885326125084451e-01,4.179867254697108847e-01,4.204285522332855685e-01,4.208939699086424735e-01,4.241961257168170851e-01,4.204634435021130656e-01,4.164120789570471826e-01,4.206966224189179204e-01,4.216547451800196633e-01,4.204096221400385747e-01,4.241175131327202807e-01,4.182138441560995235e-01,4.221051962011965752e-01,4.213574562654255895e-01,4.222151414013022852e-01,4.220671995809460730e-01,4.205345624128103976e-01,4.172426883120177177e-01,4.207569171454584867e-01,4.219543192419479283e-01,4.214957036980604976e-01,4.180536199688295596e-01,4.199350610260523808e-01,4.160980892465617198e-01,4.236074483409288383e-01,4.234608018008460539e-01,4.258248867154438844e-01,4.220624194788955008e-01,4.240338536539097203e-01,4.205624337597504425e-01,4.180335816713304231e-01,4.223107232678370848e-01,4.214287361082109107e-01,4.237259373121356476e-01,4.215563207602718299e-01,4.233085183758328873e-01,4.178783155600453436e-01,4.174550512509901390e-01,4.264404901419859839e-01,4.239979952236034855e-01,4.220400974727724908e-01,4.228524323639601401e-01
4.170809241182975025e-01,4.148463512573027367e-01,4.104427612472473230e-01,4.168871414606467041e-01,4.135042480051763780e-01,4.165246379465284421e-01,4.150105530257420239e-01,4.176913028058870658e-01,4.155328245874865267e-01,4.104715723826945495e-01,4.181187735669845695e-01,4.172472573412738805e-01,4.144869193370221971e-01,4.137513078115487297e-01,4.174467927659074595e-01,4.171038915480536624e-01,4.137889546703440447e-01,4.186800817413591225e-01,4.181646556243525104e-01,4.167919242588427053e-01,4.183716380994260131e-01,4.172166185538240812e-01,4.197871645020858633e-01,4.149493918943361059e-01,4.181692830503708769e-01,4.182054118392992126e-01,4.162501464375549798e-01,4.183577636462951777e-01,4.174981828286158936e-01,4.158676777214229681e-01,4.177198745513244771e-01,4.197760556196702963e-01,4.144728700726788562e-01,4.136323010838133252e-01,4.140408824785574704e-01,4.190800141982292115e-01,4.165343158941091084e-01,4.203610945054695458e-01,4.146726587584635970e-01,4.214078377443438717e-01,4.163181961954231514e-01,4.145713523463182004e-01,4.194402033897491888e-01,4.137840850888691024e-01,4.125079517839965182e-01,4.216116619615201677e-01,4.179221347567145806e-01,4.150979587065669052e-01,4.138991637883355779e-01,4.172481774959952427e-01
4.087884225798401050e-01,4.112779089326398241e-01,4.156799076434337104e-01,4.114616358702724574e-01,4.124192227314619208e-01,4.048515817775314440e-01,4.128044770681403852e-01,4.110485107383554659e-01,4.120578699014006974e-01,4.155893351145157899e-01,4.129691704700786947e-01,4.086406469387842688e-01,4.145565490591173186e-01,4.114727884937667834e-01,4.121724551155074301e-01,4.115037165341283165e-01,4.138569978809500394e-01,4.115694496861719842e-01,4.096476750158187796e-01,4.153850320580532718e-01,4.126629200194216751e-01,4.136390772511374103e-01,4.159543807334375454e-01,4.142630494099691085e-01,4.142084600998451327e-01,4.117840946754465770e-01,4.168531203125141471e-01,4.105928737174470156e-01,4.127739926703409279e-01,4.137397504576635909e-01,4.083784239521697779e-01,4.136750222671536359e-01,4.124526346444424840e-01,4.130160213392483071e-01,4.114610875150228608e-01,4.111881665226508331e-01,4.143199569886578670e-01,4.079155318996615098e-01,4.170674697498421013e-01,4.140582475246166183e-01,4.101481484970629365e-01,4.143422406741625874e-01,4.104010002585934402e-01,4.118826900898328036e-01,4.125170707662356162e-01,4.112840917917848227e-01,4.172715631738836972e-01,4.107142528444450713e-01,4.142624974645330860e-01,4.091516092648302405e-01
4.039452750712133056e-01,4.048447333175035912e-01,4.093212007096805327e-01,4.020065519928182618e-01,4.063201765100562524e-01,4.086471094680819149e-01,4.018352730055264055e-01,4.011535241415317699e-01,4.074881431298635892e-01,4.069106484656297984e-01,4.024051736733414431e-01,4.057263785009004309e-01,4.068181248945961781e-01,4.082947969548166300e-01,4.039455713624972577e-01,4.088126149029341905e-01,4.068742322188442229e-01,4.043073865003989353e-01,4.077617085104475181e-01,4.093061163775786326e-01,4.107528733946663180e-01,4.031487399305760944e-01,4.070636012383977431e-01,4.075471870892029558e-01,4.129726306564674987e-01,4.078513359262641580e-01,4.099570477783193723e-01,4.095821894918500461e-01,4.087131014826765885e-01,4.088868084709244011e-01,4.053460344715984487e-01,4.092954587961574742e-01,4.047180496891210622e-01,4.104771122779963810e-01,4.072476696226214887e-01,4.103549534609648997e-01,4.063848699931993935e-01,4.040407922443643440e-01,4.093664757786880104e-01,4.070325485412356614e-01,4.057390925464485765e-01,4.051844626709434349e-01,4.088949754553721783e-01,4.090318255828457317e-01,4.078203031945153434e-01,4.107154946002218865e-01,4.088032002832913681e-01,4.021756394189776040e-01,4.027891233892727518e-01,4.065873616763486242e-01
4.002315417153028965e-01,4.013487013381413782e-01,4.022733935830264951e-01,3.990051998322012294e-01,4.007087170928199105e-01,4.012428273934712242e-01,4.020557814721087420e-01,4.007550721037966834e-01,4.041852789538265545e-01,4.044638402865886051e-01,3.981301056359503043e-01,4.041451136718534620e-01,3.990949205971634495e-01,4.022831942406839834e-01,4.019825696310758145e-01,4.009521845165074372e-01,4.040333586210789196e-01,4.020435533083138169e-01,4.004026862493398342e-01,4.075118711754488476e-01,4.022722038636873387e-01,4.023821213719201983e-01,4.025178525095942650e-01,4.023136850098787964e-01,4.004968365635658278e-01,3.997070189666656059e-01,4.027295115937578052e-01,4.015815749463201856e-01,4.003941429327471102e-01,4.028476863967325183e-01,4.020204650671016511e-01,3.968948952924708506e-01,3.988089591240056575e-01,4.021879765295865994e-01,4.037336155854738262e-01,4.000600649929728636e-01,4.033407969876478538e-01,4.024585336534996505e-01,4.037913182338871421e-01,4.016302416502859907e-01,4.021095047905516306e-01,4.035337015075804445e-01,4.032010807170871014e-01,4.013549013554397749e-01,4.024014525175180212e-01,3.992901421392192618e-01,4.006349855165621254e-01,4.056832164660035267e-01,4.055310664975160795e-01,4.041457248367671395e-01
4.003367818169796810e-01,4.006383641683310404e-01,3.916651933629176074e-01,3.982197444368815731e-01,3.945598178742359963e-01,3.972515079266404903e-01,3.949353260405963351e-01,4.000691649906261693e-01,3.943793201389685921e-01,4.001687942497831885e-01,3.980903795209077556e-01,3.964630226719184636e-01,3.929592554730954590e-01,3.986395737820255247e-01,3.947030565810983882e-01,4.009771999999517389e-01,3.981172702688361431e-01,3.948921010854869462e-01,3.929414281600887571e-01,3.896683466862079781e-01,3.921377443761804305e-01,3.989269701837790949e-01,3.969130207579407155e-01,3.968176078080352664e-01,3.946422926596626635e-01,4.014114744303231563e-01,3.974584290673177089e-01,3.947935783434768364e-01,3.999505048210080238e-01,4.032061023360422602e-01,3.977953374117770280e-01,3.924402289849173719e-01,3.982673580194975860e-01,3.958786278998590036e-01,4.010298830651841673e-01,3.968238471937771128e-01,4.010437071136781495e-01,3.971221417874172821e-01,3.947713219004542751e-01,3.979155949682478544e-01,3.951732643193390238e-01,3.963425222217026866e-01,3.962317509083621569e-01,3.921451471846995607e-01,3.954085546356264080e-01,3.954937855447336337e-01,4.009080977238664301e-01,3.987699216345915731e-01,3.986131555378975011e-01,4.037446539097402365e-01
3.932629455839150578e-01,3.914278017253924324e-01,3.924815550884674931e-01,3.870641025101947963e-01,3.901270349452359287e-01,3.920932364912641521e-01,3.956117777524509882e-01,3.922225953593135306e-01,3.909775359038829001e-01,3.924749282952308405e-01,3.924437518445328399e-01,3.895425010887142991e-01,3.925034315025128229e-01,3.910241378192147454e-01,3.918837170049212504e-01,3.946960539902211740e-01,3.909821370595187306e-01,3.892036128017113961e-01,3.968824249492858836e-01,3.879669631941635166e-01,3.916592668032715108e-01,3.960960434644092976e-01,3.901628507362569498e-01,3.914850492481831146e-01,3.919457312593038756e-01,3.925898517814947475e-01,3.942657037455734037e-01,3.899367578719098448e-01,3.942228506840571023e-01,3.899229056912999480e-01,3.911489376845135313e-01,3.937655702388793699e-01,3.963958263971224527e-01,3.914130671225156677e-01,3.934490582486073751e-01,3.938621202815879019e-01,3.939750945145815697e-01,3.872117905429914853e-01,3.940150279082744733e-01,3.884870579088697817e-01,3.919837380110591241e-01,3.877572622446174844e-01,3.922207371129994846e-01,3.900432921547027365e-01,3.874748818632205993e-01,3.931165928124869535e-01,3.891185751620569455e-01,3.904733204883361619e-01,3.919089475096192432e-01,3.911006485833310453e-01
3.880078530996430297e-01,3.896150741671305928e-01,3.826739396560135953e-01,3.873663721017072126e-01,3.842086523336858961e-01,3.874241761262962602e-01,3.920108613497014227e-01,3.824193223158176003e-01,3.789001494286094451e-01,3.825049960402290283e-01,3.889652357357771262e-01,3.898049140033885696e-01,3.877163185305076420e-01,3.875955723051179858e-01,3.901496947736221577e-01,3.858665923342220472e-01,3.801668044648072731e-01,3.852617904449935904e-01,3.887312417963063038e-01,3.862009913145795781e-01,3.877707147720601544e-01,3.861061916067778932e-01,3.845436385830027781e-01,3.860906629554659575e-01,3.937872431907012971e-01,3.817645832615046975e-01,3.858145532042560055e-01,3.858981735452004513e-01,3.849306807377722572e-01,3.883788637735540172e-01,3.884181464113548587e-01,3.894738504958871195e-01,3.850006367960968623e-01,3.850710660232042337e-01,3.842211086044406976e-01,3.885637256550701357e-01,3.827451138031743305e-01,3.847359782403856343e-01,3.859788341812936951e-01,3.881648368596254395e-01,3.904113974987102331e-01,3.906469306359615090e-01,3.817603327632573817e-01,3.848172523930234457e-01,3.875013080112004182e-01,3.859208778576756482e-01,3.848687156988938596e-01,3.841807028881507602e-01,3.885836517204383500e-01,3.852413101546035001e-01
3.843871041916953057e-01,3.743743800656570420e-01,3.799692025781611915e-01,3.779695071922423155e-01,3.777921950881387159e-01,3.786998961759007187e-01,3.807922167963250226e-01,3.756523904854290330e-01,3.803026032669286627e-01,3.801070050013303780e-01,3.814644695053315271e-01,3.771534640675243133e-01,3.793873086173141784e-01,3.790188705614054299e-01,3.850451831656001023e-01,3.801233039781176659e-01,3.741669596595740832e-01,3.808433461137283871e-01,3.799599761787567087e-01,3.808463311255538830e-01,3.756959067521932205e-01,3.767834235406208321e-01,3.779184733180169786e-01,3.768855800290132896e-01,3.792213192868879590e-01,3.807380361331061391e-01,3.826741157998080900e-01,3.838934344698640699e-01,3.835486054136363898e-01,3.772742888530703498e-01,3.788499892669716651e-01,3.823730832633309706e-01,3.826268925215720595e-01,3.819157267746187689e-01,3.812565545214054441e-01,3.800961808072506609e-01,3.780324388322308105e-01,3.780429630397573737e-01,3.786283597190000516e-01,3.811280804266225508e-01,3.743670623709293710e-01,3.798846483568075749e-01,3.768314656597904766e-01,3.779346872065134644e-01,3.771778210029415601e-01,3.809697176937172358e-01,3.836357629090657584e-01,3.788344044965223367e-01,3.807284423315301924e-01,3.756114148016532206e-01
3.700877061954731539e-01,3.749153404316778460e-01,3.737281159551036902e-01,3.717145908710980939e-01,3.727068482867759713e-01,3.712599658769284994e-01,3.742290239539737828e-01,3.710334098783847345e-01,3.751579154912448866e-01,3.707950659214650502e-01,3.756550489601213072e-01,3.707821394270074955e-01,3.698331640988378743e-01,3.737773662377704142e-01,3.777724597513422711e-01,3.721395539534916863e-01,3.771123005715469878e-01,3.732514885772474367e-01,3.727572808738244259e-01,3.728934903830659620e-01,3.750746747307701079e-01,3.706113356630338918e-01,3.735227472775076163e-01,3.752405126445034766e-01,3.692026715158057137e-01,3.744470360216155536e-01,3.731981624623843530e-01,3.731555605275300724e-01,3.728637608850153828e-01,3.705647520531987760e-01,3.730898045009332087e-01,3.742196495079595508e-01,3.710253276532485822e-01,3.783581223187703069e-01,3.724612597743302556e-01,3.736737862289954415e-01,3.730577457265982777e-01,3.772123958525118725e-01,3.727686982597431253e-01,3.718710136594935989e-01,3.735183925094304747e-01,3.791681026108194574e-01,3.759824936323175049e-01,3.713489806942855687e-01,3.751226323889848002e-01,3.734435850069811602e-01,3.701088876681673523e-01,3.737143504765931823e-01,3.724685548908811539e-01,3.720975374555530735e-01
3.659020364126971403e-01,3.686215012713372485e-01,3.633257479396267975e-01,3.684963014580479590e-01,3.679533311632655623e-01,3.708721105742166513e-01,3.652139055094071884e-01,3.639417667972427717e-01,3.615405951266812412e-01,3.711981586650044962e-01,3.615235879790885676e-01,3.639262492545939365e-01,3.648297506668783940e-01,3.653546059127574797e-01,3.733074944594129696e-01,3.671074322323232830e-01,3.690278568258527070e-01,3.679003676726146921e-01,3.716216666025652926e-01,3.664239143263862131e-01,3.692561360203893694e-01,3.651084373416380591e-01,3.668006870965681565e-01,3.646883391640325933e-01,3.712353554650901777e-01,3.681686253314790380e-01,3.646401450286954060e-01,3.667115123459365189e-01,3.692996419703007960e-01,3.692099303376471520e-01,3.631270118443576389e-01,3.643356839594922847e-01,3.663981300591197532e-01,3.702161298494088260e-01,3.680528050786088801e-01,3.674202443270108143e-01,3.700705321730827224e-01,3.661835737371558208e-01,3.649559135679347199e-01,3.688251248680322059e-01,3.713488190653073673e-01,3.644677575629905464e-01,3.663669401901141764e-01,3.657794295984837518e-01,3.642335983670216826e-01,3.678284057595547218e-01,3.700004490102031252e-01,3.701172291419165261e-01,3.684633488364125742e-01,3.700924799194572068e-01
3.614135679443499227e-01,3.591174950295770163e-01,3.625216217757505910e-01,3.644033561701573443e-01,3.596068772510324085e-01,3.563224613368815574e-01,3.602476032772494730e-01,3.601434913347604794e-01,3.591095074426883804e-01,3.566270299142847433e-01,3.599444296121358522e-01,3.557001479888540763e-01,3.623459674117353591e-01,3.638166124421475800e-01,3.608734880120890165e-01,3.628085757094786645e-01,3.625305166223055653e-01,3.612769241194654368e-01,3.615106240984621300e-01,3.635431252137011349e-01,3.624629798039343265e-01,3.621283859537861582e-01,3.591167017725857002e-01,3.593903344775648545e-01,3.606065194177948130e-01,3.555296221184122141e-01,3.620938487381569759e-01,3.579465782730153478e-01,3.557171365494056214e-01,3.581283020049643717e-01,3.606530214637755360e-01,3.650871484698102742e-01,3.630159701247435144e-01,3.674876097905815375e-01,3.587063630912992185e-01,3.620177263241587950e-01,3.621158466879377258e-01,3.633656113320469228e-01,3.579806684327939692e-01,3.592915166817465811e-01,3.596348430908947180e-01,3.604519092812096259e-01,3.577051341369828497e-01,3.642831414433292392e-01,3.597038838736325572e-01,3.598369221026884723e-01,3.584717834802365610e-01,3.622749602017734105e-01,3.628677794808617407e-01,3.627344108387630661e-01
3.496307991068416943e-01,3.580159073620626797e-01,3.507981382556464856e-01,3.489596427269214263e-01,3.541262731313410961e-01,3.551808813787626917e-01,3.519707126998946611e-01,3.546081685950960294e-01,3.579896107108123116e-01,3.506417132890206068e-01,3.509541422564340651e-01,3.538796591382917245e-01,3.515332675771032367e-01,3.546064599473354728e-01,3.533583666615979224e-01,3.524977083606598560e-01,3.484146969774254421e-01,3.523757656662749871e-01,3.533241839975689302e-01,3.555348300412196627e-01,3.573619587472137704e-01,3.517402568016005926e-01,3.547297166270509394e-01,3.512705578361355885e-01,3.528112563587300077e-01,3.566446801430883662e-01,3.517223902204011932e-01,3.508608226319812062e-01,3.510770524028833384e-01,3.481774119083503871e-01,3.506346445570348580e-01,3.537387041941135180e-01,3.555743084199146087e-01,3.532465788852439670e-01,3.531147901837600744e-01,3.509832921602496492e-01,3.554524811716326393e-01,3.536885509221945889e-01,3.523154997634507790e-01,3.567691125004057162e-01,3.540749260848268798e-01,3.501246495210133536e-01,3.548518391097830182e-01,3.557669636247539624e-01,3.549911254460552668e-01,3.559147029632861448e-01,3.607154870338784569e-01,3.564617172338567230e-01,3.540792431081623004e-01,3.503129125578717251e-01
3.440418103875440003e-01,3.463837850723323064e-01,3.446632109541261091e-01,3.486842658709082277e-01,3.480357910972883828e-01,3.436782076544583897e-01,3.451773291956387046e-01,3.476555915327051438e-01,3.442820465953309594e-01,3.423434476229048062e-01,3.505277642587643072e-01,3.484595681543402046e-01,3.498885225220397244e-01,3.469939111586628488e-01,3.434464500190069214e-01,3.433501754899461189e-01,3.498931756083850098e-01,3.487447615863187855e-01,3.473450512552462843e-01,3.474241796228695889e-01,3.469483607907788980e-01,3.471018971691035016e-01,3.542283456466803759e-01,3.430635260003994103e-01,3.490645282734597954e-01,3.464302420097106205e-01,3.477840118328863195e-01,3.421055317049875311e-01,3.504639467618552717e-01,3.472517579115864117e-01,3.492482026167880171e-01,3.514553745960172226e-01,3.486733810485622143e-01,3.534654306229562115e-01,3.459036299848986529e-01,3.422431089212822908e-01,3.452733379419656856e-01,3.495896095982196639e-01,3.423288435410277719e-01,3.441576991023360677e-01,3.484583079070779910e-01,3.467409510518574822e-01,3.485245358492378709e-01,3.478420702952051968e-01,3.480608694428191097e-01,3.472967957689477858e-01,3.497832892807414829e-01,3.468761040270031959e-01,3.435144564113636334e-01,3.482827694646344896e-01
3.412741498139057472e-01,3.391102604725524938e-01,3.422586872230810595e-01,3.341027829238514824e-01,3.395008439500670216e-01,3.377104090011427417e-01,3.385763344292226917e-01,3.403012862320694554e-01,3.358033440822569826e-01,3.381740924966095685e-01,3.403740074648046177e-01,3.434379901584094785e-01,3.353272867757736697e-01,3.411378660846711708e-01,3.326834108629964648e-01,3.401820532632034988e-01,3.422035066057446673e-01,3.421741985666789665e-01,3.390761417600621774e-01,3.386309913481704292e-01,3.359517494959013417e-01,3.369172145562892018e-01,3.362299628924508843e-01,3.359890075213944893e-01,3.390274865004339055e-01,3.405293264157764344e-01,3.401589054808083490e-01,3.382127395881903698e-01,3.385815985430123964e-01,3.382842608612484092e-01,3.389203288964723337e-01,3.364133849917241847e-01,3.422294128104328426e-01,3.390634925372777997e-01,3.351785678276213432e-01,3.390025506111221110e-01,3.365463392465766757e-01,3.342678009243330028e-01,3.363591547899892897e-01,3.350906283315622791e-01,3.394525985417813363e-01,3.355782700687772735e-01,3.392192603874146783e-01,3.408266067554324152e-01,3.390857224929000324e-01,3.354284870369439453e-01,3.394211193020297279e-01,3.372412010605488897e-01,3.353059677292790641e-01,3.428142998895374327e-01
3.331494835886129047e-01,3.278011301444866965e-01,3.304036245195041133e-01,3.285502618215331294e-01,3.272958336569034010e-01,3.288611472853740225e-01,3.238208692055802307e-01,3.313873210722218521e-01,3.308612204381471411e-01,3.295215899925066916e-01,3.352966227055082515e-01,3.314403155955534808e-01,3.298080196654620266e-01,3.323190220710333653e-01,3.341799387368620256e-01,3.349072329853655661e-01,3.341521658124129712e-01,3.325392554974892501e-01,3.318666138352527328e-01,3.295209439932344497e-01,3.343423744249457985e-01,3.338593858405032866e-01,3.327893641784661072e-01,3.336594943694836668e-01,3.333837278801365933e-01,3.380103741860904232e-01,3.282230442368899159e-01,3.282422396023156885e-01,3.337899312344979608e-01,3.282042570315527596e-01,3.310470432239684957e-01,3.266520058091628154e-01,3.287799951668414766e-01,3.310803821429795235e-01,3.330195621229458114e-01,3.309039052405473025e-01,3.315364726810430818e-01,3.256932694671471618e-01,3.270967465989417788e-01,3.354630457419947032e-01,3.324463498443133713e-01,3.312569008722616726e-01,3.328095085816463738e-01,3.298238837645974808e-01,3.274481628601351169e-01,3.390058317422114387e-01,3.307280862012184630e-01,3.281410437742008912e-01,3.311958997223760637e-01,3.290085884747244171e-01
3.274634830520201656e-01,3.251102000106936285e-01,3.276889926668511976e-01,3.200392381972503308e-01,3.269770467081929421e-01,3.231205619543431884e-01,3.214630594532225660e-01,3.267891741115996340e-01,3.279241095434110576e-01,3.245754621802173223e-01,3.180064671603241022e-01,3.252088982216317925e-01,3.170229285648797357e-01,3.231374227133699817e-01,3.232068479453800158e-01,3.235494875306642593e-01,3.253666259256107751e-01,3.220295794018537827e-01,3.234337985907260737e-01,3.214907134441041814e-01,3.261583908529840925e-01,3.250674735103883384e-01,3.256573859122096626e-01,3.215976760784524102e-01,3.238602450650997500e-01,3.235995837628115601e-01,3.240849259525552251e-01,3.267389742430560906e-01,3.227664106167059677e-01,3.181258735700351892e-01,3.230372039590964639e-01,3.207932024371705215e-01,3.206749060695027742e-01,3.219484067906221991e-01,3.252982015921682679e-01,3.220092643549081202e-01,3.212299557120433802e-01,3.222655723332475408e-01,3.202112704105785634e-01,3.196045514349254990e-01,3.201850882139433696e-01,3.218202993544003743e-01,3.243903605123962253e-01,3.218938691876881975e-01,3.251188886803062505e-01,3.230026901134321338e-01,3.260790721684789784e-01,3.177914190753879931e-01,3.245975779787282356e-01,3.228639770860929348e-01
3.147887338379215527e-01,3.169509696427956769e-01,3.106855784775632845e-01,3.203819751728409493e-01,3.219570107027958095e-01,3.166244705346208388e-01,3.178095066280123282e-01,3.152798489772010160e-01,3.148041985015022637e-01,3.116171520706893516e-01,3.116148337381847155e-01,3.149492968740145171e-01,3.179621882292457680e-01,3.154101193426041005e-01,3.157508152610540297e-01,3.155209633339454700e-01,3.163712131931890603e-01,3.169228514686986964e-01,3.159252344939801338e-01,3.179252766787259987e-01,3.131999416796372171e-01,3.145430461833521041e-01,3.155345398872557716e-01,3.124737361530048885e-01,3.160393554895724044e-01,3.140278516064005099e-01,3.180128983504827422e-01,3.151678841286575383e-01,3.150736076216651416e-01,3.149008282124042268e-01,3.153457371949463517e-01,3.147174749796537996e-01,3.156498618869317263e-01,3.132317221821209752e-01,3.178362526412935041e-01,3.190710567563501132e-01,3.128291425405052006e-01,3.217576291769916885e-01,3.168893191610190896e-01,3.138996512799593352e-01,3.162523219658447404e-01,3.217675550416917996e-01,3.170064722534455259e-01,3.162864597322163629e-01,3.137257947514385248e-01,3.160261814313732320e-01,3.150037925688120577e-01,3.087097399487037652e-01,3.134944569594413921e-01,3.177401990816053345e-01
3.063814151508897909e-01,3.069682483977359544e-01,3.067937356643308799e-01,3.065321416924610132e-01,3.060099399843038692e-01,3.076083220169357202e-01,3.079246700511774626e-01,3.048353637334395017e-01,3.093314211552745108e-01,3.085026700038184244e-01,3.057844910056882193e-01,3.027412369480657617e-01,3.097235937171492481e-01,3.039847191053534070e-01,3.075537811159244628e-01,3.048673711914692830e-01,3.079198709783063093e-01,3.089254262320653144e-01,3.038114491862740629e-01,3.064807731479972097e-01,3.102305648227977608e-01,3.026955589096751442e-01,3.038907322964702340e-01,3.064453886295531726e-01,3.053198145610141467e-01,3.014913188173636849e-01,3.109838858607268386e-01,3.043285507948913504e-01,3.040572412038194394e-01,3.071011159789384659e-01,3.089393563687524713e-01,3.077962854156919836e-01,3.033525113072739199e-01,3.096639959567827338e-01,3.029728496856509135e-01,3.070350019487214088e-01,3.067560243095977524e-01,3.089964137561584945e-01,3.052125179643540576e-01,3.075593591929464132e-01,3.079964441889093130e-01,3.097117525907651658e-01,3.067795603545406813e-01,3.019768879135818485e-01,3.051434379457654833e-01,3.079001330148090632e-01,3.055141691140217386e-01,3.059337578666490032e-01,3.000110439858422184e-01,3.043578083266784695e-01
2.947492562008205974e-01,2.954272500386357359e-01,2.988757155935302112e-01,2.981829263165665655e-01,2.994314394893364262e-01,2.996516510788526655e-01,2.981485401423188963e-01,2.953367647133304796e-01,2.994755168109454191e-01,3.027837603188897053e-01,2.943358068304819941e-01,2.956189769049643035e-01,3.014598134947031882e-01,2.997058763625887190e-01,2.967241424819260787e-01,2.949902999261239667e-01,3.004131300995667164e-01,2.987771928244422059e-01,2.962293669522433892e-01,2.977639654045929340e-01,2.988776850664440210e-01,2.973953320715158055e-01,2.991373748284171796e-01,2.988639495725687323e-01,3.054620816958476537e-01,2.993226238702687558e-01,2.991405785854061028e-01,3.014026036674706810e-01,3.003618596132199836e-01,2.991384154498216708e-01,3.005226885790048263e-01,2.944971661972966559e-01,3.011412548460963845e-01,2.919568985532425831e-01,2.960729877119343545e-01,3.002921162950095146e-01,2.963082265595818887e-01,2.939483769525315648e-01,3.020013637491774650e-01,2.968265740528229224e-01,2.995602130272451702e-01,2.929410787520468351e-01,2.962150541357357336e-01,2.967720395113084275e-01,3.009678879624972381e-01,2.974959791224351946e-01,2.965587465603569117e-01,2.953076685171616700e-01,2.992216385792671463e-01,2.961009266272454643e-01
2.902578103752663230e-01,2.941370335783053402e-01,2.864787800698135878e-01,2.906652515961275496e-01,2.866847609046846435e-01,2.867587472004539118e-01,2.887447065946333047e-01,2.864318660203368228e-01,2.900065860287685537e-01,2.836787053358257316e-01,2.870767828984499004e-01,2.891681265936945633e-01,2.931397213987283479e-01,2.903351938221861994e-01,2.880399439215896029e-01,2.894035430097879336e-01,2.886280835709469916e-01,2.920843440945090630e-01,2.932749542760376138e-01,2.887105296174450331e-01,2.900197005476892742e-01,2.912412902832687278e-01,2.882041950262498320e-01,2.866519173596280834e-01,2.932189329015389423e-01,2.882808046346620467e-01,2.864356237190887611e-01,2.824124749556564118e-01,2.870208740195134278e-01,2.899794690065700120e-01,2.886783037735847213e-01,2.897400026028959519e-01,2.852587181256941995e-01,2.862674441856917218e-01,2.889880506482412348e-01,2.889093705721983429e-01,2.895577466711121151e-01,2.877330445235787848e-01,2.876188377989906120e-01,2.920588319467912752e-01,2.908924824595007785e-01,2.858727026139581961e-01,2.886854974942925645e-01,2.888541106906808986e-01,2.880950132881429648e-01,2.912957469610948924e-01,2.928314600585403826e-01,2.886236281802898596e-01,2.891890440964838827e-01,2.918002431891918991e-01
2.797850762211274156e-01,2.862616302898279841e-01,2.774315274314013702e-01,2.791425290224889832e-01,2.829896158974116727e-01,2.802427185494778539e-01,2.860047170579770315e-01,2.835125102230268146e-01,2.826580910235321764e-01,2.831155512621430503e-01,2.815496241679965039e-01,2.791375821662100964e-01,2.765209081745473307e-01,2.802566856225380820e-01,2.797273375348289792e-01,2.813594193101314755e-01,2.793470669026336117e-01,2.788922864753099473e-01,2.778399281203787208e-01,2.807218078351215174e-01,2.770641909923928226e-01,2.812328925401147428e-01,2.823861249742388724e-01,2.831891717719480228e-01,2.796494703923885772e-01,2.786106565279079517e-01,2.786268987632123939e-01,2.790791073842842085e-01,2.819926478552924887e-01,2.817125211055867551e-01,2.788521405706203549e-01,2.773526626103529069e-01,2.829155514119863213e-01,2.834267686961794430e-01,2.779278919252985425e-01,2.797320722735496812e-01,2.794528498511551495e-01,2.833841053912055097e-01,2.819312402311910937e-01,2.764093077790110708e-01,2.793754812877772276e-01,2.778788184602551392e-01,2.816805965420521307e-01,2.763845019719159413e-01,2.765941546221049041e-01,2.784748162746846223e-01,2.796374415291243420e-01,2.776120824759792938e-01,2.797663082373583188e-01,2.808224189440897134e-01
2.608126640856144873e-01,2.710131332654049374e-01,2.697328913019502727e-01,2.754399390423223903e-01,2.717011848307432365e-01,2.697176183501627800e-01,2.740678473309634544e-01,2.707901994290277670e-01,2.796250103456804359e-01,2.679772458856512496e-01,2.685055650380391845e-01,2.694626240701268882e-01,2.710979834350661366e-01,2.715443766246355417e-01,2.720830441741785566e-01,2.697619411280359203e-01,2.695164276508594803e-01,2.691678717171726576e-01,2.662938650906482851e-01,2.664570356003644336e-01,2.712548466814135306e-01,2.695104354896657450e-01,2.703899229514437619e-01,2.692965499362364734e-01,2.712954473706803982e-01,2.659414311058511116e-01,2.695547162023557708e-01,2.694985127422526716e-01,2.737914980959240685e-01,2.638252533515310638e-01,2.710435380113688231e-01,2.757529581575892674e-01,2.735886934852910235e-01,2.653980096651684106e-01,2.674670340930523360e-01,2.698678981483033090e-01,2.696988849822970491e-01,2.724645084171918863e-01,2.704324065269659294e-01,2.721591217484485292e-01,2.691963255083112405e-01,2.688554252501021979e-01,2.697440901393273749e-01,2.669417531909770158e-01,2.677043716793289785e-01,2.712509184978703636e-01,2.753512712013415076e-01,2.664890242747601778e-01,2.706879972371434295e-01,2.729547626085501166e-01
2.637430430529283387e-01,2.588704165378625799e-01,2.606519839855442333e-01,2.586893643720137304e-01,2.551407429757645007e-01,2.646926556156200538e-01,2.641240025502438749e-01,2.549285785525784442e-01,2.601158790943077781e-01,2.613024475595919216e-01,2.603195640654083487e-01,2.556360683999761574e-01,2.605236323382228991e-01,2.610147933244142404e-01,2.615303909569186569e-01,2.589136531112596895e-01,2.635229438324337981e-01,2.587495392578862963e-01,2.624682343457460099e-01,2.641982373997488476e-01,2.608687592915364672e-01,2.555675630054219383e-01,2.636454193057110595e-01,2.608631983082354555e-01,2.586046264866783129e-01,2.605629036743060123e-01,2.581053353311086873e-01,2.599898442333944959e-01,2.606027777195626949e-01,2.600485184670771055e-01,2.636334369028076607e-01,2.596486909378281083e-01,2.633271849738910708e-01,2.656681587522693455e-01,2.644918140362188530e-01,2.619910087194733395e-01,2.656223431532795942e-01,2.612131148025448879e-01,2.631323120791158598e-01,2.625703983323392499e-01,2.596076970226500746e-01,2.596855481750223738e-01,2.620162676863380669e-01,2.582832975427746813e-01,2.592545327325723181e-01,2.579959749394534207e-01,2.627136398808948003e-01,2.589727652296142102e-01,2.580825499277030755e-01,2.590909342167791451e-01
2.479165003459848082e-01,2.577558078955863308e-01,2.542887431883575355e-01,2.492165050913806301e-01,2.508310993926739507e-01,2.508228124297965378e-01,2.474220884592125136e-01,2.552429914965710922e-01,2.518688137844644070e-01,2.539338144232181071e-01,2.497970440193718888e-01,2.553443637094857666e-01,2.537356904136327529e-01,2.522096909357538497e-01,2.525782063674826827e-01,2.515333444791278961e-01,2.485202325798142875e-01,2.534916959898210753e-01,2.492709584873812612e-01,2.525015160755818000e-01,2.479665467240569354e-01,2.499044257664712609e-01,2.463314650031771524e-01,2.517983361205384796e-01,2.484507250996000061e-01,2.541908166287882853e-01,2.466008824951557155e-01,2.487368593896880919e-01,2.541628814648627666e-01,2.489081689944483977e-01,2.557317441246933498e-01,2.511969224370440013e-01,2.504297049080716486e-01,2.517504922442816984e-01,2.514234612313440143e-01,2.522930502125039220e-01,2.523867373885513299e-01,2.485804133100355251e-01,2.485038277393586958e-01,2.544821651627396930e-01,2.471067290044106912e-01,2.438645620821953131e-01,2.524548671315949844e-01,2.501077804198927890e-01,2.499551922249917679e-01,2.540295663704726370e-01,2.534771736351653093e-01,2.527376528961315927e-01,2.494329771771327808e-01,2.533690734346922824e-01
2.379810134978201930e-01,2.377296923094096015e-01,2.370902183397513019e-01,2.352436208875834933e-01,2.391653315699707183e-01,2.397628209824194945e-01,2.427028289600887956e-01,2.429240980048558152e-01,2.454376830765922779e-01,2.391421035365620951e-01,2.391928964937957147e-01,2.411713800070114100e-01,2.384983362775311699e-01,2.413598189857986964e-01,2.372886217100657891e-01,2.345070971455884279e-01,2.394828881425364875e-01,2.389574529644493406e-01,2.400095313758804916e-01,2.425051641567651795e-01,2.431900401035041459e-01,2.407529064000830388e-01,2.424955460496240056e-01,2.421424715063467681e-01,2.406579557450332918e-01,2.373898713148535067e-01,2.419389633789598426e-01,2.369975320186369638e-01,2.408485236224876536e-01,2.409245188334216969e-01,2.421391923497124843e-01,2.424997131043521992e-01,2.462422801989558041e-01,2.377444780358112242e-01,2.408740401959110489e-01,2.380737560153991517e-01,2.384680403028920370e-01,2.442253234202027001e-01,2.369266483533667977e-01,2.433256249454277542e-01,2.434245420505263546e-01,2.397167830066410377e-01,2.416446706745335737e-01,2.422795916414034745e-01,2.428455340127788353e-01,2.375177955561317833e-01,2.367792901913228498e-01,2.423275314749502862e-01,2.395842934907304045e-01,2.411574410919872236e-01
2.354812283394811523e-01,2.314030990019271261e-01,2.281057058826564121e-01,2.309626572104301889e-01,2.314165885987230775e-01,2.313176570533610754e-01,2.278716477153367448e-01,2.301963738530589665e-01,2.301327863990542955e-01,2.356287726077159195e-01,2.304517600753829276e-01,2.343288331714908357e-01,2.353258605085030153e-01,2.307989335531351882e-01,2.247215889649025744e-01,2.313424158541947107e-01,2.294432425477966331e-01,2.266376827988712539e-01,2.300834488634604102e-01,2.267786584384179904e-01,2.300076828399058304e-01,2.285744780541313914e-01,2.334483063975246464e-01,2.282228819785874496e-01,2.302865298850970410e-01,2.304494632325131132e-01,2.282794471569823958e-01,2.307693641685338859e-01,2.296624011583511815e-01,2.340726632763641402e-01,2.294906545649622043e-01,2.270298623993125264e-01,2.302650803941598823e-01,2.344839080990190061e-01,2.296647354283624376e-01,2.351826090690835869e-01,2.328494804828032116e-01,2.326535439563090779e-01,2.318533265930068088e-01,2.319985046426324971e-01,2.328141091968539966e-01,2.338802661491733159e-01,2.344116817008108089e-01,2.330375708070524521e-01,2.352352070964819353e-01,2.367234832715480741e-01,2.287964625290138110e-01,2.273345880682864362e-01,2.290085401468946735e-01,2.333256925957393479e-01
2.241478129941220643e-01,2.175332576136713159e-01,2.215323530843112398e-01,2.213460434766696128e-01,2.178732958451705948e-01,2.180317303175008381e-01,2.199038125495410834e-01,2.178891478241136714e-01,2.225172946371137550e-01,2.199943710447853640e-01,2.187987526419176709e-01,2.190503958124486727e-01,2.215316143284839778e-01,2.189059280347002978e-01,2.179589539115278640e-01,2.184502520906485556e-01,2.190898001113255888e-01,2.234374604825273558e-01,2.148826941421032588e-01,2.222428234661528168e-01,2.201616743863475112e-01,2.218524500710299940e-01,2.220535922606149681e-01,2.185683610850896463e-01,2.216739065233718498e-01,2.195605630659399898e-01,2.176032867413131844e-01,2.193033711502800909e-01,2.155651606011172172e-01,2.199300745439408122e-01,2.173710047318800354e-01,2.208148367123515254e-01,2.206195271775771016e-01,2.248767601395375293e-01,2.205885295938756763e-01,2.239781334977641036e-01,2.218660974653697271e-01,2.236313671054376007e-01,2.199649608835909098e-01,2.276291393279213648e-01,2.178661676255122526e-01,2.188400650333310049e-01,2.196276616303755869e-01,2.178222506901454081e-01,2.182536259902160547e-01,2.209984472180089587e-01,2.208301408059708537e-01,2.160885926562694515e-01,2.155707043725878236e-01,2.187699419131650391e-01
2.060125616853731578e-01,2.080406679068755038e-01,2.104504391629342108e-01,2.053854680221162687e-01,2.077423550156382304e-01,2.083121508392285770e-01,2.047418234261186021e-01,2.078008045748843124e-01,2.139903009121479904e-01,2.148007754149288684e-01,2.040189674496881711e-01,2.122797404597394078e-01,2.066195235278773801e-01,2.100363400473099218e-01,2.105638726179725195e-01,2.085251162683398329e-01,2.122720821318788698e-01,2.070111342498660023e-01,2.110215578534308523e-01,2.050875034070351877e-01,2.055000270125736661e-01,2.112999272451232813e-01,2.072161012761825905e-01,2.075829115598973595e-01,2.151013441667811443e-01,2.152882951594901617e-01,2.079954713951435441e-01,2.063307974281219093e-01,2.037101290131869413e-01,2.102102500719696954e-01,2.080384215338289822e-01,2.077001632444498702e-01,2.061717031306637415e-01,2.066434753071576536e-01,2.083643734819037308e-01,2.031110445832264855e-01,2.092350044417412014e-01,2.083185200856239871e-01,2.112025125326068009e-01,2.132476885512771814e-01,2.095149473889938718e-01,2.087424221831213900e-01,2.108477296613449070e-01,2.109298122332455561e-01,2.110624543867211933e-01,2.118611213137925886e-01,2.037458723676127959e-01,2.093850807352339860e-01,2.102829344890214391e-01,2.083994404753677088e-01
1.978492708319957716e-01,1.993449291900172282e-01,1.989005513514637280e-01,1.991782134400292281e-01,1.997825168075287317e-01,1.923696151304420954e-01,1.965815282823947241e-01,1.976960895142852170e-01,1.997642541169748487e-01,1.990255048401857740e-01,1.998186646004707911e-01,1.956176626582543376e-01,1.978967456401400649e-01,1.935503508899640290e-01,2.002164009626157259e-01,1.977002703649318183e-01,2.015394048189064480e-01,2.020300061369627587e-01,1.955807971883914975e-01,2.004052051390196321e-01,1.985094502258107907e-01,1.986965208340436551e-01,1.997434964085418041e-01,2.027897969367366826e-01,1.954298924817676475e-01,1.944569863514202246e-01,1.955409971405963898e-01,1.962025809710432889e-01,1.954851582354601436e-01,1.998533901353251596e-01,1.954952460456888530e-01,1.986632048188660682e-01,1.975295756891550791e-01,2.006334047570774437e-01,1.959103495610262091e-01,1.980195366156113357e-01,2.001314135075760448e-01,1.989494581348005275e-01,1.956575799534590043e-01,1.977849324350810234e-01,2.004770069825168033e-01,1.944411891603008147e-01,2.000469512646774750e-01,1.940762150330339331e-01,2.003298227438063961e-01,1.993699832974639985e-01,1.955123844176877013e-01,2.037182073205395516e-01,1.975559481534422679e-01,1.915944434508240202e-01
1.810432867706315840e-01,1.900733799215912900e-01,1.884838074079218662e-01,1.870343012920238634e-01,1.748063099741320736e-01,1.876462895519585006e-01,1.879628201585803460e-01,1.874258577819252758e-01,1.830411658021124932e-01,1.889938917198369372e-01,1.867273639281964159e-01,1.861341546892080201e-01,1.824719898757778125e-01,1.876133017217797017e-01,1.878028717576432360e-01,1.840611498390454237e-01,1.831645209973819799e-01,1.883820639818453158e-01,1.851055266478810191e-01,1.834452527026877444e-01,1.863197116239484752e-01,1.837875969397165798e-01,1.845886887482366401e-01,1.843657966712768936e-01,1.839840622196819153e-01,1.891692427491061534e-01,1.795114260984797538e-01,1.860000806723378364e-01,1.884442412594964367e-01,1.868935577128297831e-01,1.843448234618884074e-01,1.858806104972228757e-01,1.852709340639478452e-01,1.868119635542597190e-01,1.884694095946148895e-01,1.870495344086138545e-01,1.879222233784729745e-01,1.874216934472933416e-01,1.896983214272883744e-01,1.896369830299312609e-01,1.867621295655061964e-01,1.876071213962875739e-01,1.885288546538501642e-01,1.844217700600474241e-01,1.816954953598258760e-01,1.884061001871063235e-01,1.873253673483944726e-01,1.887036333143073674e-01,1.859624954502131500e-01,1.881824827705539660e-01
1.744388355965822701e-01,1.751713423564871253e-01,1.770407926054638481e-01,1.776555525128473423e-01,1.769674042328640284e-01,1.730793908951286930e-01,1.723459845997453166e-01,1.773032335449369334e-01,1.720033526394249002e-01,1.771226277873136357e-01,1.785794680330807238e-01,1.712810613694092099e-01,1.796740577865161281e-01,1.758376756465591939e-01,1.752227349603511508e-01,1.785472440689759854e-01,1.721663254174533308e-01,1.760459370948828373e-01,1.776991817942510654e-01,1.711554388043018959e-01,1.722724968365527132e-01,1.811213832949495339e-01,1.735723616512892253e-01,1.791357318523477959e-01,1.739419402821530958e-01,1.738023316393216833e-01,1.694303197193004207e-01,1.759941914692970955e-01,1.745922418289256595e-01,1.764917181482138220e-01,1.723039856379221801e-01,1.776877688958833079e-01,1.749401110422100225e-01,1.777689487269002167e-01,1.812111326546919643e-01,1.719169315212599192e-01,1.781394650450911221e-01,1.746355736906130551e-01,1.734598178029538307e-01,1.779270755077572708e-01,1.734504591038982524e-01,1.716026114159556193e-01,1.717436072031218175e-01,1.774297808534721632e-01,1.778148528280981133e-01,1.765442267093084161e-01,1.752971815845098535e-01,1.748063603906715724e-01,1.750251957478643761e-01,1.705315246233289062e-01
1.668439058673483188e-01,1.642138126341151638e-01,1.664537570440466907e-01,1.606118045971963448e-01,1.648002944435510153e-01,1.644032097210396948e-01,1.673546952695501022e-01,1.609933019836351231e-01,1.653815857979533399e-01,1.608560122852118468e-01,1.642995377246022903e-01,1.607396990830282646e-01,1.609563825473410148e-01,1.578034086161986260e-01,1.604769234277110268e-01,1.628021512887262989e-01,1.619355332217766452e-01,1.610760559832041527e-01,1.612461233094282242e-01,1.715662964792095679e-01,1.609538180553078957e-01,1.652273018726059250e-01,1.619784522498669277e-01,1.604879877761298812e-01,1.618730313827921874e-01,1.661475535443493468e-01,1.608279535564862417e-01,1.614079746535709015e-01,1.628812984067158631e-01,1.653717998830587510e-01,1.672664402947098006e-01,1.578748105330986806e-01,1.674772898699588286e-01,1.642655472293330920e-01,1.658468700227518355e-01,1.655382678666122709e-01,1.566057163104613015e-01,1.635418075345235756e-01,1.614681968585702787e-01,1.644591533819434181e-01,1.675430443654615520e-01,1.622784234582040908e-01,1.626650692364502993e-01,1.601890518331844926e-01,1.672662409268197981e-01,1.631219289052541488e-01,1.661332048704671216e-01,1.637831318075999298e-01,1.637456489012532879e-01,1.632505082217017012e-01
1.488647413451724688e-01,1.547868513573728289e-01,1.484338651850539426e-01,1.526571278051104819e-01,1.471939071931572807e-01,1.489589140432648062e-01,1.487771193660938907e-01,1.513042120764915288e-01,1.510226781760656278e-01,1.506198268968366727e-01,1.504457798567341298e-01,1.510933674440004537e-01,1.524528148717573250e-01,1.526451816531045058e-01,1.506826603999298075e-01,1.514122247993306414e-01,1.506063041698220972e-01,1.498804423946116515e-01,1.495542352624445737e-01,1.522436278644336560e-01,1.524593270277157242e-01,1.516412301129937135e-01,1.475616795034006001e-01,1.511988191217571720e-01,1.472748795110793707e-01,1.534397561297793644e-01,1.470644889531759480e-01,1.539361861930048647e-01,1.562127395726978785e-01,1.535336815428483825e-01,1.503669851605548835e-01,1.532560183764573036e-01,1.517972907147646100e-01,1.547282007766339063e-01,1.507689239182048724e-01,1.488829726228081407e-01,1.486940052427565273e-01,1.542382852066929433e-01,1.542984675616946022e-01,1.463155721674765375e-01,1.497032412608725327e-01,1.519595387385806740e-01,1.476008091405135170e-01,1.491395804951183290e-01,1.480931413967195853e-01,1.526750170091743519e-01,1.500385821789928520e-01,1.484332112264558357e-01,1.452659359933503314e-01,1.461208567445539674e-01
1.374114470915631103e-01,1.394539853079800051e-01,1.362885829747782496e-01,1.409465202053531430e-01,1.384451853740782390e-01,1.374908531684873592e-01,1.388326138586977732e-01,1.397824552108027363e-01,1.418674493239056311e-01,1.357279097937851287e-01,1.345062386804488364e-01,1.409230599906406978e-01,1.400882758485723356e-01,1.411523886691546104e-01,1.378093976275265309e-01,1.344820209787872534e-01,1.400114463828437406e-01,1.354237822249876044e-01,1.371395495895544325e-01,1.330072908881591021e-01,1.389124096824622678e-01,1.385197359396234396e-01,1.390038484105207139e-01,1.348962060685313380e-01,1.382865183441674972e-01,1.387775297655584050e-01,1.376819878471496339e-01,1.345179688367104387e-01,1.458450104931790225e-01,1.408638657484214129e-01,1.355970240577598906e-01,1.421572667721080208e-01,1.361157491974362976e-01,1.353582787194717862e-01,1.372615188604566216e-01,1.397822981034498591e-01,1.372912707649744102e-01,1.372331776234649858e-01,1.391189067449615790e-01,1.344634665787168837e-01,1.395033260937414699e-01,1.377949451165103034e-01,1.327278480878902045e-01,1.328266987942754163e-01,1.355842715695902978e-01,1.400759231795189186e-01,1.370679006968930913e-01,1.384953077872190519e-01,1.377657188743277028e-01,1.367629294894702197e-01
1.258562781445733969e-01,1.242780835567323522e-01,1.273736599772043454e-01,1.238208850193389388e-01,1.249468068432059847e-01,1.253512517896606393e-01,1.248799060515265319e-01,1.257085653874127351e-01,1.273249786707351672e-01,1.214596637654805078e-01,1.293783532619951770e-01,1.285131719350185442e-01,1.255314615217533181e-01,1.272631727653169287e-01,1.271913245988305907e-01,1.217719578432917144e-01,1.274221710884123060e-01,1.270509969728568778e-01,1.319867571330148592e-01,1.239592233044633091e-01,1.267701928160151759e-01,1.234731812005790547e-01,1.256564056135814345e-01,1.239702369419032058e-01,1.250953767291534402e-01,1.240803102492965132e-01,1.247231269698142880e-01,1.238720082778411030e-01,1.234199158168606397e-01,1.275200442014051971e-01,1.284332201061831880e-01,1.303240146763542662e-01,1.211855992792199438e-01,1.253802557535143025e-01,1.247349821915591933e-01,1.218520132816963419e-01,1.278630981807996336e-01,1.199014379654292362e-01,1.220443157211092977e-01,1.278672996122279526e-01,1.268505666547938837e-01,1.212820293411280975e-01,1.245866097475279016e-01,1.232498265483663591e-01,1.189750943772201613e-01,1.214040185131169819e-01,1.295689954373786257e-01,1.214276103167928195e-01,1.268920215569570298e-01,1.246585498677175025e-01
1.106577552526493285e-01,1.151590405890013102e-01,1.057358777804746630e-01,1.134016765062684784e-01,1.117740795823283229e-01,1.067548603005711305e-01,1.106192530599072743e-01,1.078934292936353789e-01,1.109768673700978203e-01,1.153845620658094789e-01,1.184076600950093872e-01,1.148909694734827763e-01,1.071955120800590910e-01,1.091022376759776258e-01,1.088348417142915719e-01,1.153412753770226840e-01,1.156757720736093509e-01,1.126698059661380424e-01,1.126730549689195643e-01,1.162414324786264219e-01,1.106089177482273006e-01,1.115724969394305127e-01,1.082329777186780001e-01,1.105663569027933446e-01,1.133735098810985387e-01,1.109677205125645799e-01,1.154814610733398694e-01,1.127672220056818719e-01,1.134894452430427886e-01,1.093955366455782313e-01,1.136821785054993178e-01,1.129459649469915228e-01,1.099134552566222445e-01,1.140539183968484888e-01,1.130069567176160417e-01,1.117566714076147355e-01,1.089687170041774428e-01,1.136555171098165007e-01,1.134314738286545665e-01,1.091815146472690512e-01,1.136954333416028695e-01,1.093788732984918854e-01,1.125728641185812090e-01,1.094732303139114293e-01,1.118517360801636329e-01,1.088493298091339073e-01,1.098614367548200882e-01,1.116259593980290232e-01,1.128041542477589698e-01,1.122469491587605173e-01
9.624601200747241736e-02,9.510655865228093142e-02,1.031039407551926912e-01,9.880168956751646248e-02,9.357962696798352575e-02,9.769591034429916943e-02,9.610166592943401864e-02,9.780931474228195255e-02,9.700740943135412186e-02,1.015153943494304239e-01,9.997202854018324980e-02,9.935929367214091368e-02,1.009246214587188328e-01,1.026948338924317944e-01,1.016453627647801172e-01,1.015399847754677592e-01,9.830011280377458360e-02,9.684123312461236088e-02,1.029854586889819290e-01,9.898457797893886467e-02,9.617500530059365504e-02,1.019048110507032173e-01,9.147872234778672840e-02,9.886536909804533035e-02,9.717120593483682955e-02,9.768367212721615345e-02,9.296876216985783259e-02,9.757300883132778713e-02,9.492682485018508198e-02,1.021056654190722890e-01,9.998629803157019214e-02,9.664331377308119086e-02,9.873004930032824866e-02,9.451225756494135988e-02,1.002235320900081994e-01,9.681018862026975758e-02,9.807290515051357571e-02,9.690702768484119045e-02,9.633405587547083648e-02,9.724756749278065660e-02,9.679990764401155690e-02,9.446110971343998908e-02,9.470758418092771469e-02,9.497230223521234416e-02,9.927217878256400230e-02,9.520799653417104380e-02,9.677173637266563155e-02,9.795496208744385036e-02,9.782036398399657218e-02,9.325692983609858155e-02
8.004523110688153975e-02,8.218922449210641634e-02,8.052118221783977070e-02,7.856852192246599476e-02,8.085584779323598537e-02,8.053592752770274976e-02,8.295169488056944318e-02,8.112303739459370000e-02,8.289444270732435061e-02,7.910554047327462979e-02,8.798660624461546176e-02,8.101218693916342750e-02,8.717681023846590715e-02,8.365497666327845194e-02,7.929261717463019499e-02,8.051471940453222564e-02,7.770075124080499940e-02,8.590145540317033201e-02,8.280575420060982961e-02,8.177370795789086488e-02,8.016256163945219282e-02,8.318509810292207263e-02,8.062629378541262548e-02,8.371742240477232644e-02,8.177741605321332818e-02,8.076295965387851605e-02,7.809244795439171383e-02,8.244247770357428229e-02,7.679821821087956524e-02,8.283224796837539150e-02,8.486408018066592118e-02,7.894876695628919028e-02,8.432623370273314989e-02,8.344517640396188762e-02,8.299605143307002553e-02,8.254875889099698438e-02,8.329159386264840814e-02,8.570727661401560116e-02,8.253899953585011606e-02,8.377621091354878202e-02,8.257224440864903425e-02,8.392866339631901984e-02,7.983319222035631380e-02,8.237251982864790545e-02,8.437442730435751326e-02,8.340899429304808599e-02,8.518031084389025842e-02,8.361938104494241741e-02,8.940898285290686809e-02,8.152894847960158453e-02
6.942051024264132841e-02,6.934591718411370342e-02,6.536383357733173416e-02,6.873742722206881151e-02,7.328361500793827144e-02,6.931226762936955332e-02,6.930818912660430264e-02,6.940459838606827248e-02,6.281077176520862004e-02,6.565654987068371418e-02,6.508947548308327558e-02,6.330161766687104896e-02,6.618780318430265985e-02,6.322356332525662370e-02,6.848253518420883978e-02,6.432977663596464724e-02,6.876794553683739097e-02,7.029171226535513295e-02,6.202084334308894525e-02,6.715581717215740598e-02,7.005026783160879511e-02,6.540425342222264127e-02,6.724180687083211594e-02,6.492272058021093806e-02,6.608349543292554862e-02,6.865260782265353301e-02,6.902529167872749338e-02,6.855878060108716587e-02,7.150261580027490738e-02,6.467457040715923755e-02,6.912808448562789143e-02,7.185121016957908557e-02,6.642833998113181759e-02,6.424252807309914493e-02,6.646718162933197560e-02,6.666596503978597377e-02,7.441899960912994050e-02,7.601284585833005536e-02,6.974244852029531927e-02,6.462984242530719903e-02,6.964643840672975206e-02,6.476936268390480478e-02,6.760919943736376503e-02,6.797991819637352884e-02,7.327926942502420438e-02,6.241308912732376757e-02,6.046520584529965769e-02,6.647808834809748602e-02,6.832124995392375999e-02,6.319005869887181492e-02
5.103051983949274950e-02,5.451444872948631865e-02,5.381740539322957956e-02,5.050360070275493329e-02,5.375099827325247742e-02,5.190452749524250564e-02,4.985541842928024187e-02,5.614273126486311882e-02,5.456926662477998291e-02,5.441017466496040483e-02,5.104708243481426155e-02,5.302494648455473303e-02,4.887573344364034428e-02,5.474322356516672650e-02,5.005692025175507293e-02,5.494061269279523069e-02,5.119707428985767472e-02,5.443998077124549695e-02,5.095856557947152365e-02,5.130795599123630368e-02,5.220205735225631749e-02,5.223938660057243777e-02,5.281512279962394252e-02,5.188785053231762673e-02,4.605261335216367935e-02,5.529402158422713071e-02,5.302952825863877645e-02,4.848548944270848066e-02,4.921184273056817410e-02,5.443056247872953002e-02,5.075130711669133265e-02,5.354538282043902475e-02,5.624297665202655783e-02,5.322655874877039311e-02,5.068598097287118492e-02,5.058106188528554287e-02,5.025296477372302728e-02,5.400249463223742025e-02,4.920481717756058915e-02,5.149961587763835641e-02,4.710317482261476563e-02,5.243031888612050689e-02,4.711228165986763861e-02,5.138287755853204047e-02,5.375251697766436632e-02,5.500970542899177862e-02,5.319257492020038058e-02,5.264081401097316787e-02,5.544047577580789310e-02,4.855651253209922885e-02
3.013189695101830060e-02,3.655958417084759909e-02,3.201995526822869892e-02,3.036274618541695211e-02,3.084748615222507664e-02,3.246971132216012329e-02,3.484331325183300659e-02,3.850859577979589415e-02,2.986306533895079218e-02,3.424469843111404427e-02,3.423495342771728372e-02,3.051403746270329662e-02,2.909893631726819321e-02,3.356320454440046147e-02,3.496630080528542739e-02,3.553596930713258384e-02,3.424999419925379984e-02,3.358789250844269186e-02,3.594506419459412433e-02,3.412295258513617369e-02,3.194215990117430654e-02,3.333100698360696307e-02,3.612423847218781264e-02,3.440818976179957356e-02,3.436654527602942683e-02,3.030244771567103951e-02,3.302306495377462653e-02,3.269079697693911407e-02,3.441933983926518531e-02,3.328874872008612956e-02,3.057676601868304991e-02,3.933417019080234778e-02,3.255517513515203409e-02,3.208006296517021405e-02,3.737282767469443656e-02,3.005532093437176394e-02,3.596175791654516313e-02,3.072992212488366570e-02,3.954006105913048658e-02,3.910880049118058838e-02,3.534915986290440570e-02,3.178579153268334956e-02,3.273936455278255581e-02,3.231764021184066471e-02,3.208567733675160571e-02,3.774582886227947215e-02,3.497629861791756029e-02,3.321146865672295473e-02,3.804892394810602263e-02,3.448922349015318134e-02
1.032330072690157072e-02,9.488877061617221470e-03,9.082598563763071703e-03,1.010713060574137609e-02,1.170482345153967506e-02,1.288458708776223441e-02,1.001083726315451540e-02,1.150650850884689727e-02,1.063760156327238186e-02,1.208502995884590259e-02,1.103021162193720296e-02,1.052359391053186814e-02,1.125266261933650404e-02,1.306709924414188422e-02,1.448073356823646046e-02,1.315199645901017796e-02,1.194141935614613688e-02,1.200785188997120431e-02,1.380025341607170677e-02,1.393515098770484184e-02,1.239904867978547723e-02,1.173163323821613084e-02,1.281411153966244276e-02,1.233520588764917131e-02,1.384794639837559280e-02,1.072359732379443362e-02,1.061505069884162607e-02,1.315098480462455893e-02,1.029501797892717375e-02,1.012571982262564646e-02,9.875522482959187692e-03,1.266409519961578592e-02,1.323950638014434120e-02,1.176751871919997673e-02,9.939686686032440585e-03,8.808743298039409947e-03,1.358094687742824810e-02,1.217097469945262363e-02,6.692548313887432092e-03,1.144676019429244872e-02,1.260052937005265092e-02,1.575994144217230178e-02,9.854827269823533339e-03,1.140647279112708481e-02,1.085247981609857755e-02,1.180928338499904508e-02,1.073579321783095161e-02,1.033456022053123001e-02,1.054814046015686672e-02,1.085542202246173905e-02
