7.835120852092108956e-02,7.828425761918153536e-02,7.850522334453476081e-02,7.849009708417666042e-02,7.804263900367573725e-02,7.855210612190939579e-02,7.818911921780068164e-02,7.771561537900410765e-02,7.802747418349555153e-02,7.821790447857550344e-02,7.815352883564601061e-02,7.836350998944896507e-02,7.790507815153467630e-02,7.813903722078574532e-02,7.849372556235233167e-02,7.834394323526759629e-02,7.789387723926206875e-02,7.806600849697110933e-02,7.845348659807706293e-02,7.834841491057611962e-02,7.811717536487322588e-02,7.797854253274001668e-02,7.846027611397794754e-02,7.770187410390175242e-02,7.810769837102457536e-02,7.798226039020772493e-02,7.803962774265067737e-02,7.826376852625989422e-02,7.852842674164525749e-02,7.807082889256469760e-02,7.789836124831236996e-02,7.834038817558131029e-02,7.826532055681910405e-02,7.801735715873137078e-02,7.809891294265204620e-02,7.805819867868973860e-02,7.823867529503385210e-02,7.768217265138464833e-02,7.834029763905984989e-02,7.839710999120991231e-02,7.849473898011394279e-02,7.805321757534343374e-02,7.819517301570962087e-02,7.809420667551995876e-02,7.783741842866483129e-02,7.806972542956941430e-02,7.786086954353822753e-02,7.833008541211540499e-02,7.825184726506384525e-02,7.793086372896874947e-02
7.808283925621009591e-02,7.805081763421704844e-02,7.830635596326039616e-02,7.828519293829191983e-02,7.770751676520887274e-02,7.792416069133797918e-02,7.842418141490820060e-02,7.834183938286953808e-02,7.814919974059064689e-02,7.811944336044839010e-02,7.846508593964124367e-02,7.871143923788151420e-02,7.821237371318490172e-02,7.794815952982614427e-02,7.813957344063078569e-02,7.858643380047708460e-02,7.835007360751888861e-02,7.805505121097314203e-02,7.833062076935047580e-02,7.817776868743887830e-02,7.807200007473125147e-02,7.839860065781993625e-02,7.805711008444814192e-02,7.802566194905947994e-02,7.822807616550681020e-02,7.812169098336113615e-02,7.799352146168768429e-02,7.811592588576646290e-02,7.794212094923862189e-02,7.839172890216021539e-02,7.794319528854543044e-02,7.820988061630172739e-02,7.799740218643318179e-02,7.803729835621098232e-02,7.810871937828035849e-02,7.822440366681196466e-02,7.830288776472980883e-02,7.781458030147019034e-02,7.805938946369116171e-02,7.803532939740058516e-02,7.789087637137057096e-02,7.836009620944521525e-02,7.813443573781496398e-02,7.838448089341787384e-02,7.825501841705038986e-02,7.793181801749560211e-02,7.830348747146517741e-02,7.846841464475180772e-02,7.806328975346064902e-02,7.781809996993369061e-02
7.846678593235791033e-02,7.833129641793318276e-02,7.838656346682774945e-02,7.826686854349167166e-02,7.782415359304173386e-02,7.814781473066771678e-02,7.838272173251328856e-02,7.830925975959308893e-02,7.799984551008316835e-02,7.801049324216738357e-02,7.826515718626529672e-02,7.800306162696923895e-02,7.829091256646862618e-02,7.777731238844842743e-02,7.797787491725284570e-02,7.817023746419415886e-02,7.830127820661353377e-02,7.833917797897750612e-02,7.786012776725653728e-02,7.785800379879953548e-02,7.805599129506843314e-02,7.814934557483660393e-02,7.834072923538458466e-02,7.813869184821151115e-02,7.812421695038729297e-02,7.821433938049980605e-02,7.784607532271270447e-02,7.802334141832080461e-02,7.805052202255280402e-02,7.817927997057681766e-02,7.793269141980313508e-02,7.813882951816084055e-02,7.814687218583524220e-02,7.782555382581868297e-02,7.822607067306311390e-02,7.805982243958149713e-02,7.840704875761837778e-02,7.824636442973563477e-02,7.824176139613724101e-02,7.805013664518285765e-02,7.821660325878034004e-02,7.784248244227988389e-02,7.792095491477632474e-02,7.828543137395513329e-02,7.825882154652437361e-02,7.829291980784586213e-02,7.786702070098831807e-02,7.790494615913501342e-02,7.784259393347903178e-02,7.802028646570983994e-02
7.821441032140576122e-02,7.776038310873088777e-02,7.803794763197829942e-02,7.808862198669679067e-02,7.818496617324408038e-02,7.803826146067521785e-02,7.824208711705439578e-02,7.819029719666015232e-02,7.794349269054269558e-02,7.791926297363051257e-02,7.773973560627295276e-02,7.802714809988228750e-02,7.781867600285967412e-02,7.797628642376316921e-02,7.818629121293288464e-02,7.783731657851959695e-02,7.792150004943901309e-02,7.814618345018436996e-02,7.759326746374757555e-02,7.794752040442956553e-02,7.810940601025022356e-02,7.795746266461589524e-02,7.810183803209932996e-02,7.779717544428393916e-02,7.817161829868378431e-02,7.820912058202063311e-02,7.778968505535271971e-02,7.810011604506357508e-02,7.766692155092337624e-02,7.819444272839022603e-02,7.786488260177779064e-02,7.765648076617302775e-02,7.809394886325185525e-02,7.802409730651130304e-02,7.840203741308690577e-02,7.780735527309200206e-02,7.794580210983277635e-02,7.813633777692169380e-02,7.783999602135036056e-02,7.807254421598919247e-02,7.769387880609616992e-02,7.815887383328770643e-02,7.787649679709457429e-02,7.872089267919846201e-02,7.809566916701631001e-02,7.795685323594885030e-02,7.823162507275557842e-02,7.803578125337896909e-02,7.808002160870251840e-02,7.802625344078398251e-02
7.743461852450407579e-02,7.788835845437293293e-02,7.785299555010639916e-02,7.754082297285688763e-02,7.793483438534921925e-02,7.830035885256571293e-02,7.823301300444439332e-02,7.797844262296564632e-02,7.780275345941943532e-02,7.806532138241074892e-02,7.786213189517143807e-02,7.757298529108758167e-02,7.781320469443139820e-02,7.795406629038489910e-02,7.781598672432760155e-02,7.804633447066085250e-02,7.806317009282078001e-02,7.792225078134393246e-02,7.776904120022593014e-02,7.797825225046269015e-02,7.771757061773157393e-02,7.837370582817619613e-02,7.806378173586593638e-02,7.822251533867402573e-02,7.805510455285111227e-02,7.773198101565845231e-02,7.825015269498647452e-02,7.764884673214719757e-02,7.771856904033346003e-02,7.780963591936289336e-02,7.783379928253647551e-02,7.793203667450421257e-02,7.774532337464809539e-02,7.761571748532873627e-02,7.832662023712423649e-02,7.756167417445163081e-02,7.752883328786432104e-02,7.781702956013665518e-02,7.752116019821493620e-02,7.792595247891699606e-02,7.785455245632645627e-02,7.784455568737511100e-02,7.779319306556624347e-02,7.748909308684323594e-02,7.778272892527747506e-02,7.785897395211306693e-02,7.798974056406954292e-02,7.787704510718240769e-02,7.794102541994224476e-02,7.757462889939946427e-02
7.775552637034091608e-02,7.762072224806805532e-02,7.804527172754405218e-02,7.781191650532218174e-02,7.774338224419924392e-02,7.777386691956633680e-02,7.759703764774024404e-02,7.761645866803934535e-02,7.802101601754597715e-02,7.802338867716683557e-02,7.789663514877455397e-02,7.806952862116052494e-02,7.793285101896861577e-02,7.765221072619141185e-02,7.793082265095116479e-02,7.783915562391037490e-02,7.805373267702458984e-02,7.803895921864227592e-02,7.811749623968350376e-02,7.756490574936579507e-02,7.819748844403097421e-02,7.735055161123420564e-02,7.767926242545773741e-02,7.775551119710703840e-02,7.803316691630074464e-02,7.777305601745961028e-02,7.818834658190430831e-02,7.765359133657777357e-02,7.797929076448101293e-02,7.788142812231586831e-02,7.786801024756248579e-02,7.779502027872704784e-02,7.754970123990713449e-02,7.761044598524154126e-02,7.777344028828860056e-02,7.762219436579236020e-02,7.813029003449953325e-02,7.779169139642418129e-02,7.818061996820334369e-02,7.754116427304959258e-02,7.802646010456688874e-02,7.765823443446870367e-02,7.800719481172627146e-02,7.771720550603372635e-02,7.780253716830122512e-02,7.768733956781639916e-02,7.767972060280520230e-02,7.769523117378257515e-02,7.775419618613116368e-02,7.795621848763514827e-02
7.777835354075447738e-02,7.731955979892093933e-02,7.760508428310207429e-02,7.767436951010017743e-02,7.756737632979426866e-02,7.754061284122720776e-02,7.748631798092731060e-02,7.765141729227477418e-02,7.742382935623220996e-02,7.790073511909882675e-02,7.749844231045520393e-02,7.767252171424719742e-02,7.761300292783715471e-02,7.765517312873737588e-02,7.750446182491076141e-02,7.799946078439518038e-02,7.781529762535498163e-02,7.772786692005911879e-02,7.779020391288613001e-02,7.766309371534871331e-02,7.754628671983065935e-02,7.746323646633515581e-02,7.779006060772315767e-02,7.744934800535743791e-02,7.777695476407706088e-02,7.783397311377825145e-02,7.769409040694266744e-02,7.777866654243574540e-02,7.786161211273272265e-02,7.751590485959078403e-02,7.811053914903184903e-02,7.764769579850891446e-02,7.759742158838950354e-02,7.780908625656021704e-02,7.772923032111535291e-02,7.754717699087396166e-02,7.754002442758378688e-02,7.747031877044713299e-02,7.779493198436451817e-02,7.790556688474283009e-02,7.707991703404049044e-02,7.807274299726316147e-02,7.767043215571341197e-02,7.771228645993559503e-02,7.718481681511549231e-02,7.740863007074280655e-02,7.779328578976442421e-02,7.752703122172267813e-02,7.767033811507997876e-02,7.762895287808428690e-02
7.749057259849101431e-02,7.771254328718847637e-02,7.787041708804605389e-02,7.745493169867302685e-02,7.746454090819464289e-02,7.763633103654853096e-02,7.745761109758481089e-02,7.745244406329318543e-02,7.730815982037489431e-02,7.722745658395901991e-02,7.757852599407971672e-02,7.763440781208622021e-02,7.756777038389804646e-02,7.729676651038072666e-02,7.742975803133611556e-02,7.763483612677837820e-02,7.769590675742475694e-02,7.797991644150241430e-02,7.722520066472159106e-02,7.761360851011354922e-02,7.767929665795954286e-02,7.738200750578110021e-02,7.727884908419525856e-02,7.780444577040138143e-02,7.756761076685420031e-02,7.751614872929686595e-02,7.792610588695877971e-02,7.732180684187571484e-02,7.759183682543299709e-02,7.768774678219309004e-02,7.724155501452449613e-02,7.777026784088189593e-02,7.752370590353958868e-02,7.710864045120763288e-02,7.758769762845325879e-02,7.736683307973295232e-02,7.785107944785576994e-02,7.740429131097728566e-02,7.799120649673914329e-02,7.735820236959681240e-02,7.705674463142807296e-02,7.768039751432224971e-02,7.748252470224101240e-02,7.736073884543145929e-02,7.758735568854530085e-02,7.726811803540559187e-02,7.727353571042500091e-02,7.735711005971505905e-02,7.760674977820626597e-02,7.759673021101048951e-02
7.711074637026801848e-02,7.701517728693367537e-02,7.706983637387940234e-02,7.713683052387126926e-02,7.692026329347254054e-02,7.721887379078941349e-02,7.686185316987999283e-02,7.701187412242796460e-02,7.721463956200348699e-02,7.734895810484038181e-02,7.722243423939476048e-02,7.742608482088925159e-02,7.724740880023267531e-02,7.699789362985047514e-02,7.741836257156106682e-02,7.721115243762069480e-02,7.751872521168745589e-02,7.761491037335299659e-02,7.763038492037419025e-02,7.704190673042561610e-02,7.719206848165935386e-02,7.734160787788861569e-02,7.731315615441340661e-02,7.716365070765138223e-02,7.758025177211300139e-02,7.713898612975698954e-02,7.737435858501094665e-02,7.707469527145463517e-02,7.705737422064164177e-02,7.699842873090623208e-02,7.743725859698880054e-02,7.722121590197099372e-02,7.747092894970654398e-02,7.732197523615000345e-02,7.747385105740281497e-02,7.733264698731280584e-02,7.717014420361308080e-02,7.731424194306374398e-02,7.697997482375325273e-02,7.695427535016582943e-02,7.736733429048349431e-02,7.729635073256453659e-02,7.726175585099648302e-02,7.715324129097761441e-02,7.754142523836536627e-02,7.707287759674685823e-02,7.706739052058764194e-02,7.719174136578921264e-02,7.713806964059938265e-02,7.730343362938611740e-02
7.674839153458865026e-02,7.688350335513191580e-02,7.650729592992547290e-02,7.713235346034867657e-02,7.676268449848568098e-02,7.698055692714877996e-02,7.728881635183562637e-02,7.683027286005425505e-02,7.715404814070214723e-02,7.719716842966475867e-02,7.697719307574969749e-02,7.675364546015858713e-02,7.712549369063170790e-02,7.678902525645622812e-02,7.687433196057999463e-02,7.750062904951199316e-02,7.674817163588582014e-02,7.728259469822727767e-02,7.722710355872164367e-02,7.715648179188240585e-02,7.712406587550148240e-02,7.692789428964480480e-02,7.685668429611343389e-02,7.705997153476147610e-02,7.703204765391089004e-02,7.682187989356205338e-02,7.642245901118686902e-02,7.671201790133445886e-02,7.737309342821585556e-02,7.701035536859233976e-02,7.698735463222743103e-02,7.722948337708009092e-02,7.674759282728313425e-02,7.711816481855554573e-02,7.672840441999269345e-02,7.673245156361351016e-02,7.709075379889479551e-02,7.711438671883963369e-02,7.683187422866476213e-02,7.717524783304358094e-02,7.698156789520771426e-02,7.716587921692179275e-02,7.661888519706314127e-02,7.693498240727313087e-02,7.706709698361924321e-02,7.665156775016833401e-02,7.700620398388874355e-02,7.691967706665679694e-02,7.719745081736117953e-02,7.697056405269811497e-02
7.678611613783828393e-02,7.648462038915303240e-02,7.612409730792944751e-02,7.656673134387478874e-02,7.681569605348075036e-02,7.666058074440543213e-02,7.659412150354175108e-02,7.663424174461615224e-02,7.664083462911981670e-02,7.680997282379459223e-02,7.689021523237295208e-02,7.680722150375113300e-02,7.691010018973006013e-02,7.694539824356312618e-02,7.665506788460169085e-02,7.681606676487763574e-02,7.679485072387648437e-02,7.676428901699196283e-02,7.660641355491239202e-02,7.686885284452703304e-02,7.686807976939884213e-02,7.680134859174227169e-02,7.665862093134845345e-02,7.662216171059872682e-02,7.719169951694064558e-02,7.670247502229508851e-02,7.636550909467385018e-02,7.694319298816174046e-02,7.653625831389684886e-02,7.663493602973368846e-02,7.634704409187417773e-02,7.632449801873375517e-02,7.705247667217481056e-02,7.671494483190947899e-02,7.706603982603696390e-02,7.660400212366123840e-02,7.681063763791089183e-02,7.654256512504395427e-02,7.660607502251563783e-02,7.711528072581103066e-02,7.652092712277186459e-02,7.662227452111522452e-02,7.684808733781636758e-02,7.681611621052769623e-02,7.667312567534104173e-02,7.678768962527121600e-02,7.689232007226463883e-02,7.710421660073132899e-02,7.660480675855159405e-02,7.689307540765401294e-02
7.623138138736423874e-02,7.669198143503536125e-02,7.630521133037118653e-02,7.667842544877134792e-02,7.624094495475076949e-02,7.595993677164697422e-02,7.671911841619352690e-02,7.634864271643285183e-02,7.637514641739887034e-02,7.660051768077093259e-02,7.650319523214529904e-02,7.644195163269121296e-02,7.602606999030296631e-02,7.623434585414383402e-02,7.658950017353005624e-02,7.616364316867414719e-02,7.639940299340264307e-02,7.605053588899271522e-02,7.629890289274617043e-02,7.615950608026021695e-02,7.617507879172405461e-02,7.640606189449385133e-02,7.689408909540280945e-02,7.618610349278927274e-02,7.608495729399356033e-02,7.642647013966065439e-02,7.643087892639165160e-02,7.676278048156927325e-02,7.627198017121597506e-02,7.682334749612704239e-02,7.636044853669375632e-02,7.645833345813406179e-02,7.661137444064691771e-02,7.611173790613388890e-02,7.615738205329430910e-02,7.626933385784669117e-02,7.633220343679296416e-02,7.642656613665127496e-02,7.630656542201197379e-02,7.612314270916045733e-02,7.626208968424529056e-02,7.672133203757981745e-02,7.683433022782124033e-02,7.651277726009034219e-02,7.611058455147898250e-02,7.632944388082371634e-02,7.637641344779683150e-02,7.633004559733451433e-02,7.634144375062254517e-02,7.645726629850126133e-02
7.616411725093222285e-02,7.612573124117251455e-02,7.628908539054254923e-02,7.591802819487045162e-02,7.636937869885639107e-02,7.634097327305956748e-02,7.600662890945152073e-02,7.596847724038180427e-02,7.588381523839482501e-02,7.619259276089997146e-02,7.621981539049058063e-02,7.643946466936259176e-02,7.603880787597391833e-02,7.605342269123865906e-02,7.653813926505387277e-02,7.601505603869905536e-02,7.608891233831667489e-02,7.598045919720992913e-02,7.643683573984158541e-02,7.605616621996760807e-02,7.595656863758533384e-02,7.597193031893530180e-02,7.606309881254501304e-02,7.615687332198521620e-02,7.620389183499255703e-02,7.606938907988475274e-02,7.609983878035814220e-02,7.626293466952267786e-02,7.604224700025286054e-02,7.577800168124573799e-02,7.613799412717839332e-02,7.575038905476393081e-02,7.594641101388152626e-02,7.619733071888738773e-02,7.577741985187493035e-02,7.606909793448618506e-02,7.618273293739188934e-02,7.620929410581707419e-02,7.637333961400979976e-02,7.592545536997886979e-02,7.616490166072011070e-02,7.609637420819079234e-02,7.610183111567755954e-02,7.625496961250177730e-02,7.598003128554671470e-02,7.635693934250463444e-02,7.613441874944229526e-02,7.580453311953341822e-02,7.582932072424299064e-02,7.634445496374892004e-02
7.622786434604153505e-02,7.564272995066705085e-02,7.552752997384350186e-02,7.551039961887121010e-02,7.584482325292532523e-02,7.514368427267177630e-02,7.581647902648995518e-02,7.537813684089331168e-02,7.617733239739719886e-02,7.572481191791349819e-02,7.595901788763155527e-02,7.564714697497579299e-02,7.583418045896080095e-02,7.584111826601812323e-02,7.613732412763107860e-02,7.560909015167241454e-02,7.627633803891391284e-02,7.568866478361468975e-02,7.564028167022725235e-02,7.572923834396910747e-02,7.572394440778060232e-02,7.594217342114895075e-02,7.585174497489592660e-02,7.588310654240497388e-02,7.543679455986311566e-02,7.551164953172870287e-02,7.557636205945385266e-02,7.613235417956269735e-02,7.529454168841773209e-02,7.530391212934381406e-02,7.556972497744762762e-02,7.562234538723985877e-02,7.589809142344415560e-02,7.595842979822899077e-02,7.536694489721357249e-02,7.530509569700849504e-02,7.610639171414104731e-02,7.580595982326857052e-02,7.564613375261775019e-02,7.559177904878801313e-02,7.549734832504496895e-02,7.496819100617002629e-02,7.537423056131707655e-02,7.582404509916576552e-02,7.530625828233236674e-02,7.544116363722180862e-02,7.573119685743015528e-02,7.572809054397722228e-02,7.578217555764452107e-02,7.562945007171543998e-02
7.516272006591866173e-02,7.495630301434134946e-02,7.491023781242392432e-02,7.550177921865611208e-02,7.515010245556898172e-02,7.531220869157427555e-02,7.503498527601103196e-02,7.512999625947396065e-02,7.543576946479799150e-02,7.533110878515834885e-02,7.544124164109287933e-02,7.507841661487241192e-02,7.552693098056406651e-02,7.542316847728804119e-02,7.492298499081706531e-02,7.530449409510060754e-02,7.499356401101477110e-02,7.531764159714537943e-02,7.557150898916167869e-02,7.548106112474550766e-02,7.523528426359005206e-02,7.541158788792970413e-02,7.523866597256946565e-02,7.536945563265103065e-02,7.546266201351026215e-02,7.489951416400289497e-02,7.526862093326597281e-02,7.522442570692568220e-02,7.508504466527689269e-02,7.520991810365854069e-02,7.515014479000638181e-02,7.501778814594617373e-02,7.528554850200008808e-02,7.509833498584052303e-02,7.569595295798139944e-02,7.515583994525754097e-02,7.499302949776164018e-02,7.563081031780669039e-02,7.527554029873138874e-02,7.548342373310114317e-02,7.524011325255214322e-02,7.544588001038392278e-02,7.502957876991733777e-02,7.547264587086134624e-02,7.586804822506103274e-02,7.539417289774139053e-02,7.532173306880929342e-02,7.482831601674128086e-02,7.533936459787209106e-02,7.534507081304890608e-02
7.481672876253901705e-02,7.453577939548805542e-02,7.459787190584858674e-02,7.488404722134613112e-02,7.505748678448745381e-02,7.484731055559783186e-02,7.489004797909652733e-02,7.494395124968741828e-02,7.460557811660679939e-02,7.439516984440179559e-02,7.459243208165348971e-02,7.511867685425910324e-02,7.495432570242867298e-02,7.484407323865127637e-02,7.447367726481315953e-02,7.450177751021494488e-02,7.501828915204676596e-02,7.482728503412143517e-02,7.493659953758101400e-02,7.467796046413120725e-02,7.479138905559300221e-02,7.474165817289862845e-02,7.514665258080292787e-02,7.491083085972173594e-02,7.483107534961432050e-02,7.449950097404028915e-02,7.488930083601266774e-02,7.475358362969698744e-02,7.434961649190043043e-02,7.509223579799725878e-02,7.432961852817542014e-02,7.497481569633798748e-02,7.538267553068944693e-02,7.484276904210424020e-02,7.485873195221330600e-02,7.478449415533258704e-02,7.446605142976604752e-02,7.461501588794462736e-02,7.436026796027020436e-02,7.502297002879046439e-02,7.481882271046888522e-02,7.520879859972545711e-02,7.484009833633270548e-02,7.501139569773793148e-02,7.469219834397899938e-02,7.503328347612929494e-02,7.495612597563802715e-02,7.466999134901960988e-02,7.504308661713199324e-02,7.472826611147213860e-02
7.436438822641758262e-02,7.455401665428224023e-02,7.405185112802045722e-02,7.426427993876137668e-02,7.386082119895107101e-02,7.436815595045222216e-02,7.389508470448842570e-02,7.380995985870504594e-02,7.408351672352576911e-02,7.453849078212941570e-02,7.462457028957296401e-02,7.468826231143543826e-02,7.464814578803692646e-02,7.435050098425752263e-02,7.472719658925880415e-02,7.389206947531343217e-02,7.411224874613843439e-02,7.421555608985680452e-02,7.421967992790245994e-02,7.399545897047918319e-02,7.417991500872979371e-02,7.417343097448952927e-02,7.431623246374295666e-02,7.409896566935079976e-02,7.416623741128783309e-02,7.412866210048837945e-02,7.445645657031493836e-02,7.438480567356270390e-02,7.406403973310397848e-02,7.407901822483793641e-02,7.427613888434350664e-02,7.408934737592436093e-02,7.400520507905322676e-02,7.461011340471092324e-02,7.469700353773181534e-02,7.418037503572953717e-02,7.443489826040540491e-02,7.459500092812559879e-02,7.415532091887559740e-02,7.433123272481527433e-02,7.444044275717605352e-02,7.435115552043945752e-02,7.405286821916230722e-02,7.418453699810578783e-02,7.427288026847722602e-02,7.448990965898351357e-02,7.411264797232429424e-02,7.433791001407452637e-02,7.438762110369442904e-02,7.414827419855514468e-02
7.371783932084474689e-02,7.417166196196194050e-02,7.429258260881636822e-02,7.415722533232170510e-02,7.370715262532828715e-02,7.368848761304094830e-02,7.395378492212242860e-02,7.347218063960517243e-02,7.390933025543519608e-02,7.390096675484149336e-02,7.403736510554959072e-02,7.352490199468322829e-02,7.339072148345347768e-02,7.363445874340948660e-02,7.374094732937057362e-02,7.377801915631690410e-02,7.370833393169490266e-02,7.392172999201405970e-02,7.406728025909291302e-02,7.360606929036682400e-02,7.392685700765787293e-02,7.389176100269720382e-02,7.392382342148585972e-02,7.415827091709517593e-02,7.384776390749786534e-02,7.390131111155333332e-02,7.393664455430715154e-02,7.362019579810125114e-02,7.348783973756500831e-02,7.401612535517314295e-02,7.378370939395136052e-02,7.392482331734290257e-02,7.404817087449261370e-02,7.354870520002027012e-02,7.369342222051580849e-02,7.354350538738749221e-02,7.366206038244478560e-02,7.387300498542462290e-02,7.382765973185700936e-02,7.432544953791857256e-02,7.434886777071414432e-02,7.363734413026151726e-02,7.424950558300455472e-02,7.397308861579730832e-02,7.361781302851413966e-02,7.370662237365002700e-02,7.364681371838839585e-02,7.401370092938917844e-02,7.376213828496397396e-02,7.406040272994651730e-02
7.317965575910974352e-02,7.306284724166746403e-02,7.302216258643311197e-02,7.317407219140671659e-02,7.357930517376289059e-02,7.294216219134151691e-02,7.252404938692345870e-02,7.313785387212813627e-02,7.291746867419965361e-02,7.363467709539162076e-02,7.374201126923771166e-02,7.342161772156749477e-02,7.354888137508520940e-02,7.335955771762972533e-02,7.335617660789862937e-02,7.302423216599417122e-02,7.311071140503869192e-02,7.323483317969890771e-02,7.335739634449038593e-02,7.337021236901400401e-02,7.328190282835395086e-02,7.360939291243724647e-02,7.322401373036237227e-02,7.317826080520420384e-02,7.390082164351650940e-02,7.335588136826028116e-02,7.316184725314796300e-02,7.320489925357220873e-02,7.327442333155889664e-02,7.345311444337876416e-02,7.366425994522354803e-02,7.348214256618514073e-02,7.261092446919906185e-02,7.338669779623524514e-02,7.345882591466514067e-02,7.327797379897352248e-02,7.349859113380037556e-02,7.315027621914146905e-02,7.328452952799095754e-02,7.322503476182605497e-02,7.356912844375164406e-02,7.344230915775930291e-02,7.353892212348400736e-02,7.347218426547406922e-02,7.336513902193773917e-02,7.333933740723605488e-02,7.316226325335707659e-02,7.333697171937589299e-02,7.287598835480418868e-02,7.297916275922056162e-02
7.276615318793644427e-02,7.237107052379669614e-02,7.251398163729708135e-02,7.264631550489564216e-02,7.223726376618046230e-02,7.309392722913907181e-02,7.280184360813818367e-02,7.248463281750193443e-02,7.293011818560946047e-02,7.273938577114626158e-02,7.254077874731007514e-02,7.301747607609206103e-02,7.287432246522325408e-02,7.302936643841284603e-02,7.288428246882064365e-02,7.249304777595683147e-02,7.269828573757407264e-02,7.253413306394559945e-02,7.312962826562391383e-02,7.305475750549719760e-02,7.276637413262906917e-02,7.298906181502455570e-02,7.247410412321729500e-02,7.262457908801685236e-02,7.292704774768107856e-02,7.252050947637936340e-02,7.254306354017457659e-02,7.269187431287207901e-02,7.241670366396753267e-02,7.288107942385650684e-02,7.273489304171093517e-02,7.331912108383231708e-02,7.300302784816907475e-02,7.232351605179375420e-02,7.276701693800202708e-02,7.265371792808865414e-02,7.281669626576249554e-02,7.250124049021537675e-02,7.286670816886200996e-02,7.280978791630396407e-02,7.236731139010116332e-02,7.270753334992066663e-02,7.234499140869830869e-02,7.249659341493149001e-02,7.258040185645167619e-02,7.271841753682967147e-02,7.278947830522633500e-02,7.252316939918923566e-02,7.251456262446014100e-02,7.301502077971197546e-02
7.228870051636267224e-02,7.225727824449647285e-02,7.164454561119822096e-02,7.199561657549524707e-02,7.198410996160285735e-02,7.210900991223880008e-02,7.211376821964210482e-02,7.197995442815134648e-02,7.223393473684627808e-02,7.224720350782459777e-02,7.241929449315127887e-02,7.202587477498303969e-02,7.257817390433253524e-02,7.196002706654607006e-02,7.202177151682957745e-02,7.182895144047121705e-02,7.210246327512596920e-02,7.174145185361371913e-02,7.212520536591973674e-02,7.194028714891688436e-02,7.202674291472548063e-02,7.219166219315065192e-02,7.220000184424277268e-02,7.195892258521938145e-02,7.203832645137636659e-02,7.180792871214423945e-02,7.199971500880932018e-02,7.185558307479067430e-02,7.197028865869521674e-02,7.186500601782401521e-02,7.214706698531213325e-02,7.207456647427822050e-02,7.196068995169008220e-02,7.220204685246006671e-02,7.233802557056996652e-02,7.167313005354421229e-02,7.163279752312759485e-02,7.219854349516000025e-02,7.195662175244815773e-02,7.181988106230084712e-02,7.222783340836622101e-02,7.213362873789712360e-02,7.161465865530185215e-02,7.220812218265591775e-02,7.198485809872738617e-02,7.202277764103588720e-02,7.165407651170663250e-02,7.223732285835883504e-02,7.217654016896124514e-02,7.198024143100233141e-02
7.180449584612695613e-02,7.130940006120967123e-02,7.130579323915872680e-02,7.167042424246602983e-02,7.139972685391625384e-02,7.173895557552141533e-02,7.157694627025920631e-02,7.085903641221319438e-02,7.135600989780274683e-02,7.123847299164207114e-02,7.154517166886978363e-02,7.170458114150822515e-02,7.164149456967849883e-02,7.128553206548365884e-02,7.153222985128940281e-02,7.177603893418206538e-02,7.142874415109520814e-02,7.130290519227806822e-02,7.131184545861365964e-02,7.135913242589712879e-02,7.118861179899615976e-02,7.095076523242251076e-02,7.143680222575736483e-02,7.142693757622177453e-02,7.166733919903041372e-02,7.193107070932731884e-02,7.138120124571784020e-02,7.126249652785685007e-02,7.129273267635098665e-02,7.155585137205570934e-02,7.149072964857189350e-02,7.138139818939504000e-02,7.169153518822468651e-02,7.136190792916762005e-02,7.184252388576858883e-02,7.119898877306954366e-02,7.139806671213946854e-02,7.160194593649525652e-02,7.142521202933220514e-02,7.135675614140875311e-02,7.161146251111218108e-02,7.183237610811224472e-02,7.134081074844385306e-02,7.147455032312607925e-02,7.111948368598029757e-02,7.125015460579521565e-02,7.165614561480480871e-02,7.106822264563501801e-02,7.156709277236987521e-02,7.196721803799807637e-02
7.035758019913787575e-02,7.070084892462689952e-02,7.075867832918605882e-02,7.090756812053303215e-02,7.056037556123528898e-02,7.085029670249484712e-02,7.068480875783415829e-02,7.094281178806807753e-02,7.076901675642628675e-02,7.069266222583327208e-02,7.069433434886221446e-02,7.055223583641911933e-02,7.107679325517769764e-02,7.081614424235170568e-02,7.086806471639900407e-02,7.071828403166775801e-02,7.107244881841015549e-02,7.105927327710763464e-02,7.086515325562253720e-02,7.095770239592763540e-02,7.076685487528140694e-02,7.087172307118586034e-02,7.078120023835127173e-02,7.047389618853099058e-02,7.095156277276888634e-02,7.057712624817702451e-02,7.105498874689240851e-02,7.047943829726979748e-02,7.012921951031347856e-02,7.128461857426682258e-02,7.078309541988787867e-02,7.095351948372248529e-02,7.073470081738442161e-02,7.058934439456755749e-02,7.131017617010915188e-02,7.088154250130324074e-02,7.035665008613088689e-02,7.020476432812766676e-02,7.041465330305993198e-02,7.093900246121351283e-02,7.032892086164312107e-02,7.105516486639705531e-02,7.033220523430309956e-02,7.108283346002768066e-02,7.090324673166600866e-02,7.072912062892636187e-02,7.093840498605148703e-02,7.058569567540334821e-02,7.086984658785629165e-02,7.081273852870423324e-02
6.989418592621242377e-02,7.024518243689228947e-02,7.063216722776180512e-02,7.014841963077535214e-02,6.975854057233396577e-02,6.965318748949826666e-02,7.010323479406323222e-02,6.989209488649066049e-02,7.023491738244441729e-02,7.028904311697740936e-02,7.013589299191005932e-02,7.039791726315983156e-02,7.009599866719865013e-02,7.001579315007190607e-02,6.996675335121556316e-02,7.047305732869510453e-02,6.991048464984951638e-02,6.998364226574253777e-02,7.019834908000298357e-02,7.041071050254892050e-02,6.970033780780361676e-02,6.979617044996719311e-02,6.984115106827590291e-02,6.989364656619652394e-02,7.009127583057302158e-02,7.017737381255990947e-02,6.994995616578275621e-02,6.970489805266219530e-02,6.998440714410003594e-02,6.995945965098031294e-02,6.955214354582194003e-02,7.025851254204508456e-02,7.008052040803669502e-02,6.992928641327593453e-02,7.014027733642927420e-02,7.009471218443243112e-02,6.983363390695698780e-02,7.029512193407864984e-02,7.022609156156613130e-02,6.983765447654269320e-02,6.976458114102100649e-02,6.981378969693989578e-02,7.010163610161233849e-02,7.040809573284546874e-02,6.999624373959854873e-02,7.021449887329274386e-02,7.004254197047063424e-02,6.999637832096292089e-02,6.977816891654478604e-02,6.992549545708783010e-02
6.914075099079607101e-02,6.971866428978686081e-02,6.911132674128105113e-02,6.906687495841451474e-02,6.932160591100094971e-02,6.943023227411924958e-02,6.896209220589286093e-02,6.904999298607461533e-02,6.930138197693284929e-02,6.906603912197832595e-02,6.904150784344260938e-02,6.946315181158770058e-02,6.896497670021485560e-02,6.921156865910654821e-02,6.908566524732501213e-02,6.938100498315055709e-02,6.892643311093507585e-02,6.902271821083254266e-02,6.867557641593277640e-02,6.958568588667668475e-02,6.928482351879239332e-02,6.904475622007479052e-02,6.915895880199066093e-02,6.911443626461631629e-02,6.911209566805411042e-02,6.948513171811405986e-02,6.954113516402782302e-02,6.934521923001683852e-02,6.891234132348751651e-02,6.927798604130940008e-02,6.938069802348573178e-02,6.949453244474479430e-02,6.917110514292142132e-02,6.953162895966169543e-02,6.926627661733684993e-02,6.895728015357990848e-02,6.900081125027514306e-02,6.942746845070080219e-02,6.928273499849869899e-02,6.890010886480960051e-02,6.921799363263102245e-02,6.904940200891136748e-02,6.920093380399756910e-02,6.912052739387078426e-02,6.969865287191129299e-02,6.888899498133756183e-02,6.893140829512016399e-02,6.948247585230378498e-02,6.916023959954957501e-02,6.946234286702501759e-02
6.828878795178479344e-02,6.821612630612257366e-02,6.846958197462675588e-02,6.837527489866103425e-02,6.845763467457018081e-02,6.831378778749887248e-02,6.882577532853682845e-02,6.805684137176611082e-02,6.894271866181665709e-02,6.804480394719347736e-02,6.837613836942385559e-02,6.868813201486662079e-02,6.848736276401243273e-02,6.856348588488546392e-02,6.866198930104300269e-02,6.868172653061489774e-02,6.820997632907309371e-02,6.875324570199813079e-02,6.840866838628667512e-02,6.859975317964957242e-02,6.863732686600682031e-02,6.844137632673190363e-02,6.834886546981960853e-02,6.831026512648794013e-02,6.828323291769985981e-02,6.834648832182538269e-02,6.800477583809494408e-02,6.799946478935076088e-02,6.825873198345636106e-02,6.850449745643454047e-02,6.795711980904887983e-02,6.886170235670641127e-02,6.881857309907846165e-02,6.827904772009386891e-02,6.831273590699761533e-02,6.867245566427940262e-02,6.789816947762251920e-02,6.869913701373947523e-02,6.858904784768690699e-02,6.868166148229254420e-02,6.824376446049233713e-02,6.822491431436536469e-02,6.831359900300440491e-02,6.783122582491932229e-02,6.842581187411753141e-02,6.837260066605339859e-02,6.885259823145332969e-02,6.821619121548691544e-02,6.831493522111455052e-02,6.856180940313449934e-02
6.789960266096041475e-02,6.800477040253607997e-02,6.791802972192510779e-02,6.761803934216577272e-02,6.745218871686875506e-02,6.764842421035471842e-02,6.760832508182972045e-02,6.748903972615782898e-02,6.734100532139682127e-02,6.753668229443086923e-02,6.763553593420490451e-02,6.739587383275383314e-02,6.752615100971819107e-02,6.764337041970602815e-02,6.785534814724394903e-02,6.810018684234755981e-02,6.763167741998414584e-02,6.788402281253598514e-02,6.799448474806045473e-02,6.781947751914293998e-02,6.796501027969588382e-02,6.712977263063382716e-02,6.754645293018864127e-02,6.738218982680654889e-02,6.733971526864641899e-02,6.771900868032067200e-02,6.738323460390799324e-02,6.771426178287641429e-02,6.776366543120310171e-02,6.740201738764381445e-02,6.739892482690058861e-02,6.759971725756430683e-02,6.746321497483155627e-02,6.773894029055692323e-02,6.789682626134135868e-02,6.728628823950766336e-02,6.779384506555534429e-02,6.739477732501591989e-02,6.805617354980826594e-02,6.788678560231894976e-02,6.782360038328767715e-02,6.740977264660737156e-02,6.767146753471575682e-02,6.747891431631833359e-02,6.707970904630118636e-02,6.800213307533450879e-02,6.709692439754023907e-02,6.753990879524963964e-02,6.783309141502608108e-02,6.749248854219874749e-02
6.641512821886028095e-02,6.654312553854928314e-02,6.711327083786694514e-02,6.673811391246639579e-02,6.656154860181633104e-02,6.692251277423920397e-02,6.705347231059677338e-02,6.670161696727464062e-02,6.638435122069187566e-02,6.682063993378584144e-02,6.677064978310083554e-02,6.684738842100806933e-02,6.686309526523824542e-02,6.662829298584686810e-02,6.682730627420192804e-02,6.694414516923641312e-02,6.664214132302816174e-02,6.701041559774943701e-02,6.690394543967868868e-02,6.652621812131379042e-02,6.687710692978393601e-02,6.708091955261535899e-02,6.669014346588612863e-02,6.663271948973494008e-02,6.674384355280012227e-02,6.649393959753858996e-02,6.694138731046572754e-02,6.683623437053881622e-02,6.638519560752473292e-02,6.649916320204483922e-02,6.653996874960234342e-02,6.670268033320402024e-02,6.699743862984722242e-02,6.672923130041069628e-02,6.651289503076773801e-02,6.648938280162763892e-02,6.642728083838531083e-02,6.691887109431143843e-02,6.625025476076498721e-02,6.673867065731800552e-02,6.633050243022955983e-02,6.637075738846301420e-02,6.678283303833804085e-02,6.674803240522392267e-02,6.677058144773193038e-02,6.673324305394939815e-02,6.671839618297595309e-02,6.669829389398840291e-02,6.638935182669573887e-02,6.684973767643301312e-02
6.567571909995553736e-02,6.614734930031467008e-02,6.564281316299114266e-02,6.568180703017119371e-02,6.572737962247733601e-02,6.538483446476979488e-02,6.584665337720120581e-02,6.594357490956678780e-02,6.608186582477161564e-02,6.529235995373912360e-02,6.557378651867126762e-02,6.558159139045557917e-02,6.623655717634091555e-02,6.541853154082130639e-02,6.599196224820434720e-02,6.579245024018495758e-02,6.593774579110414646e-02,6.584118910112901624e-02,6.568639003753912187e-02,6.561542214223027580e-02,6.594153535064804783e-02,6.590622356313839691e-02,6.553304955722177860e-02,6.563202372629856063e-02,6.641991249422583843e-02,6.558634676645033745e-02,6.552171581366664221e-02,6.569494955200438913e-02,6.609127738390956075e-02,6.542443166740670446e-02,6.602905173091457025e-02,6.557608612165632955e-02,6.577560800354657899e-02,6.522825472493271048e-02,6.542788522285129804e-02,6.608875243231361607e-02,6.632517020649963957e-02,6.583342831601242395e-02,6.615018711184032785e-02,6.558510507777919052e-02,6.583377689747856032e-02,6.578057264036944740e-02,6.574099586431857156e-02,6.562541121844106540e-02,6.534335621345235823e-02,6.577788976099598062e-02,6.574599794950473919e-02,6.577900660702146185e-02,6.539399447382117370e-02,6.562208643553883725e-02
6.487781421570620877e-02,6.466288398940193971e-02,6.494049093050632826e-02,6.456410039986046345e-02,6.475308392077740172e-02,6.525539162665031090e-02,6.474974732896179863e-02,6.465958295273716017e-02,6.489667453875012926e-02,6.475004252881100264e-02,6.473793625644455596e-02,6.488658550556547500e-02,6.466542764301821955e-02,6.491471433109242961e-02,6.482198369155993400e-02,6.473868560413699458e-02,6.440508508758967243e-02,6.494268118588951422e-02,6.494652972498907162e-02,6.483271346822452874e-02,6.418463957042314094e-02,6.492379372150845762e-02,6.459962497433917317e-02,6.467312999573296417e-02,6.495774159263842384e-02,6.493398820962201223e-02,6.479633694863072557e-02,6.474757643243921057e-02,6.473082894185619440e-02,6.442677525541795625e-02,6.432838565722336088e-02,6.456080722446162767e-02,6.503931715711500083e-02,6.514508867210941356e-02,6.468928654203093265e-02,6.487023241524271511e-02,6.439372241898054516e-02,6.496013576220734109e-02,6.480207868803951332e-02,6.526064064473496851e-02,6.421215593411291889e-02,6.503583573558668895e-02,6.453943840608111771e-02,6.494125389491030298e-02,6.466625006679659060e-02,6.482930941435294248e-02,6.459768560722677078e-02,6.511929768171807742e-02,6.464666955184680819e-02,6.475559372247294276e-02
6.355416634509505891e-02,6.399436630376932611e-02,6.365797574182631424e-02,6.358478944998607885e-02,6.398357490107448031e-02,6.388276040494834940e-02,6.345792556373154591e-02,6.382051076190831118e-02,6.409241532038600919e-02,6.352961632923943835e-02,6.388631415064860430e-02,6.398253573761573942e-02,6.364025137688716915e-02,6.392356759591560911e-02,6.392783584407345232e-02,6.357982953212308608e-02,6.367345319797887426e-02,6.317180821750140174e-02,6.387204449054732780e-02,6.410376330449372995e-02,6.413348155292868114e-02,6.316031701861990477e-02,6.394698578254751076e-02,6.401647753710371092e-02,6.361816283186012833e-02,6.410567936662028843e-02,6.374065316251226188e-02,6.383907001838190487e-02,6.357115345573899345e-02,6.385941638623762739e-02,6.369114647237023030e-02,6.411974460546464305e-02,6.389886639724012829e-02,6.421445889996668654e-02,6.369414724415985163e-02,6.369491771530445823e-02,6.345737694892082670e-02,6.346280374215185205e-02,6.393276085496910066e-02,6.430662255611435674e-02,6.422804789181230101e-02,6.364225291753947134e-02,6.378040373438027821e-02,6.365940528200078607e-02,6.391706067780347778e-02,6.386532598390658177e-02,6.399404913643848281e-02,6.382066140864464665e-02,6.397855476748723347e-02,6.386542657322684391e-02
6.249926609704838099e-02,6.255599585738487456e-02,6.238994746929017732e-02,6.259524822980094827e-02,6.303007322986653449e-02,6.265825620259350692e-02,6.256469111851775677e-02,6.258680661612360530e-02,6.266584475552443301e-02,6.279631352688877510e-02,6.256089260526352669e-02,6.287109955325700938e-02,6.270982579211882568e-02,6.302217916977721768e-02,6.258297620689709517e-02,6.263179138539466673e-02,6.237920124046835574e-02,6.262095405981125962e-02,6.268639840948397879e-02,6.222612234791417840e-02,6.304612737587364513e-02,6.311203622285811721e-02,6.249069326834571364e-02,6.270388852103826738e-02,6.266613172923973796e-02,6.279440312912434874e-02,6.281018434813886997e-02,6.291437987596051884e-02,6.281500578628770870e-02,6.257180060430486690e-02,6.257677016941140535e-02,6.241321973135929846e-02,6.253180334958699516e-02,6.270146636981435706e-02,6.265129331276035607e-02,6.219366697351889905e-02,6.286395648037074180e-02,6.266456057615353570e-02,6.241074849207772085e-02,6.242173059751448400e-02,6.236369080124239128e-02,6.267218916764458192e-02,6.255937380837829631e-02,6.307123774845009578e-02,6.274433750130171961e-02,6.274773417801189634e-02,6.236800471496940779e-02,6.277898488918928765e-02,6.322174150168319295e-02,6.258787412802140071e-02
6.191420030070718394e-02,6.151543901619145605e-02,6.187801894142403586e-02,6.155241055355717417e-02,6.151444590259665807e-02,6.148289249995542161e-02,6.148105705919610503e-02,6.169980822114362606e-02,6.135742032390949230e-02,6.127660386004844806e-02,6.167963659626899547e-02,6.141410659043618214e-02,6.097004553571119811e-02,6.167725840389429171e-02,6.170574640741332412e-02,6.166457397685465996e-02,6.150236843113077861e-02,6.161791503203302434e-02,6.170253730430026035e-02,6.215530416407871045e-02,6.128347378545358909e-02,6.120013920365888205e-02,6.120788470413747462e-02,6.120279877057066553e-02,6.097355771668992730e-02,6.184885935255412387e-02,6.123602029860067408e-02,6.186898138001312164e-02,6.157089033629251085e-02,6.147782391517092604e-02,6.139400914438942342e-02,6.184532556097274703e-02,6.172840149760479289e-02,6.148767410197656519e-02,6.147927269711998821e-02,6.140305341588628979e-02,6.202618044907173833e-02,6.110813729596667465e-02,6.176454841183657424e-02,6.123933455302839335e-02,6.119803251567551561e-02,6.156392750697076144e-02,6.150214699949015096e-02,6.187690200036694010e-02,6.147938186863457360e-02,6.130297280251692515e-02,6.168098298716764155e-02,6.178499521244531362e-02,6.144269650822648671e-02,6.139296143445061027e-02
6.049671986355283082e-02,6.033857463087138884e-02,6.012994686596197236e-02,6.087008961306935445e-02,6.056126864691671607e-02,6.022548814146565233e-02,6.009454838188156567e-02,6.044387490481751418e-02,6.032036792553312210e-02,6.038887917270464867e-02,6.049741837057349969e-02,6.058166778674031056e-02,6.055043728317145713e-02,6.068459307435291467e-02,6.026373620728277952e-02,6.069993701211096743e-02,6.020187305569475733e-02,6.025955231227669157e-02,6.017835087434597607e-02,6.053085792796024378e-02,6.036291620130022906e-02,6.023902030975328975e-02,6.071318523545715662e-02,6.050858051314660091e-02,6.016599600082916943e-02,6.030246154000186432e-02,6.030254954381659288e-02,6.058110327851463223e-02,6.054604425391815758e-02,6.057284253371320037e-02,6.042302414460418158e-02,6.051849591678877538e-02,6.008591368747340927e-02,6.032559364120811118e-02,6.057490262792988855e-02,5.938145595151189671e-02,6.061615630072621913e-02,6.068135294525288381e-02,6.055295796959805216e-02,6.054505910375413552e-02,6.075525047314304233e-02,6.069992840294803627e-02,6.014851080030019642e-02,6.032422179650308303e-02,6.070940067049130501e-02,6.028541237938422198e-02,6.075387166612539191e-02,6.063709988151171071e-02,6.043190960249717608e-02,6.032332052340702577e-02
5.952108788165864917e-02,5.937374581758513709e-02,5.926258098924892803e-02,5.878455993006496960e-02,5.874991915022288042e-02,5.894220134442244158e-02,5.899321197690467894e-02,5.897772079573158910e-02,5.923482630745554450e-02,5.945881061109040133e-02,5.877693864091530773e-02,5.906175730332271362e-02,5.862258205078370310e-02,5.946161061173829698e-02,5.936058789446679862e-02,5.908147423309319246e-02,5.903277807254613679e-02,5.874647154844744867e-02,5.871441098188699692e-02,5.907282731636799566e-02,5.866664700772936114e-02,5.941419348926578470e-02,5.932019931359323178e-02,5.926108102053918858e-02,5.906661128199085231e-02,5.877379475184433405e-02,5.916860931595303852e-02,5.921552889919955848e-02,5.937591692787138470e-02,5.884379243715360391e-02,5.915093798696494098e-02,5.896548703273250813e-02,5.927994661810503940e-02,5.943955994062045944e-02,5.953717780165296986e-02,5.884796131234256572e-02,5.951005435680118555e-02,5.924236375048270997e-02,5.908882451866783597e-02,5.964431791529702792e-02,5.969340938669784324e-02,5.936909804068937063e-02,5.902750697891216008e-02,5.927124698215116561e-02,5.953148726506216071e-02,5.926180210151926753e-02,5.935345752851355766e-02,5.871974075151964456e-02,5.914359692072899966e-02,5.912275457805590134e-02
5.820003688204553050e-02,5.780756992289518698e-02,5.826399575313379736e-02,5.779431167830278299e-02,5.768482377844352110e-02,5.807513609931189841e-02,5.779821423148380488e-02,5.812609518279605869e-02,5.782221405706109568e-02,5.851047938042239216e-02,5.784398240124897367e-02,5.819612649005231897e-02,5.777649848945706768e-02,5.798860590919282382e-02,5.767150554199461376e-02,5.805598054422278498e-02,5.758352849482950564e-02,5.842148629196951271e-02,5.769111971335855182e-02,5.766129865838089119e-02,5.834439922995322131e-02,5.821784020666650322e-02,5.821909213982764952e-02,5.794064610764136647e-02,5.778465567445546791e-02,5.799976911343499714e-02,5.781320394175753358e-02,5.793337171848703115e-02,5.792795382429527518e-02,5.810469891010183741e-02,5.853673757575053593e-02,5.756807631706539752e-02,5.795503514769679426e-02,5.781895994499901964e-02,5.833167051160063898e-02,5.751342524635150166e-02,5.775921912509454637e-02,5.784888555455033887e-02,5.846711800303457801e-02,5.771287207963966132e-02,5.821718483674543504e-02,5.808022640368577794e-02,5.793727022005588922e-02,5.760162728923325093e-02,5.746953035318789343e-02,5.820862671977457270e-02,5.755956024731592041e-02,5.770546035682787983e-02,5.772968885761191327e-02,5.792869082224991195e-02
5.669983665555683450e-02,5.645292580885059863e-02,5.683747664396952143e-02,5.679514269543969179e-02,5.643738306832900287e-02,5.644875955111615384e-02,5.636900865182387782e-02,5.659502225934429781e-02,5.668010141588545464e-02,5.657833378874840835e-02,5.626698997408640518e-02,5.658067542222400964e-02,5.636170713716232017e-02,5.672808673068325397e-02,5.664169003470846675e-02,5.648217194497328481e-02,5.648559360062127555e-02,5.693550488857572478e-02,5.638079882173822194e-02,5.649722478984165602e-02,5.687420282231901714e-02,5.708752256707989164e-02,5.697384403013629889e-02,5.658185653368366652e-02,5.692525038967923001e-02,5.671417136854132318e-02,5.719381954049847228e-02,5.647950049942404571e-02,5.637660736903220976e-02,5.670925963912901158e-02,5.650861021578454380e-02,5.678539214229726129e-02,5.670089950244136534e-02,5.675702646852004429e-02,5.687611785036121581e-02,5.682219139070743275e-02,5.642101851722398920e-02,5.679910786759830021e-02,5.703451442731079929e-02,5.645284122391609760e-02,5.628197112537598051e-02,5.696885115314836295e-02,5.670048217098020565e-02,5.721137941905155705e-02,5.706104137855866343e-02,5.683415444807685124e-02,5.668373476687427193e-02,5.690302101285132919e-02,5.607749472601476770e-02,5.658602941374620693e-02
5.497759120938559146e-02,5.576783213871137901e-02,5.558169979885912992e-02,5.518416197774746873e-02,5.523441368145527719e-02,5.524263560395105410e-02,5.533655149314096328e-02,5.504078014579946720e-02,5.505256582506967700e-02,5.563547084417715810e-02,5.519470331984391298e-02,5.549501452136387097e-02,5.499102983228693758e-02,5.539601761387769052e-02,5.511587940095234728e-02,5.548553996712036335e-02,5.556140872669516201e-02,5.527146353363664860e-02,5.489972906409653491e-02,5.499158695934448782e-02,5.514775857128295655e-02,5.536454839979238624e-02,5.531919859952602603e-02,5.499647887989117523e-02,5.541656395942631819e-02,5.503297206377575496e-02,5.566790633138465894e-02,5.580738651223871721e-02,5.557948919408033095e-02,5.509285731405590830e-02,5.546582637909261426e-02,5.508399802466372452e-02,5.528773354057486128e-02,5.557594944928696129e-02,5.522253096320278026e-02,5.523280873646137235e-02,5.513882441646429655e-02,5.522537537684790027e-02,5.542395417507064992e-02,5.526505316216807212e-02,5.537164331613888407e-02,5.519768886488451293e-02,5.524041471226202177e-02,5.548459436318610438e-02,5.515846076476286358e-02,5.550094208592287054e-02,5.538307681094701423e-02,5.521748396830052780e-02,5.551565964033952638e-02,5.579760440654579073e-02
5.408128957835815070e-02,5.398251728750034367e-02,5.367095801420727896e-02,5.424764867401109941e-02,5.404399686151795112e-02,5.378023854159627581e-02,5.431446370835518733e-02,5.370891850533671130e-02,5.437983836834572871e-02,5.410520163631873242e-02,5.371138641385029416e-02,5.402914300595867275e-02,5.417256434443757512e-02,5.401502508100885364e-02,5.373528026348513287e-02,5.411461178538569394e-02,5.367351659345571957e-02,5.394784643306180238e-02,5.344092047227033682e-02,5.428901413135869825e-02,5.343875830875250560e-02,5.399835740640946541e-02,5.375525568795524317e-02,5.458121169777022108e-02,5.400712546956668025e-02,5.339032091933409996e-02,5.391724380330082528e-02,5.411111615921569695e-02,5.394175394644869920e-02,5.420342339510959839e-02,5.424203434440300065e-02,5.395648569590336813e-02,5.380222769946794298e-02,5.382437513127970308e-02,5.384646543391696794e-02,5.359209976266102182e-02,5.400445050491220478e-02,5.356103196908097719e-02,5.368577261208803963e-02,5.363576643951597361e-02,5.416426929716614685e-02,5.382587930068249982e-02,5.378320133422259675e-02,5.407268089334505562e-02,5.381816684898998310e-02,5.403661764629870412e-02,5.401309782937370463e-02,5.406816573949755483e-02,5.403812329085988519e-02,5.384171301744339333e-02
5.218212667850544856e-02,5.245140815529308193e-02,5.210629459091246224e-02,5.304728238873158280e-02,5.262489185454551771e-02,5.289203372068120024e-02,5.231849155722501782e-02,5.213121723026919313e-02,5.242993104623223238e-02,5.230155603440893308e-02,5.264457512477300344e-02,5.236769030496522814e-02,5.277210333560169303e-02,5.241478713212069374e-02,5.225183750329318727e-02,5.244249453678312411e-02,5.250967486939005224e-02,5.296465273239531896e-02,5.215310269627737583e-02,5.250529926285186361e-02,5.201237766387474537e-02,5.290241738489866868e-02,5.231682200792513171e-02,5.240212488969035048e-02,5.221197197260987050e-02,5.251821203089197809e-02,5.220255526780587241e-02,5.253048008563651616e-02,5.270762066171510996e-02,5.263065374293255522e-02,5.224992058053137128e-02,5.246090533356440044e-02,5.254033994931623514e-02,5.206507747143955533e-02,5.227459477516556430e-02,5.207998075447388409e-02,5.273718036870300024e-02,5.294409202968685529e-02,5.240220859747139748e-02,5.229696533844997719e-02,5.269575025935147039e-02,5.245806231995183561e-02,5.262070226451806554e-02,5.297622252277998239e-02,5.230321496704871259e-02,5.206361034415234873e-02,5.246832892694211492e-02,5.281497055935453072e-02,5.159415501212747529e-02,5.254457479675268133e-02
5.100270574407066854e-02,5.120893440475725311e-02,5.075194213116066694e-02,5.091639840382044396e-02,5.143572852623436165e-02,5.092763518841657289e-02,5.109467843233004430e-02,5.082789926967510447e-02,5.094303286895163901e-02,5.121451159783633328e-02,5.104143115917691292e-02,5.112439133979488487e-02,5.134493460716152424e-02,5.098180203005559658e-02,5.036963922186974557e-02,5.099405094512204223e-02,5.076875505424745250e-02,5.112321853879408379e-02,5.034636347391238664e-02,5.104442466544085316e-02,5.076217993259149464e-02,5.084821976492401308e-02,5.121699451225356081e-02,5.116878738596064569e-02,5.104923491378134115e-02,5.043918804843143533e-02,5.091449705058587183e-02,5.128331100701590678e-02,5.076696804331951723e-02,5.120806517270067026e-02,5.074750712647834588e-02,5.103956765304223930e-02,5.113864204207201059e-02,5.093690544691800715e-02,5.089311532472047539e-02,5.065951976329173545e-02,5.090123671832991192e-02,5.039154777314416855e-02,5.069877564698409972e-02,5.054448927920131979e-02,5.096917759650180374e-02,5.112171202816594151e-02,5.103998424889291674e-02,5.087756076406155931e-02,5.081653655179940721e-02,5.066133131761763053e-02,5.111097687216810403e-02,5.059822260354173568e-02,5.107841706824843564e-02,5.082613416341834334e-02
4.931900728334510237e-02,4.933467711021016777e-02,4.946637154175196477e-02,4.968458287154967068e-02,4.957607570579758427e-02,4.965156824598417756e-02,4.937183892288272286e-02,4.951887137709607561e-02,4.936003834568061105e-02,4.925621367437871961e-02,4.952761226002526385e-02,4.963750269215393141e-02,4.930423987923041040e-02,4.982210684146197444e-02,4.917649862031326508e-02,4.967247840179075252e-02,4.941621961954835440e-02,4.942646796048682373e-02,4.912970363360242426e-02,4.932229621005926323e-02,4.970175773640560235e-02,4.974454100689582048e-02,4.921552480487902809e-02,4.917966784553316761e-02,4.927159388251398098e-02,4.908321945160251665e-02,4.905556421972080694e-02,4.973882586417623097e-02,4.936471075391161978e-02,4.965995190966748796e-02,4.922409834099693293e-02,4.975733571238185465e-02,4.930315152418088959e-02,4.939898560161387620e-02,4.929747312236550105e-02,4.957562733369690749e-02,4.986430382179737192e-02,4.918382906470612770e-02,4.968017795532048836e-02,4.935953032398145146e-02,4.899819977802981341e-02,4.959444536714539831e-02,4.927598388005977048e-02,4.950672036058387931e-02,4.930291343327292131e-02,4.976902761399587538e-02,4.966205802115562784e-02,4.928367961403675584e-02,4.933579206291530822e-02,4.883452537519692577e-02
4.839665214410335953e-02,4.739853016754338316e-02,4.791735314637971671e-02,4.751453071671948858e-02,4.766012949333536808e-02,4.759766340183511218e-02,4.794281570856379071e-02,4.734891696284378865e-02,4.751967878349389052e-02,4.734587416768022000e-02,4.807515776751223463e-02,4.780750006148228037e-02,4.805805315983576603e-02,4.816774288913908825e-02,4.816693601202481217e-02,4.797285207364274107e-02,4.802302963964698995e-02,4.777214601227719459e-02,4.798917406911840794e-02,4.800192796875541595e-02,4.807793274675022099e-02,4.772776418557867634e-02,4.763780869426394865e-02,4.811714420892432287e-02,4.797033470817499423e-02,4.820836188671440148e-02,4.788797366336247641e-02,4.747460134060523668e-02,4.800196908457196598e-02,4.764158365707189813e-02,4.761781044404600483e-02,4.765491133430387743e-02,4.771566722592303356e-02,4.756481470052991573e-02,4.773253318284673835e-02,4.754160187191473069e-02,4.784056622087309169e-02,4.793868517825286557e-02,4.765925770804389089e-02,4.805648805379343635e-02,4.809300676049676343e-02,4.747081557005112390e-02,4.769708123904528585e-02,4.775452902902303093e-02,4.801234409426335253e-02,4.760821573353134911e-02,4.796574208439769588e-02,4.736153384092692264e-02,4.817302600941465729e-02,4.731289108761633361e-02
4.592092295891503362e-02,4.639199185926242558e-02,4.638625985015402270e-02,4.681927755252138224e-02,4.611866855845356966e-02,4.594259837765920368e-02,4.599974423813581181e-02,4.604534140582346863e-02,4.616934496015806522e-02,4.591841652850429251e-02,4.587349636877463555e-02,4.652551735713569836e-02,4.608271902166326955e-02,4.616866446786944966e-02,4.631931249227827507e-02,4.602186453238417407e-02,4.613537119368202322e-02,4.635246100910106470e-02,4.647327327541449227e-02,4.628512340092572064e-02,4.629220664863954726e-02,4.668475192845530919e-02,4.605136072868833141e-02,4.596810428519190056e-02,4.674413987032103451e-02,4.629027845251747209e-02,4.622216137080539106e-02,4.639217507954682129e-02,4.661933878226251493e-02,4.632091502114945442e-02,4.615595112743416800e-02,4.612197954841071312e-02,4.611648835264967744e-02,4.613647753007794200e-02,4.678975224777166819e-02,4.607043473337348732e-02,4.604133917113861774e-02,4.632278771456119215e-02,4.584902562915167679e-02,4.607752556092034601e-02,4.625859964216456205e-02,4.603247053142654061e-02,4.662020927641242346e-02,4.609375803963430829e-02,4.613779255842270777e-02,4.618722262409254847e-02,4.572038135429359884e-02,4.657709482081422853e-02,4.631107983427393271e-02,4.632107338022670856e-02
4.496519475637344998e-02,4.420348047833267541e-02,4.430295934307709044e-02,4.436040575891019716e-02,4.455217319963344219e-02,4.402623941208495817e-02,4.435340171020600575e-02,4.475515457248096379e-02,4.434611310522143524e-02,4.489247422673355026e-02,4.405038834448833651e-02,4.481004587168833236e-02,4.432000392175958897e-02,4.423318604371071633e-02,4.427506879371378296e-02,4.430953079758255531e-02,4.441564358810096147e-02,4.440329454354957628e-02,4.447695309981183898e-02,4.454147681859779023e-02,4.415493306478572577e-02,4.419327342516862073e-02,4.425500080299529793e-02,4.441461219791801446e-02,4.443500265359300733e-02,4.414616767647832479e-02,4.376054824372741653e-02,4.411645588114880556e-02,4.492725410798559943e-02,4.453046138916944008e-02,4.374410396111700489e-02,4.445959713144771036e-02,4.461584697107331271e-02,4.397711448989853611e-02,4.432038515435064718e-02,4.513336236672560453e-02,4.461838799850269960e-02,4.482492471087960728e-02,4.453962570183106484e-02,4.492114484655584244e-02,4.449686836968459042e-02,4.387942136970957030e-02,4.478387260411664794e-02,4.414920345876119367e-02,4.454332112068264127e-02,4.440796250496813202e-02,4.428117995644378913e-02,4.433270132442759109e-02,4.416869110100511697e-02,4.466216726203074694e-02
4.260205171673773356e-02,4.278707165220411307e-02,4.240015501129242720e-02,4.268831890240643023e-02,4.255050663110358788e-02,4.269820213867890624e-02,4.297067583065787566e-02,4.263491886143021270e-02,4.288061356013844749e-02,4.287151015965171008e-02,4.294105130976746260e-02,4.231951850760812261e-02,4.326864943993173618e-02,4.311429695482962843e-02,4.281960965710959049e-02,4.278579643066201393e-02,4.290436074877397588e-02,4.261948743556043945e-02,4.241460399646222040e-02,4.299864579613596471e-02,4.274358829498931672e-02,4.288854791409356382e-02,4.233707733696813469e-02,4.257926609467378026e-02,4.305051369654974008e-02,4.291784706555583362e-02,4.232544748975439891e-02,4.221924812158727586e-02,4.263179846942497658e-02,4.225534815863023902e-02,4.240618557966172736e-02,4.243564005063695660e-02,4.247601841257821892e-02,4.260037721996190463e-02,4.233071930959075857e-02,4.262853422224505834e-02,4.310774840195146645e-02,4.307568413034924826e-02,4.249184475191962462e-02,4.246714298824048189e-02,4.253849690979435300e-02,4.283069451063308691e-02,4.269342911041092148e-02,4.286348422072124020e-02,4.314735169940991932e-02,4.305338935783504378e-02,4.268988428792871992e-02,4.313066819902099808e-02,4.237818716698803917e-02,4.319221467915908275e-02
4.107158743813964230e-02,4.034884769441463015e-02,4.128177128262555673e-02,4.139776261448424588e-02,4.088409052610144506e-02,4.044284507687746083e-02,4.094275724379283637e-02,4.063135262693204353e-02,4.112059216268628553e-02,4.101842845402175336e-02,4.099380466621729835e-02,4.064423057011141982e-02,4.058524647739088914e-02,4.022134326983157343e-02,4.079769877155364766e-02,4.068850607166789313e-02,4.089978716251031765e-02,4.087406060363511784e-02,4.066970874379317868e-02,4.132967293916072621e-02,4.085730301524253399e-02,4.068096167502499583e-02,4.060616275294750416e-02,4.080182616450822586e-02,4.128620182626588364e-02,4.087473947334374635e-02,4.045002365146903311e-02,4.031182110562123166e-02,4.076997599142669071e-02,4.076947251604060019e-02,4.100731489561615373e-02,4.079670915399512265e-02,4.077159073308112003e-02,4.056201909878422163e-02,4.112860333138000646e-02,4.084444075054886880e-02,4.141745365448245425e-02,4.084177874827588789e-02,4.034473204651294748e-02,4.129388571163623151e-02,4.101565287080978506e-02,4.075215250254515809e-02,4.125985564618721985e-02,4.106843602732834081e-02,4.081649992886317996e-02,4.112330795629354913e-02,4.103135042418924044e-02,4.048197706324260098e-02,4.095030747275352212e-02,4.101234070887366939e-02
3.897583831786658598e-02,3.908097545201452694e-02,3.908157485740435672e-02,3.958753599316044980e-02,3.909067900983839716e-02,3.934788709441874172e-02,3.904409437992820142e-02,3.934300129261730089e-02,3.949309061147945887e-02,3.868107883060259433e-02,3.902550073405783304e-02,3.877152471656399035e-02,3.937996232316716416e-02,3.886845690026204808e-02,3.870246410489426581e-02,3.913549477915621855e-02,3.878055435972965065e-02,3.900336216539779244e-02,3.865758924794034795e-02,3.946633766401892729e-02,3.856164659774220099e-02,3.924091263270063079e-02,3.889779642199570758e-02,3.906800272960966880e-02,3.855203380481651149e-02,3.891764495630890136e-02,3.926663006807245421e-02,3.851351811759103766e-02,3.886823236729392700e-02,3.919289894822539783e-02,3.914780198028693786e-02,3.885441717348879498e-02,3.924910948156117019e-02,3.895353387525889166e-02,3.892702468556012707e-02,3.889264563403343339e-02,3.896541126240047476e-02,3.898982108800250201e-02,3.921645502349664636e-02,3.918911366460209322e-02,3.911714735498722506e-02,3.885752582695752022e-02,3.941041365636389904e-02,3.908308706686893647e-02,3.838647434310869799e-02,3.862454903826499641e-02,3.916339792105482526e-02,3.893702505765101601e-02,3.928945039658866822e-02,3.928476101561607925e-02
3.681096675514394095e-02,3.699277825192007207e-02,3.654638975633637404e-02,3.697324700413691378e-02,3.735860805644526661e-02,3.684437916720902095e-02,3.733465564116800195e-02,3.708474577378628734e-02,3.681727021581088222e-02,3.719149971126922694e-02,3.739971683516376405e-02,3.711283742707450345e-02,3.737653011556150290e-02,3.712315272195000626e-02,3.669146299662030125e-02,3.700551006372387874e-02,3.674203941184961408e-02,3.742554726028061302e-02,3.710399154331663757e-02,3.690983047974845388e-02,3.727248585736381986e-02,3.735595030949818290e-02,3.708607300539865786e-02,3.688732236400474318e-02,3.737248254653131874e-02,3.694103022913453743e-02,3.713394140858578690e-02,3.721158788776709331e-02,3.752653984920635566e-02,3.737837961061835079e-02,3.669570251452951987e-02,3.710793774238715925e-02,3.655080721689716455e-02,3.708241745951561946e-02,3.673923366644998856e-02,3.731626731457875212e-02,3.687353667065402379e-02,3.740900039612592154e-02,3.753618066096781059e-02,3.695708346755577356e-02,3.712820763022553483e-02,3.743945248528489367e-02,3.716784540622065230e-02,3.693399184415194214e-02,3.717324393402195865e-02,3.729939185521848055e-02,3.683370585624264060e-02,3.763019779029787987e-02,3.695046044443142663e-02,3.697777060141810984e-02
3.551570816147372328e-02,3.492797063205803354e-02,3.520162870650189735e-02,3.521520289586622943e-02,3.513678720913588488e-02,3.527206427581791592e-02,3.487598329988327028e-02,3.475065467773751082e-02,3.499711922620620669e-02,3.504687764680895073e-02,3.538744036003491772e-02,3.479024151316982560e-02,3.537464732286850488e-02,3.480027228077359203e-02,3.499625251159516753e-02,3.474091849080079841e-02,3.481420659981309534e-02,3.507997388884847439e-02,3.543683872623053926e-02,3.548703929972638060e-02,3.465983771489986043e-02,3.518992181040649786e-02,3.482687406291188476e-02,3.500655468681139471e-02,3.488915582105994034e-02,3.480295150861349718e-02,3.515122747588384639e-02,3.574231341491136693e-02,3.503962390768383672e-02,3.447460184371197583e-02,3.448332941443126715e-02,3.506667209089880943e-02,3.506654033003554771e-02,3.481750176828607435e-02,3.543282148547573229e-02,3.454591092609259062e-02,3.584027700304537323e-02,3.496565758398734874e-02,3.523708296115921068e-02,3.434661844384506030e-02,3.515922899110751620e-02,3.510674162999793957e-02,3.507416753352379096e-02,3.514040550254614315e-02,3.476749604553310002e-02,3.500311530376446628e-02,3.486175807461462661e-02,3.520737557492571723e-02,3.503276967428037292e-02,3.500013519948177998e-02
3.330105700624107212e-02,3.261185119996112824e-02,3.328780715930570316e-02,3.263441806223765090e-02,3.318318294107603511e-02,3.279278546467049443e-02,3.278574311269118885e-02,3.376076485850514064e-02,3.311709520902816895e-02,3.295848734873284974e-02,3.293558871018899964e-02,3.312030481930349629e-02,3.376603140996606300e-02,3.302309426412215060e-02,3.299848395566195441e-02,3.277554765579516333e-02,3.353527254040104127e-02,3.281012124994359819e-02,3.332700817555910716e-02,3.239775153305753802e-02,3.288134490662672493e-02,3.340255586184828762e-02,3.266068502594241668e-02,3.264180418177870663e-02,3.301414470200648293e-02,3.310667717894440198e-02,3.319972604201494593e-02,3.326981729393607701e-02,3.276830519611022285e-02,3.278108086674187682e-02,3.295526367325309763e-02,3.337941537282367727e-02,3.259136982829397705e-02,3.306729458952947093e-02,3.327591681519342232e-02,3.270316903225827659e-02,3.304396403603040294e-02,3.304888074357662658e-02,3.313534084387548262e-02,3.322093376427123074e-02,3.288921490458573960e-02,3.321876355106251344e-02,3.332991649082461816e-02,3.321422790400718750e-02,3.302319544851979594e-02,3.334866405636879166e-02,3.273064407052667102e-02,3.328684132388925326e-02,3.282652794806822233e-02,3.322392362196861793e-02
3.021137170653280177e-02,3.111977855634197321e-02,3.081081115788494168e-02,3.097089702298065628e-02,3.105853705902218362e-02,3.124532596898434503e-02,3.091312062322567472e-02,3.049948325180072695e-02,3.140851878163918032e-02,3.153806565760326058e-02,3.058873414850720243e-02,3.157809081542744395e-02,3.100584122304434961e-02,3.085363156198623821e-02,3.122979415817687260e-02,3.070113040251386261e-02,3.141322888906781380e-02,3.056619290070042294e-02,3.081450938697736022e-02,3.117253823863348761e-02,3.092271953240915278e-02,3.097516196886679687e-02,3.061071935000901634e-02,3.042171793423969345e-02,3.056507467121277744e-02,3.102308946677595144e-02,3.129244212060484226e-02,3.050213954712334419e-02,3.079494276782139203e-02,3.086387565559784926e-02,3.069928808008957552e-02,3.127976814916699766e-02,3.142969252602140912e-02,3.070942612119555160e-02,3.086755161132425165e-02,3.065814875392073105e-02,3.112909666292094577e-02,3.095659051592106192e-02,3.122422225239913918e-02,3.121678986375116954e-02,3.037616661010641636e-02,3.091376559827288886e-02,3.101303375207365223e-02,3.071817779503529036e-02,3.045596944256283301e-02,3.077332093974272792e-02,3.126919025293207338e-02,3.118818049225779640e-02,3.027545464087070398e-02,3.090144985634848962e-02
2.837941773104393425e-02,2.854272829231313188e-02,2.818864028282914991e-02,2.861116305816002736e-02,2.874472445612119911e-02,2.889406098271416617e-02,2.851574637330468037e-02,2.853601716744880168e-02,2.871346957934845998e-02,2.898476902860336671e-02,2.897015030882690162e-02,2.898641668293713142e-02,2.842483224924892762e-02,2.873745464760203011e-02,2.886766224495834754e-02,2.878019106656993717e-02,2.870437717042887207e-02,2.875347447195781073e-02,2.912145247475391233e-02,2.833249430806862937e-02,2.818976678553639786e-02,2.937770520935871141e-02,2.837384445109801187e-02,2.932811001524186778e-02,2.895020472663621322e-02,2.914362167688376234e-02,2.826430135265080648e-02,2.894075418997252291e-02,2.893818709601450948e-02,2.821262611791850242e-02,2.844853932016299866e-02,2.845219524629549399e-02,2.900419161413052629e-02,2.880373264922055088e-02,2.852681456656673553e-02,2.852669947561430747e-02,2.918446763573518885e-02,2.834296188231947775e-02,2.892377047151455799e-02,2.931742097038807227e-02,2.872716697111363932e-02,2.881493155339458559e-02,2.895117317097794379e-02,2.902950593526810660e-02,2.905714169334735683e-02,2.854349808719336759e-02,2.902688286164177567e-02,2.847876173335277955e-02,2.897928119701302652e-02,2.848576412906150476e-02
2.677849568995651144e-02,2.638863711528892722e-02,2.621272345429169481e-02,2.652554594390220746e-02,2.670275761157494404e-02,2.644420152678588626e-02,2.679428687839918721e-02,2.611625270898002699e-02,2.648487556900633311e-02,2.611550275393585696e-02,2.633264790317003251e-02,2.612854944005297414e-02,2.698148858299858135e-02,2.668623676733760872e-02,2.641581285770803339e-02,2.646690774942002042e-02,2.661505069734708059e-02,2.630969284928770524e-02,2.626921163924994182e-02,2.602709907412923546e-02,2.595260270791975923e-02,2.628224045342863677e-02,2.652930889827841837e-02,2.651077766935356142e-02,2.676934445595818488e-02,2.640200057322540997e-02,2.670014768764969806e-02,2.644247405614688282e-02,2.661535235684982931e-02,2.616196765840648683e-02,2.678523132975369619e-02,2.624068685724793501e-02,2.642174006420983101e-02,2.627668800762539628e-02,2.703485341787474280e-02,2.698573760648005290e-02,2.635447930047994311e-02,2.687372246337210030e-02,2.697468650255325021e-02,2.663356367235204109e-02,2.666502099171222037e-02,2.652875352241921073e-02,2.640452421674529052e-02,2.608746710874269154e-02,2.668055809937059514e-02,2.683545471298681359e-02,2.632563756391214510e-02,2.674016967237139580e-02,2.638008535331982235e-02,2.617368219602187254e-02
2.417091807332995626e-02,2.419910405597945277e-02,2.394077100218220192e-02,2.412111106058025672e-02,2.417290781331365990e-02,2.425115959766238616e-02,2.411862318783655063e-02,2.406259442821765196e-02,2.418380233166732285e-02,2.411310518653590404e-02,2.392599145760995402e-02,2.347287561728039415e-02,2.405862779718295763e-02,2.412254745940861297e-02,2.449371225434877550e-02,2.387253805298242271e-02,2.462222400287719659e-02,2.417881539815206621e-02,2.427156224481648306e-02,2.464128035075222392e-02,2.426625951405370074e-02,2.398276242544334497e-02,2.411999469803722054e-02,2.381865370528772965e-02,2.407818219110843122e-02,2.450949365152015058e-02,2.381505142883444393e-02,2.384576970649027530e-02,2.431906346406115596e-02,2.434784564413378094e-02,2.353841268521291580e-02,2.435962686808017599e-02,2.441711428057371722e-02,2.435850114106875852e-02,2.391414427008369675e-02,2.395467831318762869e-02,2.407093133195559870e-02,2.417391227727833103e-02,2.403076187632512475e-02,2.397656174581521207e-02,2.401065988638896587e-02,2.425386170560605431e-02,2.423944934592531242e-02,2.388575057011090713e-02,2.410337076650442834e-02,2.434286783187058004e-02,2.421637899040381126e-02,2.421147811172111308e-02,2.413477714762131757e-02,2.453478413635475086e-02
2.142438889297277813e-02,2.176065735995350720e-02,2.135650919005362136e-02,2.148269555070492567e-02,2.179459413003879617e-02,2.199785332375658528e-02,2.133896362844959343e-02,2.164473866365893701e-02,2.149694324020539823e-02,2.201534698893706579e-02,2.140889938862047120e-02,2.181716931689773112e-02,2.195673793069459825e-02,2.168447891485988932e-02,2.135545953654910054e-02,2.162374372951522683e-02,2.094526766762716888e-02,2.165641540890249697e-02,2.193868311852240419e-02,2.147942061950556397e-02,2.178252016407227973e-02,2.131275011804052016e-02,2.251002785704178319e-02,2.157966846752264536e-02,2.170695229538964488e-02,2.147424475444578013e-02,2.176117214596334087e-02,2.172352031681865081e-02,2.139567861441496119e-02,2.214627937094093557e-02,2.212085341825236265e-02,2.201114069867336417e-02,2.179208692831262686e-02,2.202289285619469378e-02,2.176624336912538760e-02,2.146482295465850995e-02,2.212845984374510813e-02,2.211322048262343368e-02,2.133181853455624888e-02,2.169902649329179950e-02,2.171606869619269187e-02,2.184759452723058007e-02,2.182466174822974073e-02,2.216058268929528910e-02,2.184468044658614480e-02,2.160027431716836713e-02,2.122431842113929601e-02,2.155427759329682849e-02,2.233473968309242566e-02,2.210024052142735285e-02
1.911240365746346564e-02,1.905132293558912601e-02,1.921945731305414046e-02,1.939856901938129263e-02,1.933533168870273447e-02,1.931674894799115597e-02,1.916421853503290709e-02,1.942237718679450109e-02,1.922129534858697461e-02,1.926944130309630326e-02,1.941724510089018474e-02,1.925134624108493578e-02,1.874121806419439679e-02,1.925866325104887491e-02,1.912884929783939189e-02,1.910842400000033192e-02,1.886136010659164586e-02,1.867485107643818837e-02,1.874762983005456504e-02,1.904456435356183253e-02,1.901869614935782285e-02,1.937870766647063411e-02,1.943528009817572372e-02,1.925903137060415438e-02,1.879731236218949025e-02,1.924928233323108459e-02,1.957961691842120475e-02,1.916537746393184513e-02,1.891797868534279489e-02,1.955506780662131724e-02,1.944824549984239259e-02,1.903061584879511825e-02,1.894448890619650910e-02,1.928110467624769356e-02,1.917240871365453320e-02,1.895667460171684277e-02,1.923625968252035134e-02,1.942036946219104221e-02,1.871720934434899231e-02,1.888230325742283264e-02,1.908268495017477473e-02,1.926330765847308196e-02,1.900791088272905938e-02,1.897161635299177834e-02,1.883986268500152314e-02,1.905749837471424485e-02,1.907918796732640046e-02,1.901273101622189335e-02,1.891085351558611377e-02,1.915083888986241975e-02
1.668476402858144053e-02,1.630428174297221186e-02,1.623785137724479549e-02,1.617239586975444468e-02,1.655436144343487917e-02,1.671815954727288653e-02,1.682102639932634910e-02,1.696034351750531563e-02,1.643377916253362797e-02,1.660293310477818640e-02,1.676598707369961541e-02,1.671215725439059371e-02,1.700968103810367865e-02,1.637080946788138647e-02,1.669407723766087870e-02,1.613951188994271896e-02,1.639230538247873903e-02,1.661264046744896292e-02,1.674142319420874117e-02,1.671045863409302210e-02,1.702483471040926524e-02,1.672983806644291402e-02,1.641446340392621259e-02,1.661292370261014187e-02,1.663088646670803084e-02,1.627989774323905167e-02,1.612744927742833928e-02,1.635711784894971696e-02,1.696145209613138596e-02,1.642221813215128182e-02,1.673463929334982267e-02,1.634739461739631236e-02,1.709529902362341702e-02,1.619689209177049491e-02,1.669369132405987971e-02,1.637729850719545771e-02,1.680728394241623458e-02,1.606571326570529340e-02,1.643870035896827925e-02,1.641684707865931001e-02,1.654032188478300400e-02,1.658776094959796971e-02,1.653068970145687641e-02,1.673880987157766106e-02,1.569524485880755688e-02,1.647820591007110452e-02,1.649295001484812201e-02,1.648604032588139520e-02,1.621225600077069728e-02,1.608723151172686966e-02
1.375261435134888383e-02,1.390139267519146550e-02,1.382367258397672501e-02,1.375313328662459457e-02,1.413700974117738061e-02,1.349389168262407797e-02,1.406061474141682109e-02,1.434154664004849353e-02,1.399673615110600018e-02,1.358443493459444637e-02,1.397392424182793136e-02,1.383477977686611328e-02,1.397412315565216799e-02,1.380806609487402262e-02,1.411112789021928132e-02,1.380062263290572112e-02,1.428738772227165429e-02,1.417098368866737818e-02,1.413089456996488580e-02,1.417447835956112644e-02,1.374692621350911970e-02,1.358352089767546171e-02,1.392222367484169908e-02,1.373256327764556251e-02,1.377367675632466468e-02,1.351360970817018677e-02,1.365094013679933951e-02,1.390621967206108998e-02,1.349821511920472339e-02,1.407362481490747122e-02,1.429578702153356563e-02,1.392230567357738251e-02,1.406755936936307863e-02,1.353693960761037131e-02,1.398032560310866548e-02,1.370867032183650455e-02,1.370509002958845979e-02,1.386906529259514589e-02,1.355622080017988840e-02,1.379789983743564576e-02,1.383147185482303670e-02,1.337925717225484958e-02,1.391266482262573656e-02,1.361881895038389786e-02,1.386813758751966399e-02,1.377362679927538955e-02,1.378404131041914560e-02,1.404209345972238891e-02,1.360716263510275414e-02,1.340287945483780406e-02
1.081082867725827873e-02,1.088343488721853561e-02,1.109767767336354224e-02,1.099900100376486126e-02,1.113724040955573272e-02,1.142486214109676886e-02,1.137699538744284949e-02,1.103628647465467773e-02,1.097688103741020944e-02,1.118138373748040100e-02,1.117795589820351487e-02,1.111524917222684802e-02,1.093858418327945184e-02,1.097327032413569076e-02,1.113448586104749324e-02,1.075948916933717678e-02,1.097086838898943956e-02,1.127866236983507062e-02,1.135733027718214584e-02,1.129101024522875807e-02,1.138232261548601312e-02,1.103992036386300044e-02,1.110918115279794539e-02,1.140296681480443275e-02,1.086713734815361772e-02,1.097646716030078150e-02,1.102961760474644587e-02,1.108704395938166221e-02,1.122792304905802056e-02,1.097296488269638992e-02,1.103652948354213147e-02,1.111380549802875282e-02,1.139289446942619993e-02,1.088098155011949994e-02,1.133510159386624111e-02,1.113025410233169088e-02,1.118982086547405316e-02,1.112063955590003421e-02,1.116906555341073276e-02,1.130500946829880553e-02,1.123270548861620213e-02,1.141533774974257294e-02,1.119777515136395445e-02,1.138239181623557604e-02,1.082358749726934632e-02,1.116984616048018880e-02,1.099185176043930741e-02,1.102832644852180452e-02,1.081483635887820274e-02,1.113205593737522613e-02
