1.847527939890969764e-02,1.849860703841428589e-02,1.850108242751275292e-02,1.849979146301975949e-02,1.844847209728199544e-02,1.850185842179262463e-02,1.848120134094156930e-02,1.847369738923125906e-02,1.848839467073054924e-02,1.850189658446350222e-02,1.848378003512750681e-02,1.849863045852945254e-02,1.849417079918045173e-02,1.848311053532042739e-02,1.846767113562370471e-02,1.848294594863373469e-02,1.850046940327824616e-02,1.850169655626773130e-02,1.847397945753761692e-02,1.849528149870557567e-02,1.848582822091361655e-02,1.848619751053145674e-02,1.846866922912209982e-02,1.847629892491888318e-02,1.850801113900054154e-02,1.848651786233727196e-02,1.845789141072794876e-02,1.848729754603389494e-02,1.846092091520531997e-02,1.848355457598760757e-02,1.851773593466118570e-02,1.847907890791263691e-02,1.849342978178188449e-02,1.848519769226284262e-02,1.850904303568514861e-02,1.848486370806297005e-02,1.848372998390961433e-02,1.849089121549033279e-02,1.844255762654716316e-02,1.848350358685385553e-02,1.845606467008314641e-02,1.848775625084737168e-02,1.845973486359341401e-02,1.845638552883683420e-02,1.846351173816739022e-02,1.847161814328254770e-02,1.849728643172110151e-02,1.847800914677227499e-02,1.847815424666961887e-02,1.847735677168116028e-02
1.848135999883504174e-02,1.848958853127160087e-02,1.847471473785687948e-02,1.847156242693983111e-02,1.847370852483748785e-02,1.847445543562705600e-02,1.848197781205978760e-02,1.848080029663622115e-02,1.847220012648024060e-02,1.848578873647317711e-02,1.847513832082170460e-02,1.848823720495819042e-02,1.848024875435729658e-02,1.846163635305989037e-02,1.848110229031387983e-02,1.847219134825574954e-02,1.846696171220679056e-02,1.847615020785946249e-02,1.849772019285098740e-02,1.847441816780869689e-02,1.851362929979389824e-02,1.849198957218942119e-02,1.848263183626787376e-02,1.848832764970620435e-02,1.846628586450153528e-02,1.842910600535295484e-02,1.847140189769875748e-02,1.846936550535530769e-02,1.847971361451093697e-02,1.844343701448380654e-02,1.848873066425836542e-02,1.849910769827470269e-02,1.849373706070002454e-02,1.848068132741430281e-02,1.845297940426823477e-02,1.847916564873287523e-02,1.846848393844041647e-02,1.848047098818087972e-02,1.846901498030816685e-02,1.849485698334614112e-02,1.848832319106265970e-02,1.847332179929150539e-02,1.847704597890620359e-02,1.848947158070506427e-02,1.848153619182265478e-02,1.848079636904132600e-02,1.845803305105698025e-02,1.846722773221884731e-02,1.849792471863700299e-02,1.848702724764150068e-02
1.846159615997309059e-02,1.846921816624092286e-02,1.847537640612575971e-02,1.846440244847968176e-02,1.846590555085223309e-02,1.846904060770306749e-02,1.844446834961870063e-02,1.848941856726117952e-02,1.844914522798900280e-02,1.845923458482888815e-02,1.847453432928186645e-02,1.846641336000407960e-02,1.847000037082595705e-02,1.847236919326619708e-02,1.848580108698415908e-02,1.848264729962410466e-02,1.846481330279416480e-02,1.847752908821130233e-02,1.849405215664860769e-02,1.846792499184574110e-02,1.846704508681480325e-02,1.849278854674150235e-02,1.847501448633973031e-02,1.846942020295944120e-02,1.848733631741234992e-02,1.849661200094601665e-02,1.847843192953554231e-02,1.846807801232327670e-02,1.846642613394307991e-02,1.846399467314234835e-02,1.845020998377563601e-02,1.849005039955017166e-02,1.847300494161726800e-02,1.848849924202642173e-02,1.847547611441018381e-02,1.843785253049023271e-02,1.845857779932877710e-02,1.846504517905693185e-02,1.847535149282381051e-02,1.846309540579245748e-02,1.848060407082527043e-02,1.847440417896656709e-02,1.847229974481559567e-02,1.845426054608024710e-02,1.847682317912190814e-02,1.847757536864561706e-02,1.845439343306129118e-02,1.848004298265147269e-02,1.846597042916319278e-02,1.849720756795981275e-02
1.846923449702661882e-02,1.844920357860171944e-02,1.846448604918111969e-02,1.845176444038687871e-02,1.846366139617812083e-02,1.849314742851595680e-02,1.846350338439069205e-02,1.846185000191928952e-02,1.847383941506043625e-02,1.845476940045855108e-02,1.847165484981232869e-02,1.845680297660683145e-02,1.846607598909315306e-02,1.846029626279235836e-02,1.844798946625089350e-02,1.847975944879731366e-02,1.846469838191532736e-02,1.844413530669290757e-02,1.848566809654941107e-02,1.845297257541691702e-02,1.848287648470061176e-02,1.850167946566928096e-02,1.847811645456607851e-02,1.845531182375251614e-02,1.844714624903730921e-02,1.849150206192261628e-02,1.848163593293078444e-02,1.847005425855144378e-02,1.848831852940484299e-02,1.848176197081539962e-02,1.846902435836948048e-02,1.845651248445356538e-02,1.846614662310145163e-02,1.841798497992222158e-02,1.846618640323312299e-02,1.848457208201960411e-02,1.847516197645762345e-02,1.847016360895964784e-02,1.846182867311972620e-02,1.844826300393194451e-02,1.848679869957578839e-02,1.848006770593222173e-02,1.847386179771951312e-02,1.845191745341254880e-02,1.846108398995331690e-02,1.847976735457573100e-02,1.847335107170876983e-02,1.847200174868678102e-02,1.845164726287392559e-02,1.846994981613885034e-02
1.846712357301482504e-02,1.845930556940448761e-02,1.847413908626477017e-02,1.843611891261168895e-02,1.845572147644409383e-02,1.846220928009961390e-02,1.844674986809534747e-02,1.848845634317175871e-02,1.847605558292842245e-02,1.847138347937145667e-02,1.847610235393059783e-02,1.849611459112950745e-02,1.845537898132054364e-02,1.845092035553891688e-02,1.845193233018070644e-02,1.845111461475005751e-02,1.846734637377111729e-02,1.844352801309812051e-02,1.846319802436752547e-02,1.844522284547510035e-02,1.843678896060307534e-02,1.849128544553184719e-02,1.844358218358765900e-02,1.846256742978569232e-02,1.845253050546834944e-02,1.847337647124322121e-02,1.844947074787842839e-02,1.844816698699756896e-02,1.845134452561200678e-02,1.848118650452360012e-02,1.845543680538103484e-02,1.844527998281367959e-02,1.843162774196696954e-02,1.844830233664204386e-02,1.844767539940505782e-02,1.845603284314811104e-02,1.848954565501652672e-02,1.844594600391706932e-02,1.846731681200197359e-02,1.844916610219198352e-02,1.846163313251197521e-02,1.844822104731662360e-02,1.847981395550405206e-02,1.845747940350540503e-02,1.846630790137745656e-02,1.846447134082632863e-02,1.844997057506260821e-02,1.845126967020422476e-02,1.847114940672337294e-02,1.845779974728921011e-02
1.846406002347919517e-02,1.843101777821029574e-02,1.844518268489674442e-02,1.845588195281160429e-02,1.842969606334499827e-02,1.843516622389008985e-02,1.843436511687583310e-02,1.844319804840362925e-02,1.844859126820797002e-02,1.845960293005118394e-02,1.844850536620906700e-02,1.846220292894166018e-02,1.847370909501101430e-02,1.844293594960257424e-02,1.843704597888481608e-02,1.844409735794371244e-02,1.846556509968536389e-02,1.844407040705971224e-02,1.843638498034739365e-02,1.843218828407186191e-02,1.845293809766863913e-02,1.844735267707861906e-02,1.846669121330823601e-02,1.847112988489805693e-02,1.846050171978848298e-02,1.844597074545614723e-02,1.844717634181324353e-02,1.842938958601082408e-02,1.846058364390704143e-02,1.844614288349069944e-02,1.843512751909440195e-02,1.843707729633303760e-02,1.842517031885871140e-02,1.844940118854861144e-02,1.844035104075176373e-02,1.844762810853568455e-02,1.846396457540623592e-02,1.848672164399161461e-02,1.845813970236408891e-02,1.845735781163698394e-02,1.844842355148704205e-02,1.843836992430572183e-02,1.842545867243048849e-02,1.846411506916876763e-02,1.845810749479347493e-02,1.848105252147911465e-02,1.844800835381357057e-02,1.843389635807064775e-02,1.844105510334449055e-02,1.844783465646633244e-02
1.842189634397132028e-02,1.843619829677801275e-02,1.843885465062756329e-02,1.847014771971408967e-02,1.843545925015160902e-02,1.845725126618406528e-02,1.842839015518924622e-02,1.845953598839979864e-02,1.844327490798777086e-02,1.844185402499276538e-02,1.844798578552761179e-02,1.844492072725919390e-02,1.844469262407513743e-02,1.844071499508963957e-02,1.844604889697671821e-02,1.844289899183996009e-02,1.845862249196690910e-02,1.844687467310117401e-02,1.845925612331670435e-02,1.845317585510742459e-02,1.845850911491538418e-02,1.842022146897872095e-02,1.841082661267194609e-02,1.842245814305280144e-02,1.844330142393881336e-02,1.844966718501962408e-02,1.839077219310519123e-02,1.845345978229998365e-02,1.843238756588433391e-02,1.844826584597892422e-02,1.845858973183423304e-02,1.843776208813857620e-02,1.843310647436982239e-02,1.844797452933035972e-02,1.845152078641421750e-02,1.842137389931812821e-02,1.842761232010400180e-02,1.842625963702382297e-02,1.842733414267273481e-02,1.843271010361273096e-02,1.844052795874337458e-02,1.843717956364090624e-02,1.842987983906775942e-02,1.843997448052910396e-02,1.842827407178333418e-02,1.842581461476748908e-02,1.840605388375578591e-02,1.844055893434083659e-02,1.842212877643656724e-02,1.845596437147082117e-02
1.840480919287020012e-02,1.843490442945559457e-02,1.840292522302723610e-02,1.844861687624407831e-02,1.845388243124054806e-02,1.845532311859843580e-02,1.843323331685165628e-02,1.843052675973982923e-02,1.841678597264861938e-02,1.842940963447491781e-02,1.841433909782922568e-02,1.840338036487478013e-02,1.841885651551269584e-02,1.840659414153401202e-02,1.841513281499532889e-02,1.842615248696212113e-02,1.840573689158359408e-02,1.845037314470898693e-02,1.841990849310826128e-02,1.843234976751077087e-02,1.843187173350247302e-02,1.841326757006644943e-02,1.844213528664421023e-02,1.844517637364299564e-02,1.842378093781609633e-02,1.842850851170396709e-02,1.839706496196031119e-02,1.844300767476184100e-02,1.841143653037483063e-02,1.841737624190191089e-02,1.842778624873328205e-02,1.841788662106138078e-02,1.842093743332567229e-02,1.841922582051522955e-02,1.845395560649852607e-02,1.842989584489054117e-02,1.842693151070603011e-02,1.844440698053932334e-02,1.841328300763838896e-02,1.844456274551392605e-02,1.842201517827250778e-02,1.841148415097754523e-02,1.842252656043585554e-02,1.844390989551727630e-02,1.842478118275617596e-02,1.842945727376334164e-02,1.841892144079817356e-02,1.846115909694587276e-02,1.842153172468255495e-02,1.839394900342371242e-02
1.840358608397283172e-02,1.840586849504750530e-02,1.841414484106396882e-02,1.841949964222979255e-02,1.841154832221692655e-02,1.838646956144991684e-02,1.841816040122362316e-02,1.836743708420080640e-02,1.840303700016118066e-02,1.841343833828915089e-02,1.840744414752495950e-02,1.838000825229190935e-02,1.836913221514655317e-02,1.840336450134862425e-02,1.840739616589409655e-02,1.839116679642240071e-02,1.838589383906106059e-02,1.840462452896282977e-02,1.838489875539364368e-02,1.840350887993174797e-02,1.841799699291703576e-02,1.839975444324945530e-02,1.840511324021735368e-02,1.839516386510938947e-02,1.841061374558095043e-02,1.837436594404123769e-02,1.839236727120042991e-02,1.840221446670466110e-02,1.839789448902057895e-02,1.839616478772129055e-02,1.841720618803284817e-02,1.839711003751162699e-02,1.841203131853378500e-02,1.839850658478614509e-02,1.841342950682051463e-02,1.842542477953976535e-02,1.841001462172417100e-02,1.838503158542351135e-02,1.837943482736851750e-02,1.842586272188991708e-02,1.841390689428029290e-02,1.841263072688695962e-02,1.838780318147150913e-02,1.842552018864156149e-02,1.839860665619593577e-02,1.839286321804866828e-02,1.842298081705428039e-02,1.839552170357220198e-02,1.839941853695065827e-02,1.840866863718576205e-02
1.838092604239843081e-02,1.839537503138544139e-02,1.836536354257884904e-02,1.837410721829407095e-02,1.837947619439216779e-02,1.838473498664152175e-02,1.834537035649321315e-02,1.839075354184661892e-02,1.838012503797866598e-02,1.838075480439338091e-02,1.838085296394461124e-02,1.837143023040489417e-02,1.837631597402925379e-02,1.837057181353696222e-02,1.839925330507550388e-02,1.837339986524593599e-02,1.840296395869752202e-02,1.837674090466371798e-02,1.839999324434860375e-02,1.839025342065802107e-02,1.835998031160233565e-02,1.837149883863191738e-02,1.840585082248216708e-02,1.839322397078745064e-02,1.837929315345166251e-02,1.837905123828569368e-02,1.837101223011409698e-02,1.840810064245879812e-02,1.841477728481438064e-02,1.840868002016965085e-02,1.840047990853230578e-02,1.836807246841799454e-02,1.838066423839873967e-02,1.841006489977834934e-02,1.837238441996565108e-02,1.839086362261605628e-02,1.840075934707410474e-02,1.839184467762113029e-02,1.838755307062620026e-02,1.839383131062528182e-02,1.840005582839476447e-02,1.836201762592017464e-02,1.838361656440037559e-02,1.837542936635683591e-02,1.840347591071152256e-02,1.839017922541618180e-02,1.838603053411387578e-02,1.839275780581693664e-02,1.836812692853469209e-02,1.839281626642412515e-02
1.836810127716331092e-02,1.837946691413657602e-02,1.835787189795104815e-02,1.834314917723067762e-02,1.839273493323266562e-02,1.836562485417012058e-02,1.834580606345402945e-02,1.835940376485873521e-02,1.838400479943217217e-02,1.840487277152356993e-02,1.836025786365209217e-02,1.836626552314670618e-02,1.835632745491816084e-02,1.835102233176326425e-02,1.835740124206571011e-02,1.834130426903127220e-02,1.834470237051526870e-02,1.839011905571738548e-02,1.837926513276937762e-02,1.835966545976895625e-02,1.835134626798558960e-02,1.837597988117426265e-02,1.838960994949000866e-02,1.837811298216829661e-02,1.837666846519666469e-02,1.838960781773830294e-02,1.837954170261068762e-02,1.838627340838277016e-02,1.840052466386473545e-02,1.834994144159697235e-02,1.836305160867566372e-02,1.836377667663287652e-02,1.835442385398486712e-02,1.840062969472430060e-02,1.837993561177488078e-02,1.832935864339382478e-02,1.838655135422958414e-02,1.837148563238117510e-02,1.836173769488475341e-02,1.833946340638163003e-02,1.834781089116517550e-02,1.837085937093356491e-02,1.836501594897506015e-02,1.832481907173389574e-02,1.839893729329901070e-02,1.835995469814884207e-02,1.836101321180546447e-02,1.834817208873625385e-02,1.836073518146623049e-02,1.836650879664186026e-02
1.834124052879134922e-02,1.837587921062939014e-02,1.836753729808347085e-02,1.834539493968939672e-02,1.836600073032684452e-02,1.833761520832288827e-02,1.835425846299259048e-02,1.837182246671663355e-02,1.833466094058920637e-02,1.833072028703316286e-02,1.830528988389575062e-02,1.833109415362011579e-02,1.836996413302545081e-02,1.831414373321932354e-02,1.834043195703603801e-02,1.833961234764094200e-02,1.832821953144511337e-02,1.835859609585997754e-02,1.833790707742809917e-02,1.836011702068897009e-02,1.832193531486942667e-02,1.835378789599766136e-02,1.832492933143748531e-02,1.831955372035783819e-02,1.835039663362909163e-02,1.831436918753960238e-02,1.832109684364560676e-02,1.834095464952379198e-02,1.830808269432139188e-02,1.832883637034105756e-02,1.834007213277991447e-02,1.831724586978345989e-02,1.833003948181886542e-02,1.831987583900601679e-02,1.835198908377112109e-02,1.834455388254232697e-02,1.832981188148328014e-02,1.830267635916214136e-02,1.834382543560283962e-02,1.832538990767681314e-02,1.834454237214808159e-02,1.832666291610140011e-02,1.833442553689293431e-02,1.839414110561962690e-02,1.830658591108672711e-02,1.835544971361273425e-02,1.832924374408315474e-02,1.834388424262217709e-02,1.832247655758699814e-02,1.836372033109497787e-02
1.833585311043652022e-02,1.833534451464883391e-02,1.832469733746255533e-02,1.829528381035469553e-02,1.829375605581023620e-02,1.834447375698453758e-02,1.830416284183396941e-02,1.835028462191460111e-02,1.833043574663981157e-02,1.834388690041701894e-02,1.830647670686819800e-02,1.830426692065746999e-02,1.830029754111816079e-02,1.830852691515856209e-02,1.831531617082241686e-02,1.832883289264659182e-02,1.829347576360199415e-02,1.835408263793868872e-02,1.831286559549215667e-02,1.830359016640896105e-02,1.831967125755428957e-02,1.829404965112148285e-02,1.833567878130454992e-02,1.831159973897823409e-02,1.828247442409870749e-02,1.833433444864447301e-02,1.830037602367960009e-02,1.830532407080721902e-02,1.829732991842479214e-02,1.830814983312225794e-02,1.829670882343259475e-02,1.832283915094925358e-02,1.830401946670619576e-02,1.833058690454707207e-02,1.834492923333229386e-02,1.830383264709618124e-02,1.832871539859845175e-02,1.833837854951328450e-02,1.830504841240432681e-02,1.829718381763502724e-02,1.832529909078687430e-02,1.828500397726498528e-02,1.831435457531194883e-02,1.831977653281889259e-02,1.830695274729518193e-02,1.831318506684970551e-02,1.829991001920319021e-02,1.832927178832937168e-02,1.832095958992973131e-02,1.830848918161115044e-02
1.828268628096170467e-02,1.827973179066334081e-02,1.827905081486489239e-02,1.828735978472444818e-02,1.829455862989047554e-02,1.825514991061466530e-02,1.828698246251845780e-02,1.829383489756906261e-02,1.824247123322595560e-02,1.828591087893897960e-02,1.827703640797825185e-02,1.827977169439921543e-02,1.829028359125633649e-02,1.829592357692243557e-02,1.826333196253868141e-02,1.828137111279024701e-02,1.829632008764167650e-02,1.826924047674004931e-02,1.830567224758452780e-02,1.828217794220210815e-02,1.828563031963236635e-02,1.826880631322309531e-02,1.828333984125149816e-02,1.828344676383382786e-02,1.827389456147714489e-02,1.827703945990627812e-02,1.828536246661546447e-02,1.825427122777406944e-02,1.829448701538294655e-02,1.828634570551044766e-02,1.828964137274113888e-02,1.827180955922928784e-02,1.826740717193696059e-02,1.828281164353635913e-02,1.826436427663489376e-02,1.828093148917607491e-02,1.826694704620385190e-02,1.829913912183019423e-02,1.827755408473603904e-02,1.830892249562638199e-02,1.825356615052459858e-02,1.828680530304358301e-02,1.827974350343456594e-02,1.828800636087538414e-02,1.827824045233730418e-02,1.826811288098350791e-02,1.828033735088269510e-02,1.827950767383967889e-02,1.826162108492695307e-02,1.825516634603420105e-02
1.826153804293832034e-02,1.826506624633428624e-02,1.821601605950436478e-02,1.823406912665185078e-02,1.821412381614335996e-02,1.826679800259447053e-02,1.825319321300680406e-02,1.824128570874875704e-02,1.822623100893708964e-02,1.820361753097009955e-02,1.821991958342115622e-02,1.826439748210109335e-02,1.825749296173032402e-02,1.821763271113887098e-02,1.827218707178085433e-02,1.826222472503056041e-02,1.826253475730458403e-02,1.824504401422706937e-02,1.826311577809470316e-02,1.827055755031829765e-02,1.824239703943797766e-02,1.822210808007118654e-02,1.824667540696431334e-02,1.824234195071582076e-02,1.825336939731417654e-02,1.822544974627042860e-02,1.823612496556985957e-02,1.824850939424336321e-02,1.825720847293811275e-02,1.826273293052309982e-02,1.825324483029820005e-02,1.824400503738374257e-02,1.823224704685404152e-02,1.825651403748596718e-02,1.821473319510545988e-02,1.826574856354989951e-02,1.824629382956998239e-02,1.824770639948707085e-02,1.824861134598242812e-02,1.820739288433527794e-02,1.825661827594175779e-02,1.825593247531103608e-02,1.825853740461833019e-02,1.825131560616202048e-02,1.823535049454120399e-02,1.825016185624210238e-02,1.825686107206754907e-02,1.824025540455954247e-02,1.827278039917564975e-02,1.822417346425244181e-02
1.821314806844158765e-02,1.818999473006500944e-02,1.821750210090678640e-02,1.821403433776973974e-02,1.819855936902307902e-02,1.820995739425766008e-02,1.823583917544970706e-02,1.820738676739182965e-02,1.819124799296433295e-02,1.821290958190880521e-02,1.822314448916256824e-02,1.818459894612166339e-02,1.818952087646955040e-02,1.820082863954610233e-02,1.824693841577068945e-02,1.819963600590760941e-02,1.816010787855280514e-02,1.821182692340352072e-02,1.820945031394789054e-02,1.822801241106752901e-02,1.818999237410015568e-02,1.821446129962141919e-02,1.819039542781632560e-02,1.819499344872738469e-02,1.820763693871846681e-02,1.820104186314994849e-02,1.821222784639112829e-02,1.819371951973191431e-02,1.819870888184295030e-02,1.824227169849209837e-02,1.819490626073511780e-02,1.819247045769906840e-02,1.817939783050091448e-02,1.820469142120373016e-02,1.822728233038515069e-02,1.819911587397368691e-02,1.822906452248072157e-02,1.819099925158792694e-02,1.822597200444949286e-02,1.821058172208990869e-02,1.819566024261641893e-02,1.821739230568986817e-02,1.817912824840802952e-02,1.819722399040805613e-02,1.819825598802783662e-02,1.821214487692464704e-02,1.820133516669366833e-02,1.819971230087190361e-02,1.819806462134137756e-02,1.820464735498987519e-02
1.820023712352921222e-02,1.820026631974541384e-02,1.817203020281031242e-02,1.814692986063671035e-02,1.821055752959672980e-02,1.814941573676771142e-02,1.820270310283452278e-02,1.814826801776135701e-02,1.819139214945156985e-02,1.815216330130110106e-02,1.816173685353365819e-02,1.816744236422223810e-02,1.819486899747880387e-02,1.816012434332294964e-02,1.818271672292974886e-02,1.814357141021499462e-02,1.814982000132365353e-02,1.815462008410440725e-02,1.815534364517623622e-02,1.817843831295336623e-02,1.815325185609062766e-02,1.812381326264486323e-02,1.817404466033304550e-02,1.816779542042172221e-02,1.817040342276550827e-02,1.818061357151760926e-02,1.819344224312433381e-02,1.816699678421802161e-02,1.813987029501144127e-02,1.814515109978451571e-02,1.817157741463969883e-02,1.814130398961670554e-02,1.818023765864460600e-02,1.818679214982426434e-02,1.819131992437476864e-02,1.818579427911863958e-02,1.818974655684057681e-02,1.816055905268856852e-02,1.816806727643741071e-02,1.815947527629849581e-02,1.816951379901450211e-02,1.814398704309937160e-02,1.814888000735490406e-02,1.819350362823007883e-02,1.816510247669359673e-02,1.816584160718356586e-02,1.816652271060608184e-02,1.817610607093173014e-02,1.815175164597501375e-02,1.815497071033507145e-02
1.809440143499396400e-02,1.812789767124829352e-02,1.809358956652752648e-02,1.810473020831115942e-02,1.811471987784297327e-02,1.814261749900530560e-02,1.809754706313276146e-02,1.811282052350490779e-02,1.810960763552502129e-02,1.811020706237832442e-02,1.812327066412459942e-02,1.813281645384250823e-02,1.810348777096368669e-02,1.808565346939743079e-02,1.812891082843834031e-02,1.810286363255266331e-02,1.814459090398736277e-02,1.809229244161615971e-02,1.810447770456594802e-02,1.812643975015343009e-02,1.809607404552113219e-02,1.810481632440202882e-02,1.810618286864515425e-02,1.813995484997046187e-02,1.809023554684879853e-02,1.813823688812591164e-02,1.812338453375718014e-02,1.808946854932270976e-02,1.811872792340375043e-02,1.811707529204275788e-02,1.812267675689242449e-02,1.811586643790884243e-02,1.812640665772986825e-02,1.812723303433496497e-02,1.813185219264363754e-02,1.810497955057124159e-02,1.814385326509412866e-02,1.806601326969956706e-02,1.809051660130583244e-02,1.813340701942818545e-02,1.814096896590455463e-02,1.815511998278143690e-02,1.811417494453291741e-02,1.813037645797134848e-02,1.811557932860067416e-02,1.812451822640152518e-02,1.810413514915778718e-02,1.813074622138441741e-02,1.808238388533690844e-02,1.815255218431244613e-02
1.810072818640630007e-02,1.805766924414898417e-02,1.805392771523542730e-02,1.806633914549887060e-02,1.805217801812896219e-02,1.810595082089581226e-02,1.805385274897638309e-02,1.804043528728161219e-02,1.803423810861823698e-02,1.809137423814348791e-02,1.810031599341926228e-02,1.807779953769370757e-02,1.804084837244273112e-02,1.809771567685091939e-02,1.808249166428147620e-02,1.806438916325258173e-02,1.805943234813259593e-02,1.808651005338162560e-02,1.806660428565653662e-02,1.804555941847055256e-02,1.805885581898917028e-02,1.804125358087055667e-02,1.799563271707988951e-02,1.805783801923018309e-02,1.806321769781296660e-02,1.806223736418019130e-02,1.808344655361449407e-02,1.808739236724348984e-02,1.807274736827387679e-02,1.806644174197656952e-02,1.803859497197993558e-02,1.809349126991787599e-02,1.808337956856349849e-02,1.806147390236947578e-02,1.807453404699032803e-02,1.804334813173173041e-02,1.803709935630366107e-02,1.808506791129576782e-02,1.805140066279264238e-02,1.805919601057818027e-02,1.808566758934346264e-02,1.806060800146404993e-02,1.805511052331978603e-02,1.804650686317415403e-02,1.810092297886011642e-02,1.807777114255754852e-02,1.804805526784152708e-02,1.804537288835510178e-02,1.805750353130318106e-02,1.807807218580287020e-02
1.803184288988529324e-02,1.801606897821797504e-02,1.802743265307471185e-02,1.799880043688701498e-02,1.800236315675960916e-02,1.798275323963704000e-02,1.801614786184922018e-02,1.798458042956074809e-02,1.800584126645477304e-02,1.799268247625553444e-02,1.803229057393934340e-02,1.800305343561515656e-02,1.798366580115075969e-02,1.801127449894592003e-02,1.798970468136443235e-02,1.801513634582567816e-02,1.800537480403743146e-02,1.802153990562879726e-02,1.801055725107779046e-02,1.801348157763875066e-02,1.801209178418941223e-02,1.801093665627729462e-02,1.801419730273293163e-02,1.802802044090177219e-02,1.800884873466620725e-02,1.800777947136806070e-02,1.800393579310370640e-02,1.798462183604008710e-02,1.800371477602247597e-02,1.803557909571639958e-02,1.798908295338862151e-02,1.799973972772936012e-02,1.802223912056346439e-02,1.801685858062332043e-02,1.802652118223182012e-02,1.804348435430917774e-02,1.799538648480682179e-02,1.799056285053521331e-02,1.800538292516984037e-02,1.799030714762718183e-02,1.802101358077299112e-02,1.800026724436296077e-02,1.800369239466170779e-02,1.799247673459935734e-02,1.796874989845879955e-02,1.798820829736953383e-02,1.801748924301464772e-02,1.798639068488278384e-02,1.799455385432674470e-02,1.800538258415536330e-02
1.791419887668507793e-02,1.796703455331543839e-02,1.793941833935708968e-02,1.795785814091956090e-02,1.795100605740833008e-02,1.790513665354800943e-02,1.792703213624095848e-02,1.790970330878972547e-02,1.793465134873802047e-02,1.795193232604019515e-02,1.796331020592627226e-02,1.797435145229205403e-02,1.793468753113278830e-02,1.793403089768984271e-02,1.792704209414245839e-02,1.795579365114412587e-02,1.792171801659728572e-02,1.794190720581878909e-02,1.796550947188080283e-02,1.793342048864934174e-02,1.797415100699089122e-02,1.796588745402874845e-02,1.793390531113113126e-02,1.795765706502670117e-02,1.794760137988918661e-02,1.792306925302367820e-02,1.794857722185087129e-02,1.794324063415861370e-02,1.795484675161557186e-02,1.795668395123229538e-02,1.796244738598039639e-02,1.791991355279685255e-02,1.794416788579927466e-02,1.790544684963996450e-02,1.794864715921375836e-02,1.793324414523772559e-02,1.794526556364769293e-02,1.793655877615628336e-02,1.794037652812636996e-02,1.794045811808885060e-02,1.795230868613958627e-02,1.794485234326024733e-02,1.793683877850123232e-02,1.792535637200734500e-02,1.795460352568832574e-02,1.789659741823544301e-02,1.795607990500742296e-02,1.793688785135688982e-02,1.795191453128951176e-02,1.794248344332184664e-02
1.789551881536836572e-02,1.786981243327956034e-02,1.789980085868905432e-02,1.787378268140133245e-02,1.788413545117215064e-02,1.789650503773513798e-02,1.787088851193252559e-02,1.787751700700639101e-02,1.787853558727198894e-02,1.789432131491498074e-02,1.791786655234891418e-02,1.790320532268723300e-02,1.787172587086442374e-02,1.789900417797347931e-02,1.787106507758395857e-02,1.789751568907935186e-02,1.789138202215128509e-02,1.789739660682612699e-02,1.784125655848978198e-02,1.788574239015400247e-02,1.783705560692172912e-02,1.785908325422256790e-02,1.784121811305953639e-02,1.789024005550738858e-02,1.788949107136858160e-02,1.786830246426041394e-02,1.787967397131916963e-02,1.788090543557312520e-02,1.787762779228547691e-02,1.789429257176694890e-02,1.788797145307189154e-02,1.788302359430181052e-02,1.787105428756292566e-02,1.786002558984299896e-02,1.785900237277425820e-02,1.789183224836412775e-02,1.790294075554141676e-02,1.787380825729152981e-02,1.785921799412248587e-02,1.785517538490281886e-02,1.788813334376870845e-02,1.787235259812380156e-02,1.784988139034761334e-02,1.784711293650963204e-02,1.786700984347662849e-02,1.788377379764552119e-02,1.785121537339440928e-02,1.788187249884992322e-02,1.788279033075066901e-02,1.785410183513174223e-02
1.778821403254501887e-02,1.779225778668232227e-02,1.777342949717181445e-02,1.782578303347061299e-02,1.780726946303103422e-02,1.778697978096535626e-02,1.778210708124219538e-02,1.780469137439617128e-02,1.780656198385171043e-02,1.781896777632680645e-02,1.778988537567700867e-02,1.778962773217130852e-02,1.782862170388841219e-02,1.778696804391416419e-02,1.778338667786917918e-02,1.778104400095516582e-02,1.783243728380980164e-02,1.782862136483105361e-02,1.780542326066564610e-02,1.778412631824872331e-02,1.777419417063447193e-02,1.776827924991358776e-02,1.781712422863464609e-02,1.782025230537959831e-02,1.780371269592181602e-02,1.782169970947699786e-02,1.778226882458899469e-02,1.779951680292040164e-02,1.779435088996008524e-02,1.784983325903258949e-02,1.779762108270625115e-02,1.783741268813901146e-02,1.781466212839441163e-02,1.781899929393326518e-02,1.776923049637563895e-02,1.780294667332911127e-02,1.778592373213382094e-02,1.782081270064697631e-02,1.777051339600592764e-02,1.781148778151104076e-02,1.779271936691114581e-02,1.781505797761076190e-02,1.781610990921479384e-02,1.781937751417003724e-02,1.776663834508676598e-02,1.779902495448134475e-02,1.778710857148506699e-02,1.777997467636154363e-02,1.779043050682815180e-02,1.780542977963290793e-02
1.771742804028406462e-02,1.772356026910298227e-02,1.773161786789628422e-02,1.770183567971589031e-02,1.775247226576492574e-02,1.769576957806673345e-02,1.772020105582389204e-02,1.772447165322590598e-02,1.773408120900317117e-02,1.769573604598792885e-02,1.773189490561588241e-02,1.772223408022713734e-02,1.771919334340875049e-02,1.770933200102883104e-02,1.770404109792625760e-02,1.776215853123486524e-02,1.773655218398585351e-02,1.770722682857173158e-02,1.773027209266740678e-02,1.770204131709469941e-02,1.772686052027918832e-02,1.772218545546195428e-02,1.770353083841082198e-02,1.773480044375505549e-02,1.771809521410126417e-02,1.773542625547836621e-02,1.772535001946678665e-02,1.766788186246346509e-02,1.772122149707480374e-02,1.769967146949801701e-02,1.771259855041084144e-02,1.772271408046028826e-02,1.773060400264962408e-02,1.773526337249901538e-02,1.771377737455054682e-02,1.773773834547928349e-02,1.773391713663492394e-02,1.770332273168758949e-02,1.773916192089112359e-02,1.769157596238112376e-02,1.770415064001223601e-02,1.773197304880078096e-02,1.774037578622731509e-02,1.771169081630609085e-02,1.773405677031673899e-02,1.771544759069569250e-02,1.773583073699024418e-02,1.775522680561623587e-02,1.771082243738568776e-02,1.772476959112532710e-02
1.761581574952125057e-02,1.765810972845259161e-02,1.767459794514554886e-02,1.762352275641044033e-02,1.761067746203121703e-02,1.762063090508383251e-02,1.762716618339207897e-02,1.762880665994336418e-02,1.761690936739431987e-02,1.762923249506289855e-02,1.762013971439373508e-02,1.760148408386414537e-02,1.763432441575337600e-02,1.765130387358018402e-02,1.761266497273281106e-02,1.764655264509346067e-02,1.762637525169742994e-02,1.766101078085367121e-02,1.763212472367113245e-02,1.767692091645617011e-02,1.767678279451848772e-02,1.758110171175006342e-02,1.761763270048180216e-02,1.762733732527580616e-02,1.767027355741549594e-02,1.763085092510201929e-02,1.762689755009453837e-02,1.762771934739415514e-02,1.758528457251143720e-02,1.760148475215403754e-02,1.764766016173410432e-02,1.766637846484052365e-02,1.762232157263486990e-02,1.768128154600810339e-02,1.762385236870204694e-02,1.763527092676245300e-02,1.761907673528454593e-02,1.759701809179796406e-02,1.763600876817785629e-02,1.768058585331487922e-02,1.766824216411089915e-02,1.761872953798150621e-02,1.763818305740075601e-02,1.762533012900890927e-02,1.760970274072280739e-02,1.761873850558992247e-02,1.763959081691008138e-02,1.760189760995725314e-02,1.765270548866150827e-02,1.761934976348052823e-02
1.753389847438915905e-02,1.753716285767215055e-02,1.751665627875575310e-02,1.756887053977452748e-02,1.753979819010469815e-02,1.750499457309559123e-02,1.753608935143080930e-02,1.753910395190518695e-02,1.754230441760211770e-02,1.755801567784371492e-02,1.753004626005661565e-02,1.753193554648969574e-02,1.753892610144809974e-02,1.755932347920484068e-02,1.753206048683721499e-02,1.752302286018253899e-02,1.753309619134486505e-02,1.756123600942837565e-02,1.750854134892179323e-02,1.755595600121952551e-02,1.751636011137723201e-02,1.755167459763200266e-02,1.754828437633669524e-02,1.752077014449195461e-02,1.751868208239611147e-02,1.755510535622775356e-02,1.756145162234105592e-02,1.754169831152418979e-02,1.753634734441235354e-02,1.753353236948737570e-02,1.752873124010811273e-02,1.756468434551861427e-02,1.757247028502300495e-02,1.753432523670662296e-02,1.753282443086129697e-02,1.756250424626472698e-02,1.752125643479379366e-02,1.756412547237673136e-02,1.756104975507913335e-02,1.756084434849246312e-02,1.750929305200258149e-02,1.755238877776971185e-02,1.756794354627537816e-02,1.753018204333485486e-02,1.756380104063316044e-02,1.759512872593149702e-02,1.751586615948136361e-02,1.755166046793074988e-02,1.750147924448003031e-02,1.751629011794178861e-02
1.741807626174424195e-02,1.746993988428071146e-02,1.741018504374843706e-02,1.746184533191830895e-02,1.744669865705446646e-02,1.744792263636629412e-02,1.744133700098339165e-02,1.742915975940389356e-02,1.747190225869547225e-02,1.742013079059616387e-02,1.746187897432941935e-02,1.743920570669271752e-02,1.744611901993292982e-02,1.743153724692750664e-02,1.746624623426295056e-02,1.742393606058679004e-02,1.743897184277968387e-02,1.743739531958716019e-02,1.746033299532436314e-02,1.747657126090628593e-02,1.745017034446831247e-02,1.743057071689852258e-02,1.743733164597877777e-02,1.741921650275470371e-02,1.744763806267829453e-02,1.743525722374860906e-02,1.746570987008696368e-02,1.743500410514623941e-02,1.744518449028481175e-02,1.742013133432330704e-02,1.745192749925964654e-02,1.742954850276179357e-02,1.749968746679505041e-02,1.742669020809553201e-02,1.744791048967614042e-02,1.743338501136873844e-02,1.741527902118929910e-02,1.744110954003855879e-02,1.740237800056975911e-02,1.746572760128001223e-02,1.746730514946170237e-02,1.744887843982925735e-02,1.746228733592720961e-02,1.743875975782437429e-02,1.744944568573292623e-02,1.743063627635878937e-02,1.746805367034581086e-02,1.745176906520803581e-02,1.745310307091326243e-02,1.741130521638938403e-02
1.734161657227139067e-02,1.735598958344948886e-02,1.732928034281730825e-02,1.729901331573078377e-02,1.730196276989125551e-02,1.735044201761364036e-02,1.732480067285368380e-02,1.735642059867325421e-02,1.732304203357924732e-02,1.732845081354562194e-02,1.734023283514329189e-02,1.732812693148378519e-02,1.732819788802217667e-02,1.735979117106540778e-02,1.734188828385313172e-02,1.732919431606230048e-02,1.734576849140044563e-02,1.733708534044146876e-02,1.733343927061854750e-02,1.732372274105115073e-02,1.733483902497293810e-02,1.734746793592371883e-02,1.735531093921897916e-02,1.737288922964588117e-02,1.733154785229445646e-02,1.732527217196647151e-02,1.734005522422902082e-02,1.734360249884078081e-02,1.735143209841241360e-02,1.732375934246221244e-02,1.735204753176411430e-02,1.733736680160808535e-02,1.731710648728366359e-02,1.733183353419458922e-02,1.735436804907058289e-02,1.730984407374187503e-02,1.734096540658122340e-02,1.730905867195628445e-02,1.730487582541398450e-02,1.734808911720241500e-02,1.732118324246400762e-02,1.734464613270924119e-02,1.731475150987913519e-02,1.728495770458920652e-02,1.731758005820125887e-02,1.734319552668812589e-02,1.732009465539053120e-02,1.733659532706246370e-02,1.730854886673861490e-02,1.732497752396647966e-02
1.719915681548713979e-02,1.727285261310038122e-02,1.721865657500895250e-02,1.722961355191534802e-02,1.723156148210281194e-02,1.720296626608130292e-02,1.717403810906417000e-02,1.722051392259121502e-02,1.720589778990419538e-02,1.720806796977808126e-02,1.717007590291150243e-02,1.723020969403261590e-02,1.721531365560620766e-02,1.721861203725836773e-02,1.719057313812798193e-02,1.717017337463243309e-02,1.720109707023067397e-02,1.720258202306199080e-02,1.721624820770762884e-02,1.717839365074116942e-02,1.720230609654828727e-02,1.722672480433068420e-02,1.719457998802522217e-02,1.723211384446228511e-02,1.723322341045878739e-02,1.722135973510567977e-02,1.723072167254275158e-02,1.720280579454835229e-02,1.719806426568734267e-02,1.726355402919124010e-02,1.717960151029034044e-02,1.720506591635773130e-02,1.722146533752873937e-02,1.719495207217588278e-02,1.720314988673160572e-02,1.718654581769930509e-02,1.719247811526962433e-02,1.721951480041289395e-02,1.719465836787350752e-02,1.723529600110690341e-02,1.722741011369961078e-02,1.721123374802330588e-02,1.721716669151759568e-02,1.719931025678701764e-02,1.720323840513197228e-02,1.719603129990434146e-02,1.720399177820262568e-02,1.721998423603610107e-02,1.719903472933470220e-02,1.719068841308135295e-02
1.705560849298937837e-02,1.716422862678545699e-02,1.712901542841476984e-02,1.710009900299998969e-02,1.708846566908010095e-02,1.705651878334159960e-02,1.705173125450184027e-02,1.707804316583631105e-02,1.706892727801360282e-02,1.707543659992030033e-02,1.709793953174594539e-02,1.707491411614136048e-02,1.711898790149643870e-02,1.709717396952619914e-02,1.709574392248195546e-02,1.710728419457874933e-02,1.713783982085167329e-02,1.714083135171330305e-02,1.709948585310732891e-02,1.708882789491579512e-02,1.707877732526726089e-02,1.707767546224767466e-02,1.709834684553665843e-02,1.715868394587586818e-02,1.708946947847896775e-02,1.714215142631293765e-02,1.706432341108584522e-02,1.710788040315576464e-02,1.712842680603962608e-02,1.708678953782368642e-02,1.709301519159922220e-02,1.702126289951978733e-02,1.711107895271539794e-02,1.705632691937667561e-02,1.710414322437320625e-02,1.704521965157268157e-02,1.709203283091980524e-02,1.707187865471624169e-02,1.706245809423936541e-02,1.705389435487783892e-02,1.709953463588963218e-02,1.707866414601679969e-02,1.706137690459478412e-02,1.709555900721884333e-02,1.708975861520319744e-02,1.706518550683427601e-02,1.708343853877843793e-02,1.707371322081884663e-02,1.711298871344079514e-02,1.712254335321353182e-02
1.697240411947446501e-02,1.689458770854374708e-02,1.697275706754822894e-02,1.693512143838765346e-02,1.698688502166027445e-02,1.692582113225101978e-02,1.693057764505948373e-02,1.695313399732957874e-02,1.694022811183203484e-02,1.699048996928824093e-02,1.699595707303918485e-02,1.698719132741336596e-02,1.694178445298660449e-02,1.698069604861835585e-02,1.694956658618989795e-02,1.698340635861185152e-02,1.697414259144186532e-02,1.697039550506789646e-02,1.694579469024573223e-02,1.698114499326033519e-02,1.691216783639222510e-02,1.694303134723719809e-02,1.694885944487990390e-02,1.693495502706370004e-02,1.694178764863224843e-02,1.695788271046241164e-02,1.697292165299633601e-02,1.696311330828612074e-02,1.692919135034828479e-02,1.700286271207142666e-02,1.694247998362895941e-02,1.697134955969761480e-02,1.698183858198597934e-02,1.694632547874266870e-02,1.695172515404581512e-02,1.699043201444369947e-02,1.694457837864058944e-02,1.697140662688809143e-02,1.693562225812900862e-02,1.698312527460873328e-02,1.694295946308210787e-02,1.697383694180249272e-02,1.698536887535403994e-02,1.699102442451920839e-02,1.700791282128097728e-02,1.691801832052905810e-02,1.697210387851846511e-02,1.697455440912969821e-02,1.700923390121467788e-02,1.695111848895407974e-02
1.684113745203212956e-02,1.684595314202601973e-02,1.679109396851827252e-02,1.678908019987178715e-02,1.682345809288086913e-02,1.678893828833189633e-02,1.679646265993475426e-02,1.679967363724962914e-02,1.685917578209715148e-02,1.682863290990610841e-02,1.685549805926674430e-02,1.682150521212662578e-02,1.687610949170614827e-02,1.676473991415237605e-02,1.680745844047886600e-02,1.680776974518283229e-02,1.678147404898768999e-02,1.684609962229211000e-02,1.679331664552638492e-02,1.681977616633132180e-02,1.685849588620760842e-02,1.678447752080706318e-02,1.681435095359408785e-02,1.679101756439613236e-02,1.683691321178905700e-02,1.680972292523381581e-02,1.681005216022547072e-02,1.684413123179152177e-02,1.680789056593545022e-02,1.678443562491085256e-02,1.678124752241014900e-02,1.686373516430562589e-02,1.681578613655354201e-02,1.681716031209281453e-02,1.679670429044645766e-02,1.676298984271856404e-02,1.685737695916637163e-02,1.680487673190036654e-02,1.680025717404014587e-02,1.680958408750793040e-02,1.681439196262614691e-02,1.680136960898022391e-02,1.684286638316604551e-02,1.683489327333462238e-02,1.682022945008505160e-02,1.682435205446244572e-02,1.684043186638988290e-02,1.680154985179743016e-02,1.681696731135362902e-02,1.684804283814389514e-02
1.666941457428364193e-02,1.666107083928879129e-02,1.667511044837343900e-02,1.661010895005387081e-02,1.666466186611658892e-02,1.662839989620898754e-02,1.668546377220839552e-02,1.665833226244715221e-02,1.662729065203899514e-02,1.663432041974801864e-02,1.665800526121164610e-02,1.661771903447453042e-02,1.663345524694145872e-02,1.668764802861340615e-02,1.666376581509234830e-02,1.661065318210429645e-02,1.666965236327419206e-02,1.665053068052582338e-02,1.661292671533764337e-02,1.669120943567279497e-02,1.664949719364126543e-02,1.665045216626564670e-02,1.666082556782944382e-02,1.670341964402111828e-02,1.666326531718123616e-02,1.666090552716406603e-02,1.663770928469654117e-02,1.664338816862381484e-02,1.662542120290525990e-02,1.667446693188754520e-02,1.667479541070258919e-02,1.662209079273384987e-02,1.666610369707759859e-02,1.667160889933433365e-02,1.668054073414165783e-02,1.665741738508534631e-02,1.669174400440434636e-02,1.664180057679202906e-02,1.662929758504041317e-02,1.666264290027437076e-02,1.666355107383922854e-02,1.666733718990163690e-02,1.668331095754802332e-02,1.668897883580693076e-02,1.671538093756790369e-02,1.668607824370011219e-02,1.669695915377165593e-02,1.664302033736782954e-02,1.672601298539002149e-02,1.674418961629300234e-02
1.650840234957691097e-02,1.648102697530505131e-02,1.649522215076228149e-02,1.649865533305033480e-02,1.649365024255416631e-02,1.643746013409040641e-02,1.653873576519662367e-02,1.651371834381734974e-02,1.646854965426934603e-02,1.648019686125084746e-02,1.653282170511338051e-02,1.647217897756435984e-02,1.650382235288941693e-02,1.654141052745609561e-02,1.649384308997287746e-02,1.651820947045842120e-02,1.648508185673332183e-02,1.651442622220158224e-02,1.648892647993136298e-02,1.649861918552331108e-02,1.652341743347532366e-02,1.652220113748276847e-02,1.652723370051152260e-02,1.652559853389504174e-02,1.654424174990586083e-02,1.649815753006678154e-02,1.647478154839678716e-02,1.652286002811773763e-02,1.645945244032647956e-02,1.656096731027406274e-02,1.651342943668495863e-02,1.651858727841813701e-02,1.652854614499563862e-02,1.652991809998811262e-02,1.648745056566858908e-02,1.648926754253555657e-02,1.651069900971222082e-02,1.647978332545018895e-02,1.650425296618463628e-02,1.650524005944610170e-02,1.648971864070601298e-02,1.651996084223409170e-02,1.657462720080472851e-02,1.646470047571465395e-02,1.645991921602962815e-02,1.650924940480194558e-02,1.654891344735441583e-02,1.649293133594568680e-02,1.648108309905794294e-02,1.650933928137793272e-02
1.630819332035679178e-02,1.630277033725528388e-02,1.634718758795987784e-02,1.631935338414429795e-02,1.636131234790030864e-02,1.628500839976302489e-02,1.638877764263822409e-02,1.633312119008742402e-02,1.631634067269523841e-02,1.631858414768259588e-02,1.632524490598340899e-02,1.633432522100786502e-02,1.633706999296842197e-02,1.631738804772993670e-02,1.636313966973777789e-02,1.631459699021758220e-02,1.635647156522437862e-02,1.632444893486923593e-02,1.632593305429206471e-02,1.630144271987308754e-02,1.632528484373287764e-02,1.631672237995509048e-02,1.633604442049136143e-02,1.627798039887798018e-02,1.637933683017228984e-02,1.631226289326509829e-02,1.631414150295157003e-02,1.631978633186113165e-02,1.631510621220816706e-02,1.632156154548441984e-02,1.634604817390393136e-02,1.630107239002749620e-02,1.629605409297276916e-02,1.638059824659727701e-02,1.633018726490823372e-02,1.637665015204009533e-02,1.630060118535225228e-02,1.634213026069021232e-02,1.634344280829292534e-02,1.631543259638411694e-02,1.634476417529833261e-02,1.630385591537692261e-02,1.631669074947640283e-02,1.631627059128192003e-02,1.632294994912669023e-02,1.629479264170925062e-02,1.634133154271761798e-02,1.635807471289543735e-02,1.635410365467855967e-02,1.637569473044410764e-02
1.618309443624947261e-02,1.612419845774758914e-02,1.614105053054101443e-02,1.613395539882075264e-02,1.617125023420066740e-02,1.616883128224847616e-02,1.618110540816349724e-02,1.614294244927082234e-02,1.614883753562995974e-02,1.620202874991025568e-02,1.610102108805305451e-02,1.617452860745713372e-02,1.617051162826349531e-02,1.613681659343107339e-02,1.613817595705606053e-02,1.615236199122374941e-02,1.614770805588940442e-02,1.613364478240757183e-02,1.613883344065119088e-02,1.614050082832693342e-02,1.616669105708797363e-02,1.611658973942164605e-02,1.609588241827931282e-02,1.612999026348806847e-02,1.618284979522301853e-02,1.612213427016170875e-02,1.615555163096873970e-02,1.613576111439088065e-02,1.610882959594114872e-02,1.616931009097313104e-02,1.617259655626681128e-02,1.622417844731670333e-02,1.613385770100112318e-02,1.612494786300974411e-02,1.612785437567657021e-02,1.612246444041174481e-02,1.616893966202131647e-02,1.614706005624805957e-02,1.611965585374471391e-02,1.616012770951272617e-02,1.615063509233097619e-02,1.614741528861955364e-02,1.616068547492049978e-02,1.611803521837932435e-02,1.615869881187739429e-02,1.618333238466648435e-02,1.611930782154850222e-02,1.612276047003151705e-02,1.613212128645661117e-02,1.615279849739285206e-02
1.599433494259744695e-02,1.598024874504660325e-02,1.599130259070297502e-02,1.592150090043868704e-02,1.595889952117852603e-02,1.594528327272278639e-02,1.589411548272378835e-02,1.596363727297215457e-02,1.596338409422815713e-02,1.593026184839840126e-02,1.591101207171858115e-02,1.594465875397081331e-02,1.593635041099328645e-02,1.599241466296900602e-02,1.591370230162384922e-02,1.590873894446942841e-02,1.596069693925921545e-02,1.596174816139497854e-02,1.592992387242035679e-02,1.593763680197018626e-02,1.593976118574949585e-02,1.593833395629368904e-02,1.600252486953533324e-02,1.597902518575594275e-02,1.591479127378229649e-02,1.592687676784641446e-02,1.594174482093796766e-02,1.592865931382567157e-02,1.598334388856667218e-02,1.595171190763554001e-02,1.594765431225737828e-02,1.598684603979668578e-02,1.592399705366323234e-02,1.595048623422098966e-02,1.593356662032104770e-02,1.593859781076186269e-02,1.593548332077258933e-02,1.594319013791467912e-02,1.598957067162640536e-02,1.593937574361623324e-02,1.597324932447826557e-02,1.593490367542872710e-02,1.594378975692158085e-02,1.596865012857678900e-02,1.598930480861871992e-02,1.595270571949003457e-02,1.598766045163349525e-02,1.591530083512329719e-02,1.592295191798646925e-02,1.595164238277967106e-02
1.571695079132140807e-02,1.573077801055170616e-02,1.582660753100684214e-02,1.575578735219435034e-02,1.569384859044908181e-02,1.576930344108996157e-02,1.578435160130188183e-02,1.572559740696806083e-02,1.574947615359158920e-02,1.574705132329727933e-02,1.573157214383736138e-02,1.576575470096809248e-02,1.576298658355676161e-02,1.571990208490379320e-02,1.577308584810963726e-02,1.574134363799056802e-02,1.574293687989115204e-02,1.576630551880613476e-02,1.570968078986950331e-02,1.575390516710335753e-02,1.573251534845201624e-02,1.572069728338685787e-02,1.575237910906333166e-02,1.572658079118558275e-02,1.578687561803852543e-02,1.575819479203222420e-02,1.573895987619135586e-02,1.570867475635921370e-02,1.577641579210287831e-02,1.577524683065851044e-02,1.572292603832402963e-02,1.575675988109646528e-02,1.576850010416903231e-02,1.576202047769365358e-02,1.578449453327136418e-02,1.573687028725543821e-02,1.574602119712728565e-02,1.575862198538660261e-02,1.571376645790695248e-02,1.579656702130644713e-02,1.577996543411559760e-02,1.577381439962084742e-02,1.577419710314286599e-02,1.577359426193832015e-02,1.576540289891601235e-02,1.573344686655338276e-02,1.575185177014195095e-02,1.574938160384334665e-02,1.577309973769940032e-02,1.574269978396122122e-02
1.556608927877331516e-02,1.553291391588469163e-02,1.551763631808088240e-02,1.555462323007882931e-02,1.556915414172816738e-02,1.557392439275834088e-02,1.554063753353540460e-02,1.555797462777840784e-02,1.549658713052797995e-02,1.555687606353515703e-02,1.555474316211118146e-02,1.553982614285617618e-02,1.555782409688429013e-02,1.550319687779139199e-02,1.549005040779348127e-02,1.556924781313274997e-02,1.555161687063626175e-02,1.549539106391341695e-02,1.555139551904495716e-02,1.550825588363928358e-02,1.554516272689883578e-02,1.552055015111632533e-02,1.555077591829112649e-02,1.552456989384192257e-02,1.548140701884655884e-02,1.554408458723109156e-02,1.550668526710180517e-02,1.555889736620848576e-02,1.550160094043693225e-02,1.549724547608428288e-02,1.555704575107959634e-02,1.557488464098596634e-02,1.556362887893986482e-02,1.552802262469154225e-02,1.555645500367219478e-02,1.555502807756684903e-02,1.556655303355933100e-02,1.555266708028431658e-02,1.556246016265668518e-02,1.551111543028399313e-02,1.549684221319046554e-02,1.547440946734415096e-02,1.551851527363047774e-02,1.552284685724757661e-02,1.556134674837763958e-02,1.551363059421741880e-02,1.552024458910074463e-02,1.549057789967077554e-02,1.552054848485297407e-02,1.549388924930836589e-02
1.532325299405305763e-02,1.534888371704774303e-02,1.533223104194512791e-02,1.533949393369744146e-02,1.523192014714193181e-02,1.529757927060576908e-02,1.532778638183938079e-02,1.529637294607160553e-02,1.528151561399469435e-02,1.534755363921296370e-02,1.534805292074766479e-02,1.530418205137566018e-02,1.527118082629452811e-02,1.524560706530220591e-02,1.534288891989812019e-02,1.529510325679526300e-02,1.529157654660034601e-02,1.534693961807557898e-02,1.529335990989456884e-02,1.525088083245820271e-02,1.530380587103474278e-02,1.533427748172954026e-02,1.534976277671725071e-02,1.530792876409419606e-02,1.532811376967648659e-02,1.525657224786381751e-02,1.530972129712853888e-02,1.529806441818145485e-02,1.529818415617146925e-02,1.531152760007051770e-02,1.528350519592520419e-02,1.532886650678319355e-02,1.530968730726200988e-02,1.531753569503907508e-02,1.525578335255838025e-02,1.531967528729327212e-02,1.530873748372254053e-02,1.528731927347675226e-02,1.534007698690246016e-02,1.531110061019203689e-02,1.529841765016321485e-02,1.528882076133884944e-02,1.529167377871687092e-02,1.529830382780135618e-02,1.534044958621239192e-02,1.528525585812270070e-02,1.525180273114104361e-02,1.531994070515126614e-02,1.529588488748260047e-02,1.527571754376355964e-02
1.509446106232685027e-02,1.509098142477984308e-02,1.501194557651345553e-02,1.510696004782877480e-02,1.510783718465050045e-02,1.506512240751204691e-02,1.506794579365302103e-02,1.505836273796300716e-02,1.506328383705605317e-02,1.512895335008566933e-02,1.506251449916382740e-02,1.511373145043877486e-02,1.505807677951105997e-02,1.508039252138746247e-02,1.509559033445800544e-02,1.507434275365680983e-02,1.509637450502511469e-02,1.505427095210751763e-02,1.511356045569727663e-02,1.506870506286406980e-02,1.498953872608492673e-02,1.504557923652227562e-02,1.504299001781697967e-02,1.505907312908709959e-02,1.508256667399369803e-02,1.506168751469555596e-02,1.507204445759021891e-02,1.506808882696813838e-02,1.504401652961377331e-02,1.506168006663071227e-02,1.506870096167695766e-02,1.503058753722660672e-02,1.507119163355576281e-02,1.515885307120017587e-02,1.503190880398774278e-02,1.512959611508993274e-02,1.500889996192651329e-02,1.508017215511707997e-02,1.504898308841051517e-02,1.508784560979145768e-02,1.506976449317956081e-02,1.503349320716609178e-02,1.508545883785965963e-02,1.507332162700835733e-02,1.507655977988916866e-02,1.507560906351633478e-02,1.509477593348564767e-02,1.508879834562369855e-02,1.504332165855199431e-02,1.505779903173990603e-02
1.481049134442847560e-02,1.485460947653729526e-02,1.482485513693226377e-02,1.486685762771901807e-02,1.479098222996494925e-02,1.480712251149064913e-02,1.480248038144196462e-02,1.480861578249750669e-02,1.484356366292617288e-02,1.482273354601715623e-02,1.485175633544799124e-02,1.482753297161050129e-02,1.481477086087183356e-02,1.482454775561731913e-02,1.481250369238662143e-02,1.476793963557222582e-02,1.487051367255871545e-02,1.480953827492761249e-02,1.477953968560515377e-02,1.485167031716108470e-02,1.488050797773259569e-02,1.484107508712826685e-02,1.486441596505312830e-02,1.479827764460550990e-02,1.479093218232439139e-02,1.479439288627923399e-02,1.482750417693409414e-02,1.483731309611789270e-02,1.476486852743338907e-02,1.477520036243305107e-02,1.481880456315473257e-02,1.486027791007818975e-02,1.492249397464929551e-02,1.483488172100301712e-02,1.486461741186202029e-02,1.482737837566307226e-02,1.480656364281695420e-02,1.484454450045765046e-02,1.481723813050913989e-02,1.484288030911116649e-02,1.479470721112786588e-02,1.481973179647086587e-02,1.481435413211606295e-02,1.476611939858921661e-02,1.484022128383627979e-02,1.481882510692672864e-02,1.479032327105859329e-02,1.483648708582357631e-02,1.480472956673856144e-02,1.490135130722996214e-02
1.454593688891182325e-02,1.458493961038903435e-02,1.459366846792360152e-02,1.452899789381150754e-02,1.449546709991622259e-02,1.459987269496012749e-02,1.457707513777046528e-02,1.463439007007425775e-02,1.451371094575117440e-02,1.451498505240127537e-02,1.453166556544727497e-02,1.453033299472698478e-02,1.460896871122426520e-02,1.452696511055172335e-02,1.455928675497292733e-02,1.457422266110402348e-02,1.457624765749601994e-02,1.457276037930214062e-02,1.454863300461330458e-02,1.456376781199044020e-02,1.454225287554779082e-02,1.455591561606447634e-02,1.455908854315359977e-02,1.452664950078353875e-02,1.449244914284247496e-02,1.453789222513539835e-02,1.459898400911980622e-02,1.454545166635955872e-02,1.454973685649160221e-02,1.455096160473637670e-02,1.453725688481587348e-02,1.450678833266060355e-02,1.451393587175674009e-02,1.456029610279804126e-02,1.453076858372566796e-02,1.458761548254874224e-02,1.452244006728066125e-02,1.453384286004430308e-02,1.460261760082320719e-02,1.456531972755658634e-02,1.457405327184894094e-02,1.458016268566215273e-02,1.459300154012265274e-02,1.454772465240068008e-02,1.455810955836946141e-02,1.451525657711393198e-02,1.450673301964235454e-02,1.458149632514575342e-02,1.458289604213559507e-02,1.450175415154205880e-02
1.422796209302890948e-02,1.426623657213607795e-02,1.436267973108890442e-02,1.421920814323678582e-02,1.426502475992080278e-02,1.431339590413121567e-02,1.432593517105683854e-02,1.430483261490405125e-02,1.431300204980299508e-02,1.432061375465179011e-02,1.430362433022133901e-02,1.427821980247640822e-02,1.428122233834166685e-02,1.425886149565515869e-02,1.430025273975549759e-02,1.425285236633004604e-02,1.422455006670087126e-02,1.425470653908022037e-02,1.428811293090392724e-02,1.424207335201033327e-02,1.425554936075305347e-02,1.433124532788360682e-02,1.422480244350391061e-02,1.430579784505922776e-02,1.424338148751974446e-02,1.417288484815703437e-02,1.426069422017728176e-02,1.430388095376691759e-02,1.422433762898774566e-02,1.426413084282673015e-02,1.425491080830690489e-02,1.429471664355517688e-02,1.431610199965887252e-02,1.433246118739652658e-02,1.428370191889719032e-02,1.427154217366909117e-02,1.426617905071794756e-02,1.429456925235248789e-02,1.422081337884004495e-02,1.429838222245787514e-02,1.421829604637994161e-02,1.426345315801506516e-02,1.431343971235107988e-02,1.427723426909872917e-02,1.431820379870342094e-02,1.431508937136582310e-02,1.424629635674434444e-02,1.430221749393053784e-02,1.422967014927827185e-02,1.424719157978147736e-02
1.398152356418849371e-02,1.400951676939818716e-02,1.398707272992765448e-02,1.398496349374412674e-02,1.399578965673272876e-02,1.412347384179035714e-02,1.397871433422242550e-02,1.398444872756747503e-02,1.400248197303191090e-02,1.402024217189685312e-02,1.396428283181291516e-02,1.396269395909708298e-02,1.401453436288284567e-02,1.398339801606248746e-02,1.390188127408115842e-02,1.397997430552167832e-02,1.398994592849828709e-02,1.403869614371829749e-02,1.405904276247781082e-02,1.402500315766120990e-02,1.406558014905402894e-02,1.392489794107745066e-02,1.400792331731279261e-02,1.393138156604141302e-02,1.395174661459063110e-02,1.404906704188174128e-02,1.399396439904297511e-02,1.398563057299439562e-02,1.403417909707804258e-02,1.389942880846630965e-02,1.398131417546206491e-02,1.401001403115212027e-02,1.399245421157665169e-02,1.398802021590257044e-02,1.401003171959641809e-02,1.397324310953252692e-02,1.402396623547214061e-02,1.402600885328793984e-02,1.396334358274192895e-02,1.393075997942128802e-02,1.397773488197521022e-02,1.401253449565866525e-02,1.404302460273178406e-02,1.400782989590768426e-02,1.399083583500181256e-02,1.393986157777336345e-02,1.397349093253677510e-02,1.399164782328813847e-02,1.393928949771660632e-02,1.393901730568296304e-02
1.370707552891830758e-02,1.372520380324439640e-02,1.370135060074566431e-02,1.366194702853708656e-02,1.367868720600207144e-02,1.364738965043088212e-02,1.369551507716194882e-02,1.370505096443689654e-02,1.370281777842225455e-02,1.365053626277673744e-02,1.370428982083559018e-02,1.364039703741001981e-02,1.369604291264723411e-02,1.366741148499069081e-02,1.365914232195084531e-02,1.372906141242090892e-02,1.363957369466670469e-02,1.365602713866746233e-02,1.368108847896574130e-02,1.363897370048389353e-02,1.371029922421873604e-02,1.370627537911367141e-02,1.369966038724646298e-02,1.370863703668006271e-02,1.363408787296689108e-02,1.368093348628647392e-02,1.374631597242599416e-02,1.366462912341799042e-02,1.369830528474631944e-02,1.368397414170694458e-02,1.370626088558971924e-02,1.374585552029319868e-02,1.371562189186389079e-02,1.368897541513481621e-02,1.370028259359458433e-02,1.372601804422561578e-02,1.363789478048087027e-02,1.366954685808613283e-02,1.371635486755207363e-02,1.369573895497966723e-02,1.369052546033005906e-02,1.369925544359873806e-02,1.366043105238640663e-02,1.372132766212487073e-02,1.364241289741832501e-02,1.362403353664518209e-02,1.371446995700093159e-02,1.370953000874002535e-02,1.360809451466461588e-02,1.369990482574912939e-02
1.336221061080021533e-02,1.338894064330706062e-02,1.340858611725547975e-02,1.330701132110474402e-02,1.336361548105997367e-02,1.340191095766579341e-02,1.335333122607530384e-02,1.334049093017022382e-02,1.332739000421517481e-02,1.344555459180384223e-02,1.341082333784654294e-02,1.342060246702980915e-02,1.339368567910606198e-02,1.338366923278027677e-02,1.342906567964196295e-02,1.340644414679400230e-02,1.340870622325430854e-02,1.339552749024004036e-02,1.336258841349693104e-02,1.336740335262623890e-02,1.335586983095707510e-02,1.336896142067150843e-02,1.343422080934906192e-02,1.334361333110193996e-02,1.334470026192875053e-02,1.334343345479117350e-02,1.334189083293606075e-02,1.335406305194577516e-02,1.336758785850927778e-02,1.340875613138823100e-02,1.339616093560200977e-02,1.340125525969690541e-02,1.336067892629693755e-02,1.335784517592310087e-02,1.338673224057151945e-02,1.341896466603251237e-02,1.333726300811244846e-02,1.336705834231713234e-02,1.332695880910697746e-02,1.333104351587863223e-02,1.337403499353165791e-02,1.338908464991574697e-02,1.337219376789290995e-02,1.334314043573040301e-02,1.337429117185409168e-02,1.336268306980169240e-02,1.340334422742542157e-02,1.338273953623402533e-02,1.339292432387317877e-02,1.334636500543466033e-02
1.310904982022826140e-02,1.300911120076632746e-02,1.303276212025766996e-02,1.306848720836163193e-02,1.309948454197128881e-02,1.310278224157990570e-02,1.301704049155386761e-02,1.308837361347518075e-02,1.297534434298922359e-02,1.298201182519072641e-02,1.297258726504165252e-02,1.303961061291494285e-02,1.303477627043288928e-02,1.303429331209711960e-02,1.305179298861388129e-02,1.299191590230773519e-02,1.299773123709140575e-02,1.303227803192735096e-02,1.302882221346968530e-02,1.306804480982452429e-02,1.302269540592634715e-02,1.301404100210942251e-02,1.300966491411010423e-02,1.308860851677649817e-02,1.305510270680845276e-02,1.311840222059804106e-02,1.303999326983206614e-02,1.304310993264498619e-02,1.301574824190843485e-02,1.309775706471598931e-02,1.301381417475387138e-02,1.303474435069478486e-02,1.300090328675997976e-02,1.303462189861617944e-02,1.301848843074678366e-02,1.302410636156099699e-02,1.303849071326173073e-02,1.312070525277994094e-02,1.306926776482357673e-02,1.303435220575765996e-02,1.307994122096156966e-02,1.292707292443220045e-02,1.303893094409517422e-02,1.304449745179814615e-02,1.303890815093480121e-02,1.302800555289386139e-02,1.302174352777562931e-02,1.303874446333296022e-02,1.305561284604741731e-02,1.300828536134913255e-02
1.270795456109478395e-02,1.270946685078715339e-02,1.269009495943142565e-02,1.269185120709862002e-02,1.266947954865793417e-02,1.263378854684295803e-02,1.269346865607485705e-02,1.270244286358724467e-02,1.269132801509989181e-02,1.268033692705696977e-02,1.269155562925992735e-02,1.272074405521466181e-02,1.275490101795894414e-02,1.266069387612844994e-02,1.270090294160315138e-02,1.270318751811554993e-02,1.272619697069492933e-02,1.271737931084445002e-02,1.272584934648081194e-02,1.270682785571979230e-02,1.268764372862679450e-02,1.272830811003393230e-02,1.268801716958842946e-02,1.269666283913908553e-02,1.265634836635293539e-02,1.277145192551253951e-02,1.269568522734098800e-02,1.270054015155949213e-02,1.274218785568662429e-02,1.269321081365255149e-02,1.265128927757354360e-02,1.271406251060423244e-02,1.269477619109676825e-02,1.276730846480396940e-02,1.262288079463828178e-02,1.265189508619275760e-02,1.272399553626100445e-02,1.264746117986448662e-02,1.258676808846238143e-02,1.265160073986189640e-02,1.265140551892900145e-02,1.269200621799646857e-02,1.272433861094158201e-02,1.269033120568694058e-02,1.269160721682085526e-02,1.269084134459539520e-02,1.270835087641140719e-02,1.265372966217995741e-02,1.272642882685419766e-02,1.267349441181712597e-02
1.236100539750940690e-02,1.240276237637904025e-02,1.224775479788382457e-02,1.230458713855859566e-02,1.239968376313672904e-02,1.225683744554806158e-02,1.233376208823490881e-02,1.234988483412094266e-02,1.234707343402110385e-02,1.229665811775836753e-02,1.235230033837388108e-02,1.230288318632408867e-02,1.238152502670243973e-02,1.236754857532495686e-02,1.238920155027073942e-02,1.227970062175538606e-02,1.233720501281476700e-02,1.237418264617752041e-02,1.239726169589462287e-02,1.230575516690421770e-02,1.235478360066238207e-02,1.234908242563753297e-02,1.241295604616746671e-02,1.227006875791987646e-02,1.239189787262459132e-02,1.236054384903769766e-02,1.236586989959695924e-02,1.231453599266527608e-02,1.223332902276152816e-02,1.226537685816675612e-02,1.239824202139872857e-02,1.238227666487214974e-02,1.237375514292854070e-02,1.234360671717477272e-02,1.235666106327681577e-02,1.229572307391138021e-02,1.228911784603842899e-02,1.231768792941426854e-02,1.236347397047048852e-02,1.232333984678693484e-02,1.232917870694909789e-02,1.233717875065122073e-02,1.235936556777577668e-02,1.234155699906034666e-02,1.234909559424706219e-02,1.233172704921286708e-02,1.230843792354288473e-02,1.228157134821558812e-02,1.233617676148337193e-02,1.236402805405285507e-02
1.201383005470740839e-02,1.201596326148477063e-02,1.197124366816365929e-02,1.192761416038402855e-02,1.195484896236007587e-02,1.200569258940143748e-02,1.199638073880915715e-02,1.200204562383266720e-02,1.194762574298237345e-02,1.191708191325463462e-02,1.201529008295637926e-02,1.195903102376004619e-02,1.195515331516557381e-02,1.201664288406646165e-02,1.196248170395440395e-02,1.197768300341031308e-02,1.200901377592420750e-02,1.198105984260913921e-02,1.200033156332226333e-02,1.191795027235714385e-02,1.193080677331001538e-02,1.194904454855483938e-02,1.201020505865704573e-02,1.196350737525540310e-02,1.194175426294267518e-02,1.198058009747501700e-02,1.191459290191787014e-02,1.198514170867153415e-02,1.200293336762932664e-02,1.198487227740042266e-02,1.196822211429947151e-02,1.202629997790902357e-02,1.185296318702897152e-02,1.194168571457561098e-02,1.196569541446071069e-02,1.198897021936497741e-02,1.193495957293158431e-02,1.192403552277535028e-02,1.196188124942698834e-02,1.186767445196985557e-02,1.201455843739151520e-02,1.189328452825082726e-02,1.199637547030798883e-02,1.201697882582482280e-02,1.198093399345666506e-02,1.199412949925700474e-02,1.191871781638006479e-02,1.200249990515979588e-02,1.201243874577180744e-02,1.195353644015544579e-02
1.161529387947597344e-02,1.158292458532859601e-02,1.157780031460248216e-02,1.161307829531704923e-02,1.158498486504406025e-02,1.161511079635690197e-02,1.150803982199012643e-02,1.161760595692494513e-02,1.159170564518884061e-02,1.157093914199326147e-02,1.162642862870361463e-02,1.162589770273680760e-02,1.154666457534692103e-02,1.158447819895129516e-02,1.166113518286750889e-02,1.154212176835134329e-02,1.157228336559604220e-02,1.153930259818835083e-02,1.163815064126778182e-02,1.159232227924338575e-02,1.157489080879494335e-02,1.161974752298418519e-02,1.159031971030771886e-02,1.159003628479747354e-02,1.156828305972408891e-02,1.157255921395726125e-02,1.152264263491133839e-02,1.149727838999772302e-02,1.152557981428763145e-02,1.154614159649589369e-02,1.153923054059844029e-02,1.162602127847894851e-02,1.155831495440997302e-02,1.158016374857133261e-02,1.152871080604387678e-02,1.159459852086853170e-02,1.164023341886352529e-02,1.155684428084339556e-02,1.158401581771522151e-02,1.156206859271323960e-02,1.159986642141560588e-02,1.157701174693695489e-02,1.159013988060002276e-02,1.151330189270827198e-02,1.157421170277416096e-02,1.157733786591330465e-02,1.150089647105452008e-02,1.156341743252516270e-02,1.158596235928846183e-02,1.164453459977627010e-02
1.117546389774157385e-02,1.122831070695583765e-02,1.116422658284580392e-02,1.116023483198362587e-02,1.119044203861556050e-02,1.118406834410741457e-02,1.118141167967552120e-02,1.119422346496767341e-02,1.119320756056783883e-02,1.115838230779343972e-02,1.121377639159864582e-02,1.114655094969318506e-02,1.112828202394674885e-02,1.112975497304794642e-02,1.119658142502024875e-02,1.115633184534064321e-02,1.117318722929428777e-02,1.121789721413668159e-02,1.122475495044072437e-02,1.114681982427034694e-02,1.121396829812284709e-02,1.117101142900664250e-02,1.124011837271643617e-02,1.112117475078719039e-02,1.111935900470316027e-02,1.119295171061222144e-02,1.123039942988967796e-02,1.123689872853165378e-02,1.110987927079126053e-02,1.121554534228150213e-02,1.121925086571217735e-02,1.119455764147223205e-02,1.112263012315614467e-02,1.117679272903579317e-02,1.110928665293190246e-02,1.118349450513667249e-02,1.115055690486631453e-02,1.114568375081210691e-02,1.120601815637892705e-02,1.118975478197145254e-02,1.119466364722637892e-02,1.115093847927156080e-02,1.118645759620313235e-02,1.118284665635762253e-02,1.118286011100580284e-02,1.117685240066031496e-02,1.108675278801647332e-02,1.113228089218978693e-02,1.114182505593025105e-02,1.118797474273554998e-02
1.078827063083978056e-02,1.075052886036550505e-02,1.077572802641412787e-02,1.070271125455467612e-02,1.070653822055324562e-02,1.079176850722235112e-02,1.075310553395401533e-02,1.077246629141662658e-02,1.081210546058686099e-02,1.074086439926186243e-02,1.070256056855283487e-02,1.075531125399791996e-02,1.081751302032411648e-02,1.076928085696427125e-02,1.076699971133482370e-02,1.065958808199223180e-02,1.071199265984995597e-02,1.078281162777912708e-02,1.070931263935800612e-02,1.066685142532023192e-02,1.073579486351702167e-02,1.080791043253134104e-02,1.071690789419547409e-02,1.082158809049433776e-02,1.080719545060965757e-02,1.073866976041146400e-02,1.066052928940495331e-02,1.071759724053683756e-02,1.078807107245421427e-02,1.073199138304586735e-02,1.076148713879652129e-02,1.075537736005053799e-02,1.070070103546255647e-02,1.072017228622954357e-02,1.074629628765375738e-02,1.068621025458206530e-02,1.075499614266964797e-02,1.081380587228618177e-02,1.074111228642992029e-02,1.075170983479407406e-02,1.078118975796987095e-02,1.072471142748429064e-02,1.068445228156804025e-02,1.077322871999236015e-02,1.070574619094038712e-02,1.068956656138643838e-02,1.074842791083800708e-02,1.072306525953883177e-02,1.075610883943600715e-02,1.077313715042181076e-02
1.027119825225901451e-02,1.030816044771231364e-02,1.022677570026408155e-02,1.029501925460243189e-02,1.032247465387778861e-02,1.027936286216226021e-02,1.032729285541162528e-02,1.030920129645072902e-02,1.033572198863379719e-02,1.027774680873774077e-02,1.028498850396695682e-02,1.038859302393972846e-02,1.033354416912980051e-02,1.034091596857689838e-02,1.031279435356050392e-02,1.033166326303186153e-02,1.029324412965750869e-02,1.031147229816313515e-02,1.026977582226587526e-02,1.032879430142185327e-02,1.027969982966784636e-02,1.041888368539265267e-02,1.026377764530906136e-02,1.040045588917161944e-02,1.036345013913579985e-02,1.033669257365778249e-02,1.030637059169682915e-02,1.030597428259359682e-02,1.029213103530483321e-02,1.032619861896980074e-02,1.028377772155245236e-02,1.029603879335235297e-02,1.029610876110409294e-02,1.029463983858935200e-02,1.033815086572435760e-02,1.034601111495466082e-02,1.026399592318532478e-02,1.032315358353779952e-02,1.031438310154438563e-02,1.033654770912698431e-02,1.031616800115752255e-02,1.029528511677150864e-02,1.032187049593611718e-02,1.031531308978305729e-02,1.033257837148275800e-02,1.022125361554591071e-02,1.025827696844150427e-02,1.027065572483791371e-02,1.033460280343826906e-02,1.035258392507446001e-02
9.931594513588366466e-03,9.848884766495074466e-03,9.879959728459019458e-03,9.876856794653185098e-03,9.828853497952327184e-03,9.858676746409644406e-03,9.860222634894087040e-03,9.913311825446613143e-03,9.915190625684851961e-03,9.872383227876225034e-03,9.858921873290881974e-03,9.802900744444882283e-03,9.836810368741925534e-03,9.798279738871087594e-03,9.876593661963991785e-03,9.887568389177227995e-03,9.865145314960587636e-03,9.818049295833720935e-03,9.778439481324972815e-03,9.927262498231540291e-03,9.842413536043743624e-03,9.875648981421944472e-03,9.848917597212720684e-03,9.812891633139222275e-03,9.826413398529045690e-03,9.747377171171038926e-03,9.895718438781571369e-03,9.839637427315138171e-03,9.855325277534295741e-03,9.862367803560360968e-03,9.882523598163711967e-03,9.855659196949362322e-03,9.913805593878496220e-03,9.962897701562776695e-03,9.851797958694976515e-03,9.834999060608640153e-03,9.871908494228320147e-03,9.867712585847827553e-03,9.713975707441573765e-03,9.884758240259479412e-03,9.838446958332020334e-03,9.783383359657714731e-03,9.852965606252473557e-03,9.848662775303971412e-03,9.800309670167609011e-03,9.770915285186254629e-03,9.831041589164896122e-03,9.921991820919790275e-03,9.850678812132210305e-03,9.933958660052019662e-03
9.434410230610630263e-03,9.341738764308757381e-03,9.339958637502417810e-03,9.325364326336313056e-03,9.467563086288257809e-03,9.362574456212458679e-03,9.418336362014691904e-03,9.402625399494166439e-03,9.367822812321150924e-03,9.439647900324499644e-03,9.413955965029497178e-03,9.403465763169560274e-03,9.336799093435202077e-03,9.342729819029723520e-03,9.404699634378885231e-03,9.346811221015017060e-03,9.400772091818143314e-03,9.304951083729671307e-03,9.412922546538160865e-03,9.350747634228906771e-03,9.391355598592894538e-03,9.384661543984547383e-03,9.410944081564526914e-03,9.425935644734465338e-03,9.406864193557620477e-03,9.356448577245593187e-03,9.318197651033624865e-03,9.435978700805262159e-03,9.350357238429595624e-03,9.359206725275195926e-03,9.438491217703853450e-03,9.431417073904961243e-03,9.358869886529565599e-03,9.339421893145490386e-03,9.324645816157856038e-03,9.367003089694571696e-03,9.356529962694802929e-03,9.395719626436130692e-03,9.403457646752591201e-03,9.396238619984731422e-03,9.361899870792715628e-03,9.383637199513893482e-03,9.364643671176590620e-03,9.396235261039095898e-03,9.427299274921118952e-03,9.417591365811238402e-03,9.388862260635752119e-03,9.403928919866135286e-03,9.373014840399197106e-03,9.386800141727416960e-03
8.896699859305814972e-03,8.966669411236808523e-03,8.949933311448641376e-03,8.955919127514542014e-03,8.879276817288965853e-03,8.882101403907096890e-03,8.887616497133991184e-03,8.898599874002840679e-03,8.813777713523767918e-03,8.968087215244420832e-03,8.971884645410958467e-03,8.879705324561457461e-03,8.893071730707894154e-03,8.999482896246168914e-03,8.924253658334631648e-03,8.856627456487586175e-03,8.938836662711724390e-03,8.872440793602600836e-03,8.917250787028895009e-03,8.933232164698155439e-03,8.816328141193298384e-03,8.902983015312417731e-03,8.837452293810490675e-03,8.872662635619976701e-03,8.916998652463373892e-03,8.946005948285819590e-03,8.872829857287529640e-03,8.897069862111426156e-03,8.871072252586173143e-03,8.949109423262361154e-03,8.891111728552935148e-03,8.921976254659623115e-03,8.911473440683145841e-03,8.948594395295690965e-03,8.996063673119491025e-03,8.878436254934106778e-03,8.973743064557362231e-03,8.953463979319649726e-03,8.897497923924751681e-03,8.868494929803058535e-03,8.889317183800395789e-03,8.930993857461842766e-03,8.916795435099163225e-03,8.893425087567165266e-03,8.913113063785295040e-03,8.930631312788591541e-03,8.943753399476917290e-03,8.882831645203486878e-03,8.910103669306966567e-03,8.901604086506600955e-03
8.345818714806198246e-03,8.430265740129217616e-03,8.489258395115004477e-03,8.451882670868663544e-03,8.454197707679633744e-03,8.466357055908469570e-03,8.421034746150213648e-03,8.407333621668691692e-03,8.421299340244109075e-03,8.451742889895095048e-03,8.391524028806565672e-03,8.398664578682759826e-03,8.313897854189015307e-03,8.451741697728146555e-03,8.362838174345979536e-03,8.380445525994406272e-03,8.423690378139260526e-03,8.415497128206167118e-03,8.475354717146322409e-03,8.372801258849885131e-03,8.372126077635780317e-03,8.384736645765193327e-03,8.401048733291128709e-03,8.328403265794032465e-03,8.331590261153714802e-03,8.335172898988973608e-03,8.359458713466404178e-03,8.401194067162089107e-03,8.415376599021332990e-03,8.481595964287207134e-03,8.369896251093848771e-03,8.337140630216587078e-03,8.480705886363636842e-03,8.403857737572219266e-03,8.426077149413881140e-03,8.382276488829267999e-03,8.485151900812141698e-03,8.386413492351639173e-03,8.438202074296062907e-03,8.388220757923052495e-03,8.385909744898480123e-03,8.436550534274693189e-03,8.455409317830708468e-03,8.384379709818296986e-03,8.407044299851404792e-03,8.426465055925626280e-03,8.440577979928788610e-03,8.403578585763371925e-03,8.355005288396699301e-03,8.412811085688221349e-03
7.937877659144932513e-03,7.909249638198247861e-03,7.848817551475211970e-03,7.865498339919257953e-03,7.793751280391164951e-03,7.899501061277763858e-03,7.977936221666794003e-03,7.913000099243026886e-03,7.832790788546149449e-03,7.900119880645635126e-03,7.881319277923078126e-03,7.882279386870022844e-03,7.867770937081710464e-03,7.880388534954070948e-03,7.875726847072545347e-03,7.907451753104291839e-03,7.882363703463516474e-03,7.887827870874178360e-03,7.902008238137992260e-03,7.837616300367148195e-03,7.875763987287204282e-03,7.900937664479969549e-03,7.910763629782715037e-03,7.880205329595591640e-03,7.928391430346959368e-03,7.859398144896336327e-03,7.944388842556382446e-03,7.850510637180415849e-03,7.899460160971909922e-03,7.890023409945727886e-03,7.947987165282933281e-03,7.886700789224803526e-03,7.908547846052615266e-03,7.945554223835834054e-03,7.877975518298729191e-03,7.886880039721723065e-03,7.808203326815431160e-03,7.926087013957467189e-03,7.896757974000277042e-03,7.816284521399334898e-03,7.853705537767352238e-03,7.885965126237463180e-03,8.007614491450503261e-03,8.032599474002422024e-03,7.879236788903190569e-03,7.819805760226328922e-03,7.972502203165109103e-03,7.852148582540177321e-03,7.818845730430547258e-03,7.952219976572248369e-03
