1.475651863375746775e-01,1.478354597707277618e-01,1.476117649818360078e-01,1.473456996453316459e-01,1.471890356955523615e-01,1.478700264635638140e-01,1.474487612937548098e-01,1.477606554296151120e-01,1.474706143610053921e-01,1.481919008107512314e-01,1.468233070830090581e-01,1.476688626429659978e-01,1.472608041774522980e-01,1.480538813620516092e-01,1.473263056588569597e-01,1.477830885263783922e-01,1.471539657931865419e-01,1.466433633599771580e-01,1.465962237984611560e-01,1.469250605494006601e-01,1.479069656891595641e-01,1.476511914476980325e-01,1.468570547947308513e-01,1.467924515969766530e-01,1.470522066266500283e-01,1.470950197352438316e-01,1.469523134188520930e-01,1.464532561069029626e-01,1.468165542998736972e-01,1.468312264350122298e-01,1.469479520507076253e-01,1.471919790834891606e-01,1.475616557365375114e-01,1.469499422542578093e-01,1.472967331440538374e-01,1.468186139103330734e-01,1.471904992931618028e-01,1.471636084231885411e-01,1.478313598207763035e-01,1.473230854547090407e-01,1.477439538974745503e-01,1.474632711112426608e-01,1.477104952403537341e-01,1.472096241886878265e-01,1.470093087791881914e-01,1.475068137820705616e-01,1.465522058889615342e-01,1.467191840324067742e-01,1.478415581254414746e-01,1.471670890170240220e-01
1.463700697409867357e-01,1.474831125571137713e-01,1.477256292463179910e-01,1.466859831261560221e-01,1.464612402446451578e-01,1.475586982051220464e-01,1.476776573856204144e-01,1.477058338278246508e-01,1.468117123299766402e-01,1.469718304645125928e-01,1.464246502506452441e-01,1.474902828302419588e-01,1.474445087190554837e-01,1.469439772980002112e-01,1.472669188011131725e-01,1.472781946373536988e-01,1.477965773279616424e-01,1.473911527961778711e-01,1.466470734302507684e-01,1.467207341825478295e-01,1.467658073764085969e-01,1.473141807634826272e-01,1.468767547775839677e-01,1.475505037939030817e-01,1.471950312443442710e-01,1.481949935101749827e-01,1.474766897059194837e-01,1.471234932643741000e-01,1.466107277793499974e-01,1.467165354320702497e-01,1.474317534601804758e-01,1.471073114691870964e-01,1.475256885717914357e-01,1.467008017134803222e-01,1.465461425672962559e-01,1.477518860247053756e-01,1.472803247418465744e-01,1.476252157496001638e-01,1.475780120190442468e-01,1.477751502033636810e-01,1.468607846967356356e-01,1.471197196979628363e-01,1.475774731200358292e-01,1.474800468550954424e-01,1.468226777774341574e-01,1.471637589011809688e-01,1.466326291137061144e-01,1.470168375749306144e-01,1.470505734666174291e-01,1.469611887178452203e-01
1.470680413696175137e-01,1.469161797486170373e-01,1.464718006386251103e-01,1.470928739374132710e-01,1.468470523381784076e-01,1.477278533121780257e-01,1.473251575964018845e-01,1.471740348860833270e-01,1.474603905919253666e-01,1.474891776033174784e-01,1.467833163561763077e-01,1.465094278412178708e-01,1.469536597232324882e-01,1.474623834938774969e-01,1.464600921234441300e-01,1.470435792050927559e-01,1.467047223672034995e-01,1.479571449682729190e-01,1.478542488735153926e-01,1.466637896090770554e-01,1.475443464800609561e-01,1.466472353490193281e-01,1.476089687991362365e-01,1.469611261611034336e-01,1.468863323369378471e-01,1.474828811243765470e-01,1.469297778343394700e-01,1.474230886359116921e-01,1.470502131604526919e-01,1.473547100934156084e-01,1.469361743559239597e-01,1.470274381968850186e-01,1.473281905905501343e-01,1.475708584689211789e-01,1.477695943287065938e-01,1.467954084073487819e-01,1.477530920693214678e-01,1.468646884940448816e-01,1.471652973908577078e-01,1.476469429935554911e-01,1.462942188784636388e-01,1.468920624859150204e-01,1.469902812749663557e-01,1.476131306821206191e-01,1.469480300488409941e-01,1.466393215923828541e-01,1.469898242224080276e-01,1.478438516933944791e-01,1.474118279447806656e-01,1.477451036436932819e-01
1.467220795087601226e-01,1.467971410444972868e-01,1.465378791092379895e-01,1.474301121492014033e-01,1.466161210801134873e-01,1.475367744685756877e-01,1.481410524410728680e-01,1.467180518011163004e-01,1.468553775207331047e-01,1.459897650494433319e-01,1.467052036751123889e-01,1.476101970484126613e-01,1.472611285234777523e-01,1.470329618854342990e-01,1.465461211766654337e-01,1.467417334828326203e-01,1.466471813980369798e-01,1.470553078050494678e-01,1.469171586905300142e-01,1.466625230389568546e-01,1.471919401791298709e-01,1.464975356814931240e-01,1.466199457642496928e-01,1.470080851230451957e-01,1.474834843413935226e-01,1.466544879285129332e-01,1.468278993992838122e-01,1.459771316414433806e-01,1.470937292797024620e-01,1.469962874355397187e-01,1.475641133185787435e-01,1.473861209333721944e-01,1.471629095731567249e-01,1.473854398085358286e-01,1.474247181180746158e-01,1.468807309454841781e-01,1.469036770404232584e-01,1.473224827564322270e-01,1.472726172101306297e-01,1.466309166553601828e-01,1.469578286998100558e-01,1.476472748244642696e-01,1.470465294270314194e-01,1.475917738311086358e-01,1.468964465061650682e-01,1.473992511098040636e-01,1.470060773655775255e-01,1.477501245766316695e-01,1.474549837652945894e-01,1.471907698637414108e-01
1.466066550745303565e-01,1.468638790813959760e-01,1.467701046670153997e-01,1.469391313944296285e-01,1.465010288078994471e-01,1.465986001289288077e-01,1.467359987532879939e-01,1.466506459574900556e-01,1.467297258690999917e-01,1.475845073038389299e-01,1.467575517039361177e-01,1.465495831511471891e-01,1.463742330815838988e-01,1.465916212284427145e-01,1.466621694514533558e-01,1.473881444788207040e-01,1.474381361622569553e-01,1.474644069891370424e-01,1.463617436146790185e-01,1.470796883667139787e-01,1.459278282193345322e-01,1.472141015648279760e-01,1.472853948699783255e-01,1.466202696383884230e-01,1.475452754986122661e-01,1.469597993110979550e-01,1.469651104977187928e-01,1.466485642981260884e-01,1.465406549413320325e-01,1.464218462896975936e-01,1.465897982048624260e-01,1.468396120882697886e-01,1.464788448624957662e-01,1.467102648689597999e-01,1.466439162014851194e-01,1.467661178628501817e-01,1.461912830548043329e-01,1.472606595688036035e-01,1.474180731183774296e-01,1.467423132906738870e-01,1.469909891677905756e-01,1.465316937707249745e-01,1.463885527358125271e-01,1.469306722862189496e-01,1.464377678042733943e-01,1.472272120068060242e-01,1.458183139156795094e-01,1.475058109878528700e-01,1.468585336092452787e-01,1.468245486599897842e-01
1.465979988284159541e-01,1.462539943069914028e-01,1.467854029607686961e-01,1.463375310817687236e-01,1.458110506957647212e-01,1.457357162778937787e-01,1.462933359594854876e-01,1.467843614698937649e-01,1.465260395901236135e-01,1.467834380416564166e-01,1.461238763658095074e-01,1.472376421274261826e-01,1.455826073615977267e-01,1.461235588184448819e-01,1.469026950430169232e-01,1.467884114722902700e-01,1.461861288874397868e-01,1.467733251064435307e-01,1.462819171911786398e-01,1.471475605815692200e-01,1.468146734132042830e-01,1.459720747052634660e-01,1.463913021452713237e-01,1.474003369196988933e-01,1.461175285057842999e-01,1.465000831704307283e-01,1.467229447035397760e-01,1.468362917009553847e-01,1.466622199690099937e-01,1.465243553671127796e-01,1.464997069121140860e-01,1.461708455619324942e-01,1.470675300835276034e-01,1.466621535031454315e-01,1.469875465941279380e-01,1.467111581585871516e-01,1.467679855559353430e-01,1.467424735289560300e-01,1.470658911426325488e-01,1.471668774912344713e-01,1.473909924882896016e-01,1.457820969816953915e-01,1.464331600714225967e-01,1.462879218568535200e-01,1.466619992419591068e-01,1.473279942000539078e-01,1.476414805871961722e-01,1.470517095669935936e-01,1.463611898737599004e-01,1.463242109955752157e-01
1.461491513344095605e-01,1.462060257189798651e-01,1.467359915869377307e-01,1.466551154187701600e-01,1.464655970096441218e-01,1.460894871546618567e-01,1.467706118626169731e-01,1.468527599048718713e-01,1.454920334921296077e-01,1.455968011663368589e-01,1.458600419704141060e-01,1.458626667898056395e-01,1.465550345856072856e-01,1.462619610805076520e-01,1.457444079570687501e-01,1.467029145685028735e-01,1.465079062012794864e-01,1.457218036089369673e-01,1.460232276330692691e-01,1.459281528012494333e-01,1.464862523735033784e-01,1.466529376567317355e-01,1.454356189424597101e-01,1.462396658535178584e-01,1.462952709459624800e-01,1.465468519356330213e-01,1.462918512468942278e-01,1.461777378889252965e-01,1.464196658617161195e-01,1.463729869046918874e-01,1.455384955232057465e-01,1.455623835418442258e-01,1.457281010625428863e-01,1.461186789949107667e-01,1.453509847521440579e-01,1.464758073201554434e-01,1.464374656539584874e-01,1.466690555565383913e-01,1.465386072220029867e-01,1.468627416560455701e-01,1.463399163833145888e-01,1.460606875976206420e-01,1.470392560774367308e-01,1.463762685033472288e-01,1.456012524262377539e-01,1.460900644417685024e-01,1.459958351912393759e-01,1.461319466093538022e-01,1.462309304847765612e-01,1.460957562724997383e-01
1.459398688852225068e-01,1.461651048715389145e-01,1.469100806915047963e-01,1.456918082838176420e-01,1.460086152837246631e-01,1.468469718913284483e-01,1.462314325297716378e-01,1.453879502132937596e-01,1.462336736388871183e-01,1.454663679039717161e-01,1.453999641035384205e-01,1.462261241614403462e-01,1.462201208829949639e-01,1.463089013498959923e-01,1.461580664167579646e-01,1.457003374560124076e-01,1.452599556954491944e-01,1.452887093041025368e-01,1.453574966566434645e-01,1.451503047807697622e-01,1.466525782846421488e-01,1.458205750719586136e-01,1.464311374510106345e-01,1.452975462235128745e-01,1.457391733364011288e-01,1.451899880456873626e-01,1.462479558639223076e-01,1.465186187787448358e-01,1.454879878810459992e-01,1.460384261323588728e-01,1.455275948403177144e-01,1.454195766549229163e-01,1.446537926178971256e-01,1.458822145445199947e-01,1.457006945735113690e-01,1.461705982595021824e-01,1.455285361031808389e-01,1.460415131671987388e-01,1.456722110667975911e-01,1.459244172391595540e-01,1.461275037093551221e-01,1.457334334619363181e-01,1.461283948648465780e-01,1.463005696697024238e-01,1.468948169773945656e-01,1.463972929321876726e-01,1.464543428325221219e-01,1.466075718084723367e-01,1.466375281571434264e-01,1.456040720049744108e-01
1.450223106232919335e-01,1.453716041122589397e-01,1.457720595613347381e-01,1.450023645520213955e-01,1.463057542063644911e-01,1.458662838635465253e-01,1.451154757796910000e-01,1.454933157498343455e-01,1.459326557538038749e-01,1.459469571127494925e-01,1.464061039188972180e-01,1.457512705034635647e-01,1.446690940145832216e-01,1.458132845403064259e-01,1.459265995629768775e-01,1.459480903005517805e-01,1.455454826063633800e-01,1.457605372379927322e-01,1.455376423391383789e-01,1.454874993494869873e-01,1.452285435123950585e-01,1.464332452987411326e-01,1.457319887137069336e-01,1.458695334476469152e-01,1.452526989207043040e-01,1.449168766347089243e-01,1.464242152375394568e-01,1.457938302367647043e-01,1.456783775127271918e-01,1.460928469102708294e-01,1.451081677094781530e-01,1.458475122748162378e-01,1.455051332154869981e-01,1.457613080571727726e-01,1.452990185104326148e-01,1.449460048612683793e-01,1.459686350934910892e-01,1.449892541328269557e-01,1.456187772492686106e-01,1.462019986826827711e-01,1.455331157300676914e-01,1.459837252791098827e-01,1.457347544384808014e-01,1.447865597957498085e-01,1.454155397483581635e-01,1.460791381684677648e-01,1.459893602930683321e-01,1.456592791783039298e-01,1.456119416881724304e-01,1.451377603401520777e-01
1.456187835419926746e-01,1.444647967681367828e-01,1.447568781354281742e-01,1.455558445936044887e-01,1.449714629319424353e-01,1.445952521117300771e-01,1.449106460424852139e-01,1.444919168354207029e-01,1.447849022280804920e-01,1.449466076960066740e-01,1.447170441575812150e-01,1.449454789871502669e-01,1.448242653297873439e-01,1.450514704949588951e-01,1.440331332719324564e-01,1.446636951977453289e-01,1.455190589629198616e-01,1.451124534406872113e-01,1.455820974723149308e-01,1.450487330566221644e-01,1.454150949284571948e-01,1.453361503454213000e-01,1.457189514651966167e-01,1.446365111783236290e-01,1.448998550923170925e-01,1.449964289652492244e-01,1.445469967054713312e-01,1.449242206291135870e-01,1.446931659268337889e-01,1.451144872499204597e-01,1.452986259615172970e-01,1.450876328438822083e-01,1.454801193816479266e-01,1.449524161837940084e-01,1.447929068737446590e-01,1.442407937401011531e-01,1.449393452842227814e-01,1.445657988702551411e-01,1.440686542732907693e-01,1.441442360745709694e-01,1.446477886314534445e-01,1.447944394460556339e-01,1.451298321637825295e-01,1.453956811190671439e-01,1.454157485898780466e-01,1.447914578203428893e-01,1.446062968541212412e-01,1.456300923602139030e-01,1.456625247856571936e-01,1.452431756613331848e-01
1.445546966241119946e-01,1.443272005930928970e-01,1.443819627410281026e-01,1.441754095074500586e-01,1.446551174313866206e-01,1.446121060931432889e-01,1.456635554253775111e-01,1.446128662385176289e-01,1.441494556312943875e-01,1.447132907221652665e-01,1.436731118471707702e-01,1.448739830672452489e-01,1.444166820108348792e-01,1.441036202592011761e-01,1.441057086104400586e-01,1.446112246599974838e-01,1.445164176005825363e-01,1.448297041351663539e-01,1.452798425894889778e-01,1.446016267622698415e-01,1.448327132552373331e-01,1.442347375898705986e-01,1.445676117180265952e-01,1.443847801230151995e-01,1.446795489979750826e-01,1.447918585932287949e-01,1.443743707852302716e-01,1.440612176754177964e-01,1.443078722527307567e-01,1.450582165676808366e-01,1.452310753612269523e-01,1.442304351350739422e-01,1.448987486975332195e-01,1.446127091745815774e-01,1.445362021349013704e-01,1.445202958555532602e-01,1.447551805279358728e-01,1.438393110125757435e-01,1.447250832024501166e-01,1.436438453892045775e-01,1.440812970336188825e-01,1.444634225651390824e-01,1.440425416800792113e-01,1.448100289023533660e-01,1.444271065470412729e-01,1.452761308495136849e-01,1.439271086275643319e-01,1.439667727475016923e-01,1.442303553995226972e-01,1.447570052593434020e-01
1.428255096331694229e-01,1.441318579626237606e-01,1.435612425449807050e-01,1.439673739747579229e-01,1.446089921103693721e-01,1.437536654810776804e-01,1.436932230860913651e-01,1.439359925934554363e-01,1.437953151841916133e-01,1.441918098968833772e-01,1.439293285322124083e-01,1.441736389482863590e-01,1.441754292057260411e-01,1.441513682819974274e-01,1.433836097580555025e-01,1.441721077698976117e-01,1.442400818499066928e-01,1.438157781844678629e-01,1.447027345618558947e-01,1.435667349435367779e-01,1.435199841223810668e-01,1.437734659507251822e-01,1.441919076437728486e-01,1.440766596224228868e-01,1.429051012632475415e-01,1.438520242437663910e-01,1.441806754271737212e-01,1.437732877745320770e-01,1.443146953743661698e-01,1.433799309486021301e-01,1.447485278328100311e-01,1.441570690678279643e-01,1.428308137365189301e-01,1.440303100891282828e-01,1.440331861501321919e-01,1.438613136232313183e-01,1.438884860411872857e-01,1.433990432162496886e-01,1.438138878067381499e-01,1.434405442260424102e-01,1.445243223906947927e-01,1.443654509057278046e-01,1.434727563915907667e-01,1.437969177500127149e-01,1.447563411823762913e-01,1.435120761882515694e-01,1.437340933887430450e-01,1.435724306698789865e-01,1.444623791040550442e-01,1.441151285460987308e-01
1.427934235539345675e-01,1.430952594807248512e-01,1.433130776969633313e-01,1.429201590681100364e-01,1.432555449976513351e-01,1.429501846203882209e-01,1.433336765508557986e-01,1.429853779552168747e-01,1.431961941507855496e-01,1.431828110208554494e-01,1.434280374595729712e-01,1.435206353397693313e-01,1.428358826347795596e-01,1.434551296384179164e-01,1.430651040066927837e-01,1.433486127460382176e-01,1.432189465874297574e-01,1.428529331958920956e-01,1.434760719298340537e-01,1.432683481443927098e-01,1.431657068675483979e-01,1.436524052683023633e-01,1.436129891401803360e-01,1.431874190136504799e-01,1.437545401757952812e-01,1.434485374119660039e-01,1.428930601600233441e-01,1.430602688744379292e-01,1.433773902755667295e-01,1.432739173373332175e-01,1.434126195200482734e-01,1.436226267170246096e-01,1.433139622528234736e-01,1.431152385527462156e-01,1.435185020382331034e-01,1.431509451244686315e-01,1.423569249223098077e-01,1.435341764098606310e-01,1.430601664260442718e-01,1.434987291093920148e-01,1.429131428104903345e-01,1.433980743038771322e-01,1.434523018474901657e-01,1.433913960300269019e-01,1.429175797071214615e-01,1.435200182021265369e-01,1.433144056616487416e-01,1.433308130267212932e-01,1.440019033311515928e-01,1.435659936887439814e-01
1.423475635774180126e-01,1.423919513295810180e-01,1.426320631796043625e-01,1.426046304862353675e-01,1.428163680368387256e-01,1.414834334027548768e-01,1.431993073825391927e-01,1.420756516208129538e-01,1.421261263050354051e-01,1.427540111267990020e-01,1.429753812758602638e-01,1.426232165719039380e-01,1.427613703811352608e-01,1.432936019329804078e-01,1.423722243915801211e-01,1.431722481786054102e-01,1.426116968138308183e-01,1.420268916901912815e-01,1.429563740689952511e-01,1.426005395511037444e-01,1.424559058887322205e-01,1.417103197247429058e-01,1.419654390599963956e-01,1.424932920636684530e-01,1.422523200662225706e-01,1.418363150282606067e-01,1.431460586539940738e-01,1.427251591126047769e-01,1.418437853901222678e-01,1.424136260215865535e-01,1.421737905899479459e-01,1.425861474139663576e-01,1.425932782191795534e-01,1.434331247808884047e-01,1.423993150879129255e-01,1.422326055920124510e-01,1.424141076904286152e-01,1.425883641813657510e-01,1.432967785296449248e-01,1.421929497570094125e-01,1.432511311185558078e-01,1.421869758281978091e-01,1.425193067305572103e-01,1.424127382670697939e-01,1.424447433694002174e-01,1.423328021801106569e-01,1.426197519049168250e-01,1.429060454516570822e-01,1.429890485595317062e-01,1.422682943329710292e-01
1.424786296133948027e-01,1.426485416241920490e-01,1.415652950206875704e-01,1.424445105773134157e-01,1.416019508795354487e-01,1.424854730173720219e-01,1.416887959225119342e-01,1.415854890078550865e-01,1.418509613485390009e-01,1.412289442380329774e-01,1.415587139413448658e-01,1.421021617560969952e-01,1.408646052493614242e-01,1.423448599432200479e-01,1.417177293767788726e-01,1.412870411256092196e-01,1.419741742634519077e-01,1.417768916444799576e-01,1.416003852601940560e-01,1.413894801511595689e-01,1.421431558072627221e-01,1.414684510422189179e-01,1.424603146499104633e-01,1.416733440335051497e-01,1.413925808954700492e-01,1.426107167444172485e-01,1.410371042919920381e-01,1.417484947304378240e-01,1.412397289150817137e-01,1.413936498336652303e-01,1.424089396130651108e-01,1.421933183544718260e-01,1.418145370247701764e-01,1.418847303926680514e-01,1.421292840696323501e-01,1.415363316724445597e-01,1.413827347440483051e-01,1.417684377351964842e-01,1.416585871475182501e-01,1.422872888523249724e-01,1.414812441112337782e-01,1.415898628583375785e-01,1.417774206733703746e-01,1.417455850927860084e-01,1.420910437324221232e-01,1.418688233082322225e-01,1.411427808839640641e-01,1.411933516882324657e-01,1.419682755574873667e-01,1.408697284589492116e-01
1.410250898983573531e-01,1.419810818852640655e-01,1.409914340480903361e-01,1.413898539797705245e-01,1.404769302018105681e-01,1.408676362167808338e-01,1.414591476341655329e-01,1.412347809297628265e-01,1.406222846652935565e-01,1.410221752211703317e-01,1.409491984166744982e-01,1.414535951974260353e-01,1.410929800701041514e-01,1.403243145015111992e-01,1.412573582478328371e-01,1.416126102181782531e-01,1.409248025813327476e-01,1.416521795146906404e-01,1.405245222782362247e-01,1.410775613250958571e-01,1.408334625686585295e-01,1.405726242626843259e-01,1.402320806101487183e-01,1.415317011259533686e-01,1.407008445768694604e-01,1.399696543427271234e-01,1.412840887594542516e-01,1.408765508434707547e-01,1.409854506619135639e-01,1.403352199981499071e-01,1.411391954072543919e-01,1.411748069169022068e-01,1.404838568511739272e-01,1.405785689452889176e-01,1.413831809855773392e-01,1.405861913358350257e-01,1.411568866006037426e-01,1.407908249327260164e-01,1.405247517039635297e-01,1.414243877375428449e-01,1.406998130370184785e-01,1.416297947918215006e-01,1.410197859322129543e-01,1.403204798823710353e-01,1.403501723491320796e-01,1.401004802599585819e-01,1.421913345377650018e-01,1.409312701575295423e-01,1.407379119774529175e-01,1.415947828204899561e-01
1.395279368488338279e-01,1.402596111905961007e-01,1.405390902575426593e-01,1.408945914782973041e-01,1.396478010980032325e-01,1.399901916304572003e-01,1.397363216637177996e-01,1.408474768778979203e-01,1.405842209345099514e-01,1.397662883638401410e-01,1.398165204902677983e-01,1.394048618508501036e-01,1.408654057008734695e-01,1.399508311490095247e-01,1.402789579009418031e-01,1.403702523383471568e-01,1.400569691874986311e-01,1.398685120650151048e-01,1.402421740211473311e-01,1.396828053898375444e-01,1.405239560904645579e-01,1.396840951655740071e-01,1.403328706469822440e-01,1.408975085958756035e-01,1.398290519502078944e-01,1.405197629959581973e-01,1.408783317404876667e-01,1.401023002144760332e-01,1.407214402619390570e-01,1.407698277577889845e-01,1.395743202753775003e-01,1.401810136378188187e-01,1.395260895002075618e-01,1.396300268394755628e-01,1.392308180971432996e-01,1.411770836054135059e-01,1.403175575391197027e-01,1.394419882842015401e-01,1.404708569712909139e-01,1.405792715795930459e-01,1.406031210175256452e-01,1.389671923776337747e-01,1.405077914750576251e-01,1.397029260589232325e-01,1.401810024644566943e-01,1.396882793698736580e-01,1.402633270686572675e-01,1.394220529326813951e-01,1.404175462962889143e-01,1.407165473129253497e-01
1.388162799888350840e-01,1.385021536486020222e-01,1.385846589895426140e-01,1.393151987504052947e-01,1.390952216795683094e-01,1.389953148335041910e-01,1.382358088722236145e-01,1.397732182498739040e-01,1.381995985750515410e-01,1.392875073265959773e-01,1.397556646021577142e-01,1.392447301547550531e-01,1.385672973787584195e-01,1.388982720828498552e-01,1.388162331340028477e-01,1.389044798727172847e-01,1.394505835796903959e-01,1.393770033598831504e-01,1.388685873348234068e-01,1.393833622287785068e-01,1.390778093332242782e-01,1.385243834540212382e-01,1.392479725507683452e-01,1.394734497595735701e-01,1.392620955946270722e-01,1.392875327396115859e-01,1.391118679759142662e-01,1.400047678896350623e-01,1.396816105762256899e-01,1.382262977889750222e-01,1.397727601593454494e-01,1.393549754488221104e-01,1.387555592467731302e-01,1.391427341989640576e-01,1.393722674926275162e-01,1.387389294711421917e-01,1.401494621218293268e-01,1.386862965655528690e-01,1.391893263484368648e-01,1.389952688352136256e-01,1.389857242520193548e-01,1.386742607759289814e-01,1.398053165246959384e-01,1.396731206835382377e-01,1.390790963821855186e-01,1.388522761623528501e-01,1.394325175865129829e-01,1.391682610926106844e-01,1.395844745754630800e-01,1.389578495467092556e-01
1.391022912694257763e-01,1.378866759607866865e-01,1.379422785964685705e-01,1.373256503545151608e-01,1.386296785606750681e-01,1.377616330043044124e-01,1.377884342840391130e-01,1.380962791224470132e-01,1.384605263261232677e-01,1.376161855873829776e-01,1.380146927046438932e-01,1.388960587655415357e-01,1.382943449769027944e-01,1.374481132835398967e-01,1.383450651619800575e-01,1.380379267476919969e-01,1.388724599907299184e-01,1.377505601738023555e-01,1.382335802103702438e-01,1.375178208809378910e-01,1.388074307407078101e-01,1.384266802506107508e-01,1.376575140961869836e-01,1.381352639791640080e-01,1.375657935719283020e-01,1.380472878995009089e-01,1.390902706470123207e-01,1.377159098219545574e-01,1.376184407332559367e-01,1.380206388409266904e-01,1.383960953359739399e-01,1.384432219179941304e-01,1.386088377879545475e-01,1.379641458187251812e-01,1.381215613361051475e-01,1.391239075525436408e-01,1.382668636373119153e-01,1.378358281223303894e-01,1.382590307474035329e-01,1.380761425424066047e-01,1.386038856607472169e-01,1.386860103038926317e-01,1.385639235771117805e-01,1.379673351368631840e-01,1.383570223223646034e-01,1.388009387628504065e-01,1.378330463883742363e-01,1.384441950766937268e-01,1.388064431696922896e-01,1.378995676478818322e-01
1.372816158030715494e-01,1.367721688354394116e-01,1.375531446526625512e-01,1.372404612940824886e-01,1.373607148375895481e-01,1.366258477705226682e-01,1.368372397758614578e-01,1.372285232994966409e-01,1.367444840420725949e-01,1.367603298903341813e-01,1.368667441100307192e-01,1.367906514907733795e-01,1.368413816831037244e-01,1.369083569972078807e-01,1.362240075139531659e-01,1.371655751281405933e-01,1.370325795252656520e-01,1.370897233996432318e-01,1.373798605116355043e-01,1.364689673345684529e-01,1.376277862351210357e-01,1.361469707178821487e-01,1.366489855671465525e-01,1.376135511682304302e-01,1.369660302698051668e-01,1.378963707554497764e-01,1.371259294320124056e-01,1.368337206521461069e-01,1.372977930579088734e-01,1.367531889522316524e-01,1.376546036945344442e-01,1.373708615271297118e-01,1.365636103248026312e-01,1.372510563659600502e-01,1.372446911351068444e-01,1.367151897846585473e-01,1.364167027392530485e-01,1.364090343851862841e-01,1.370455558119514361e-01,1.374379994220544521e-01,1.379101632378335329e-01,1.369213324915178609e-01,1.371683311052096510e-01,1.367031211575927274e-01,1.364007477295963444e-01,1.374186176155180183e-01,1.371142288132141673e-01,1.367033287775792638e-01,1.373587561683259350e-01,1.354963432984651606e-01
1.362070433702670114e-01,1.359485197874529816e-01,1.360260428835193547e-01,1.356068894106146894e-01,1.360510699492217257e-01,1.366278147476819860e-01,1.359154881007910431e-01,1.355046064528521721e-01,1.356574448956268664e-01,1.352942878217377465e-01,1.362909679357270920e-01,1.358002401785958213e-01,1.358581301539300845e-01,1.359817661333367345e-01,1.353373968915212167e-01,1.358057948223611311e-01,1.358707554799449824e-01,1.359744990819775068e-01,1.354653645672873052e-01,1.357054012244724994e-01,1.362018629912869760e-01,1.356571739743519245e-01,1.364317096461838963e-01,1.357117008508550715e-01,1.352718272501196028e-01,1.361513596869692588e-01,1.361890754592891273e-01,1.357261178711839933e-01,1.360335247229693678e-01,1.361183975083573028e-01,1.352639607184938919e-01,1.359478035250688832e-01,1.358832338737809842e-01,1.356041328880667751e-01,1.356920393483471987e-01,1.353994701950007873e-01,1.357952702059270211e-01,1.366470468029438445e-01,1.362909510467301410e-01,1.355478797808742086e-01,1.362152897347729263e-01,1.358506747653469016e-01,1.359589763854169853e-01,1.361827417395317930e-01,1.359597740067036431e-01,1.355079828261221975e-01,1.359826456823847729e-01,1.368335077822981083e-01,1.358825066885064603e-01,1.357328185538932419e-01
1.345562619047531439e-01,1.343635381377177029e-01,1.337192238895774377e-01,1.348825487846529447e-01,1.338525590341350102e-01,1.343268422542477913e-01,1.344388714175951127e-01,1.348653479054298943e-01,1.346782346739709979e-01,1.351512894876773230e-01,1.340273867291539023e-01,1.353307766233925180e-01,1.348219225334578719e-01,1.345592278756931603e-01,1.353864374445282182e-01,1.349873509337040367e-01,1.348680420931584467e-01,1.342248703430194701e-01,1.353475298349727240e-01,1.344319420957188205e-01,1.345474839875464568e-01,1.339598515264464051e-01,1.350819581655809676e-01,1.342356136987437332e-01,1.347019429436403237e-01,1.357733437683627253e-01,1.350673758207591169e-01,1.353010819770263107e-01,1.353685656365104795e-01,1.348217496594501796e-01,1.346438143634723916e-01,1.352777232452689604e-01,1.346503413003670990e-01,1.348905688622366039e-01,1.338647247059884804e-01,1.346140388851892467e-01,1.338501933983260173e-01,1.342994075503414764e-01,1.344204677631641309e-01,1.346418058714478616e-01,1.346731102573284211e-01,1.348215535671173637e-01,1.343884217159649896e-01,1.345788328275756840e-01,1.347337150993348776e-01,1.351723538761766819e-01,1.347510145723759545e-01,1.346210546761246463e-01,1.345869147672036081e-01,1.346811317176637712e-01
1.338274998571323260e-01,1.338394153052388513e-01,1.333776827564793210e-01,1.340372657847284377e-01,1.326802966527801941e-01,1.339471403445361419e-01,1.336203126238008909e-01,1.329121374226108487e-01,1.334048174973062051e-01,1.332990911882291629e-01,1.332127941424077755e-01,1.337110334715997939e-01,1.334677297940717045e-01,1.337317763433359674e-01,1.338092573119732953e-01,1.340798546081434228e-01,1.333308428201006868e-01,1.329011525920299475e-01,1.337698546553664214e-01,1.328139463439646784e-01,1.331876764584999651e-01,1.326898736515947086e-01,1.329080074970833969e-01,1.332091860599545208e-01,1.335106514311680537e-01,1.325960830342812202e-01,1.327935155158781189e-01,1.331828708303297859e-01,1.334885720669829745e-01,1.330350230047286086e-01,1.328172285352598736e-01,1.325293413387800823e-01,1.336686193413760826e-01,1.332319517572695400e-01,1.326612530774660403e-01,1.339401524785719666e-01,1.337231709348001563e-01,1.335516072636090401e-01,1.335215137926127060e-01,1.334213733904228427e-01,1.334637601824079922e-01,1.341576822589870543e-01,1.333942019120326061e-01,1.329540796424773241e-01,1.332314412672674087e-01,1.331481413442891226e-01,1.338451249154639089e-01,1.334666534327533238e-01,1.329293054199921498e-01,1.337683306308818931e-01
1.326366278336565119e-01,1.322484355873623507e-01,1.318441290720951120e-01,1.318183029736806899e-01,1.322856195279676628e-01,1.320536631581747944e-01,1.327077050775187506e-01,1.325533433774415126e-01,1.326873111809372119e-01,1.319089511981114404e-01,1.325078516247214233e-01,1.328080705944771900e-01,1.324471843007107019e-01,1.322652494258139966e-01,1.315065105517725652e-01,1.316090417873961582e-01,1.317638152229846094e-01,1.321573927634753509e-01,1.315062153437532577e-01,1.315448233522888422e-01,1.325857151946423784e-01,1.322344909051557937e-01,1.321050035974783432e-01,1.325430352156081182e-01,1.322129169119488912e-01,1.317840253024018526e-01,1.318775147431317241e-01,1.323573546963619230e-01,1.324109285712016526e-01,1.312762168603001101e-01,1.320194924623016852e-01,1.320133886114009114e-01,1.322794044266714097e-01,1.317435288559491158e-01,1.324466631911393744e-01,1.318975720872381796e-01,1.315377239905910767e-01,1.316581196534009623e-01,1.314772628371819185e-01,1.318625710328158729e-01,1.319531447647326328e-01,1.321229266548431536e-01,1.319634940294108494e-01,1.320299003458394738e-01,1.313688358519443100e-01,1.316170267605401845e-01,1.321732203628818714e-01,1.319361031969681353e-01,1.326200739680128970e-01,1.314237941179908220e-01
1.311909741022788956e-01,1.304517935103931825e-01,1.305757958017125797e-01,1.303931543029645812e-01,1.307565276113416275e-01,1.308935554136715917e-01,1.301066817017225430e-01,1.299279535070747837e-01,1.303582788163189232e-01,1.299009099159150193e-01,1.310450082037293018e-01,1.314587782445165165e-01,1.310017197120282029e-01,1.301586276013780852e-01,1.303689713964779340e-01,1.303061550175963479e-01,1.313648641397971162e-01,1.311156309364525097e-01,1.308180152956227582e-01,1.310103130893382206e-01,1.313963924550321793e-01,1.307466319486218498e-01,1.306421986038955318e-01,1.299728668780253116e-01,1.291890515385818450e-01,1.307504102756759934e-01,1.304984772151909223e-01,1.299022939715431257e-01,1.304684321181280304e-01,1.302220717192004718e-01,1.306102848874264588e-01,1.302152315683834660e-01,1.306319869006944967e-01,1.294792645291855115e-01,1.308122433911581839e-01,1.301888592887446294e-01,1.301526451530806150e-01,1.306930476454785384e-01,1.313125087739582808e-01,1.300987112030655146e-01,1.303673581656721314e-01,1.312646321592453313e-01,1.303214529916224274e-01,1.312922715851907729e-01,1.299719646935204032e-01,1.310255085543210185e-01,1.306139450242995159e-01,1.315364653983110421e-01,1.305897803379608424e-01,1.306570483702369501e-01
1.284350367606116039e-01,1.292624861501041611e-01,1.291545782469900594e-01,1.290789256955044428e-01,1.285732239457154924e-01,1.296739353129228167e-01,1.289905888829042113e-01,1.290185197189681054e-01,1.286138044425666482e-01,1.288472012851042958e-01,1.287019205022387480e-01,1.287506269823086025e-01,1.292942623411635350e-01,1.286497249188507108e-01,1.296298781498208819e-01,1.297245366402955680e-01,1.290786127387966720e-01,1.290749985283541623e-01,1.287228969014105329e-01,1.293263151533039224e-01,1.292085327726981425e-01,1.288708101972019793e-01,1.288231239343168300e-01,1.293606237485962207e-01,1.297806598269431733e-01,1.285992594256542831e-01,1.292558590427824727e-01,1.288786106404166132e-01,1.290607757552506285e-01,1.289878979355929545e-01,1.293239819839104854e-01,1.286246464143414869e-01,1.294531993371515199e-01,1.293605790051648163e-01,1.292778921277617510e-01,1.291684543527059359e-01,1.280340544655910184e-01,1.295469230881819422e-01,1.296522913741088301e-01,1.290041559608664234e-01,1.292813399704578481e-01,1.281186556425412681e-01,1.293276925989857162e-01,1.284477542366663783e-01,1.288828918267246881e-01,1.285680344422147348e-01,1.282989542607247679e-01,1.290604643742208624e-01,1.285224358768425335e-01,1.293363767483358684e-01
1.269018042551880443e-01,1.273011459610086382e-01,1.278302672317268296e-01,1.275747880912340981e-01,1.275973479032344593e-01,1.280955295429763996e-01,1.275560098585836466e-01,1.272189962695234045e-01,1.273807208685487913e-01,1.269318418214505084e-01,1.276559705735399730e-01,1.280477538129125847e-01,1.272626640433179301e-01,1.274386732435741076e-01,1.267459717568831801e-01,1.275421296998092424e-01,1.275518076998697070e-01,1.266988635686185360e-01,1.264162613066783236e-01,1.269831559207142135e-01,1.275661178383333816e-01,1.274001544037101918e-01,1.275761691215585858e-01,1.273475141256891208e-01,1.272557018664939865e-01,1.272736262042445388e-01,1.274384454862408089e-01,1.270635148228625444e-01,1.264649391659140587e-01,1.274887057347402763e-01,1.277333902057811721e-01,1.278904243923888462e-01,1.276010210476575535e-01,1.271982747388453183e-01,1.269737548592093368e-01,1.274235851845030854e-01,1.278297207280621739e-01,1.269069807343251588e-01,1.274609992698425287e-01,1.277551986427167829e-01,1.276077516946940438e-01,1.279490851308137667e-01,1.276441198279552047e-01,1.277000912960881973e-01,1.276345858680263678e-01,1.275414347767253598e-01,1.269636278304430987e-01,1.274597246375984150e-01,1.268746548083136416e-01,1.278633197532134946e-01
1.262734872867073421e-01,1.256681504660813187e-01,1.262827781907732982e-01,1.261339813033913460e-01,1.261222375906813908e-01,1.257011273261905704e-01,1.259426508239425424e-01,1.259607299850399320e-01,1.262444251656275052e-01,1.256444091085047454e-01,1.248981263275468073e-01,1.253867453940272769e-01,1.245909810233663678e-01,1.264586921761358673e-01,1.262113048504013291e-01,1.255251758310057253e-01,1.270742142928182328e-01,1.262906616041851726e-01,1.257249169201247463e-01,1.257041823724542040e-01,1.257434204396975508e-01,1.257102010578550755e-01,1.254272273046483643e-01,1.263445582877864848e-01,1.257358626066235330e-01,1.256183941135059490e-01,1.261485312269338688e-01,1.260894107599924707e-01,1.258867829942443284e-01,1.256477074319354570e-01,1.264735333130732886e-01,1.255082393596817225e-01,1.251381131831328930e-01,1.257762124471566434e-01,1.249902940873556384e-01,1.255846312708173429e-01,1.259110721321719528e-01,1.256429511740562444e-01,1.264520969176055332e-01,1.254155333116389603e-01,1.254931030377454682e-01,1.256255690406905268e-01,1.263424038637821212e-01,1.248204268708276443e-01,1.248932064843447376e-01,1.256124371764023584e-01,1.253575752349856687e-01,1.255136713581187224e-01,1.253880676193684374e-01,1.259609624982785392e-01
1.246474028903857972e-01,1.246427696414560138e-01,1.242315429919164937e-01,1.240265601462317568e-01,1.243383305006018902e-01,1.241384399658804066e-01,1.243180116463558776e-01,1.239850532839561204e-01,1.239091550185593693e-01,1.240665452832176302e-01,1.243431214623895581e-01,1.250708919989507173e-01,1.233023648396338601e-01,1.238701755542017113e-01,1.239988793634811959e-01,1.241542538921817512e-01,1.240297863076388479e-01,1.243917989970893673e-01,1.245763364142187246e-01,1.242309467593910449e-01,1.243439685467575551e-01,1.233641635116660557e-01,1.234536977808366048e-01,1.243250486753032097e-01,1.238698006387629752e-01,1.230145764272840420e-01,1.244322433389112442e-01,1.233696875935039600e-01,1.242716616688718245e-01,1.234306819964816754e-01,1.246033833349262793e-01,1.240434468964154435e-01,1.242092460697950124e-01,1.244214833580818691e-01,1.243177693941328738e-01,1.236486650469155874e-01,1.237970148408899795e-01,1.233292787221233894e-01,1.244935881216669704e-01,1.239422765537578491e-01,1.243680857199654100e-01,1.241154120938857963e-01,1.242523186823900200e-01,1.239852764091588927e-01,1.243841532560345381e-01,1.237118043591080435e-01,1.242491296691299180e-01,1.244576314982709236e-01,1.237659303500962954e-01,1.241438217601181782e-01
1.220041697830677591e-01,1.221055353184459236e-01,1.218330237219850537e-01,1.218721528933463805e-01,1.218782414256232294e-01,1.214326126451499843e-01,1.226550267031980418e-01,1.227511184054513593e-01,1.216781140383397242e-01,1.219082486396592391e-01,1.221466963112188830e-01,1.215701387767110508e-01,1.224208201607762114e-01,1.226617013877518148e-01,1.226320537832771840e-01,1.227722853878470965e-01,1.230521029192254562e-01,1.224569691777794705e-01,1.228799370696116028e-01,1.224817198649326838e-01,1.221999779304589334e-01,1.227650405927058486e-01,1.226403282749438384e-01,1.219491375475325601e-01,1.216636865897846587e-01,1.218870645990568768e-01,1.231570081050294696e-01,1.218505514139071599e-01,1.224646285244743310e-01,1.219286511968749459e-01,1.233706466132862833e-01,1.230838236071577357e-01,1.219629041108821615e-01,1.221787988245960216e-01,1.221018652201861648e-01,1.225041322830873330e-01,1.223413720384359527e-01,1.214029418863314946e-01,1.213529666923036932e-01,1.232756305661453500e-01,1.213338679990541985e-01,1.224729484082355546e-01,1.219987850405145069e-01,1.223833141293956261e-01,1.223753103654370428e-01,1.224364412339510183e-01,1.219384528519776995e-01,1.222090517655500252e-01,1.220038187889870840e-01,1.221543607549478577e-01
1.198274615298012546e-01,1.206835126451763635e-01,1.204704272188553277e-01,1.203394526921972851e-01,1.198524166544867875e-01,1.197801555523683448e-01,1.193872033009943795e-01,1.195339483927194135e-01,1.203962392354406136e-01,1.208317383817558710e-01,1.197924709617811667e-01,1.196038988282583787e-01,1.206208635283350372e-01,1.197886173629703066e-01,1.206687281483300456e-01,1.199045174804723446e-01,1.201592435276324228e-01,1.204023272257892796e-01,1.201204401227529139e-01,1.208123193752071722e-01,1.202324128383257945e-01,1.203531606468200149e-01,1.209844842735312148e-01,1.205907461441460271e-01,1.203525838389296332e-01,1.203554260203214266e-01,1.201154026697610067e-01,1.202509893992404905e-01,1.204210676435740479e-01,1.209838186615440764e-01,1.197488096173498356e-01,1.198321251511244023e-01,1.206649507956100986e-01,1.201787488457324582e-01,1.209367261368496232e-01,1.198844553320841666e-01,1.201183694554303349e-01,1.206590783983205600e-01,1.196773595704811732e-01,1.205134373902598532e-01,1.205030105975814642e-01,1.194558323563847946e-01,1.199400379747874029e-01,1.199877499582531065e-01,1.198265574749989432e-01,1.204542979387455415e-01,1.202153275172231778e-01,1.199111150076859894e-01,1.199588020469630339e-01,1.209529405082477999e-01
1.188420683622033874e-01,1.183696222531583075e-01,1.179699395503623766e-01,1.182426471006907676e-01,1.179134227597583434e-01,1.179826746198116977e-01,1.188272127753420004e-01,1.186892294289862426e-01,1.174457353270193932e-01,1.184954138090580367e-01,1.186514492859478687e-01,1.174421900948617176e-01,1.185893649062351868e-01,1.190803625943606670e-01,1.181544704329324513e-01,1.186662303550472808e-01,1.181558754468162997e-01,1.176524236760490977e-01,1.182764306104551050e-01,1.181280217648236069e-01,1.180987661933562277e-01,1.179537680420184725e-01,1.185103795609871030e-01,1.193205961135690718e-01,1.178393006464973081e-01,1.185522693745319212e-01,1.178258231918147270e-01,1.177435853355136980e-01,1.182155190312324106e-01,1.181789920225210094e-01,1.184440403381682716e-01,1.176339986671951776e-01,1.180191393065695982e-01,1.176776497257869397e-01,1.179171078335203710e-01,1.188190722419254775e-01,1.186970131854567095e-01,1.184431355238787648e-01,1.172958428694473032e-01,1.184053111027140309e-01,1.189593731378935509e-01,1.183743035295142937e-01,1.177996766258406908e-01,1.186401298046267372e-01,1.177203094987187837e-01,1.178159961101608172e-01,1.179744519833214877e-01,1.172063611072973466e-01,1.175103961536948655e-01,1.188290757560657163e-01
1.153192107563303787e-01,1.160139331361383225e-01,1.169528687245216525e-01,1.166388547483925842e-01,1.161511517405319216e-01,1.165936899948795263e-01,1.151754004261986153e-01,1.161613250116873691e-01,1.162951917555112014e-01,1.161442664169718975e-01,1.162642243671698217e-01,1.160155014456677458e-01,1.171551782452830981e-01,1.162863736444810503e-01,1.154803540780600934e-01,1.170078172073990286e-01,1.157882552930001724e-01,1.155794660763596327e-01,1.163938334229549926e-01,1.167687976509841491e-01,1.158547847911018253e-01,1.153820723979932933e-01,1.163058552346982605e-01,1.164156949747748165e-01,1.167399541538206853e-01,1.163628025297112623e-01,1.160221015533994260e-01,1.156511689563990419e-01,1.158461318155013658e-01,1.162588167360345814e-01,1.158833210246630191e-01,1.160250093894833190e-01,1.163138027818921977e-01,1.165645364096166980e-01,1.158989679870372491e-01,1.165255359607645785e-01,1.166777729879026476e-01,1.153702173430666694e-01,1.162350873467767887e-01,1.160038441807102055e-01,1.161384580292962598e-01,1.158725738421415991e-01,1.155254502639881525e-01,1.165571816483991219e-01,1.163873668958557289e-01,1.161297169041501792e-01,1.156180882049437780e-01,1.161863403938270950e-01,1.159753630762251214e-01,1.169501018296897760e-01
1.140288432592868884e-01,1.135527352858023836e-01,1.125192193237145727e-01,1.135878826492052462e-01,1.137153322630690133e-01,1.137300377643123694e-01,1.136908253183642609e-01,1.143866361618476324e-01,1.139192648058517665e-01,1.137670389136802018e-01,1.140005401834862930e-01,1.139665925157862386e-01,1.140067534033461505e-01,1.130742460344689587e-01,1.146640062195151966e-01,1.140068926424170070e-01,1.147039470090829294e-01,1.146276453702291670e-01,1.143786309845565563e-01,1.143235928673665275e-01,1.139487919468475940e-01,1.138669283030586815e-01,1.130754717719882757e-01,1.137654288311461676e-01,1.136185337797317868e-01,1.140431652086524722e-01,1.143219757220679117e-01,1.136832868219357917e-01,1.145528516633556732e-01,1.147966643292292477e-01,1.136724527113970040e-01,1.141476805644445480e-01,1.134165356406077463e-01,1.138266126721055871e-01,1.138258333479830048e-01,1.153306595937552831e-01,1.154535024394626325e-01,1.139678588006917126e-01,1.134324809036977993e-01,1.134033453034282574e-01,1.146734527172208057e-01,1.138534060642465567e-01,1.139063221497361444e-01,1.141233772931098678e-01,1.140085074556425326e-01,1.149488801066304994e-01,1.135639807898875947e-01,1.141203071574068140e-01,1.143807882690140304e-01,1.145625901806495706e-01
1.109099960365381721e-01,1.119035521851015486e-01,1.117944979346197770e-01,1.118104252565369355e-01,1.117337872792722592e-01,1.122060208234043621e-01,1.115672769628184707e-01,1.114892899566747309e-01,1.119692676596795722e-01,1.113704007043520572e-01,1.118501484126666612e-01,1.108671438447267205e-01,1.122694663123195297e-01,1.121275467991901392e-01,1.121016879770839469e-01,1.111017820902256009e-01,1.122112067392257856e-01,1.123112222144095479e-01,1.124153990625903349e-01,1.116877448148784896e-01,1.118072107191117326e-01,1.122287159588426231e-01,1.121265797668044017e-01,1.113977557940191987e-01,1.116251675728715254e-01,1.125097331615218799e-01,1.120321329051157666e-01,1.121827409449909080e-01,1.118839640619542081e-01,1.119512429095634587e-01,1.115347750864164600e-01,1.116217439163172676e-01,1.116143338170589583e-01,1.125370110547092295e-01,1.112291569955838472e-01,1.119017489927241205e-01,1.119835527280705623e-01,1.116264432200636397e-01,1.117165892364712781e-01,1.122899537262060099e-01,1.111646414014155898e-01,1.117718094753090002e-01,1.113152482636668716e-01,1.121447877295083939e-01,1.111978159612798528e-01,1.117049984510937038e-01,1.119282890017610776e-01,1.122738259168664793e-01,1.111545535687608194e-01,1.110905853553138534e-01
1.097444350404959690e-01,1.084883214754341768e-01,1.094641795608337492e-01,1.089267320746707401e-01,1.091141168796587041e-01,1.097630330089648804e-01,1.093795150613589146e-01,1.085900439232801717e-01,1.099047090759189133e-01,1.098318563900981537e-01,1.099710915140207218e-01,1.089536970503991731e-01,1.099287286400162239e-01,1.099548493176147890e-01,1.090639402886223741e-01,1.092633250958327668e-01,1.094250908363098435e-01,1.093890228477162191e-01,1.098651967247198380e-01,1.093460407494240422e-01,1.098335783352795414e-01,1.099449493465729372e-01,1.095099552884120364e-01,1.088383337854789412e-01,1.095571982952606299e-01,1.099826370785138147e-01,1.095492894810920076e-01,1.088041073989772928e-01,1.095695244197729262e-01,1.100194613419037959e-01,1.090874054918556241e-01,1.101758178203701560e-01,1.098545883910182069e-01,1.098980362444751391e-01,1.091742981569134574e-01,1.093815828669998796e-01,1.090135600765120283e-01,1.087935079776797542e-01,1.088132181686303906e-01,1.090956058023994785e-01,1.092444480741868035e-01,1.083271078349222483e-01,1.092662414916042296e-01,1.088973225526407018e-01,1.095189742536278460e-01,1.096026463646815746e-01,1.098035987575980282e-01,1.088404376454047834e-01,1.096144817819347111e-01,1.079966191501825351e-01
1.069726842419605473e-01,1.061930177962989302e-01,1.070463804031327182e-01,1.055951688490624762e-01,1.065698378291644460e-01,1.065732348056722123e-01,1.073888693107442338e-01,1.061216355636933895e-01,1.068210797831577880e-01,1.068635382176451321e-01,1.066289550989325957e-01,1.070944632413944886e-01,1.068071628788378885e-01,1.074782364126895540e-01,1.070023860397844306e-01,1.072738080656931159e-01,1.071580584774563527e-01,1.072285480382418055e-01,1.064953020004351381e-01,1.075979533619236678e-01,1.080148243156344307e-01,1.075517476365992209e-01,1.070178911933067911e-01,1.076728476690298336e-01,1.074769927919999313e-01,1.077851163267633805e-01,1.066728847881808495e-01,1.071060215351964801e-01,1.068714235880032087e-01,1.059061055320825451e-01,1.067124005086685784e-01,1.065236437712278328e-01,1.067231946041782426e-01,1.065694141639291492e-01,1.071663280860764567e-01,1.074832693181585752e-01,1.075317946761800147e-01,1.064880871725488870e-01,1.069838334659467816e-01,1.078040319547563380e-01,1.071211060145245003e-01,1.075906909473929862e-01,1.071430503462767608e-01,1.067065904989482894e-01,1.070132110642071366e-01,1.069854374584923024e-01,1.062611776163026045e-01,1.072735803041268837e-01,1.065937661479408188e-01,1.055699055994093610e-01
1.042169153925722042e-01,1.041003434915680204e-01,1.043887300483928304e-01,1.051490496148152765e-01,1.052633747954615506e-01,1.053121267602210032e-01,1.048009999894306959e-01,1.046381629811395375e-01,1.040383611975554679e-01,1.041336683793614021e-01,1.042446829815590892e-01,1.045249758341242896e-01,1.042132259901081270e-01,1.052489922882931667e-01,1.049683544596924922e-01,1.044839617453556385e-01,1.035475304070045954e-01,1.049087228187205317e-01,1.049355161318486496e-01,1.042439055075750354e-01,1.049568048951914634e-01,1.036677012176932672e-01,1.049281581001293567e-01,1.035735337581413507e-01,1.042166060347749917e-01,1.042112582336702509e-01,1.047678353669049961e-01,1.034719572898548795e-01,1.055826409506029212e-01,1.050381514971155672e-01,1.041354107056828709e-01,1.039874699794619550e-01,1.047923278405365477e-01,1.041706693450108467e-01,1.039827539237000997e-01,1.044936078272098862e-01,1.038591206458023275e-01,1.049040790334717782e-01,1.043567285244524773e-01,1.038442469232063597e-01,1.042570769020389476e-01,1.050745895249263206e-01,1.043146499064696031e-01,1.045711320881018563e-01,1.045439807093639512e-01,1.050048124963729179e-01,1.039085814976078020e-01,1.042295741028156780e-01,1.039902628623080583e-01,1.047045477244384210e-01
1.017260614957300607e-01,1.022668752854837410e-01,1.025538400469756251e-01,1.018053710587999150e-01,1.028116928115897083e-01,1.020953106365297680e-01,1.021579243018773120e-01,1.021804415449279746e-01,1.012364269946660900e-01,1.016414043798825745e-01,1.027279847379466426e-01,1.024519543228568919e-01,1.015855357450745622e-01,1.022523704018385993e-01,1.017073435097709116e-01,1.020073083396432906e-01,1.020702607945829371e-01,1.018651258426305772e-01,1.018296434416189888e-01,1.014167838905185998e-01,1.022860962110878069e-01,1.021278304508705104e-01,1.012892448652689820e-01,1.015073308009676045e-01,1.023691006249431573e-01,1.012952926123460995e-01,1.020697980699449559e-01,1.017165085317206369e-01,1.009781241517584971e-01,1.020032389954028257e-01,1.003214402632963964e-01,1.017072979982371339e-01,1.019051868671796007e-01,1.019855559696362240e-01,1.016559446310151271e-01,1.015125935160424292e-01,1.022038962691752262e-01,1.018365219662931975e-01,1.018212077708444963e-01,1.020829444412691134e-01,1.021712561300463368e-01,1.012470640908367664e-01,1.028945234608440451e-01,1.026251997545587630e-01,1.018559155845271263e-01,1.018150870465235197e-01,1.011454624055325158e-01,1.024196972327422739e-01,1.009732806458180088e-01,1.021458057644319684e-01
9.870956535745821492e-02,9.925065323040678511e-02,1.006539546111188677e-01,9.931043664187991227e-02,9.927725066550423250e-02,9.979289839582694555e-02,9.792724207849287654e-02,1.004039072483677991e-01,9.979577079044804622e-02,9.905820874741473603e-02,9.879068874818952573e-02,9.885106516695835177e-02,9.802944728296536514e-02,1.001185422492580496e-01,9.934243485673484308e-02,9.919514318117818308e-02,9.974734686994954358e-02,9.872644337277025617e-02,9.880731588293716061e-02,9.984125474940944156e-02,9.867914178079660592e-02,9.929154935947562266e-02,9.781222294227266689e-02,9.818599199732135074e-02,9.946289761215995617e-02,9.882620757547959378e-02,9.894082707328251403e-02,9.921070003482734823e-02,9.917189260245337645e-02,9.912571750281608252e-02,9.895403081020807956e-02,9.920243806157970357e-02,9.814686921337881231e-02,9.849566615527631519e-02,9.859232052800023793e-02,9.845669621306214758e-02,9.945283203199545285e-02,9.900439593385768067e-02,9.918460722665063678e-02,9.900502256475202101e-02,9.885690689698091449e-02,9.900445521722668618e-02,1.000895985407256605e-01,9.826736241767669577e-02,9.895189359754182068e-02,9.887926066182359253e-02,9.935187821454442847e-02,9.916034107496725369e-02,9.978516482753641004e-02,9.951658649661361544e-02
9.582364176127144972e-02,9.593121635756084176e-02,9.622340638823725922e-02,9.628184986023953507e-02,9.625324767832667272e-02,9.630908600289631027e-02,9.541404824672333751e-02,9.654006420642796682e-02,9.654897447973657953e-02,9.538080865817194498e-02,9.611217584273051839e-02,9.576405854794646511e-02,9.655686371895939868e-02,9.637554999893137297e-02,9.611612718368582609e-02,9.591124512502868793e-02,9.650965132599491347e-02,9.622892931966083030e-02,9.615341693034190618e-02,9.665109758662300543e-02,9.606914720072631808e-02,9.725585771810454916e-02,9.679734462159658714e-02,9.644386107775861083e-02,9.573358110117562159e-02,9.566265595621910311e-02,9.520850206011904904e-02,9.655579665846167337e-02,9.614621168343373547e-02,9.632898035576484275e-02,9.651093842248610610e-02,9.566188270191530729e-02,9.663738245529479576e-02,9.669061945913796918e-02,9.661598566663236187e-02,9.705088947281577394e-02,9.531481505685311661e-02,9.605227959628609424e-02,9.655674958532414753e-02,9.643999884173816428e-02,9.638171112479521074e-02,9.706470536215958123e-02,9.677336625402012393e-02,9.650790777048448565e-02,9.651990605121461841e-02,9.634088044127894768e-02,9.637519561420854197e-02,9.643164144052571163e-02,9.609383477316374433e-02,9.648098575679683875e-02
9.240642334819865189e-02,9.360971454908866007e-02,9.332310668093773964e-02,9.247536900842093233e-02,9.325736463230416273e-02,9.320209620204475409e-02,9.348063331123317166e-02,9.314242814134539306e-02,9.302977782101200244e-02,9.183199625640152408e-02,9.427221626448928360e-02,9.309939371232983651e-02,9.416813557595074546e-02,9.391706277822477189e-02,9.349061593468678544e-02,9.316951422636347846e-02,9.420511666854483601e-02,9.334761912642623727e-02,9.319485564987736725e-02,9.325306775758462896e-02,9.271306290012104601e-02,9.374476049156718616e-02,9.369308463211763194e-02,9.430904431678163724e-02,9.313324095802473501e-02,9.360637076272919355e-02,9.365059127072515588e-02,9.358610376596843139e-02,9.408729372802238089e-02,9.256063371551789820e-02,9.276496642443241014e-02,9.316192873591169765e-02,9.329536837169127850e-02,9.321308547476717110e-02,9.375050091417382048e-02,9.327048097637553881e-02,9.323293374899650765e-02,9.450218232417405273e-02,9.299763334507794854e-02,9.323504095202948816e-02,9.336180446290448520e-02,9.247597581399821798e-02,9.360703169327018458e-02,9.322429748296076624e-02,9.342390435819698802e-02,9.374530658348242951e-02,9.297554325892613825e-02,9.370513119084646070e-02,9.299395340295686652e-02,9.307528645466543737e-02
9.064859652921881950e-02,9.018550907112157788e-02,9.015656326425956768e-02,9.110998179051744972e-02,9.100052769864630520e-02,9.035567922937010055e-02,9.038066993611014455e-02,9.028353736669297858e-02,9.091416533910842701e-02,9.012090961783549015e-02,9.014779494187505349e-02,9.052119017549317692e-02,8.997558920083224832e-02,9.015533300995752508e-02,9.031958726080178967e-02,9.072559880468425431e-02,8.958767959927334268e-02,8.998401529634821039e-02,9.056651437072217592e-02,9.121987210624313280e-02,9.022855754639300119e-02,9.097067103449833769e-02,8.952252317442553620e-02,9.151509235272661802e-02,9.035008439687304549e-02,9.035495534282024510e-02,8.983276280237173506e-02,8.976439439822771205e-02,9.023286735560470673e-02,8.987456774617155753e-02,9.068175655594955253e-02,8.982203116043244173e-02,9.011350595783343409e-02,9.097606334159122343e-02,8.992363723042320900e-02,9.022692818111825719e-02,9.104129036934108243e-02,9.075910535661368961e-02,9.041182241148414123e-02,8.929181674918591771e-02,9.051855205734524179e-02,9.030307614957096274e-02,9.011916854132387411e-02,9.082874154673285794e-02,9.090926359866040307e-02,9.040606290787474297e-02,9.085132161801801054e-02,9.069538321909595413e-02,8.997111208264019222e-02,9.011567471039200194e-02
8.729732438992575394e-02,8.722566289648260585e-02,8.645761313783272006e-02,8.711374218175020612e-02,8.742475549692520220e-02,8.726334192070275830e-02,8.788247628044078275e-02,8.654072966872898565e-02,8.662718407898643835e-02,8.793094709456307501e-02,8.739818560986180318e-02,8.691893992392767110e-02,8.849269969951495396e-02,8.716795274169765462e-02,8.715340153146297619e-02,8.743999947797444217e-02,8.657852212035166417e-02,8.669643857140363341e-02,8.708225991945114930e-02,8.756067054802192662e-02,8.780747507284429598e-02,8.783267121378417197e-02,8.675123953085121797e-02,8.693987465679685334e-02,8.710517618755281299e-02,8.780569861690565303e-02,8.822905934419425500e-02,8.683900685452967949e-02,8.630211571179911834e-02,8.720989526483893806e-02,8.730553690457382165e-02,8.797801240580953308e-02,8.694248207575221155e-02,8.740758144119771533e-02,8.771456906273905618e-02,8.764676500364998457e-02,8.716488859844161163e-02,8.684491743964932453e-02,8.746815424866720423e-02,8.659207932572424160e-02,8.743046249317382168e-02,8.745115021792625176e-02,8.697278015952401853e-02,8.756058649071737920e-02,8.713885444602650909e-02,8.634196794040116529e-02,8.647298160087493746e-02,8.737654733667298002e-02,8.697783042820585175e-02,8.724142630106142271e-02
8.406259487677937570e-02,8.534761753437768161e-02,8.440499563628246771e-02,8.299064256702703979e-02,8.479869274543963553e-02,8.344264723270615469e-02,8.492489361725012731e-02,8.390426719461614724e-02,8.427159086687144307e-02,8.455021950183497226e-02,8.494094321171705153e-02,8.379325209907467764e-02,8.390199330093683905e-02,8.411023365182232481e-02,8.406202228051316838e-02,8.400205576089028736e-02,8.359275198520112193e-02,8.425869546031926338e-02,8.461601007432555110e-02,8.329877565010132545e-02,8.357174011153467585e-02,8.319998908227918544e-02,8.387561612074975748e-02,8.428288416183669918e-02,8.281081755755209661e-02,8.276254086977696822e-02,8.379984988289564118e-02,8.380371402614361642e-02,8.329114146448055034e-02,8.413315279406180514e-02,8.364084090695930729e-02,8.445464660648575872e-02,8.414984221745147597e-02,8.431104669414234143e-02,8.357035582946710506e-02,8.317199819501669422e-02,8.400895267587650539e-02,8.373227836337600316e-02,8.430273660666040558e-02,8.398948578542123067e-02,8.483665696313195947e-02,8.404051524402543494e-02,8.393858168287612886e-02,8.568453231409264848e-02,8.395602305904494023e-02,8.433623527799281872e-02,8.421277169999277779e-02,8.315528638190795852e-02,8.442385092884271969e-02,8.352081921580603585e-02
8.158185857679156605e-02,8.105697108629934811e-02,8.047558307708661818e-02,8.140373721346631786e-02,8.034649312056353632e-02,8.020182424232080720e-02,8.186797940691761810e-02,8.041683235064255031e-02,8.129788173657531702e-02,8.111334663703953507e-02,8.037654595493030907e-02,8.045801767647431380e-02,8.052044953309475672e-02,8.033181923221750786e-02,8.080866829090847803e-02,8.157104137112096420e-02,8.076297822938942328e-02,8.151303572909712747e-02,8.080399801280753469e-02,8.141301346123389071e-02,8.066320207738708614e-02,8.151991203442876532e-02,8.109756604239574951e-02,8.089400521554070134e-02,8.103360441847372309e-02,8.109809136062004487e-02,8.115904600371566524e-02,8.069458126382683671e-02,8.033649107288987068e-02,8.123648668462923883e-02,8.019438866887480810e-02,8.129827939677912452e-02,8.126358537952756145e-02,8.010782943090327679e-02,8.141195367442710662e-02,8.098809136724743896e-02,8.084982400275408931e-02,8.104146762493165401e-02,8.068973607925987446e-02,8.113608236951565245e-02,8.039875408735377982e-02,8.043614192122398865e-02,8.074801816144505651e-02,8.046834059907607972e-02,8.079423290581469463e-02,8.021932720576653575e-02,8.067447703318489372e-02,8.098578277446775997e-02,8.109721653267204511e-02,8.104461944292339071e-02
7.633333606166031737e-02,7.699097143257917220e-02,7.838823837316262477e-02,7.800048297068763736e-02,7.734918732054608947e-02,7.736885462374340494e-02,7.698738222214962512e-02,7.641832226121077210e-02,7.704755442193617077e-02,7.755985763100847752e-02,7.679057486093698870e-02,7.755725155527387615e-02,7.660049662899676148e-02,7.660386978343895759e-02,7.837161383144117255e-02,7.797369011126868699e-02,7.697186882910599104e-02,7.806085525472973574e-02,7.762216562350995885e-02,7.735924306388143601e-02,7.670413713524305843e-02,7.754262243080561889e-02,7.770981582866884341e-02,7.689556470400109311e-02,7.661863560310658294e-02,7.796019819725827360e-02,7.689274514711377795e-02,7.709408624318397907e-02,7.782893813968154439e-02,7.750504431853982856e-02,7.742571048713565995e-02,7.793926428382620675e-02,7.706259437530316170e-02,7.680567491077690268e-02,7.722730350682399658e-02,7.655749441220056906e-02,7.774753129367430182e-02,7.721367656433085480e-02,7.750330390482183807e-02,7.706246890451486087e-02,7.785498512597893717e-02,7.692551093704731724e-02,7.722820401353241992e-02,7.641648734654983566e-02,7.747096704657631394e-02,7.771117300132229788e-02,7.766458947053123119e-02,7.881689397877221503e-02,7.688422900066496646e-02,7.809750019372940777e-02
7.253827661682411831e-02,7.344226256790493956e-02,7.435429520144176685e-02,7.356466692061455759e-02,7.429652379538424778e-02,7.480003505565858968e-02,7.345901261401960314e-02,7.320199494092007042e-02,7.279781677636774917e-02,7.368253037689709295e-02,7.466226286511001842e-02,7.392255021305227380e-02,7.388290945774002305e-02,7.396033427454015707e-02,7.395241201575787626e-02,7.435696559715312959e-02,7.350651015425530010e-02,7.424812745262657221e-02,7.373489168885714873e-02,7.393606741182207065e-02,7.465542583860494685e-02,7.324384516608864470e-02,7.371733305485736465e-02,7.502883465124662865e-02,7.299408886265869312e-02,7.419484272586993057e-02,7.394278718599686662e-02,7.347805142280212920e-02,7.408432383705951252e-02,7.394632895035629927e-02,7.337039241758894215e-02,7.421349951385086685e-02,7.452046058246435123e-02,7.415656610358843659e-02,7.438467656050860854e-02,7.410400330951605330e-02,7.394145037610720672e-02,7.402970104595249512e-02,7.368157464151910141e-02,7.228032725916166967e-02,7.441350231390540804e-02,7.442176749547481374e-02,7.417866900662799245e-02,7.321512511342047336e-02,7.406008523774687546e-02,7.433854142861369418e-02,7.422044498873045515e-02,7.447003618103138767e-02,7.401342406260391638e-02,7.339200531588793708e-02
7.065540954968722864e-02,6.978315851551565585e-02,6.975531029781174841e-02,7.025530001375107636e-02,7.128992724755660315e-02,6.925219970883553233e-02,6.995938064935409983e-02,7.107503351361893484e-02,7.017373888900739487e-02,6.977414378350541013e-02,7.091104313370098777e-02,6.984750318009039227e-02,7.141896126496066755e-02,7.090721719019815739e-02,7.062694157309126752e-02,7.034280376234271215e-02,6.978523914325476807e-02,7.039685407805333639e-02,7.079696912906147110e-02,7.119199152126601260e-02,7.022301650168298603e-02,6.975235504941042219e-02,6.987333521198955955e-02,6.976518776751559903e-02,7.102740635818768911e-02,7.034627582036798166e-02,7.044612583117300375e-02,7.084971450247624924e-02,7.007663337233771550e-02,7.028256966115425941e-02,7.037606249694954019e-02,6.943552168404705516e-02,7.100398419004202988e-02,6.967233084273952159e-02,6.975480483187752878e-02,7.033626642459551992e-02,6.955774780016070469e-02,6.968801143758679428e-02,7.022108910766872159e-02,6.955488368686642275e-02,6.956710366617141483e-02,7.026559238945244423e-02,7.060362628972090271e-02,7.037779718616629654e-02,6.949826435532419078e-02,6.938808598352887158e-02,6.952746070687694513e-02,6.994545083902461990e-02,7.034792670805209425e-02,6.894664569294237100e-02
6.642848239914755926e-02,6.640768956119751099e-02,6.656047790585301049e-02,6.619253098443408923e-02,6.636513298115698234e-02,6.643201708862078725e-02,6.608313936583841419e-02,6.552446220820480616e-02,6.559279691799847767e-02,6.592823626817924387e-02,6.657530278274149949e-02,6.619819292784621945e-02,6.749977962729276915e-02,6.594501588083782895e-02,6.696811099765966058e-02,6.566312974436236405e-02,6.800113666315525662e-02,6.665641246207033854e-02,6.699908233549209391e-02,6.777544992742180752e-02,6.722323737081351003e-02,6.704976557823505434e-02,6.563551110470938754e-02,6.670985036744898899e-02,6.656901619280600202e-02,6.607052842575635021e-02,6.777753613754380901e-02,6.609843625593138372e-02,6.624228539845898600e-02,6.625420026176649657e-02,6.677922195428032115e-02,6.626619956504943565e-02,6.657448652893481478e-02,6.613523402813001328e-02,6.652574807491382081e-02,6.603281643245881294e-02,6.616925430730086211e-02,6.704614037254386094e-02,6.673811485002673072e-02,6.649554135172271174e-02,6.626673627317927751e-02,6.616681803378031412e-02,6.700070498583042544e-02,6.606597305480463311e-02,6.609836936162882814e-02,6.647585848934042807e-02,6.668981620001752930e-02,6.669726759636536439e-02,6.725626968963079044e-02,6.529949677813504105e-02
6.214205193633128704e-02,6.338831836181534063e-02,6.255033195805748125e-02,6.281633209272398377e-02,6.277890198320019988e-02,6.246454514903478777e-02,6.260488851523661469e-02,6.157334084721591272e-02,6.245639978123347646e-02,6.264660611697754622e-02,6.239743312526888769e-02,6.374793937020327428e-02,6.361693118865931196e-02,6.318181448425130853e-02,6.373966150528515007e-02,6.242320278281073692e-02,6.167143034825973980e-02,6.237963404255539995e-02,6.251162420833118738e-02,6.259234516209302712e-02,6.271227329616063662e-02,6.324273878837501084e-02,6.242237125155927074e-02,6.278498143343766436e-02,6.156353333727877103e-02,6.262289652091004855e-02,6.301972746509590384e-02,6.217787583859261252e-02,6.301962473740299608e-02,6.285993440777158658e-02,6.266697911025122247e-02,6.279280558244505761e-02,6.246919559895610513e-02,6.229639547673860439e-02,6.294667818180184338e-02,6.235183996997049199e-02,6.259684149139667364e-02,6.305638881953665176e-02,6.221419918717761843e-02,6.288397711858834116e-02,6.264921441545531766e-02,6.162225774944121715e-02,6.312638884575687281e-02,6.167629543347775967e-02,6.280076217679202155e-02,6.307999751261318677e-02,6.207881681830611925e-02,6.256803815156070092e-02,6.195596614392458179e-02,6.254414084459876400e-02
5.938465997758519965e-02,5.879653158520058848e-02,5.903033414199541223e-02,5.854800444279894406e-02,5.797933371782380829e-02,5.791520628701127965e-02,5.807900775476337180e-02,5.905333090490074571e-02,5.771189903430114926e-02,5.888132480061283175e-02,5.817289532247042066e-02,5.857682367602833756e-02,5.874197668499310521e-02,5.843149513050168581e-02,5.952322808600310489e-02,5.881158464932235291e-02,5.863099095225079993e-02,5.783993216961637318e-02,5.848229252375105464e-02,5.827995476204032160e-02,5.831111396872040026e-02,5.868743059067128842e-02,5.827904327070584228e-02,5.913707419295887585e-02,5.892985861787449625e-02,5.862260180347361044e-02,5.888659082539379752e-02,5.858529834031955819e-02,5.840923534873532219e-02,5.854111160019476179e-02,5.889220301177598010e-02,5.887300800739434653e-02,5.917755670501285287e-02,5.930574171985634330e-02,6.012468665881253588e-02,5.856864825548573072e-02,5.855830679333679650e-02,5.852563640683308005e-02,5.945835547904687601e-02,5.828681171692356305e-02,5.917669501746100624e-02,5.877186701877373798e-02,5.857966233653939814e-02,5.878253191486106088e-02,5.888254637592627017e-02,5.907569840204900807e-02,5.780505558927812038e-02,5.858711791514675804e-02,5.879400117689452532e-02,5.833260133402383418e-02
5.419483029902971705e-02,5.451765474457445637e-02,5.444002298347416779e-02,5.404357677780010499e-02,5.462140215017306094e-02,5.474924545514852497e-02,5.472725587276220521e-02,5.483506992957169063e-02,5.327201583954396802e-02,5.475154003649619627e-02,5.467987428871702582e-02,5.414627033549474638e-02,5.480877295713644515e-02,5.448681625334623330e-02,5.433508063383277881e-02,5.473935740982640435e-02,5.561690727112581639e-02,5.472458079202226211e-02,5.604158526736433693e-02,5.557214404087686827e-02,5.522180061646097399e-02,5.562622645195286486e-02,5.545659705067884637e-02,5.481089568490053743e-02,5.453845976146612373e-02,5.507114371458123048e-02,5.392234124582283988e-02,5.427180822089903989e-02,5.566982713119255494e-02,5.468038600981289105e-02,5.441691784091268191e-02,5.356849788114530220e-02,5.400357015085428813e-02,5.479656065958338207e-02,5.495922025077344675e-02,5.477735875254113179e-02,5.442322787286837937e-02,5.515991759870475519e-02,5.407938048126165881e-02,5.472244421607531245e-02,5.494446701510999342e-02,5.482586153599168510e-02,5.504350230932322091e-02,5.487309613399157793e-02,5.436404434659367763e-02,5.478742505715621797e-02,5.442568174634497546e-02,5.543654046499639498e-02,5.429788870916883725e-02,5.476805876462099987e-02
5.012605698065843857e-02,5.112745730631656355e-02,4.998095255185998342e-02,5.048231406379997954e-02,5.054151373836503897e-02,5.028160092524396052e-02,4.994202714647707347e-02,5.028343013313611720e-02,5.090298462893088488e-02,4.928286703853886064e-02,5.028811558925173203e-02,5.137064798286234552e-02,5.063201513474394760e-02,5.043308712140188305e-02,5.102895930015904219e-02,5.118820715033986501e-02,5.066862668818593318e-02,5.114240936197422122e-02,5.056571773825593863e-02,5.072976512857695075e-02,5.073136253198456264e-02,4.997177943985215559e-02,5.047760699268924456e-02,5.074826055824282339e-02,5.028724720374008750e-02,5.097453238322184610e-02,5.045261358605737656e-02,5.089406103527460007e-02,5.074573727647831156e-02,5.121342336222478586e-02,5.006156259627067562e-02,4.925131265632330668e-02,5.193043970365298495e-02,4.928178113356839612e-02,4.979597917126320911e-02,5.042951594918673036e-02,5.034284264222738808e-02,5.031810963219012639e-02,5.045155897246868248e-02,5.089333772450085891e-02,5.055244023346081722e-02,4.944613238747187778e-02,5.090361561753892899e-02,5.042270704084650390e-02,5.128076711879396565e-02,5.146099310544786920e-02,5.113345887768686732e-02,5.037039487753165734e-02,5.112339724451247375e-02,5.095668082545109362e-02
4.607840585194557248e-02,4.536324297931985938e-02,4.605206787611996339e-02,4.595793431043324745e-02,4.620970660525789558e-02,4.664728216712252934e-02,4.663633497824199586e-02,4.638922281730797903e-02,4.532381304406998129e-02,4.640335489822845078e-02,4.633297323199715712e-02,4.543618496238699400e-02,4.590389623656504492e-02,4.649030426568232649e-02,4.664780044082019600e-02,4.622532637754026008e-02,4.626640457356926556e-02,4.645154282787990890e-02,4.682799137170982895e-02,4.602395450039521718e-02,4.728454022523859157e-02,4.611442069616627365e-02,4.674009352067149542e-02,4.572940633163950774e-02,4.646123172737368773e-02,4.647276358946205582e-02,4.472292177464906593e-02,4.725935905133415299e-02,4.614243358158662961e-02,4.571357334417094909e-02,4.577429204712245986e-02,4.646840883012798989e-02,4.586428934445147682e-02,4.680212476403593919e-02,4.560851220842641884e-02,4.598022997972343873e-02,4.729699148750394350e-02,4.643033866515067221e-02,4.637067582293891849e-02,4.531988409118537647e-02,4.671579907139552373e-02,4.560794385540304502e-02,4.646456656371823757e-02,4.619960664684019669e-02,4.689916929279257934e-02,4.742303338757202641e-02,4.582331392973431478e-02,4.618332619769507930e-02,4.623421335833807766e-02,4.549236778706362144e-02
4.127528737037687578e-02,4.203364868295828005e-02,4.130510475278963839e-02,4.237243653220133105e-02,4.147012320999549778e-02,4.150160301946997227e-02,4.139889390672046865e-02,4.142314034015963375e-02,4.219566679313972030e-02,4.213935871994241300e-02,4.174710987933747536e-02,4.048489109804133401e-02,4.125663183737139639e-02,4.221370381108398295e-02,4.142077266199126889e-02,4.157412439848396507e-02,4.251944149262008865e-02,4.160870953701247682e-02,4.206647528634530758e-02,4.154438719611867198e-02,4.185495055072731285e-02,4.194782795270902281e-02,4.121474177544474232e-02,4.142887977282955214e-02,4.056277842524703275e-02,4.239648362818090183e-02,4.208803816941774495e-02,4.107036337969586365e-02,4.186156402489309147e-02,4.072336935304307626e-02,4.232196694392501013e-02,4.122636773822677125e-02,4.226390585162010521e-02,4.174974532422735807e-02,4.160892970231001159e-02,4.162045252304526211e-02,4.195449400818203334e-02,4.092449044976419203e-02,4.101224921115068783e-02,4.113779944909976005e-02,4.192708104510016465e-02,4.049761513062988955e-02,4.128525619832501548e-02,4.139915343192158981e-02,4.066014337952658653e-02,4.194214511065545714e-02,4.177937929059281907e-02,4.080484000801906652e-02,4.172670106171448567e-02,4.136873446547346261e-02
3.698623971773267599e-02,3.721651477789686413e-02,3.694104497171539492e-02,3.723161054124241032e-02,3.742357222674055212e-02,3.730040102734226426e-02,3.721934313034829661e-02,3.641938968824318112e-02,3.609165592661292554e-02,3.665147794296420153e-02,3.623418658910786821e-02,3.666050518195140134e-02,3.694266052269345318e-02,3.683871972890317981e-02,3.651367659844013958e-02,3.678871354739268046e-02,3.692852490741712485e-02,3.702809813982642362e-02,3.797262053149140504e-02,3.704289142021165160e-02,3.679181941442657283e-02,3.641807754904009820e-02,3.701666355951579307e-02,3.584536257673915510e-02,3.586292596744359434e-02,3.675385003548315571e-02,3.818083780069948113e-02,3.699676298938869845e-02,3.672882237009120199e-02,3.650711163777776297e-02,3.754015537522290002e-02,3.691429729219296990e-02,3.651513567207187450e-02,3.765238816181270404e-02,3.748527520365157323e-02,3.673216492650308723e-02,3.679462210478381262e-02,3.670020104087428486e-02,3.656167442893037967e-02,3.668727679395103469e-02,3.659893928773709504e-02,3.740102470161999620e-02,3.768713899917373183e-02,3.606554258150055509e-02,3.640865140084002111e-02,3.645081904174696935e-02,3.680670667221702663e-02,3.683508575942939095e-02,3.671271381270312106e-02,3.637111617546517905e-02
3.072103515980128402e-02,3.144554984284154281e-02,3.233768735561699803e-02,3.148722059007774687e-02,3.225062909736245431e-02,3.266511627279969354e-02,3.127717174842659098e-02,3.142537485836846556e-02,3.220927695733204893e-02,3.178787842945277053e-02,3.238923820932892994e-02,3.189950493470243564e-02,3.281093625966162441e-02,3.193290909997602983e-02,3.281689453942324142e-02,3.272356938435353607e-02,3.224876706798165960e-02,3.178262344703049885e-02,3.159271544877347709e-02,3.223427685676102245e-02,3.233603136537979705e-02,3.100423519543127684e-02,3.278157710158649540e-02,3.189937383414841177e-02,3.223864124610432980e-02,3.143188669815737135e-02,3.303349165250538816e-02,3.173841885207638602e-02,3.161718293261819857e-02,3.213851544787978132e-02,3.154287029721498936e-02,3.125066865219411349e-02,3.247119299955408822e-02,3.197544089274313717e-02,3.277669459774185806e-02,3.207278166171925737e-02,3.176008810554646622e-02,3.241961993557303245e-02,3.245044449028326727e-02,3.280728637432952371e-02,3.176656344007847133e-02,3.283407847888363679e-02,3.263496871040033609e-02,3.175097874543663518e-02,3.196764094433236086e-02,3.185374848828236016e-02,3.308316322894514633e-02,3.308220772898651241e-02,3.230293305156706901e-02,3.165218755515742527e-02
2.674723080312737741e-02,2.647252098043207519e-02,2.784835268629407348e-02,2.744776183527105479e-02,2.716306824131725639e-02,2.744038392323897707e-02,2.715613424713194876e-02,2.657273103928051855e-02,2.639837705754204122e-02,2.723446331497272888e-02,2.726611095166944429e-02,2.619203149363402358e-02,2.718859241629820872e-02,2.673793841331520774e-02,2.766886037413734262e-02,2.751000125028208593e-02,2.715084863928015138e-02,2.754766378114803516e-02,2.699888390122536994e-02,2.730529207084977233e-02,2.675917561029026934e-02,2.705904856011052614e-02,2.693970975875944682e-02,2.662576050800551791e-02,2.696739076212591527e-02,2.654987612145309761e-02,2.653216456865678530e-02,2.759870845525181499e-02,2.674286305593607388e-02,2.654629030229094938e-02,2.646949067502598826e-02,2.695853242187434481e-02,2.613263772620034314e-02,2.748335801305634707e-02,2.739865556644171737e-02,2.807580536395191256e-02,2.669097661638569763e-02,2.710767071980072981e-02,2.756838979197976519e-02,2.648399106850438112e-02,2.675210961127540144e-02,2.758331587154920841e-02,2.676554378258489894e-02,2.664230283414319167e-02,2.678051665586784688e-02,2.786153414288757013e-02,2.651377098705852767e-02,2.710213148075832704e-02,2.684128601409966133e-02,2.702217734013648287e-02
2.183526975007510015e-02,2.174162069870704678e-02,2.198519751621218904e-02,2.172537086177974211e-02,2.158878605801987233e-02,2.210631486985024929e-02,2.159408111951212697e-02,2.167130606156605216e-02,2.278258039440626478e-02,2.190725685715495114e-02,2.221496241167434174e-02,2.158457726123782019e-02,2.178309598473628789e-02,2.196297880393449642e-02,2.221629805103841546e-02,2.246621506568077450e-02,2.172492194273059965e-02,2.206492170021268767e-02,2.192090619511944533e-02,2.162875623986272242e-02,2.201850983280543780e-02,2.248743153990183721e-02,2.143142086707145941e-02,2.118959213624698953e-02,2.189349114321660281e-02,2.145206432080964953e-02,2.140469510413603449e-02,2.189819052224745502e-02,2.192911818968209733e-02,2.191251017932725753e-02,2.182105271269369276e-02,2.172979322483618164e-02,2.117541699458459423e-02,2.228570467647798467e-02,2.246477275557931877e-02,2.194771224555380415e-02,2.160760848328428796e-02,2.153014081479577221e-02,2.177396158509562613e-02,2.177311427547739403e-02,2.168077314564247071e-02,2.211528957610500723e-02,2.193115727102046622e-02,2.216977800718293937e-02,2.166241637231174424e-02,2.233668905761963114e-02,2.216235646901112966e-02,2.164235602710382761e-02,2.097475057536463475e-02,2.246322075232499993e-02
