2.369721267379430209e-03,2.382518270206249872e-03,2.366346999562531344e-03,2.362416273006011889e-03,2.373917245028237411e-03,2.362167862765053930e-03,2.361951233017259288e-03,2.369702379350762181e-03,2.359095758502586983e-03,2.364532711404970008e-03,2.369097899747512736e-03,2.365243124615269005e-03,2.360556784332045691e-03,2.372409893533271481e-03,2.372787485554269434e-03,2.365791276615011179e-03,2.367449912071948118e-03,2.363241815058083391e-03,2.362520457451030512e-03,2.367310285965414617e-03,2.359570567164368492e-03,2.374376766328269595e-03,2.372460302289277657e-03,2.363949197333985695e-03,2.366222936749062290e-03,2.360847238495345553e-03,2.366827230929182194e-03,2.369737155022963015e-03,2.367768445814405921e-03,2.360356988485644986e-03,2.368484897718412755e-03,2.365881944655854642e-03,2.352748116368426172e-03,2.357509746260671567e-03,2.367361531068462328e-03,2.377764025633585191e-03,2.357499178015836760e-03,2.370665769931500598e-03,2.359729959423955727e-03,2.365119759002339440e-03,2.363614829396042290e-03,2.358837444215442988e-03,2.352201279521213412e-03,2.369430766620980733e-03,2.370680384489475424e-03,2.362321349682137105e-03,2.360779543128983544e-03,2.357153920276266936e-03,2.367567665531591752e-03,2.357846325491653842e-03
2.364523244761359937e-03,2.357231800445697568e-03,2.360775501798308487e-03,2.369921540775974875e-03,2.370957774295319193e-03,2.358367645288827249e-03,2.360508004018304663e-03,2.371415705870223364e-03,2.361741410510672864e-03,2.354492631132635433e-03,2.372716081326059143e-03,2.374692766246181818e-03,2.355648685197268399e-03,2.372804869247892474e-03,2.362772880818784192e-03,2.374497293887725506e-03,2.360689563690261585e-03,2.367248700662065442e-03,2.357005276226561714e-03,2.365454598724967949e-03,2.363146286462293553e-03,2.379004236574568196e-03,2.368822642190811841e-03,2.364119593245307942e-03,2.365661565887674633e-03,2.367030286123391041e-03,2.357266099044627323e-03,2.369016368489616255e-03,2.367654372684651655e-03,2.375757626004594558e-03,2.371028649572955171e-03,2.367834229880042603e-03,2.369806859328405652e-03,2.360499869323282474e-03,2.360011133399096857e-03,2.364575608091067788e-03,2.375837393589578031e-03,2.373288557068232128e-03,2.360963711101224556e-03,2.380030667172761041e-03,2.370399870583858939e-03,2.359334332178791242e-03,2.356014396570670858e-03,2.369418542008160881e-03,2.350323334017078401e-03,2.368559404145901756e-03,2.370960113594668909e-03,2.371619148357931566e-03,2.361592662758512599e-03,2.373922745202768948e-03
2.355600754624329399e-03,2.365222725292020177e-03,2.362696124850629468e-03,2.367957940733569130e-03,2.369417759000387244e-03,2.362032925746705876e-03,2.365698766196066075e-03,2.358643295617677150e-03,2.364277508915007923e-03,2.354592851982428587e-03,2.359834107137297188e-03,2.376353259355344378e-03,2.357930840183873698e-03,2.359703197407074949e-03,2.355509295195344285e-03,2.367464113220395412e-03,2.366082914236078590e-03,2.350845325889277648e-03,2.360753980091434816e-03,2.361783307452128972e-03,2.366426845741331601e-03,2.361338972134950816e-03,2.359203141452364400e-03,2.350873705489849551e-03,2.371068461061595200e-03,2.375106611067265023e-03,2.365323668971212965e-03,2.363847671847514771e-03,2.365147729069992481e-03,2.356781238236837876e-03,2.353694661270625422e-03,2.362761900033524820e-03,2.361543904992329142e-03,2.357110331092822364e-03,2.361165280469893109e-03,2.361268476503967494e-03,2.367920955153622348e-03,2.363825765338866888e-03,2.367163998298695265e-03,2.374846691245736333e-03,2.369842014716861886e-03,2.376514884514068469e-03,2.368354496252364320e-03,2.372516162777856159e-03,2.374444449847044458e-03,2.356443130459315392e-03,2.357797396995300800e-03,2.370968446422993831e-03,2.364510841989467087e-03,2.366985150071044836e-03
2.369960323021111544e-03,2.377228817286807135e-03,2.362769305698705739e-03,2.355983651296562117e-03,2.369985411076608317e-03,2.355087424601725373e-03,2.359842526570110448e-03,2.370194329562525654e-03,2.362935669748153240e-03,2.354729098018653374e-03,2.365339740383329021e-03,2.357477463422585646e-03,2.365783285302894366e-03,2.349635295374605509e-03,2.361709733120964140e-03,2.366121561010769633e-03,2.359708622572664286e-03,2.363293443101779044e-03,2.348541009218044727e-03,2.355035072893819133e-03,2.366865225544276079e-03,2.364121200588889526e-03,2.367387718865597568e-03,2.351736763640964369e-03,2.377359206061279914e-03,2.354763084286879294e-03,2.365569936862604947e-03,2.352319802977419650e-03,2.377017904700511920e-03,2.370301256484696768e-03,2.355959425128056374e-03,2.353585130559038459e-03,2.363913165487901633e-03,2.354566879088234276e-03,2.365093192424641728e-03,2.366841479020916419e-03,2.366928058622893346e-03,2.355490703686191362e-03,2.372160972592131725e-03,2.368712269106227567e-03,2.363614017207175781e-03,2.368783684984158977e-03,2.364051150867579974e-03,2.367212196160230903e-03,2.371185725564920257e-03,2.361430318842678688e-03,2.364612951611591487e-03,2.369160402982385671e-03,2.366596726953821249e-03,2.357489752709079900e-03
2.348889774288294777e-03,2.365203147867364804e-03,2.360704513254410254e-03,2.357114577139926559e-03,2.363249843181622605e-03,2.357473488492603259e-03,2.355717840977082037e-03,2.369550398025671665e-03,2.363118600874557131e-03,2.359157789547718185e-03,2.350455268718814987e-03,2.372910150999099285e-03,2.368136251565293622e-03,2.356923235310168837e-03,2.363530614071516697e-03,2.350521494829354088e-03,2.350150856927686865e-03,2.364545015290229601e-03,2.362706901058145639e-03,2.369727006139317645e-03,2.360724593340583939e-03,2.369033489896927268e-03,2.375885780046219781e-03,2.357129097123926431e-03,2.355657936210807813e-03,2.352806866386030014e-03,2.364920917106528263e-03,2.353469344087869702e-03,2.356066363736150984e-03,2.363415933243626695e-03,2.365202943177623519e-03,2.361956763763460587e-03,2.357653121758681181e-03,2.364079024252081079e-03,2.363012337642219143e-03,2.361387163521410770e-03,2.352409347998767140e-03,2.352162364232769903e-03,2.359852555743212257e-03,2.353994779613380675e-03,2.351632013056296263e-03,2.362135371894254123e-03,2.364808122636580939e-03,2.367753693458578539e-03,2.366061612431032569e-03,2.370585134257658516e-03,2.351671689922213166e-03,2.360102379080041436e-03,2.364077522704718937e-03,2.363861353546316008e-03
2.367001862825058017e-03,2.360812975325266624e-03,2.376076679171245688e-03,2.355093818540958048e-03,2.359525019036658872e-03,2.343885003200974187e-03,2.357403207535754743e-03,2.364411396805147624e-03,2.345640447896989427e-03,2.359237817682901996e-03,2.350243520339544579e-03,2.359881689331337108e-03,2.356997120929885028e-03,2.351133135210949250e-03,2.357730765573743011e-03,2.353906242818200236e-03,2.355578303799139590e-03,2.354681775996516138e-03,2.352981668464046786e-03,2.353672879653021226e-03,2.365933543500221576e-03,2.356443367369689523e-03,2.363442543448843972e-03,2.357210753779867725e-03,2.356837469537078136e-03,2.350075703191317322e-03,2.370657157331866691e-03,2.347319653443473431e-03,2.355630231670018723e-03,2.344553347118215336e-03,2.345643183810809575e-03,2.365331819560422162e-03,2.367302732102141011e-03,2.349536773624305835e-03,2.361295742754348278e-03,2.350112253427872992e-03,2.349025470156977397e-03,2.367789397402133254e-03,2.356702722499159040e-03,2.360807938222220324e-03,2.353457139397641205e-03,2.352793486200109412e-03,2.357667490898921695e-03,2.356866351148470973e-03,2.354969549805641278e-03,2.346402118233690669e-03,2.358508033566490344e-03,2.353182376922491152e-03,2.354597967602511509e-03,2.352643705983651062e-03
2.362261308417163818e-03,2.354804750570949415e-03,2.341604240173895263e-03,2.344220383556507459e-03,2.339463194932731374e-03,2.349410530682235695e-03,2.355690464587855294e-03,2.363299303688828554e-03,2.349481424847566034e-03,2.360167199309010089e-03,2.348855907767531236e-03,2.352987023605157720e-03,2.361333495385655856e-03,2.352751075614200812e-03,2.359444237170375391e-03,2.359571335053017426e-03,2.372809111106036727e-03,2.339443681339869584e-03,2.364027494444128318e-03,2.363331981757763392e-03,2.361546821378201089e-03,2.362015785668445094e-03,2.354084472800860306e-03,2.354652156672995371e-03,2.360198086701224308e-03,2.369064554657563087e-03,2.356975122475739055e-03,2.346921921149197794e-03,2.353168541417777031e-03,2.344642696447392025e-03,2.351982911204583433e-03,2.365806406400215809e-03,2.351731316419915143e-03,2.352681798950052514e-03,2.347765314598834752e-03,2.350271785487124260e-03,2.355876692927164236e-03,2.363056371545466366e-03,2.362784529366898124e-03,2.352434964402705733e-03,2.348023291409554337e-03,2.356053522324091844e-03,2.361069187662679161e-03,2.344076425174358453e-03,2.357761076961513436e-03,2.356660470660808943e-03,2.359751681094243280e-03,2.351733334020327838e-03,2.346935804359282819e-03,2.349252096942215130e-03
2.335330284768562074e-03,2.342789054258008746e-03,2.342918768031592141e-03,2.347798830665726207e-03,2.344736173755089352e-03,2.341903700787853308e-03,2.354556607711605701e-03,2.355077015259208085e-03,2.343943409189697992e-03,2.347514953140671622e-03,2.353617293070493777e-03,2.342957264571780395e-03,2.351274522507263137e-03,2.352876266030050258e-03,2.346630164061131157e-03,2.334158040839790990e-03,2.348703911185395527e-03,2.341878950734228252e-03,2.345687567518691275e-03,2.340086803384526775e-03,2.344092182926092987e-03,2.358208346371412981e-03,2.355579020135834412e-03,2.350889311270454828e-03,2.359221438265515780e-03,2.337964409619459113e-03,2.356503807760866685e-03,2.355797026842498462e-03,2.338604312133488530e-03,2.346888184817777501e-03,2.353460724256797258e-03,2.350589336644513631e-03,2.350663620862738189e-03,2.343351470965415132e-03,2.344678933193526573e-03,2.355575294778779888e-03,2.343307617961906675e-03,2.347621854622468102e-03,2.357760313946800391e-03,2.357952874960904041e-03,2.334662793633726814e-03,2.338999890478145240e-03,2.336832569493873558e-03,2.330597277572832131e-03,2.342242485932586726e-03,2.340437625336401917e-03,2.347526047326183290e-03,2.353259052697611372e-03,2.350897957403468366e-03,2.340590624549674596e-03
2.346282579805874634e-03,2.345186158134901847e-03,2.342258638270111083e-03,2.339327804736829244e-03,2.341062880285948392e-03,2.347084519671034653e-03,2.351096632093739765e-03,2.348528342512017780e-03,2.335870639162220420e-03,2.342860766777926738e-03,2.350371958377136302e-03,2.354691586414020977e-03,2.342570158375151517e-03,2.340042037755830223e-03,2.350745769657010004e-03,2.344757429471553203e-03,2.339114054151989527e-03,2.341539683227330734e-03,2.346149096839648777e-03,2.342340385162431943e-03,2.339350799457291189e-03,2.341238616151548445e-03,2.345250947122456530e-03,2.337871679592986533e-03,2.329713705594547383e-03,2.332621305226189809e-03,2.336423792050716045e-03,2.336578337246536866e-03,2.335930809761753262e-03,2.330707954978429673e-03,2.335641466913176804e-03,2.339076554114758680e-03,2.338427962904038315e-03,2.343746458845982327e-03,2.330980387248559032e-03,2.339124751783180998e-03,2.349788521733078839e-03,2.330478997236552861e-03,2.337218343772266144e-03,2.330003235688471105e-03,2.334260421150940838e-03,2.340669170744397870e-03,2.350397429803554889e-03,2.336188053019279398e-03,2.347196698071305800e-03,2.345432507238528249e-03,2.341082130243774505e-03,2.340709204186046822e-03,2.346633770297645426e-03,2.339335463346800276e-03
2.334954383907600784e-03,2.342543733717223579e-03,2.323236879469929832e-03,2.320251190956630887e-03,2.336036054412695805e-03,2.334377998599678535e-03,2.335172419292912832e-03,2.327969769013612817e-03,2.339798186993472928e-03,2.324786954295666053e-03,2.327967796850758785e-03,2.333560361745606274e-03,2.336657485439226807e-03,2.341570958548778395e-03,2.324823707301028244e-03,2.333542883389186102e-03,2.317620759216910097e-03,2.332768549610300668e-03,2.330299322727132430e-03,2.340445729250002424e-03,2.337060524889577728e-03,2.343359195350063536e-03,2.330117117023809518e-03,2.340597968036931247e-03,2.333365806083451295e-03,2.336764525705449080e-03,2.320575100093396313e-03,2.328858352068205375e-03,2.344599000003127869e-03,2.317903491848711996e-03,2.324717226840334293e-03,2.329290346018398315e-03,2.340555327501806730e-03,2.327525917683773583e-03,2.318445234187920933e-03,2.331457902580379681e-03,2.329771128914744343e-03,2.332815995180361531e-03,2.333333544185202911e-03,2.330915419415892885e-03,2.343013387105238616e-03,2.342016214665879840e-03,2.327311126076416978e-03,2.336236191896431686e-03,2.329877699862732167e-03,2.336143895598928946e-03,2.337552618683937100e-03,2.331412464221688588e-03,2.331025485622820193e-03,2.351244359571507282e-03
2.312003625421030911e-03,2.325661582563259486e-03,2.332424594604919164e-03,2.327098408667685296e-03,2.313380706791647642e-03,2.329188166927015011e-03,2.318240862175046692e-03,2.320718181663217281e-03,2.328326868218107571e-03,2.338378601750470964e-03,2.342898991292643833e-03,2.322658670526197948e-03,2.332994314552584627e-03,2.325312135337035367e-03,2.326391264561946271e-03,2.333270028698531100e-03,2.323155011364146528e-03,2.321537318598486388e-03,2.325280675777808594e-03,2.324774479193666456e-03,2.310559595012869061e-03,2.316291266972953129e-03,2.321722818067297953e-03,2.325757532500274255e-03,2.327604797547056653e-03,2.320982094478069545e-03,2.327132033119280307e-03,2.334802572582246778e-03,2.325678323190577892e-03,2.322647492899235916e-03,2.322316405528770337e-03,2.326329371588920034e-03,2.326400907871814354e-03,2.321756989686819816e-03,2.322610239946123426e-03,2.331885892926331954e-03,2.321437517285415870e-03,2.328250430744187305e-03,2.325053990502029024e-03,2.328754252211128872e-03,2.335849676185630143e-03,2.319953339920134607e-03,2.317764775044972147e-03,2.339693229929671117e-03,2.347750148532039543e-03,2.325925537015273784e-03,2.326864409606434377e-03,2.327817322197345013e-03,2.320517220208000077e-03,2.314247360554068551e-03
2.318912229613486441e-03,2.315361013352042283e-03,2.324121863725031340e-03,2.314360025988590301e-03,2.325046208985570052e-03,2.319007312522887443e-03,2.332240938049899223e-03,2.321753112694752586e-03,2.318222093491656682e-03,2.309614935701136129e-03,2.317064933640286799e-03,2.307449043221531434e-03,2.325482655066113576e-03,2.320192140199543382e-03,2.314341211068524778e-03,2.328004284172076766e-03,2.325018839976739950e-03,2.318960251842908191e-03,2.325555286757827536e-03,2.324036426887359907e-03,2.305266756675078323e-03,2.323587131218863254e-03,2.321372064745053868e-03,2.313511546257748536e-03,2.317379046925640510e-03,2.315642539079179000e-03,2.309199538576569254e-03,2.311899423632199271e-03,2.316608812747683772e-03,2.316806386522032944e-03,2.309900372106118201e-03,2.312598948943540410e-03,2.328997104351116041e-03,2.310607876349249790e-03,2.315852631907960608e-03,2.313267514599598104e-03,2.314095314672405274e-03,2.311097336100524386e-03,2.320678365795940477e-03,2.319508966622150451e-03,2.320076368871859616e-03,2.317326205472478202e-03,2.320126906819883119e-03,2.311286268313828690e-03,2.324666573902309762e-03,2.312171309351141509e-03,2.318061596591796964e-03,2.319029571483556020e-03,2.310182702522686760e-03,2.310017903203829583e-03
2.309809433948914470e-03,2.316917894070887139e-03,2.304726999150402602e-03,2.307113893876516168e-03,2.307596928357263325e-03,2.297463100655774970e-03,2.309265479706063950e-03,2.305645745868432385e-03,2.309701512613624233e-03,2.300809228364029090e-03,2.318407751988848554e-03,2.319929679591087052e-03,2.312999031314793251e-03,2.307425885997699787e-03,2.308758384970579884e-03,2.297128314180306181e-03,2.309325642973435004e-03,2.313617533018798387e-03,2.318969031318036424e-03,2.305793275761131370e-03,2.311299702088914949e-03,2.310714660799893707e-03,2.305211323757926437e-03,2.310002796653429225e-03,2.304471590267584587e-03,2.310279067367116378e-03,2.303260114738359555e-03,2.307138724664733413e-03,2.302297601073229841e-03,2.315487429996733286e-03,2.322155308277040406e-03,2.302349871853583661e-03,2.307534682854907142e-03,2.309576134826072866e-03,2.295913755865791519e-03,2.304552735659641353e-03,2.313494427373365570e-03,2.314394953184552121e-03,2.314217576594100514e-03,2.304723325728388113e-03,2.302622525822609241e-03,2.313937342373745092e-03,2.299818145633065851e-03,2.305078967728773753e-03,2.309443723191668876e-03,2.321160898789943576e-03,2.305300128774537185e-03,2.316872157048151595e-03,2.303720700932156921e-03,2.307171247686223316e-03
2.291758258176853236e-03,2.294652067915226284e-03,2.292170928153871960e-03,2.294275632566330613e-03,2.299122259985678617e-03,2.293249479589829897e-03,2.298782205971044122e-03,2.296758256790090366e-03,2.306710234697269008e-03,2.301092429804149977e-03,2.311255796086767161e-03,2.300988644197337740e-03,2.300486295152553897e-03,2.308784718198130664e-03,2.311014778674634444e-03,2.295279198537664069e-03,2.310889318179502709e-03,2.301224206764858858e-03,2.298091686524157337e-03,2.303248844302633810e-03,2.303389078777417186e-03,2.295632879685110053e-03,2.300073239409871403e-03,2.295350513034984542e-03,2.284892880633909718e-03,2.286800713805228324e-03,2.298602782497384447e-03,2.289533067021419510e-03,2.308389365812737841e-03,2.303002036594790306e-03,2.304783736670642808e-03,2.298360103622587233e-03,2.298437574338490358e-03,2.293528698114790342e-03,2.291289944228622113e-03,2.302586052203351580e-03,2.302084066280585001e-03,2.299562895038373064e-03,2.303395055719366369e-03,2.288973595725042349e-03,2.298166147453848101e-03,2.298837275350747167e-03,2.304896760967804249e-03,2.290776009859259686e-03,2.290799432296701521e-03,2.291897907616307403e-03,2.310504915674902338e-03,2.297188366911480720e-03,2.308035614072757001e-03,2.293878217424543710e-03
2.279385721470271204e-03,2.296255792178075825e-03,2.281335995015626970e-03,2.286545185969546690e-03,2.285477863360749814e-03,2.292863602605074800e-03,2.275379575519865388e-03,2.278199684842752669e-03,2.294637453079899098e-03,2.289744042165557745e-03,2.287898068267547012e-03,2.283503225535507032e-03,2.283348323465277715e-03,2.284826400585508559e-03,2.297525829149309456e-03,2.293765226564701588e-03,2.294030672821086893e-03,2.285116497426757133e-03,2.284708418119533232e-03,2.292471716442604380e-03,2.288702736588426635e-03,2.291208863117641034e-03,2.287445012510556756e-03,2.290266450676585464e-03,2.284915462574339719e-03,2.289169330857374670e-03,2.277976929199801871e-03,2.286369698359503808e-03,2.287116892510879934e-03,2.268379335981078951e-03,2.288374205428548008e-03,2.278885818019004555e-03,2.295669499198583260e-03,2.281929392902213617e-03,2.291370672007052908e-03,2.286015938858478990e-03,2.286234667295053685e-03,2.274518821038185468e-03,2.276887078364491553e-03,2.288295275901493578e-03,2.268485894240911127e-03,2.273771965108192534e-03,2.282005653879780761e-03,2.279835277695890609e-03,2.282175432119225821e-03,2.285706930541978738e-03,2.285848102977164169e-03,2.290461392646532188e-03,2.289136610476614347e-03,2.293281999556672987e-03
2.273494131868865689e-03,2.276774728977917165e-03,2.284240678848891478e-03,2.278491783563079548e-03,2.275760996422725949e-03,2.278048609363415161e-03,2.275921825803132233e-03,2.269258792828546430e-03,2.289718812797007699e-03,2.272888726680587484e-03,2.274261554223088507e-03,2.271320160663918217e-03,2.278161477972025575e-03,2.272639699850512521e-03,2.279148317901075194e-03,2.277597132650998821e-03,2.276142919950340827e-03,2.278974343147152637e-03,2.253173610645340958e-03,2.280766112935428847e-03,2.275962974186734617e-03,2.276479666794198938e-03,2.281814106858753247e-03,2.263239394755207912e-03,2.270068158502497671e-03,2.268442659416445781e-03,2.267024747566365444e-03,2.280244326588062864e-03,2.277987283002455218e-03,2.280218705383603613e-03,2.276621527931983659e-03,2.267048349938440878e-03,2.286041419161602938e-03,2.285013427659442382e-03,2.273753657303759050e-03,2.274262631417092641e-03,2.267993256411778794e-03,2.280516615889267330e-03,2.267999731318932639e-03,2.278384378571277676e-03,2.271373912472176952e-03,2.267960106538010039e-03,2.275137487821466374e-03,2.286056948856952497e-03,2.275381888239530036e-03,2.286688074421885149e-03,2.270925381065742790e-03,2.273727469997502415e-03,2.266849478157721785e-03,2.276655047884454039e-03
2.266553792285015950e-03,2.262069521365022567e-03,2.261122839646711492e-03,2.252171068183104422e-03,2.264528898992524981e-03,2.269014861591434670e-03,2.270423825729446770e-03,2.266741713631661645e-03,2.270055139659881739e-03,2.247995990670750757e-03,2.246398589873496113e-03,2.261610064723317687e-03,2.259489183753016651e-03,2.257783079259720934e-03,2.262302247544888557e-03,2.269900388338518069e-03,2.272074614933551357e-03,2.264973034467452316e-03,2.264278578656608518e-03,2.264795812208081609e-03,2.264572778124548588e-03,2.249542254503214718e-03,2.269298693413714790e-03,2.259413610342612434e-03,2.256328360611910711e-03,2.255134522281513395e-03,2.252985557772280070e-03,2.264362038645448619e-03,2.262189918659930632e-03,2.275873176626119852e-03,2.258443012126066379e-03,2.257860771091618063e-03,2.246283959750720698e-03,2.265608748304508754e-03,2.251855729381061280e-03,2.259816894054994963e-03,2.253242502533523827e-03,2.254479585139543794e-03,2.255771602577643763e-03,2.256949677698948890e-03,2.243067453342766169e-03,2.257962981787712403e-03,2.267800988686666762e-03,2.264717854425745726e-03,2.251656351753306487e-03,2.258088521628009993e-03,2.254282103947928637e-03,2.261571448985070457e-03,2.253237524410828512e-03,2.265577985072006126e-03
2.253746232548060717e-03,2.252911420214421222e-03,2.242704569356932139e-03,2.255350477117752141e-03,2.243593211198464856e-03,2.256202355877387142e-03,2.248532387002174799e-03,2.254900465931815486e-03,2.237948349985644219e-03,2.252498734522581560e-03,2.236458854228445120e-03,2.253279623082448876e-03,2.235051142725160301e-03,2.248968333780184108e-03,2.244913319071745010e-03,2.246251836779488906e-03,2.246953275777670549e-03,2.252897174262309243e-03,2.243050665032282186e-03,2.234929166762490184e-03,2.243246078437907166e-03,2.242426408212947874e-03,2.249855667185073071e-03,2.246914552031707268e-03,2.257004384319063941e-03,2.235974552126034510e-03,2.248515642867984516e-03,2.231735796110375855e-03,2.245199267049649127e-03,2.229060378884520268e-03,2.251209668372556628e-03,2.240664094254327717e-03,2.255853406464221594e-03,2.249198179252792293e-03,2.242132931699293650e-03,2.234542828904054288e-03,2.241721310294330499e-03,2.249864543942004143e-03,2.241259475640932242e-03,2.238513836196586500e-03,2.244048740576751189e-03,2.247748901288561512e-03,2.252126534560753863e-03,2.246260888671242854e-03,2.260702614597400600e-03,2.258277205435200909e-03,2.254910987478845816e-03,2.238425745118978721e-03,2.248224458915303384e-03,2.248214395997113688e-03
2.236455338167769868e-03,2.234682606254396065e-03,2.239862688453942742e-03,2.233914849155476008e-03,2.232863875723119316e-03,2.225071237155986596e-03,2.242922526539888137e-03,2.238218389260014565e-03,2.222400847251024790e-03,2.227653960310954466e-03,2.228219500803891012e-03,2.243379966241802054e-03,2.238797985278029572e-03,2.240197216630294193e-03,2.235911138032407701e-03,2.231289282470011806e-03,2.255164842449418425e-03,2.240266819955981023e-03,2.230414546195978644e-03,2.226905271907349878e-03,2.236872795924769227e-03,2.230202940331058818e-03,2.228109498423465947e-03,2.230019328216635479e-03,2.229414474563216723e-03,2.232199811410801645e-03,2.240727209974945067e-03,2.229652902599116478e-03,2.231308574538056443e-03,2.235884914947120286e-03,2.243153493961707375e-03,2.235820448387366207e-03,2.235255363601225311e-03,2.231941912088883026e-03,2.227863837585528344e-03,2.231103414808049360e-03,2.231714104411030263e-03,2.227246622219211918e-03,2.228622493885614245e-03,2.235732182536562078e-03,2.228198740675202839e-03,2.233138800151893491e-03,2.239928805295234981e-03,2.233626070187011425e-03,2.234415078741784372e-03,2.223958949085835801e-03,2.228796753230168244e-03,2.229416949148835172e-03,2.226008598768949593e-03,2.231476972595510238e-03
2.216159585950635766e-03,2.213832790430841652e-03,2.218498711721012158e-03,2.207859990873229337e-03,2.219644203732408765e-03,2.232995547550360727e-03,2.217263114632492434e-03,2.230931336902532147e-03,2.219034753426388923e-03,2.225717642960985121e-03,2.216416858773708094e-03,2.211849861210355740e-03,2.230103014534620242e-03,2.207855989636877975e-03,2.225351581619411465e-03,2.221839671348166921e-03,2.221854118589170705e-03,2.220125661500411615e-03,2.221010680300038349e-03,2.221405060356954324e-03,2.224997583983654229e-03,2.207290681856985577e-03,2.211698718460095459e-03,2.224677675012708480e-03,2.216813965743367858e-03,2.223048778550147566e-03,2.216826503600355727e-03,2.229476988707352302e-03,2.219056195313310730e-03,2.216387411266930452e-03,2.216006864294658811e-03,2.227075567023131374e-03,2.225068401536300054e-03,2.213048876552219275e-03,2.218417727257236509e-03,2.215995414869068904e-03,2.215405436360350349e-03,2.218621992540538955e-03,2.218824086596518468e-03,2.221627987091840447e-03,2.218330471930706448e-03,2.214879409255702137e-03,2.224690189794144898e-03,2.215267675565800280e-03,2.207564621770645354e-03,2.211265859436479034e-03,2.206060608864453352e-03,2.216038538583270899e-03,2.223416981131301831e-03,2.210450324602322106e-03
2.192609891351390578e-03,2.200381899492439685e-03,2.206211462592699412e-03,2.196290361926881308e-03,2.202741772822182798e-03,2.194766691017726017e-03,2.193434348349576363e-03,2.209730288829674181e-03,2.202426064021716264e-03,2.198310089410823124e-03,2.197300690441330098e-03,2.196971251507458343e-03,2.196196175703216385e-03,2.205205436523753788e-03,2.198932492665545309e-03,2.189672305368282890e-03,2.203481424906095307e-03,2.208195901821631731e-03,2.199265191749322310e-03,2.206008688487573564e-03,2.204214898062852729e-03,2.184023956046775381e-03,2.203885723077413095e-03,2.199995321309956234e-03,2.209734169399079923e-03,2.189403845978142062e-03,2.208492727643621405e-03,2.195943791917585007e-03,2.206068445581770530e-03,2.199814126607242942e-03,2.208030616442986215e-03,2.201168440150576017e-03,2.201145835701812277e-03,2.200112572602329862e-03,2.199092775590180335e-03,2.199358624472920205e-03,2.195557551451188423e-03,2.197991255342857369e-03,2.207915869287529510e-03,2.193592872251595455e-03,2.185997234684965759e-03,2.200116784762203362e-03,2.192250184276966270e-03,2.195345038333477040e-03,2.201654189436989904e-03,2.197917957805197321e-03,2.190514280879611846e-03,2.204741067775499701e-03,2.194631203940056521e-03,2.199816523133178107e-03
2.188911052439599086e-03,2.192069418046689762e-03,2.182467792847924033e-03,2.166100035056101047e-03,2.197179506593783908e-03,2.173335559121131536e-03,2.189545647498907996e-03,2.187466362968807677e-03,2.179735717451480956e-03,2.192838346372908559e-03,2.186452245523927765e-03,2.169501677343202255e-03,2.178496954082762699e-03,2.185715894675556697e-03,2.182639668054103029e-03,2.187977450590041645e-03,2.179579060393735650e-03,2.175550631496830142e-03,2.180475108158449506e-03,2.182513932035245498e-03,2.178917828347982488e-03,2.181665474782642621e-03,2.185722675257454738e-03,2.175326163436133980e-03,2.166747421963511125e-03,2.189499667320800314e-03,2.189185593806599120e-03,2.182385784532336892e-03,2.172878457323798671e-03,2.186495459370319232e-03,2.193232025451811486e-03,2.183776478197679057e-03,2.173739841560470235e-03,2.178278667341787805e-03,2.193715698842490982e-03,2.169334606545427792e-03,2.199386212665462286e-03,2.184753612168816288e-03,2.185015411236983056e-03,2.194834386934354457e-03,2.193960657692930073e-03,2.182422361260684396e-03,2.188009326145744400e-03,2.195509168823624787e-03,2.180805299588227993e-03,2.174704704606970386e-03,2.187495056413323903e-03,2.186867957594836650e-03,2.191779633041230149e-03,2.169709330445800197e-03
2.170903832196312798e-03,2.169768615671456395e-03,2.168694445354503366e-03,2.154246858166260561e-03,2.154456870489862823e-03,2.171073428493561740e-03,2.160885999006758370e-03,2.153476460326638874e-03,2.149574098881571783e-03,2.147988829933764054e-03,2.158466572723281504e-03,2.163035696245039271e-03,2.169722560865000073e-03,2.180905095518213908e-03,2.171731032964149734e-03,2.171061714673323297e-03,2.168509034001446945e-03,2.164399607571438483e-03,2.178393004057646836e-03,2.167816452830697346e-03,2.167532492062502082e-03,2.164158741968691575e-03,2.161731727723462722e-03,2.162918602441287180e-03,2.162430470197680178e-03,2.175480512987982423e-03,2.156492669468107991e-03,2.159960289479093305e-03,2.155866632760849132e-03,2.161201345332646774e-03,2.161487792848755529e-03,2.173136240501381822e-03,2.165551449718353203e-03,2.163331055969637887e-03,2.169590722427739045e-03,2.167415090564725651e-03,2.173425976898614616e-03,2.164675506090515435e-03,2.155501270928403181e-03,2.162043626103649606e-03,2.167676165237506294e-03,2.163708212945112796e-03,2.169014166595269189e-03,2.162293443554421518e-03,2.165884472132362584e-03,2.167494273024687772e-03,2.153705030338030381e-03,2.171186162586768130e-03,2.173883012953695126e-03,2.165631572722689913e-03
2.132024341758368725e-03,2.150274354766767808e-03,2.148795564535229546e-03,2.149330300647383802e-03,2.139914890319139298e-03,2.158074668782546980e-03,2.149878985059682727e-03,2.142439252663323745e-03,2.137602697641047961e-03,2.153795298797906571e-03,2.142595155734476273e-03,2.139508825517336382e-03,2.129745616827195386e-03,2.147862205622397529e-03,2.150275220593182712e-03,2.148814734450294611e-03,2.150342748849034830e-03,2.146465384416537409e-03,2.147950089409429979e-03,2.149315153130318054e-03,2.149223510635643163e-03,2.136865144061174827e-03,2.142600344582203629e-03,2.142475120440950204e-03,2.142876328442236671e-03,2.136165099919491717e-03,2.151994386828432956e-03,2.155716344121906981e-03,2.142063328276615133e-03,2.148522437589770340e-03,2.143796915490376979e-03,2.147119577477213468e-03,2.141277247440287468e-03,2.139065417628454712e-03,2.141517642527824682e-03,2.137099324700086640e-03,2.139652863318184002e-03,2.146718057669810484e-03,2.150374433937602033e-03,2.146028720084805063e-03,2.144634087807580514e-03,2.142135317327613277e-03,2.141886956825158998e-03,2.135109739335716832e-03,2.144728111573272148e-03,2.134228948525557310e-03,2.132990577313505134e-03,2.140008101743791878e-03,2.148109544001791573e-03,2.152332179485250303e-03
2.127902308886890116e-03,2.130596023712264149e-03,2.118855021413644513e-03,2.131897213713510649e-03,2.129506178429877838e-03,2.111569892674912061e-03,2.126630500105204224e-03,2.136505008298021039e-03,2.126832472104348611e-03,2.118852407767113106e-03,2.130185346584586702e-03,2.120688842575475450e-03,2.126586824666956439e-03,2.119979173347566036e-03,2.119439915845888582e-03,2.134586417667328189e-03,2.118320588964690745e-03,2.133573551083646318e-03,2.115689277254417799e-03,2.128982789688169640e-03,2.117824760082844242e-03,2.121876987258948608e-03,2.135449636869899900e-03,2.121756959726141256e-03,2.119764917987749728e-03,2.133395800669035582e-03,2.119054020379576055e-03,2.124626452488523332e-03,2.127743613551942841e-03,2.137391276035912214e-03,2.115054579105555936e-03,2.124141079594492852e-03,2.127498755171374021e-03,2.117455272934268794e-03,2.117703431848514273e-03,2.128171336558036964e-03,2.136095207010589407e-03,2.127964431317659524e-03,2.129222851610369088e-03,2.129744748481069913e-03,2.125062530849392700e-03,2.119783727588737607e-03,2.123225823951597774e-03,2.130273457670802534e-03,2.123044742821889649e-03,2.129722165946380027e-03,2.143251096472666758e-03,2.126121025539839688e-03,2.128281194330563456e-03,2.134485922900465019e-03
2.098112946942862732e-03,2.105596977798768546e-03,2.115033150208609544e-03,2.105523980962745265e-03,2.104497862774406050e-03,2.098891097946046103e-03,2.098910887331986806e-03,2.107779922089266650e-03,2.108657137438438127e-03,2.100104552279354834e-03,2.103358549389796293e-03,2.097385010497848038e-03,2.097682151651727653e-03,2.108490348701010965e-03,2.106202412371530747e-03,2.101209475229696023e-03,2.101284637670317295e-03,2.100128360090105020e-03,2.100770655800493839e-03,2.097011084070675088e-03,2.109011574864469440e-03,2.108712151071973073e-03,2.106796035199658048e-03,2.105603078358126573e-03,2.104187743320527510e-03,2.104608750544023198e-03,2.102398541113149628e-03,2.121027106201290105e-03,2.099357275467473097e-03,2.094111524514193426e-03,2.109558125727724765e-03,2.109446592942953915e-03,2.110282545759772227e-03,2.112207758935664374e-03,2.107050040243258447e-03,2.111050935240133333e-03,2.104148166507935607e-03,2.105826900483085112e-03,2.109886534699397225e-03,2.108428112520766440e-03,2.101882360596277893e-03,2.102423335462609479e-03,2.111660254150606389e-03,2.100233382039669392e-03,2.099649003416010403e-03,2.107526158398184517e-03,2.108781829613930181e-03,2.097049245346818084e-03,2.096862229580100708e-03,2.098051176942385739e-03
2.079672478719546500e-03,2.081355572244952823e-03,2.087915828593976935e-03,2.086630507567664456e-03,2.087733669301086812e-03,2.078107838167742288e-03,2.071557887831546908e-03,2.089429266649613266e-03,2.077544751515818071e-03,2.081720961108605040e-03,2.090988958818535207e-03,2.088411282884201827e-03,2.087482909663998954e-03,2.084109076703353092e-03,2.085000207196178665e-03,2.082643104314927263e-03,2.070344448567929332e-03,2.085351019079762121e-03,2.084953928079710805e-03,2.083418177099432850e-03,2.086028057512641972e-03,2.086396229059073269e-03,2.086132999513888413e-03,2.085592113360820558e-03,2.078237563822850093e-03,2.089744352949817526e-03,2.071674763884992065e-03,2.073084052172049010e-03,2.082036864633406321e-03,2.088376909901440946e-03,2.080013318817024344e-03,2.075129299036237822e-03,2.077757895907793220e-03,2.082098066195214783e-03,2.089980775139416158e-03,2.097298171494012611e-03,2.093773490674587061e-03,2.088684637485271542e-03,2.091637735815524320e-03,2.079718482299879219e-03,2.076339488549474276e-03,2.080444202061225694e-03,2.081638899880206613e-03,2.078586358668706602e-03,2.092018413046943612e-03,2.096718218190826103e-03,2.066105615814013436e-03,2.081063940948990783e-03,2.078066203273484791e-03,2.074087081083619485e-03
2.061823939853175275e-03,2.048727029831030194e-03,2.049557981327409118e-03,2.053148866402168624e-03,2.071852840897422336e-03,2.058200646710101316e-03,2.061535459142860641e-03,2.057702979942461173e-03,2.065244999087018345e-03,2.053218776822395356e-03,2.060208170092777107e-03,2.074460953533708782e-03,2.046099446205001775e-03,2.060275934199530968e-03,2.060648131133295188e-03,2.067773626222056162e-03,2.062832111526389806e-03,2.058966013181583177e-03,2.055591957758323013e-03,2.053645844113064379e-03,2.068051184528112846e-03,2.052502445653828396e-03,2.048606392727115710e-03,2.040373433448334790e-03,2.073777440986133633e-03,2.063544740628047228e-03,2.055133437500131829e-03,2.059867115372736920e-03,2.058528421987541272e-03,2.063619886732654795e-03,2.057657735688331498e-03,2.062124547049084232e-03,2.063049675528059665e-03,2.041060946173482368e-03,2.056279478519070555e-03,2.062470160722379257e-03,2.057983789367022476e-03,2.051013880544402986e-03,2.066109866183594903e-03,2.056321900065646423e-03,2.065482091829087732e-03,2.053250605200483865e-03,2.050454743215043927e-03,2.045856407278353814e-03,2.057101983956270610e-03,2.063257367401579844e-03,2.052505412637434246e-03,2.072122180248573906e-03,2.070109726833778158e-03,2.049885511872036933e-03
2.034726519584513591e-03,2.042212088459879459e-03,2.020901708751337861e-03,2.029882876869989593e-03,2.051998654043812355e-03,2.035345755588043558e-03,2.029548510178101964e-03,2.035328823596820394e-03,2.032463810947804980e-03,2.035385573581185818e-03,2.018225454331371797e-03,2.033710255851232333e-03,2.035040827776922207e-03,2.028293313823340601e-03,2.044620347508998171e-03,2.028077800309773839e-03,2.026034219693152467e-03,2.039515692956993427e-03,2.046976106295615369e-03,2.031200394725365607e-03,2.041314275389267182e-03,2.016298180832116777e-03,2.037774096792347583e-03,2.032008040809533348e-03,2.033237367139523449e-03,2.036901905199179751e-03,2.032174799616316609e-03,2.031512427378411815e-03,2.024907888691582399e-03,2.037919128941171124e-03,2.039991104473284737e-03,2.037091717421134207e-03,2.034731928388351565e-03,2.032368111146069019e-03,2.028548465621164264e-03,2.049780142966979579e-03,2.020921538780206823e-03,2.034479597908924690e-03,2.039123607134304961e-03,2.036470685179143751e-03,2.027776616972172801e-03,2.039899085395526553e-03,2.026572567263749784e-03,2.033720589244188311e-03,2.027944338421437415e-03,2.036729843512012552e-03,2.038547253120173187e-03,2.027870057007585478e-03,2.031448539174551295e-03,2.037614763372155944e-03
2.006924335416031529e-03,2.001789162297158264e-03,2.004820023243630584e-03,1.999706471473447055e-03,2.011333940497582722e-03,2.002086374234240962e-03,2.002613585710873341e-03,2.003145065637495885e-03,2.013297848329687143e-03,2.010728538482735219e-03,2.008942279903318511e-03,2.018538661747362045e-03,2.017287287595424024e-03,2.012173759715203854e-03,2.003592107256849889e-03,2.003599353785368194e-03,2.007081012540785653e-03,2.008751983876642944e-03,2.008747783714768392e-03,2.008005267221606594e-03,2.004164656303299152e-03,2.009541601932977092e-03,2.016856891657515215e-03,2.002959826421743875e-03,2.004285619770135134e-03,2.007088514194098512e-03,2.015485996390471886e-03,2.003693850315072661e-03,2.011020592278586067e-03,2.019485267482781267e-03,2.000958356749543265e-03,2.018083448767561683e-03,1.998403163946880536e-03,2.001842290433815657e-03,2.018520644438710071e-03,2.007878333562269219e-03,2.022791670967107307e-03,2.007356787019470498e-03,2.001967378860084260e-03,2.007347031177242683e-03,2.016098072005916876e-03,1.998899696934596567e-03,1.997628048327824372e-03,2.006795755528926334e-03,2.001885714747699951e-03,2.015365512842346146e-03,2.014393314546670134e-03,2.004858316498801547e-03,2.006466977199714095e-03,2.003780664527395929e-03
1.988781454332813354e-03,1.965963948206334456e-03,1.992680430760240123e-03,1.985201958643010699e-03,1.985863292479386234e-03,1.978882911356903522e-03,1.970619569994227008e-03,1.990752492224181266e-03,1.991432911269440560e-03,1.977127633442668075e-03,1.995994946882934974e-03,1.983280254272131587e-03,1.976733450505091180e-03,1.980547269576555126e-03,1.995900282089335068e-03,1.977526687979526496e-03,1.980384349757358022e-03,1.980196105600340577e-03,1.973857000408489517e-03,1.987138195344277051e-03,1.976217369873812732e-03,1.976794427037356899e-03,1.981209966332611420e-03,1.992523833849334583e-03,1.980987533696459447e-03,1.982798012633908702e-03,1.995140753350770502e-03,1.987296752233234411e-03,1.976680224538572821e-03,1.983085847170989926e-03,1.973509084865816225e-03,1.975293200164261829e-03,1.982226494071579349e-03,1.971934016921876066e-03,1.981892613348898002e-03,1.988367579503991667e-03,1.980056737998805300e-03,1.974693706386872194e-03,1.978744146486446399e-03,1.980348440849241057e-03,1.967085749487676276e-03,1.975610300517957347e-03,1.975656365040925552e-03,1.986536816087961215e-03,1.984085302431842172e-03,1.971515141822821355e-03,1.963827620875124337e-03,1.991665954646770157e-03,1.980441373013429058e-03,1.999693080425610486e-03
1.962114855549592588e-03,1.953100764284068256e-03,1.950002502724815061e-03,1.936322606087275723e-03,1.953173952425708067e-03,1.958765966113115188e-03,1.957378492513800212e-03,1.959217185769807166e-03,1.949717240040009687e-03,1.950810150056638643e-03,1.954437040656525730e-03,1.952618971613931604e-03,1.955891127416943716e-03,1.950797965358469586e-03,1.950951262091687793e-03,1.954169339698656315e-03,1.952637866857431011e-03,1.953370016791977377e-03,1.951085342325719610e-03,1.955888633954443439e-03,1.943333975961914145e-03,1.953886956241738301e-03,1.955472710158777903e-03,1.960387153256529062e-03,1.960444982263966334e-03,1.961918966660479088e-03,1.942961834469063504e-03,1.953621618329775839e-03,1.964207682903817195e-03,1.951782016110182845e-03,1.953917283008155866e-03,1.956755097321372008e-03,1.946961748623838792e-03,1.952522785259170777e-03,1.948969050551415750e-03,1.951485447818349442e-03,1.954187632015800830e-03,1.958211390183605110e-03,1.960916622689340676e-03,1.947938972600634115e-03,1.957246473752978846e-03,1.949571708951873322e-03,1.953480431073510281e-03,1.963053979727380580e-03,1.953832259201057717e-03,1.960673605311680570e-03,1.954428880176294070e-03,1.954274933447552095e-03,1.953068050103418888e-03,1.954447583460884423e-03
1.919522173591503480e-03,1.922674253479103460e-03,1.914997128387466770e-03,1.927639444157263791e-03,1.921868095880950068e-03,1.921296784484001268e-03,1.934752596712849141e-03,1.924920370167697596e-03,1.920965249092925278e-03,1.924749806902064601e-03,1.933214368866422806e-03,1.922359194537954976e-03,1.919372606201270740e-03,1.931142512885400658e-03,1.918111786747929729e-03,1.937771660141553208e-03,1.921847913790487037e-03,1.934480189217240324e-03,1.923609428003059162e-03,1.934914002299889480e-03,1.921785439688861348e-03,1.927999382729585990e-03,1.924756810299499280e-03,1.924885510688028635e-03,1.931030416363543065e-03,1.910076492810448400e-03,1.925513988673922035e-03,1.926856426514545698e-03,1.926056510873523598e-03,1.917137565193462959e-03,1.926751581169995359e-03,1.925285585967711740e-03,1.931475626225400734e-03,1.925652087804210003e-03,1.919497609001174620e-03,1.929212030456972692e-03,1.924693840670169218e-03,1.934506537386276653e-03,1.938406194068450052e-03,1.921303530105298056e-03,1.937114000502042832e-03,1.926841413773370702e-03,1.936821766360510236e-03,1.919265982035127122e-03,1.931054701519907242e-03,1.930985558973672550e-03,1.925019522647318905e-03,1.916194711068300999e-03,1.911120996826159903e-03,1.921667323600402934e-03
1.894722257206085149e-03,1.882749611546742034e-03,1.902695727209076631e-03,1.878084285148932161e-03,1.895031795603147311e-03,1.893715692326803550e-03,1.881272999998962565e-03,1.889050706884164458e-03,1.896310020519409749e-03,1.904815205447652404e-03,1.891216987816113663e-03,1.890954036209778043e-03,1.895962631992074944e-03,1.898106690026784074e-03,1.903186691919453010e-03,1.896436141300196629e-03,1.890700832958510692e-03,1.892830501490423917e-03,1.891386081490910916e-03,1.897099783411811298e-03,1.901338867441617914e-03,1.898046545936359075e-03,1.907316942527770070e-03,1.886458616771709588e-03,1.900532757777691857e-03,1.902504808840177952e-03,1.900595656031315141e-03,1.898394191324593184e-03,1.884766013173752195e-03,1.906530158158580446e-03,1.890747104998531051e-03,1.910261337108604390e-03,1.894999741769924856e-03,1.901584999782989904e-03,1.909704973960400527e-03,1.907552370012361321e-03,1.882825087097713887e-03,1.894286018728274157e-03,1.879333845455337859e-03,1.896640780255620315e-03,1.889511765465856901e-03,1.910736496394145742e-03,1.900183620738594807e-03,1.887540424052737420e-03,1.893580676142898791e-03,1.895932519187611218e-03,1.889175643090677597e-03,1.894710363251509355e-03,1.898294702376957183e-03,1.890958015762405362e-03
1.846524137914233414e-03,1.863581088006230780e-03,1.858753825887038977e-03,1.862426599711671741e-03,1.852198846077308470e-03,1.864623605379698342e-03,1.874689425823178063e-03,1.861552866598000866e-03,1.847454624042446951e-03,1.874963638106580269e-03,1.867425832126074674e-03,1.871726268391828065e-03,1.869872532455402322e-03,1.864893342295070172e-03,1.867569512188619338e-03,1.878538908624736558e-03,1.864873330747084633e-03,1.868146968479629175e-03,1.863405074217538634e-03,1.854493138879609445e-03,1.875104272385825100e-03,1.855627138446723588e-03,1.860105476983036753e-03,1.851313168301303063e-03,1.873641913748341856e-03,1.851403243502842836e-03,1.862632714322822814e-03,1.862641575083726032e-03,1.862916843233082802e-03,1.865240027085802998e-03,1.866620651718558285e-03,1.861004416005453480e-03,1.864889482599356744e-03,1.869659765500974319e-03,1.873602158957210929e-03,1.865526490262568553e-03,1.875104200416162449e-03,1.864869112937978532e-03,1.875076534664147634e-03,1.863228449146138877e-03,1.861383111820009723e-03,1.874469370314413384e-03,1.854822605622978311e-03,1.875814589053869655e-03,1.875647704431393243e-03,1.863277480048286267e-03,1.859110383747244891e-03,1.865933952118981921e-03,1.847854533009509045e-03,1.857750639963194877e-03
1.829060516402614654e-03,1.843378794743595270e-03,1.837813681758092245e-03,1.838090881394379263e-03,1.836769987766885461e-03,1.827350990130748596e-03,1.835650582155886083e-03,1.827435576656693183e-03,1.834411512590730479e-03,1.837026265235837267e-03,1.825829889556230927e-03,1.830130405830614248e-03,1.819119048861411129e-03,1.833376886701013671e-03,1.817571962520838236e-03,1.818911679287232028e-03,1.831338314165531110e-03,1.832497260037298540e-03,1.829440480424400668e-03,1.833421546693537671e-03,1.830606270719968174e-03,1.830350496391492049e-03,1.824918960930836448e-03,1.831436702651941927e-03,1.828831918624691452e-03,1.820524651068996256e-03,1.836754217839830063e-03,1.837136139860175155e-03,1.833694277368439060e-03,1.839107949905586896e-03,1.840933164618586883e-03,1.843911414081332318e-03,1.828427231943630842e-03,1.837546345362431810e-03,1.854976010802810837e-03,1.829053364194812518e-03,1.841493341396992743e-03,1.831091511905330810e-03,1.847207314511667376e-03,1.828771475044789832e-03,1.842827861116682741e-03,1.828987928540200258e-03,1.835777491773784480e-03,1.831587996990696136e-03,1.835695687053184996e-03,1.821623577188173203e-03,1.848640548607165257e-03,1.839345213065323240e-03,1.835052698763394146e-03,1.841966672916041468e-03
1.793897055676689847e-03,1.799630733646436767e-03,1.803301171104824746e-03,1.790771320021591721e-03,1.808809301610708178e-03,1.798295889912386288e-03,1.783884818218313536e-03,1.780173191862882047e-03,1.796786060430584885e-03,1.791614367905493797e-03,1.794778126857080524e-03,1.803282463472581079e-03,1.798167319322585772e-03,1.787749823208652873e-03,1.805348636923781750e-03,1.795086130355829203e-03,1.791835980298390942e-03,1.798816338335991125e-03,1.792292630322788773e-03,1.806277473890297892e-03,1.789876146984170852e-03,1.797654470555943044e-03,1.809390200039034296e-03,1.798485352301501831e-03,1.803653196027075979e-03,1.803370009580946599e-03,1.806013372787932444e-03,1.786331941521081094e-03,1.806371644681920670e-03,1.807267859348124115e-03,1.803659416277767890e-03,1.802742123421462476e-03,1.803748795054984722e-03,1.787919617862638016e-03,1.793536978181264592e-03,1.804863537387286013e-03,1.797427586356781801e-03,1.803157970642829027e-03,1.793252656624656077e-03,1.801776031600207635e-03,1.801786472236266467e-03,1.789292977130613020e-03,1.802656910013974469e-03,1.793829741959755827e-03,1.786602241712733578e-03,1.792295816589255806e-03,1.809565556945441113e-03,1.795300476317533700e-03,1.787905894528798697e-03,1.808169896215521813e-03
1.755589350663974094e-03,1.762169454738847551e-03,1.770715145049755589e-03,1.768075347220811160e-03,1.756978355239967402e-03,1.760221813561895551e-03,1.770659794968067018e-03,1.767831962209409679e-03,1.771957581418546557e-03,1.747573118191236841e-03,1.761244952017807170e-03,1.766647355312681933e-03,1.787390472367125695e-03,1.751765963232603885e-03,1.773657889079558771e-03,1.771192205785754748e-03,1.767183615500063755e-03,1.765790445975782934e-03,1.757436527183718579e-03,1.755227772905430892e-03,1.769456431037776632e-03,1.747427286236205059e-03,1.776476842796961483e-03,1.757407741018870290e-03,1.755065425141033586e-03,1.762440513377173555e-03,1.757705587936805609e-03,1.766495517243558402e-03,1.760042307755677136e-03,1.753802040685469802e-03,1.760400194286590144e-03,1.763402022966708031e-03,1.762619486438347059e-03,1.739928222252053961e-03,1.771255516564213721e-03,1.774344246792094321e-03,1.742542223431246080e-03,1.767045537082851357e-03,1.765539767626312338e-03,1.763288382095959481e-03,1.768646693887017960e-03,1.768563766813410418e-03,1.756354227468828830e-03,1.760936347007367774e-03,1.765074325604797404e-03,1.756149596157335555e-03,1.761506696396423523e-03,1.770135042062800229e-03,1.768290444526098276e-03,1.764820443855496038e-03
1.729467052454902558e-03,1.752154322157233306e-03,1.718556231851943884e-03,1.735815117029504504e-03,1.724017974176824059e-03,1.727909990600725492e-03,1.743108994233040021e-03,1.731485346254569777e-03,1.729594081973188317e-03,1.732758817166891487e-03,1.743094281800405864e-03,1.719251417630827256e-03,1.735335089286724024e-03,1.732686248372673765e-03,1.726850683023315033e-03,1.721531719485813478e-03,1.720183458897804434e-03,1.724528928189510623e-03,1.731141856694813023e-03,1.725096748462708659e-03,1.718044473878245189e-03,1.730043524665300040e-03,1.722261191324505171e-03,1.729963754182966239e-03,1.732291952446181555e-03,1.724439809497363158e-03,1.718397161463264397e-03,1.723616509891467237e-03,1.733975600436192099e-03,1.733016398805270475e-03,1.703578143653179493e-03,1.731164572313635599e-03,1.731308685146417010e-03,1.716622452376324664e-03,1.736673793898269600e-03,1.724236383860154685e-03,1.730012996079918807e-03,1.715139875802711459e-03,1.729774074135749734e-03,1.726724450962374442e-03,1.717535886806517177e-03,1.725723012844923012e-03,1.725197557224897229e-03,1.718466112832028967e-03,1.713715474145671496e-03,1.731995895345928103e-03,1.720109492696640045e-03,1.729309842730317875e-03,1.727151019656205603e-03,1.724473795042885931e-03
1.692513622266594029e-03,1.698562731181657570e-03,1.694414392137501280e-03,1.694049080983593952e-03,1.692440941193576551e-03,1.693703090190816800e-03,1.689193475821203260e-03,1.696639078350195475e-03,1.696775354098735335e-03,1.701376825422168870e-03,1.692098947610043772e-03,1.701035404223756294e-03,1.683970346495085139e-03,1.688021898349459111e-03,1.688552218469208718e-03,1.682803221518191453e-03,1.689948086672055528e-03,1.699585471985647599e-03,1.687718615436474730e-03,1.700311681938689468e-03,1.697144756302588738e-03,1.706886441773511993e-03,1.695768940908856312e-03,1.678435047783209287e-03,1.683602565635100795e-03,1.687415710040917173e-03,1.682464339689952433e-03,1.697285153691166547e-03,1.687151359029134346e-03,1.698335809369614334e-03,1.678629635311117791e-03,1.676988307646101435e-03,1.678877841073917604e-03,1.691417108589074979e-03,1.694995646726859921e-03,1.699263625895184975e-03,1.696724743817257285e-03,1.683681286610755118e-03,1.701292473087553806e-03,1.684187623666908015e-03,1.695230139144769752e-03,1.691444333967199228e-03,1.698974795005590887e-03,1.689827382653144279e-03,1.687922835470060008e-03,1.694108847664388276e-03,1.690907923429010732e-03,1.695465613398842953e-03,1.685725870039044396e-03,1.674572365541822329e-03
1.648247786711389213e-03,1.658601079000948794e-03,1.652827191761040582e-03,1.657703934036613850e-03,1.652810209294940753e-03,1.652008091592915492e-03,1.660678099037641653e-03,1.652711546931451801e-03,1.664552608966455736e-03,1.658500311797615756e-03,1.657198945722433226e-03,1.642860200321424923e-03,1.659098860532714223e-03,1.663438523338235317e-03,1.654937867179699998e-03,1.652804613154769701e-03,1.668814149641967672e-03,1.641814132621064641e-03,1.671232605867861883e-03,1.661823424996159782e-03,1.655046063176504254e-03,1.646205079337008511e-03,1.649667987019522815e-03,1.654870379409539285e-03,1.651852433885652545e-03,1.643863793980177360e-03,1.644830962637538162e-03,1.648205708225920860e-03,1.658494288332611633e-03,1.663982413782184562e-03,1.663682823779753057e-03,1.640782658638159338e-03,1.658411815525236361e-03,1.649341155811667086e-03,1.647382328395101446e-03,1.655151248845048838e-03,1.648266715357964065e-03,1.652467550265104010e-03,1.653311047208413801e-03,1.641298016468612517e-03,1.667941472337050157e-03,1.655223323679038154e-03,1.659770358802291996e-03,1.653797319445556415e-03,1.658330294557827309e-03,1.656359952581211437e-03,1.648128411860028076e-03,1.664826500254595453e-03,1.654173123558596399e-03,1.660417205764758500e-03
1.616095290203506743e-03,1.615942221375173821e-03,1.600003690000378247e-03,1.617130946845712989e-03,1.617326498865561150e-03,1.621278198967513991e-03,1.623378007484111612e-03,1.617292822762170885e-03,1.607548913537102395e-03,1.616612103169053939e-03,1.601306654948828718e-03,1.615210669595307106e-03,1.610786271128436661e-03,1.610421412635372387e-03,1.603355374387452782e-03,1.620074678534008271e-03,1.605195655312631866e-03,1.603920461795208625e-03,1.617861290375581821e-03,1.617785219082922216e-03,1.613683839305460940e-03,1.609884017242660652e-03,1.608206768069363581e-03,1.608080637785588678e-03,1.609269285602003396e-03,1.608221181841688364e-03,1.610273783288311555e-03,1.611251148402526555e-03,1.611159328296530181e-03,1.610207015037910371e-03,1.615764746205515566e-03,1.630921006492438985e-03,1.616723003663069229e-03,1.605175981057063196e-03,1.621123363367293858e-03,1.612967848721409648e-03,1.617671533806544319e-03,1.610388298561718891e-03,1.609065168752529763e-03,1.610378184518656197e-03,1.606978123946468983e-03,1.613180167309318175e-03,1.623671171863103968e-03,1.591096852323065167e-03,1.616064410127193013e-03,1.605358388338305612e-03,1.614422295939672413e-03,1.628897969267121453e-03,1.613263675054105910e-03,1.608623230395060449e-03
1.569634752935618891e-03,1.581041101783803868e-03,1.578983764513017946e-03,1.589303975791438563e-03,1.582250581415406377e-03,1.574288891900426420e-03,1.565525278114925306e-03,1.573073955805303747e-03,1.584738797053154629e-03,1.580719496107353293e-03,1.552254142710157150e-03,1.569373154732349972e-03,1.576946797351902897e-03,1.588051285739330463e-03,1.561205534625926834e-03,1.575037700180573728e-03,1.583509778132362669e-03,1.577843515658332871e-03,1.569642309049767981e-03,1.573056915344511319e-03,1.570041136505775968e-03,1.576842068780517263e-03,1.571887267322639829e-03,1.586013991444485587e-03,1.577893635747438985e-03,1.575819549158002496e-03,1.562539222748307371e-03,1.568130984834865613e-03,1.572885330277307885e-03,1.584608169297434298e-03,1.574559604032006385e-03,1.574676229463017928e-03,1.574853471544987059e-03,1.577359771751938797e-03,1.578051516638622528e-03,1.568133364476293964e-03,1.579310321871263802e-03,1.566656618918855874e-03,1.574175822264706117e-03,1.578828137202338252e-03,1.573926914982243849e-03,1.582273843529395131e-03,1.578517667943010348e-03,1.561756773725285746e-03,1.565148709845476166e-03,1.569239509108616860e-03,1.572009844685658955e-03,1.575675791585176870e-03,1.579398138422285006e-03,1.579262153747441541e-03
1.536765666218518770e-03,1.529550804688109295e-03,1.524676683664082577e-03,1.541549655115993702e-03,1.526443245697035140e-03,1.523226917230379894e-03,1.524019073289132947e-03,1.532234561945257844e-03,1.536465060343595885e-03,1.537247913778714203e-03,1.520745270000727935e-03,1.544848179784428805e-03,1.534685794581521498e-03,1.535458329664561019e-03,1.522347333896230176e-03,1.537866873262190353e-03,1.527577478862634890e-03,1.522400419383461911e-03,1.537197403515487212e-03,1.517554206449763920e-03,1.524688394263537354e-03,1.529578386054658481e-03,1.522355259681287950e-03,1.530195239901729377e-03,1.522204592001879251e-03,1.531393376943839240e-03,1.537844993752400264e-03,1.543307847553375845e-03,1.533987312412229444e-03,1.535508035135386669e-03,1.528294674560359964e-03,1.529924314140598948e-03,1.532755590573666371e-03,1.532648119980490123e-03,1.537899536128009732e-03,1.518249775797295706e-03,1.545891621258285459e-03,1.526182175467625298e-03,1.529466825159362872e-03,1.539776172017510341e-03,1.539963193241006625e-03,1.530857557664021566e-03,1.537728227370254710e-03,1.524465786205119041e-03,1.522689077176808377e-03,1.525464883350404789e-03,1.523388099725516125e-03,1.532593016060334115e-03,1.537044873960015465e-03,1.533177072405819338e-03
1.488211096209518785e-03,1.488100743100183396e-03,1.487648961981102684e-03,1.497027393358005623e-03,1.496052200826141626e-03,1.480069671599142491e-03,1.477096090677147222e-03,1.494834961064824301e-03,1.494278453305745947e-03,1.475906822032479115e-03,1.482913362638648260e-03,1.489613050244518707e-03,1.482474159804939148e-03,1.497619511741271701e-03,1.491283015339383124e-03,1.480392359677127571e-03,1.505859039780525245e-03,1.501086594823823660e-03,1.490860269250260644e-03,1.488120450910722934e-03,1.493458813436404848e-03,1.496586604366498740e-03,1.494543091159872923e-03,1.471832074772094290e-03,1.476974244461612667e-03,1.490462251407643525e-03,1.486432738730426211e-03,1.504132499907083432e-03,1.492885575222082208e-03,1.484156806163070908e-03,1.480732118493386989e-03,1.483855445858737803e-03,1.483076899711586539e-03,1.489374932823770824e-03,1.478660492350306272e-03,1.486878293567678267e-03,1.489297163113737464e-03,1.485379566391790886e-03,1.497408442937829846e-03,1.507239424626444311e-03,1.493159438962043777e-03,1.495360629989258942e-03,1.488813054684036885e-03,1.486439916259026106e-03,1.492676531455375223e-03,1.485748250388735847e-03,1.486742203690617856e-03,1.495113833276644905e-03,1.495711973168855876e-03,1.473468729328345243e-03
1.432378755278920779e-03,1.435677346288647717e-03,1.458556801019282546e-03,1.441279456506056001e-03,1.440411693440161794e-03,1.445327587451676653e-03,1.446962168287157634e-03,1.449938442455066300e-03,1.440935820462442736e-03,1.434809582861309562e-03,1.437058064301524130e-03,1.439192071400377743e-03,1.450012931564370437e-03,1.433749823821146288e-03,1.450066586533948218e-03,1.436789521941302409e-03,1.445555379554230337e-03,1.462469372815737361e-03,1.443904512106248443e-03,1.455474369677873603e-03,1.436372538953084197e-03,1.437483396305674075e-03,1.459614780228865594e-03,1.432146552994304671e-03,1.448546104812455148e-03,1.444895576207678653e-03,1.436458353006978732e-03,1.444727636098954576e-03,1.449562533964201356e-03,1.445193159085724193e-03,1.430710605815187697e-03,1.443927093353440660e-03,1.461364921665636325e-03,1.431917231356460681e-03,1.458063692303938463e-03,1.450336976389369299e-03,1.447897375284820003e-03,1.442252557315404533e-03,1.441071787605878451e-03,1.452287648690462479e-03,1.456219241930635814e-03,1.447001681110523510e-03,1.433556796089268184e-03,1.453922385457410635e-03,1.451050109152859013e-03,1.454866257665609307e-03,1.459394565037259962e-03,1.460064327447940357e-03,1.442893753624579188e-03,1.439890463049913610e-03
1.395234200100387619e-03,1.405225363203448834e-03,1.402589600419709270e-03,1.390912088560491847e-03,1.395971070115751504e-03,1.394562275572361386e-03,1.410277424022779273e-03,1.395522675739680526e-03,1.389727932846887516e-03,1.416392837779556491e-03,1.390688250456010265e-03,1.394073411394262637e-03,1.397564480953870274e-03,1.402194212459011808e-03,1.393909505411809659e-03,1.389719030911601818e-03,1.410278219730076851e-03,1.415260970464223521e-03,1.397674940654676772e-03,1.411669484543950914e-03,1.409321789269474485e-03,1.397938608079567213e-03,1.397520884316937355e-03,1.413745225658929799e-03,1.397692381889907793e-03,1.411782796963217739e-03,1.401555571872043068e-03,1.398504260566431779e-03,1.398069852691930350e-03,1.400840916235426056e-03,1.396881990511433498e-03,1.399653611756316012e-03,1.409245357751536453e-03,1.406420609274403521e-03,1.406264404295464029e-03,1.388456635338249394e-03,1.414833743750811045e-03,1.386615444398903857e-03,1.406840972719389758e-03,1.391811102043766192e-03,1.400198784937778688e-03,1.398223554873484703e-03,1.393102653842054730e-03,1.403142585388209062e-03,1.391178639431971207e-03,1.397282671864597718e-03,1.396103819651483289e-03,1.399756005773298770e-03,1.399222370341452913e-03,1.419599951771057704e-03
1.345597506662587128e-03,1.352482559260646160e-03,1.350563339380907212e-03,1.358615274248314462e-03,1.346696063767557298e-03,1.351415239033797438e-03,1.343715310614351614e-03,1.346321077991806522e-03,1.358626966091024818e-03,1.363102938236308457e-03,1.337393140486724556e-03,1.351571622765909133e-03,1.363199307737460566e-03,1.343558788151810214e-03,1.353986181134981962e-03,1.346073137840000846e-03,1.353072132715724997e-03,1.352208613679356172e-03,1.351901349862516316e-03,1.356237295510996036e-03,1.350247608669051308e-03,1.341757631002151634e-03,1.355075898355927915e-03,1.341649879942185620e-03,1.341005466150321833e-03,1.376002357695306185e-03,1.363277809550114640e-03,1.354787370537558844e-03,1.354396459736969963e-03,1.363250843820198056e-03,1.346450546616257153e-03,1.349225425588956341e-03,1.340495330360259689e-03,1.342208865060348991e-03,1.351894740575396115e-03,1.365783692834625146e-03,1.357160993395946499e-03,1.352389277777377337e-03,1.349182634253125049e-03,1.347511212715377668e-03,1.345790403400064141e-03,1.355556032242941338e-03,1.355464446388414098e-03,1.350715653103458629e-03,1.359315804934841483e-03,1.351300222163326304e-03,1.361398022433841018e-03,1.370820680467538027e-03,1.363322494316521021e-03,1.361047807418693098e-03
1.294038753847906150e-03,1.289402013672333053e-03,1.319028386279384431e-03,1.305698825578582595e-03,1.312168167953676199e-03,1.312754321152594279e-03,1.308104881292004255e-03,1.300031011930186326e-03,1.306437626853058746e-03,1.305431325944567036e-03,1.294342769223031384e-03,1.296926465168655443e-03,1.301028529890191701e-03,1.301331589473101380e-03,1.308165968828433300e-03,1.309077218048981502e-03,1.297930525939758198e-03,1.306410698479841710e-03,1.293355028045863964e-03,1.304884218865178880e-03,1.300962417532315705e-03,1.303887613630016909e-03,1.299219891139800735e-03,1.304567365486431884e-03,1.300527977414169456e-03,1.309610518087790448e-03,1.299913020684641696e-03,1.303263972270443660e-03,1.303519927443409559e-03,1.308851617416915535e-03,1.294565582475516513e-03,1.304451950953969307e-03,1.295380930923796222e-03,1.299774923392361123e-03,1.300725466928983297e-03,1.317166608071147077e-03,1.319605911591681217e-03,1.297155745577104535e-03,1.314897975407414762e-03,1.309656499325497587e-03,1.303528124931232438e-03,1.293524859392087330e-03,1.299400340758360365e-03,1.296539325318988743e-03,1.318939989655195126e-03,1.292547512140922346e-03,1.302575152936929874e-03,1.298861909756016076e-03,1.304449660311982019e-03,1.287689759903834583e-03
1.255826939307361093e-03,1.245796633380193315e-03,1.264462207058269236e-03,1.242741249491842448e-03,1.245178775994691895e-03,1.259113652838146028e-03,1.261365193470397007e-03,1.246831840301232354e-03,1.261703153419254167e-03,1.254873836048864353e-03,1.256047871342391188e-03,1.239573567345227329e-03,1.254765617810880713e-03,1.247742404215324008e-03,1.261082814615709048e-03,1.244279291453824444e-03,1.263547537359397278e-03,1.258173365262553510e-03,1.258991488437887461e-03,1.256258909148857440e-03,1.251995277889762521e-03,1.254742674082891165e-03,1.254409033051496168e-03,1.253838189433668145e-03,1.262112235977911386e-03,1.237498343487502400e-03,1.255841615715148733e-03,1.267034507592367009e-03,1.253955624249407114e-03,1.264335059646456939e-03,1.262059381636263444e-03,1.263408014930364389e-03,1.251315378667634814e-03,1.242949267762750694e-03,1.245732620362304541e-03,1.250850133053053349e-03,1.258645814603294184e-03,1.262605030909901569e-03,1.244764319044977703e-03,1.254739891250337145e-03,1.245864956337717957e-03,1.259993660141619370e-03,1.258508580954647432e-03,1.262181549043707440e-03,1.249168841537284238e-03,1.249828486715267835e-03,1.254622711217995030e-03,1.261714316796137651e-03,1.244836024203381736e-03,1.254036963201221513e-03
1.204602034321179509e-03,1.195588521451340907e-03,1.203792458653275268e-03,1.215993869529839689e-03,1.207124758283723313e-03,1.219933307212319037e-03,1.202727609957850077e-03,1.190126102682285752e-03,1.200351783182718223e-03,1.201373706417865764e-03,1.200623835249203840e-03,1.201988783482812019e-03,1.197310149676525121e-03,1.208687818654724262e-03,1.194051904986039459e-03,1.190544099905550173e-03,1.200594483171174218e-03,1.201898960273491005e-03,1.194005020666563666e-03,1.184806280310113282e-03,1.200135158502611821e-03,1.196155871478701230e-03,1.202138598701351681e-03,1.203991692831781705e-03,1.202766216817176921e-03,1.206245280361630283e-03,1.190309495661814399e-03,1.205485215086421827e-03,1.208005401992348323e-03,1.200656240233893141e-03,1.203529505610274192e-03,1.195563903445514761e-03,1.210856940092247926e-03,1.203964787596157422e-03,1.201782366515976403e-03,1.204989280173626763e-03,1.185375028169170352e-03,1.184618281515371473e-03,1.201937539932421183e-03,1.192248102393719507e-03,1.199642147500042024e-03,1.198636677247071026e-03,1.208286331646881004e-03,1.191477405318075141e-03,1.196912166072114673e-03,1.201485134348215245e-03,1.208602495327756269e-03,1.203187807134475885e-03,1.205472639861472585e-03,1.203756512442054772e-03
1.164315179267655159e-03,1.157071266483987188e-03,1.139469455678646667e-03,1.151217413742438916e-03,1.134102857489545412e-03,1.149290751762703598e-03,1.154351747712558393e-03,1.144124235472003927e-03,1.143621589664753054e-03,1.151367096362212843e-03,1.144602620846899054e-03,1.146275049171929968e-03,1.143567784306289900e-03,1.153826682032307524e-03,1.151401288159231749e-03,1.152323305522515075e-03,1.157195652719336231e-03,1.150701296718121712e-03,1.155556578040502474e-03,1.140085497851053668e-03,1.150312349562752565e-03,1.149666201694935852e-03,1.152221732138802206e-03,1.154363362711676062e-03,1.141885848572043614e-03,1.161837687509671571e-03,1.137779364464580481e-03,1.157041172066281508e-03,1.148920557242447821e-03,1.158902059690318292e-03,1.145623384576334230e-03,1.159381454256435328e-03,1.161035560436481009e-03,1.147794610566309258e-03,1.145421564928189931e-03,1.146233644890079246e-03,1.154696033054170706e-03,1.144401535729215949e-03,1.150518260807922031e-03,1.151233958916342151e-03,1.143791663726644080e-03,1.141412780836266591e-03,1.140879941236931086e-03,1.149225429782692754e-03,1.149496023064982934e-03,1.158438372052195608e-03,1.148347719827483076e-03,1.141681725940547117e-03,1.150501882589636312e-03,1.144611533875175861e-03
1.098787820819289432e-03,1.101465832396271525e-03,1.096767682019038912e-03,1.104797449727712563e-03,1.096689485457474651e-03,1.105433227708628929e-03,1.103524514917986112e-03,1.097189928056022589e-03,1.100276002390311982e-03,1.115826055858348213e-03,1.098681131133668817e-03,1.084097950141674985e-03,1.093442495657959580e-03,1.096504272991841904e-03,1.107434331336930138e-03,1.078590284521763068e-03,1.095883630677347122e-03,1.094146902083907190e-03,1.085895103631910694e-03,1.080522954358786652e-03,1.086142183462028565e-03,1.099544536640847253e-03,1.097525858982724813e-03,1.092483223829327030e-03,1.086797180348115155e-03,1.104484071459455735e-03,1.107249093219609586e-03,1.090596080063534461e-03,1.090060421862940965e-03,1.099996517593402603e-03,1.108340702914748085e-03,1.087002155888650186e-03,1.089579976412615283e-03,1.097840647779194535e-03,1.103507138482734493e-03,1.100844603348663259e-03,1.101000773731255480e-03,1.084896222899260805e-03,1.095566009099054484e-03,1.096367148839986995e-03,1.085443968738037442e-03,1.090676448668973127e-03,1.084480171583294744e-03,1.103680435899537281e-03,1.102356426352422416e-03,1.096480615526921037e-03,1.102909551076020110e-03,1.089359288196738856e-03,1.093840252759097726e-03,1.098307692014366356e-03
1.037606690096893854e-03,1.035465981857206169e-03,1.045735234302833756e-03,1.042090039789128663e-03,1.032051200007708287e-03,1.047099832966954429e-03,1.042657585529759446e-03,1.047333727263481543e-03,1.030030832295481371e-03,1.027667587986437437e-03,1.048262773207810821e-03,1.030166581158079887e-03,1.030390205742419581e-03,1.041823194613777231e-03,1.050430209134238339e-03,1.034007660266055353e-03,1.049169645583472067e-03,1.036451379619014908e-03,1.047240829896547813e-03,1.045554539093185428e-03,1.043223514463058766e-03,1.044736127777172842e-03,1.026014011794302520e-03,1.044393920921088317e-03,1.047885360851979943e-03,1.048160189445785468e-03,1.030571042366867050e-03,1.020684672216383686e-03,1.027824793406562987e-03,1.038599547781852723e-03,1.033990901704721996e-03,1.031257027462246720e-03,1.038435055855300949e-03,1.048921149327707936e-03,1.043790108944121905e-03,1.032901661161603679e-03,1.028118848338485354e-03,1.031213465552006242e-03,1.038606093971416880e-03,1.027151166018885507e-03,1.023238649951709088e-03,1.024542052463608141e-03,1.039525398495030287e-03,1.029403440723373944e-03,1.052368262172658506e-03,1.052691288643767004e-03,1.033587345261723382e-03,1.046306479457417664e-03,1.037566505156916914e-03,1.039164029545193305e-03
9.682399887128971148e-04,9.839972344955808491e-04,9.894358095741638808e-04,9.970837409183615566e-04,9.678723873425072906e-04,9.761224553303544244e-04,9.713371741287123856e-04,9.742342655930089947e-04,9.778113598555905096e-04,9.691677500276302260e-04,9.869776919307086862e-04,9.819995304285252143e-04,9.776147196651084528e-04,9.843369168984783014e-04,9.675196113884314362e-04,9.737888351012870128e-04,9.909803178913690735e-04,9.603762292245100144e-04,9.933883155846460859e-04,9.871044266797537447e-04,9.853199008400879803e-04,9.939740702736949655e-04,9.691047191955226179e-04,9.634673912481965703e-04,9.727333503323859704e-04,9.789066190058369130e-04,9.922375212285401268e-04,9.919341010241706710e-04,9.744303314214559052e-04,9.862337978858678241e-04,9.666839195718310903e-04,9.797156216392887990e-04,9.804645443262734097e-04,9.788202948574776640e-04,9.745937010308577649e-04,9.887514385526440224e-04,9.627087959784157200e-04,9.706697164297134733e-04,9.774738191524643630e-04,9.856989228182542334e-04,9.781987055537330611e-04,9.760098858677811618e-04,9.883513575815608757e-04,9.688513980920406259e-04,9.825640336578816102e-04,9.820815713096322976e-04,9.830938793291906126e-04,9.793500908961449199e-04,9.907975204918669128e-04,9.772626857025104065e-04
9.033056413397256559e-04,9.277507560185986081e-04,9.346721926123504384e-04,9.302501483960542127e-04,9.348681407639065476e-04,9.145383972130175822e-04,9.150854556080125239e-04,9.154934414948445601e-04,9.151833806227394584e-04,9.140695461096204084e-04,9.245593973752291124e-04,9.113937027372103622e-04,9.120123245536511207e-04,9.235468870815448546e-04,9.240387819545541320e-04,9.050317085164143096e-04,9.199262607527250229e-04,9.175105435026729506e-04,9.111214740731255705e-04,9.051306181150918550e-04,9.345269341986744494e-04,9.256030755745547466e-04,9.067777337743424980e-04,9.209082406899790282e-04,9.244936191027821422e-04,9.164165102355931181e-04,9.083733785271721432e-04,9.132622613521056186e-04,9.148224264381648674e-04,9.143532017455918226e-04,9.127233137218068292e-04,9.235783340897589901e-04,9.169484172543844762e-04,9.324357973935427013e-04,9.218350418278599412e-04,9.191646989360989766e-04,9.298790281198713323e-04,9.165287930591295472e-04,9.128519710256877053e-04,9.204239241019296011e-04,9.104715957798436904e-04,9.175552081458972394e-04,9.202703829990715274e-04,9.208639950204637646e-04,9.127561749066875766e-04,9.189235849883509296e-04,9.278807305216881310e-04,9.059635835688980383e-04,9.062835693261822503e-04,9.287270473771460028e-04
8.390513771034924760e-04,8.552347755122867304e-04,8.674232854238329848e-04,8.719432357136464333e-04,8.566882441987907267e-04,8.515958557861984376e-04,8.508216921742608107e-04,8.599728745105288509e-04,8.553777588394100842e-04,8.535515519140442252e-04,8.572835095439004793e-04,8.612910034093744852e-04,8.622648838827182746e-04,8.601706636688076805e-04,8.623714824911294210e-04,8.659247690277032923e-04,8.687782788275029248e-04,8.574791314554824255e-04,8.532312501858497697e-04,8.639161301118345555e-04,8.515780203980677539e-04,8.577876985526644354e-04,8.640530936904898714e-04,8.578170174556009600e-04,8.571880214447149746e-04,8.583000337264951127e-04,8.547251532926526327e-04,8.639700873964372384e-04,8.644523674270643970e-04,8.592374420477445459e-04,8.567515237208107480e-04,8.363067112246838413e-04,8.644922759628972985e-04,8.567121173953758974e-04,8.504333507498914192e-04,8.643333608030261345e-04,8.512804523144505914e-04,8.695001626665894469e-04,8.555724881421250018e-04,8.526353505290647835e-04,8.635358309329764157e-04,8.666826949637456432e-04,8.442313067029129326e-04,8.628725235948350118e-04,8.643542884714344688e-04,8.665733565342592952e-04,8.481897368877132359e-04,8.577214351941414485e-04,8.640350437965503474e-04,8.669528125533554818e-04
7.972887022976219134e-04,7.955919606658167593e-04,7.896700477636554643e-04,7.803774796694326046e-04,7.883970535846103076e-04,7.928301353304805562e-04,7.948581003813624682e-04,7.925606630767480102e-04,8.127391778193416476e-04,8.072210158219417404e-04,7.882403345606428090e-04,7.957961144232380104e-04,7.955787134037496135e-04,8.013387563938228651e-04,7.902449278097009805e-04,8.073015056022956682e-04,7.891979579900225417e-04,7.912573168526615842e-04,7.944067658357660024e-04,7.969898104329140379e-04,7.838107178203781349e-04,7.892307416290114891e-04,7.989351362749099426e-04,8.013276151712112874e-04,7.908029770681496498e-04,7.972127710861867059e-04,7.930288689707162223e-04,7.884897463605310694e-04,7.929554337458536058e-04,8.054558780333844490e-04,8.138089112171349076e-04,7.950737830599874942e-04,7.882832243457914842e-04,8.017722544211745243e-04,7.867232091043991835e-04,7.918972493304141276e-04,8.080608663521301029e-04,8.028146920298386002e-04,8.062763292873533286e-04,8.046426750220455823e-04,8.059253854700253444e-04,7.966108681287603979e-04,8.063774672102242249e-04,7.936040039406949383e-04,7.922450455691579458e-04,7.910730367321317609e-04,7.989612779657689423e-04,7.907457107201463966e-04,7.970508097446918653e-04,7.943582650899280902e-04
7.310122954313058976e-04,7.225972669109807919e-04,7.394349042369568721e-04,7.525074321039111613e-04,7.254906928156539892e-04,7.327486876983281593e-04,7.227740198747197378e-04,7.280687975411765560e-04,7.240508277132523844e-04,7.194948011422853170e-04,7.292650911012534855e-04,7.281742522831891832e-04,7.256176446358300830e-04,7.211083489915900025e-04,7.373099991590814379e-04,7.316215864688475597e-04,7.272263919671515323e-04,7.281685194853285180e-04,7.233538979846710357e-04,7.257490389110947578e-04,7.095699571619021014e-04,7.438411073592953587e-04,7.367472241164262081e-04,7.193374977775917299e-04,7.274150523816247816e-04,7.392766678291158751e-04,7.288054692292655901e-04,7.289908488403191045e-04,7.320387429839961182e-04,7.249166810515075441e-04,7.175162098936854055e-04,7.305723840229013397e-04,7.284657161405558995e-04,7.441696809978652323e-04,7.271454636249107114e-04,7.327944531678984340e-04,7.184824298517377512e-04,7.277296384365357189e-04,7.373790838363682154e-04,7.322598675587108216e-04,7.347442914451049857e-04,7.292522136248415611e-04,7.301843176226013301e-04,7.375999595370394749e-04,7.322413699150982390e-04,7.261045304564971809e-04,7.477950608343274762e-04,7.259297646911820612e-04,7.275046849484885720e-04,7.276630063045565157e-04
6.611464536016915155e-04,6.563995866101435999e-04,6.624387780042361243e-04,6.671888548375783101e-04,6.742463390158961751e-04,6.582387447607099262e-04,6.673693245343322554e-04,6.685931464182071895e-04,6.852580583996429817e-04,6.692202538274901608e-04,6.617527284286972870e-04,6.613913699765683676e-04,6.708855368405483317e-04,6.677502500124675921e-04,6.669585683014217026e-04,6.676520947433759292e-04,6.712202509921020351e-04,6.719508747020757873e-04,6.608147037315307507e-04,6.681192996269134541e-04,6.624052511442488685e-04,6.732308125389469640e-04,6.685812901628305181e-04,6.836156180192486716e-04,6.638566697502250010e-04,6.498840265901649526e-04,6.563154811379021776e-04,6.743294165835569173e-04,6.702613920502286651e-04,6.572107714006730252e-04,6.661810782093893334e-04,6.589814729150646373e-04,6.572933488095556581e-04,6.607299823363480982e-04,6.605266917778841469e-04,6.677106566848749506e-04,6.680492001210047151e-04,6.659380743564446460e-04,6.643044200603391613e-04,6.580138901405873687e-04,6.782583524308043177e-04,6.623815380480310147e-04,6.632887521444000897e-04,6.614236568110755388e-04,6.706783463473426970e-04,6.526640289263954155e-04,6.649869252568389255e-04,6.694146463121535473e-04,6.621472840829934316e-04,6.678456927381178727e-04
