2.088436537970938013e-05,2.092355352732521868e-05,2.113938299745022050e-05,2.093745152202401336e-05,2.103246745060921075e-05,2.133268477823264814e-05,2.106881576041522760e-05,2.103337832759284590e-05,2.117085683935507521e-05,2.098529623500639050e-05,2.104634532436023387e-05,2.111049379705168255e-05,2.112174444252724222e-05,2.106298377302301820e-05,2.127875663605154801e-05,2.123943887527071086e-05,2.098519896297709538e-05,2.133344470346021737e-05,2.118896455936674641e-05,2.100544626756864784e-05,2.096858802217911892e-05,2.089751107907721837e-05,2.099200538280069619e-05,2.108929040009660977e-05,2.119139975808710406e-05,2.110872444966300750e-05,2.098261112221163962e-05,2.111138483807430539e-05,2.093584151173618076e-05,2.117514246577822519e-05,2.088126905401837559e-05,2.103131561572093189e-05,2.108403998519220337e-05,2.127232051556483927e-05,2.083099228219968449e-05,2.096885923269609466e-05,2.128477887473662319e-05,2.107549346607584997e-05,2.082680896661925131e-05,2.117283682475156611e-05,2.117821440994485256e-05,2.118300475435786081e-05,2.094247177032981653e-05,2.103158876159878934e-05,2.115705041446103513e-05,2.114675981128455874e-05,2.105606567655221920e-05,2.097112930344069933e-05,2.124609336946577722e-05,2.128751323923752176e-05
2.104776642729592681e-05,2.097043112525295722e-05,2.100136045695196669e-05,2.113110286210221614e-05,2.115523712753946005e-05,2.117008944772485047e-05,2.094446248211609860e-05,2.102779090472221810e-05,2.122181184703284977e-05,2.122947830796244030e-05,2.118630549134320720e-05,2.114380585916610409e-05,2.086749624955637269e-05,2.114710487982859299e-05,2.121476828064429378e-05,2.106611010381364768e-05,2.120156024153310612e-05,2.105688062564286864e-05,2.118773278277630753e-05,2.112729825259209397e-05,2.106846904230413745e-05,2.112328374525381899e-05,2.098652429985422923e-05,2.096699365070069340e-05,2.112450556306219498e-05,2.102344124567094048e-05,2.122821286066947362e-05,2.098965334027450190e-05,2.120524404021316214e-05,2.082061143577871746e-05,2.111090095203481542e-05,2.108477380446723901e-05,2.101937935239870978e-05,2.104012326748127328e-05,2.117219678439729287e-05,2.106012837152632496e-05,2.119095286977238656e-05,2.108806857524163456e-05,2.100912984530879931e-05,2.100374090167642124e-05,2.094219703012158525e-05,2.109054094639892796e-05,2.135444153896917739e-05,2.110261537176933138e-05,2.083103466224512442e-05,2.072726596089289971e-05,2.102529904126457954e-05,2.124261137537349154e-05,2.101926027379795317e-05,2.097749462377527653e-05
2.101886877867994180e-05,2.107099180271582167e-05,2.112376063198051105e-05,2.113905669575669001e-05,2.084689117266133791e-05,2.094953616447630719e-05,2.090896719098127648e-05,2.082255500930268476e-05,2.104029692869291513e-05,2.074997782434686040e-05,2.095392510523160352e-05,2.115892683323305880e-05,2.096143063650855045e-05,2.079735833399846092e-05,2.113702194674194074e-05,2.098184845311952727e-05,2.097337950529932482e-05,2.083413512502448219e-05,2.089004403875074963e-05,2.106308619126775089e-05,2.109398244869639728e-05,2.105015291778496476e-05,2.091902610424186326e-05,2.093194435353695168e-05,2.096541000201391052e-05,2.117273493618673376e-05,2.077640350920452008e-05,2.080706694737606471e-05,2.098735181476324606e-05,2.091786824378420108e-05,2.103437267432852631e-05,2.106142616998938786e-05,2.092470107762657076e-05,2.099186973612358469e-05,2.111619319466162255e-05,2.125675699488313009e-05,2.097371991460705799e-05,2.107053313763065111e-05,2.093895244067140409e-05,2.108302882562841570e-05,2.094773805119011428e-05,2.109826528776462940e-05,2.102607088037060189e-05,2.089322614458789009e-05,2.091023764563113802e-05,2.100328584546901436e-05,2.094724002502809331e-05,2.097925155470290378e-05,2.091622699925831959e-05,2.107532106763145959e-05
2.118359635753482015e-05,2.092843001684092569e-05,2.096243950541597521e-05,2.100408124952977618e-05,2.089033032700997225e-05,2.092924559913277602e-05,2.091004665840084836e-05,2.113285401714520357e-05,2.099195807289283317e-05,2.101295608832991698e-05,2.099717182804320396e-05,2.102127510773397462e-05,2.091512044668144280e-05,2.099203434547673757e-05,2.096316361971115928e-05,2.082748503192903810e-05,2.096720917563351427e-05,2.104041798678036213e-05,2.098811486205494256e-05,2.103264918121172818e-05,2.096095643765630398e-05,2.110905229761731095e-05,2.106206806018621943e-05,2.093845980889234523e-05,2.107623776715220526e-05,2.115305301209803324e-05,2.104628163541319704e-05,2.109327877948834448e-05,2.115492609755507912e-05,2.097556177395500985e-05,2.111585735273046344e-05,2.089780826767256245e-05,2.094615058588567214e-05,2.075520448608666365e-05,2.095665609621840111e-05,2.082787798412251724e-05,2.110800071285567290e-05,2.096747620560384425e-05,2.096476434774965545e-05,2.104023600156110278e-05,2.112254717015196661e-05,2.102710373047247117e-05,2.092243515431468548e-05,2.109547466752328466e-05,2.103367701501274281e-05,2.101057428174064840e-05,2.107919891003933133e-05,2.095350377906943261e-05,2.116572979099312106e-05,2.101672999688163833e-05
2.076152830994474187e-05,2.069934018935670183e-05,2.102621510394080522e-05,2.108997161495638261e-05,2.092937453420787972e-05,2.079026258293646589e-05,2.108377540720932544e-05,2.080280182505619922e-05,2.080978567044912663e-05,2.106628699492066832e-05,2.075583335692811926e-05,2.111951912418152710e-05,2.092179884820628578e-05,2.090045843957305649e-05,2.078584099862022629e-05,2.092730080031130312e-05,2.096145306536803356e-05,2.067245492154474819e-05,2.089425515550356793e-05,2.090462497242467446e-05,2.109607123916850099e-05,2.097792466237475726e-05,2.096106803710454328e-05,2.101225001463165250e-05,2.095150706423941922e-05,2.082218627327337137e-05,2.106055158187989022e-05,2.091367953530950686e-05,2.108148919002071297e-05,2.083523841441790384e-05,2.083736876644896744e-05,2.099379748949460812e-05,2.096151180609141245e-05,2.097922311865578395e-05,2.085250987314614829e-05,2.097496527278251460e-05,2.098863280263502259e-05,2.093543533733475937e-05,2.080170869443036624e-05,2.107191535289475436e-05,2.087802133666012257e-05,2.109365645132391202e-05,2.102504165118189257e-05,2.086901786660263664e-05,2.101462724219398820e-05,2.123417113894506350e-05,2.096931657853708233e-05,2.094841879980411818e-05,2.077783455478494641e-05,2.096507968330996866e-05
2.087025651097487383e-05,2.094038233117794705e-05,2.090983938790113458e-05,2.100073409799245905e-05,2.102855127832673556e-05,2.081937639755141413e-05,2.071331176251537344e-05,2.095977179592206389e-05,2.084101397390616833e-05,2.109134706628823370e-05,2.089016437881349348e-05,2.102485038500025494e-05,2.099880789448181401e-05,2.087991678086186626e-05,2.097741128543926818e-05,2.093757837248826195e-05,2.077712344370967904e-05,2.085173510351305182e-05,2.082411180263377679e-05,2.096634075979962161e-05,2.084634982021477080e-05,2.104914382585320256e-05,2.074444646207682181e-05,2.091716021457017358e-05,2.073175354599211340e-05,2.089829999350154574e-05,2.077236070871261447e-05,2.053593026849405174e-05,2.105482157825186410e-05,2.092426523692981287e-05,2.084948001504714676e-05,2.088256738910969918e-05,2.073553772358160805e-05,2.105722567018663091e-05,2.098972876000449616e-05,2.082241117144814467e-05,2.100465978894261814e-05,2.080429857061873863e-05,2.070450375674472005e-05,2.090694100525369493e-05,2.067902553130925437e-05,2.092305915346481018e-05,2.083508021322908759e-05,2.076696567379503853e-05,2.070275111376834636e-05,2.093143615503288691e-05,2.081459120597766821e-05,2.102792589936462557e-05,2.099826443284833391e-05,2.091913843857117131e-05
2.049272824613842094e-05,2.078207343987962375e-05,2.083568333826786036e-05,2.085914759241087256e-05,2.076046131487121549e-05,2.079397125641008190e-05,2.067120127347792165e-05,2.082882807619022004e-05,2.092379294180810671e-05,2.070011403306002139e-05,2.066800082785309503e-05,2.070985336383579032e-05,2.099045555497905865e-05,2.073016971882675393e-05,2.081093497428793880e-05,2.074818944710716002e-05,2.082269223450760494e-05,2.078381493701553822e-05,2.093417184459783349e-05,2.089107173655774805e-05,2.082674873279246133e-05,2.079720085239313238e-05,2.086409434194346974e-05,2.086550730994199773e-05,2.063975390506862589e-05,2.066544130688205530e-05,2.086556877202622962e-05,2.063797841616539765e-05,2.079867700470451079e-05,2.069709582410400771e-05,2.087405604085940933e-05,2.065865686884693121e-05,2.074783407089392123e-05,2.097107943976377756e-05,2.084751041305951704e-05,2.081201692950961638e-05,2.075092061811848113e-05,2.084968539766461160e-05,2.070222533278359331e-05,2.091520492148568662e-05,2.094196837455324236e-05,2.095433043550875492e-05,2.072723251175630495e-05,2.105791448650205574e-05,2.087586004625067391e-05,2.093784744173374666e-05,2.077663478282675881e-05,2.089437541207891252e-05,2.099413619057137250e-05,2.050926926966756752e-05
2.065113625257891075e-05,2.063088570520596224e-05,2.063418902311875766e-05,2.072474319253101167e-05,2.092791343598604769e-05,2.063681863932077804e-05,2.096707649885144053e-05,2.076313936428717419e-05,2.079122846914787832e-05,2.084080085843950501e-05,2.079173596322805137e-05,2.084786655212053842e-05,2.075857437644418999e-05,2.054472807280359643e-05,2.089129706621144011e-05,2.072013725342596903e-05,2.060427025806824177e-05,2.073878765607886944e-05,2.089460733366385280e-05,2.060441719051803045e-05,2.076596049878290447e-05,2.066406763271536376e-05,2.072215860411665567e-05,2.080659311587099942e-05,2.079274665505272731e-05,2.066432117230580581e-05,2.102124211041648025e-05,2.047119999116950680e-05,2.068163752925130153e-05,2.074375035562641976e-05,2.062424521439877860e-05,2.076656251068426974e-05,2.056736254044272280e-05,2.076433972626203799e-05,2.097303402571720128e-05,2.064327509334184932e-05,2.067537911158601085e-05,2.071583179435537592e-05,2.083982701768574347e-05,2.061473885563197995e-05,2.061120317728026721e-05,2.069555895052356553e-05,2.107335384767140203e-05,2.076426637493497082e-05,2.085773121516116798e-05,2.069960972189379593e-05,2.053637019704519662e-05,2.058274597256511899e-05,2.065312489608533283e-05,2.078540521938524293e-05
2.042444857731591702e-05,2.077775544342136139e-05,2.065938766680892565e-05,2.080857503234729810e-05,2.084151663914536712e-05,2.063219848291637340e-05,2.044629791134318128e-05,2.058830537555866863e-05,2.057018941018071736e-05,2.061693516629041435e-05,2.078150352451806364e-05,2.068850986101931604e-05,2.048990296773145315e-05,2.065365751377368971e-05,2.061324058401052195e-05,2.068466999797699389e-05,2.059250258200171697e-05,2.055897873035428481e-05,2.067490519988056608e-05,2.047709800345999613e-05,2.062663944135214827e-05,2.061505580275239794e-05,2.079768569228763558e-05,2.074451430016904487e-05,2.048876433291050539e-05,2.059308243583829427e-05,2.072678408793891559e-05,2.059101099794201484e-05,2.067368748103156527e-05,2.055772600401239761e-05,2.077617013149685130e-05,2.068054028556481761e-05,2.071271072232609546e-05,2.059656085191783627e-05,2.081573874216665178e-05,2.086532868973140208e-05,2.065755596296671312e-05,2.083635504373138899e-05,2.048221601404549247e-05,2.053464325170097584e-05,2.072135152195725072e-05,2.070263708163946323e-05,2.055795198626872252e-05,2.055637883915904592e-05,2.037648090528303282e-05,2.056642215213966729e-05,2.065187962576941561e-05,2.064828339868318911e-05,2.062434093403782138e-05,2.080778913788403891e-05
2.068283369876771556e-05,2.060423366108905794e-05,2.056905848142410916e-05,2.036807666800934905e-05,2.057361580615972479e-05,2.060275696539179337e-05,2.065599564285949721e-05,2.032404510642298165e-05,2.047955924953276282e-05,2.058379409520863908e-05,2.051878739368790200e-05,2.033552718227572964e-05,2.068387912106939004e-05,2.038780510191522973e-05,2.063159659689732796e-05,2.041089591214610905e-05,2.061414623322384965e-05,2.039108624562677163e-05,2.040370113196403527e-05,2.050844794637703733e-05,2.063816329025264500e-05,2.038569557884589725e-05,2.061269942336756925e-05,2.051719729936801918e-05,2.053667628560724181e-05,2.047396265464979310e-05,2.073809888868275505e-05,2.059961329328764554e-05,2.048583686642556473e-05,2.042993951660778556e-05,2.044491558695942502e-05,2.067498113371405333e-05,2.033533029640597329e-05,2.058092608703654782e-05,2.049292197678792107e-05,2.031042056872953808e-05,2.050189004046801581e-05,2.059857926095395324e-05,2.038984587898930376e-05,2.046948377137227263e-05,2.066136257933273230e-05,2.032545284028086392e-05,2.050262506828728551e-05,2.038075145194842441e-05,2.060148975042200823e-05,2.069542257765061717e-05,2.046438867766275373e-05,2.060369547264165061e-05,2.049754862988915246e-05,2.053618033508498739e-05
2.050415907511501099e-05,2.027569179402251688e-05,2.030465615437126528e-05,2.038440777864392384e-05,2.025080796066370644e-05,2.054958995055515292e-05,2.042967959174932051e-05,2.042720410479107490e-05,2.030749943333191740e-05,2.040929653828426799e-05,2.023959470293640572e-05,2.036048399625015011e-05,2.037955719472280119e-05,2.045323492707576738e-05,2.040479868917039643e-05,2.053081707160283229e-05,2.058018786217100254e-05,2.024041960592204287e-05,2.027533116929185406e-05,2.037741123716858404e-05,2.021821483625327456e-05,2.022523645956538193e-05,2.047987455105080833e-05,2.043761019178382397e-05,2.057334095240016412e-05,2.061503294009289541e-05,2.048331104687136872e-05,2.028262007869071194e-05,2.035286997144287796e-05,2.053995425809084147e-05,2.049164012904669758e-05,2.042730178382231004e-05,2.044959504549120666e-05,2.046302911442938720e-05,2.057975445161192956e-05,2.031163114100999483e-05,2.032404399416580740e-05,2.043700306889361369e-05,2.042759353937819539e-05,2.052755876081567419e-05,2.041026417991911358e-05,2.042624652134414088e-05,2.023951741352918754e-05,2.037281987630550583e-05,2.029780157135097039e-05,2.043846044645672604e-05,2.045373566255341270e-05,2.031348393444541391e-05,2.053114532462974815e-05,2.032822182159154737e-05
2.009293836985469615e-05,2.025061162081468808e-05,2.034089314986164084e-05,2.032321056140896123e-05,2.033007067539607769e-05,2.029678097734249537e-05,2.010809964927802047e-05,2.009536534897597677e-05,2.027926869278838640e-05,2.045972108476905912e-05,2.029711656048315094e-05,2.039983550768663208e-05,2.028181910595078569e-05,2.025924939044064830e-05,2.044481408403908481e-05,2.035413958603782245e-05,2.013904441503419268e-05,2.015032299687987495e-05,2.020464557426934377e-05,2.025659879651866329e-05,2.052046272466668880e-05,2.034544300761679912e-05,2.019478979793003234e-05,2.034314831239999777e-05,2.001619020192033796e-05,2.026946742292476628e-05,2.028401760039271877e-05,2.031463697105731939e-05,2.026637444754776922e-05,2.038166504954608361e-05,2.020142231170579653e-05,2.015844835303879024e-05,2.037605354354899526e-05,2.028414719411128424e-05,2.025740270958563158e-05,1.985220430598755583e-05,2.015474081407745137e-05,2.027123473915345178e-05,2.014659529028139367e-05,2.048434787167259521e-05,2.010098125209795140e-05,2.006989987493147120e-05,2.014468628734927185e-05,2.047144579915223639e-05,2.019538639381275764e-05,2.037621865366245986e-05,2.041760972217459920e-05,2.024214801818978709e-05,2.013354594681333970e-05,2.027790278255614192e-05
2.003800260777674030e-05,2.015822631341610962e-05,1.996986601920549664e-05,2.009491887941638113e-05,2.004128112291263798e-05,2.001843244445978897e-05,2.008560412981067624e-05,2.015041148355053971e-05,2.025161143062884442e-05,2.014501726883044698e-05,1.994622123821139051e-05,2.032268577645273436e-05,2.032980361756060329e-05,2.013670436200712714e-05,2.011283541862979218e-05,2.021528472836427404e-05,2.020539835897884387e-05,2.028362996063527081e-05,2.023283083330086526e-05,2.024880287905382213e-05,2.008653023447353977e-05,1.968149497226452365e-05,1.987201042696230480e-05,1.992821061150696669e-05,1.985692322103252845e-05,2.014535890964809305e-05,2.006900658291002254e-05,2.032724106493299647e-05,2.025465914327016025e-05,2.004442789500244365e-05,2.014119677924650165e-05,2.021624336075705035e-05,2.016975354338652922e-05,2.013139382897722628e-05,2.023938272898892341e-05,2.021753157213464409e-05,2.003231557804899409e-05,2.021690720485826780e-05,2.020266063229512920e-05,1.996762078609700376e-05,2.016731895191969042e-05,2.011490092782070290e-05,2.012823747221611053e-05,2.011378617048734129e-05,2.030242701333625371e-05,2.003758939243014013e-05,2.031498350972946699e-05,2.017105112956978631e-05,2.011446183185714102e-05,2.006862122076434550e-05
2.003439447601001856e-05,2.016076609271831569e-05,2.008909202724331577e-05,1.992537175174817951e-05,2.005431186798088740e-05,1.991213670760559528e-05,2.003160182587639105e-05,2.005246913485992047e-05,2.003917458946286070e-05,2.005167667197080435e-05,1.977703509888126723e-05,2.000075930761888789e-05,1.970499545089082161e-05,1.984783750786988055e-05,1.998747015662824625e-05,1.999264052006167696e-05,1.988517479910526794e-05,1.975981926189374299e-05,2.016723974752025620e-05,2.014608013265250044e-05,1.988985900955259561e-05,1.999249197057524453e-05,1.979589502226297790e-05,2.010457639863546180e-05,1.997921398791550464e-05,2.005255751568395223e-05,1.980193658207003609e-05,1.998198640263210160e-05,2.003917462670433796e-05,1.997324961075527621e-05,1.977582096598062123e-05,1.997151703353337027e-05,1.989123194277477369e-05,1.979966670256124917e-05,1.997785919086449046e-05,1.996446215098542982e-05,1.980625079998946274e-05,1.981984118885564671e-05,1.980197089550541977e-05,1.997069890080964565e-05,1.989757062239367913e-05,2.006826069094951474e-05,2.009371632474622917e-05,1.989840965284095782e-05,2.014352968900226152e-05,2.013308354794526349e-05,2.007398150853591758e-05,1.990689661475084446e-05,2.008214781481224486e-05,1.989336660523837526e-05
1.970117064748340115e-05,1.960820383631303848e-05,1.977188547212027295e-05,1.981731220609436836e-05,1.979825226929834894e-05,1.992471709698287265e-05,1.978073363854957915e-05,1.985975506892242317e-05,1.967640251858598016e-05,1.959428998418725595e-05,1.990013817039839054e-05,1.976578409943557880e-05,1.974811867874801656e-05,1.967326553298216781e-05,1.993900917650309379e-05,1.979280725608516546e-05,1.998296160541012943e-05,1.983467640556209178e-05,1.989705022767825106e-05,1.979960450081386477e-05,2.003855516806006976e-05,1.979344523366847094e-05,1.977103134240616635e-05,1.973691492509955486e-05,1.976682168069743769e-05,1.969423102727284482e-05,1.988116935722141444e-05,1.969868457969651269e-05,1.991452991419604955e-05,1.989628085943388554e-05,1.982904990767117885e-05,1.980994301342341814e-05,1.984573062336252440e-05,1.983792408307301133e-05,1.982831789820507841e-05,1.984755917555014722e-05,1.980620994181862913e-05,2.003061956387539928e-05,1.977303819931162555e-05,1.969472760621339308e-05,1.971953989338015052e-05,1.978344920796358517e-05,2.012794189905992638e-05,1.973250996644760388e-05,1.979427028079534459e-05,1.976922446729463225e-05,1.975773567314669326e-05,1.972960659063952124e-05,1.980802685244099364e-05,1.974496542330133651e-05
1.970926629954798898e-05,1.962944946832191395e-05,1.965626229015731219e-05,1.950606333505180198e-05,1.966035947692923645e-05,1.972392330296540177e-05,1.964887136627165758e-05,1.964936289553049085e-05,1.955018974168551941e-05,1.938936129222299667e-05,1.962344439330568108e-05,1.950918640284915554e-05,1.988285790941179558e-05,1.968197868761910576e-05,1.957958118140794794e-05,1.960887235710908512e-05,1.971764866650083453e-05,1.961237281720801817e-05,1.959091437195011141e-05,1.934190719820696436e-05,1.975896156868770729e-05,1.980677851121412264e-05,1.976297920579158721e-05,1.966093425111500244e-05,1.966884976321002249e-05,1.962265892427973247e-05,1.963397104022205684e-05,1.961241777771911832e-05,1.955459892059288181e-05,1.964176766958907760e-05,1.975412835373532893e-05,1.952821134726211291e-05,1.955528065889053203e-05,1.951760581789946042e-05,1.951647256069212314e-05,1.971074284829650941e-05,1.951361260626610389e-05,1.964960769222971558e-05,1.953152584582702237e-05,1.972604770482338881e-05,1.941550854500075031e-05,1.944386174136138100e-05,1.957608307880108511e-05,1.964975134808453263e-05,1.964873284089383674e-05,1.970677196606578237e-05,1.950571087798212436e-05,1.961280295853622057e-05,1.975923341755548172e-05,1.961401742416772550e-05
1.945352213197070409e-05,1.923095567622324731e-05,1.954396573357041961e-05,1.943697204145215646e-05,1.923997791152269094e-05,1.933879413138488184e-05,1.943367656906595082e-05,1.947965304030334954e-05,1.940183026933348185e-05,1.946182830444175132e-05,1.930284931622297447e-05,1.946808914374921346e-05,1.947543641419940096e-05,1.931007649817124134e-05,1.949473308701278612e-05,1.946166040579058899e-05,1.952616205840723707e-05,1.938298793045111515e-05,1.943060219378494179e-05,1.942124611504195372e-05,1.929183614713217656e-05,1.951331479174770985e-05,1.953873351250522659e-05,1.941846794629665049e-05,1.922324527906056673e-05,1.930207576303708192e-05,1.941957232066609732e-05,1.980350024553133884e-05,1.934963954176698448e-05,1.952464498230071377e-05,1.920367332610796245e-05,1.940990847372806209e-05,1.934577406836511258e-05,1.964778560601868792e-05,1.948562005078235937e-05,1.949961361405966678e-05,1.966516017372917471e-05,1.955097464152628307e-05,1.950855138298260725e-05,1.945184050699952092e-05,1.934838455586813518e-05,1.942185237468560007e-05,1.919572902321203247e-05,1.913672667729224096e-05,1.948009222677667799e-05,1.937915853470995213e-05,1.915948287188636018e-05,1.958909668325394061e-05,1.942859195100432826e-05,1.926083191841829393e-05
1.914674896712878740e-05,1.897212409426613728e-05,1.915606869301036356e-05,1.920813034726288687e-05,1.920921511177978711e-05,1.907177384927123052e-05,1.933009756798802410e-05,1.913190474015853787e-05,1.926997853568760007e-05,1.925208182869893561e-05,1.908683877830403549e-05,1.905895888036737671e-05,1.917538433214703534e-05,1.913672346604741636e-05,1.924632895893906655e-05,1.920325287485070352e-05,1.925828603210083425e-05,1.923926791646561724e-05,1.933573036817585447e-05,1.942107188616041464e-05,1.931859338802785568e-05,1.898570506175375070e-05,1.925993616367107543e-05,1.902423532670011544e-05,1.918578155656658265e-05,1.925188091620957213e-05,1.922662574035606433e-05,1.919356178585238969e-05,1.935725982988966752e-05,1.917705310565983971e-05,1.907919481956703875e-05,1.909662567683694458e-05,1.892689913041328942e-05,1.895382897598768730e-05,1.899062375296452118e-05,1.914840830357361629e-05,1.920029438509962639e-05,1.905607002522762271e-05,1.916443036435763370e-05,1.897410567800647112e-05,1.906478573889725154e-05,1.918766152496735386e-05,1.917748734905730553e-05,1.938761868919731889e-05,1.916345278340379069e-05,1.933486484083819383e-05,1.916627218365252134e-05,1.925811757222320515e-05,1.913338271544307842e-05,1.918007153643122410e-05
1.901761066282200372e-05,1.904002178592368558e-05,1.894296950827001428e-05,1.904374137576854618e-05,1.898537786169765911e-05,1.891316174973459152e-05,1.886950930503728015e-05,1.898245955492832056e-05,1.913376719644688579e-05,1.882769396273422603e-05,1.900894615949488711e-05,1.896092118466352050e-05,1.910661253502597299e-05,1.900523873215187053e-05,1.894567710229624796e-05,1.902338472924305931e-05,1.887344649496402164e-05,1.865280594069640625e-05,1.897096365800430147e-05,1.907650041466414523e-05,1.880536910431182600e-05,1.902802855792491669e-05,1.911909377510494782e-05,1.908984279283540485e-05,1.891473239640241490e-05,1.887999675652635322e-05,1.900988976680086396e-05,1.904405205640895689e-05,1.884465442285284382e-05,1.886712158485360222e-05,1.900060334584140822e-05,1.893618219668920642e-05,1.886859643472515216e-05,1.889229583080054509e-05,1.904850218544424804e-05,1.894418676708130647e-05,1.892822216653832209e-05,1.880131744631824029e-05,1.909131020453261752e-05,1.882513074596340639e-05,1.891423429180411642e-05,1.894885829958876963e-05,1.900110684113297295e-05,1.893074920389660104e-05,1.921136909026824929e-05,1.882137469576221882e-05,1.910261297446758561e-05,1.903359635224590094e-05,1.910001553492416367e-05,1.893126546657242931e-05
1.860176310406549971e-05,1.859056813922078515e-05,1.869080708488818829e-05,1.871676331069437748e-05,1.887522065536028737e-05,1.881046554351612575e-05,1.882545621226453642e-05,1.880300734087149119e-05,1.908784253314031994e-05,1.882109234778630701e-05,1.865696976777194726e-05,1.874301770544558603e-05,1.878206913871381477e-05,1.880630777791421747e-05,1.882781352416463007e-05,1.878809543718373332e-05,1.866933526251738756e-05,1.869416427838349661e-05,1.878528373654002822e-05,1.883833842868125989e-05,1.872867361334501244e-05,1.887839855225011295e-05,1.875172318969542561e-05,1.865885956930470101e-05,1.867104336502403299e-05,1.870275634667334602e-05,1.883505009204249829e-05,1.874859038280887792e-05,1.873629502218861944e-05,1.857195325718520246e-05,1.885716552452503458e-05,1.861591996848889084e-05,1.859314531079355568e-05,1.876078914351109981e-05,1.866628875366183054e-05,1.880320081292383491e-05,1.856403735640936852e-05,1.875325696665914796e-05,1.862682734115484533e-05,1.866645615187038289e-05,1.879499281124012697e-05,1.874469440591134837e-05,1.878557404447242548e-05,1.878180843806735332e-05,1.860544871959617737e-05,1.878140969147017018e-05,1.893574476626278837e-05,1.877459694213398189e-05,1.884035195154873838e-05,1.869674893968212393e-05
1.846387745222951998e-05,1.840791425339336751e-05,1.828209523881914919e-05,1.830471749485096359e-05,1.850845927166077133e-05,1.860065107243621691e-05,1.852455533484831157e-05,1.846439676906801443e-05,1.834377753493304539e-05,1.843955067544230910e-05,1.849171318668133858e-05,1.854486808372172421e-05,1.845105526436850398e-05,1.844215804081200861e-05,1.863658007482769257e-05,1.862902828116301261e-05,1.853603048987207465e-05,1.842524701981493611e-05,1.861213688493084393e-05,1.850173136225374934e-05,1.833055762813320559e-05,1.847855176837311965e-05,1.839828895622320235e-05,1.853185625222798791e-05,1.854660481839742693e-05,1.837906951666129206e-05,1.829901657855054288e-05,1.859892963267986745e-05,1.858541146324429419e-05,1.860418440199786597e-05,1.847568124127651985e-05,1.858407923791758194e-05,1.830745088475319840e-05,1.826045064230286024e-05,1.841209792018157882e-05,1.833444614521312382e-05,1.864872998215887244e-05,1.847839047941516797e-05,1.843130914113315363e-05,1.880994057232962234e-05,1.873677827893645685e-05,1.850323324955116259e-05,1.843163472198347207e-05,1.858705697168201417e-05,1.844256271719680430e-05,1.849098615261810983e-05,1.862191537391729362e-05,1.851304068966788986e-05,1.843616704253263577e-05,1.853560571549161677e-05
1.827973222691156954e-05,1.831138855118086546e-05,1.819401025354572599e-05,1.823270522254206343e-05,1.814938110180850246e-05,1.813331543806774991e-05,1.811399638505882182e-05,1.845388754002571735e-05,1.854107408664744535e-05,1.836422207749189640e-05,1.810820313327399223e-05,1.819443085983691943e-05,1.803482297334309229e-05,1.801915331939053382e-05,1.822289890956831825e-05,1.820113977799221088e-05,1.854248862654841228e-05,1.828113249988988479e-05,1.810340130280084088e-05,1.809257851959658638e-05,1.834466039752417121e-05,1.810697459706421070e-05,1.833763397699178833e-05,1.846881033517622521e-05,1.833634510149022637e-05,1.809858595248133801e-05,1.823229888403539803e-05,1.807870355632449578e-05,1.834637828320437243e-05,1.819799974145440850e-05,1.819920230419110255e-05,1.812816642143221421e-05,1.818892734475369724e-05,1.830344370568944627e-05,1.807212561224121243e-05,1.821874070894288872e-05,1.829173895302475526e-05,1.836702358452613586e-05,1.822177761833062543e-05,1.846507002275522000e-05,1.815911313096011217e-05,1.811309232428183662e-05,1.841332667202687692e-05,1.826755613881608675e-05,1.838263339472043941e-05,1.848320740323056510e-05,1.837266159005344532e-05,1.818210575236208081e-05,1.822834817295477752e-05,1.803600023044001072e-05
1.806354708358257120e-05,1.807475166256175260e-05,1.798389814025674703e-05,1.777893574070936277e-05,1.785299883472724704e-05,1.776273484823733480e-05,1.807837348965634917e-05,1.791780771906318817e-05,1.791160638843929717e-05,1.823926520172656907e-05,1.801784305284555529e-05,1.822660780950770558e-05,1.794646094453581676e-05,1.803475745622480121e-05,1.787524988921244899e-05,1.786510653949924753e-05,1.795195816388777204e-05,1.802473517923997736e-05,1.793784507123656797e-05,1.795602800174077006e-05,1.778893374479256244e-05,1.811451804297032703e-05,1.797619196673287304e-05,1.786467698820309668e-05,1.785876530392241807e-05,1.812209586880997138e-05,1.779598194128214581e-05,1.790193089073409857e-05,1.797934050433089292e-05,1.771288091186673256e-05,1.791562558441691438e-05,1.798340443605997337e-05,1.800945085164156967e-05,1.811260874498029196e-05,1.813324046084891601e-05,1.803201857872818549e-05,1.786085738626894796e-05,1.795636088707618620e-05,1.805130801992166909e-05,1.805436105521054376e-05,1.790001109648564989e-05,1.791160097282954372e-05,1.788133498591641719e-05,1.801889914029612889e-05,1.809811373345195914e-05,1.785862392756768283e-05,1.781717254473358622e-05,1.791089600782483341e-05,1.804064075797943441e-05,1.800663530497489750e-05
1.775588219654061360e-05,1.777389134556096666e-05,1.753997808618361823e-05,1.788559198171562673e-05,1.765297575494369819e-05,1.779238339640931810e-05,1.777357338462825405e-05,1.757070681318759176e-05,1.760862284476198038e-05,1.781491506545561501e-05,1.768911708343191819e-05,1.771783913666384819e-05,1.762357048300754441e-05,1.783540893918833680e-05,1.770785058520081976e-05,1.761590479661347993e-05,1.782051975348717256e-05,1.788714266713850609e-05,1.762277280339790621e-05,1.752156326019241816e-05,1.770247394858589721e-05,1.774211231750975166e-05,1.768558378718423080e-05,1.773514104191395950e-05,1.756343744246753120e-05,1.767096570051055374e-05,1.778545648928250099e-05,1.771875488255227575e-05,1.782001545184489747e-05,1.767875410563987738e-05,1.774705785575213899e-05,1.773263241664434063e-05,1.766936608329569970e-05,1.753912629832268379e-05,1.769378176646558694e-05,1.767124609045915836e-05,1.757728297431512728e-05,1.751557730906633308e-05,1.783977418070855386e-05,1.787212697817968426e-05,1.763887999604749364e-05,1.775889572453782407e-05,1.778578171361758705e-05,1.771756340591896438e-05,1.788575311951393196e-05,1.757080177389925248e-05,1.770623944652253900e-05,1.749329103977260424e-05,1.756912399817904844e-05,1.773280429789189403e-05
1.749412229054677089e-05,1.745471208468437227e-05,1.735811656697580402e-05,1.727551228564502619e-05,1.732818182324827148e-05,1.742296432216884993e-05,1.751335306958713340e-05,1.742617993079454311e-05,1.729442353387779685e-05,1.738474292550819302e-05,1.722399651762415373e-05,1.728917307283169417e-05,1.730027149620522775e-05,1.733238885360484968e-05,1.743183316344260842e-05,1.737720492361079165e-05,1.744475701127403745e-05,1.756526775360596441e-05,1.736701924810470879e-05,1.754734190371540209e-05,1.746875435498117645e-05,1.710070679539766990e-05,1.746501563856568147e-05,1.739650604698327261e-05,1.752763103036314571e-05,1.711207154693490239e-05,1.740115916155240516e-05,1.761158774637306326e-05,1.742124468165274809e-05,1.739382107056341477e-05,1.741361164115545236e-05,1.750556372567125515e-05,1.725513898668637700e-05,1.744243609020248949e-05,1.719795222323583720e-05,1.741237305598705059e-05,1.748739877975869628e-05,1.750375743705306206e-05,1.747757276633465494e-05,1.729631989585090279e-05,1.747653288662398752e-05,1.743454186538589406e-05,1.753319589374246370e-05,1.754776037946398972e-05,1.742310162491375125e-05,1.762963316106361478e-05,1.735036769137502950e-05,1.733728209681346193e-05,1.745795680203548155e-05,1.758746131265132007e-05
1.726590315965606287e-05,1.695251477041929730e-05,1.717364837208051886e-05,1.706523940782834318e-05,1.721709207486039545e-05,1.726989654947589498e-05,1.708707996936174398e-05,1.717973584684020315e-05,1.722666556522330677e-05,1.716249206294456181e-05,1.727556298064966431e-05,1.735829732123741933e-05,1.706897640433006241e-05,1.705386853742050951e-05,1.710533521857957891e-05,1.711429927758235676e-05,1.720014900968286958e-05,1.719970243315070376e-05,1.729550075646908646e-05,1.715203073717699883e-05,1.711786760459879623e-05,1.727526890988292363e-05,1.714495872453876033e-05,1.709074004752404553e-05,1.708643179357227074e-05,1.728307815693085503e-05,1.723096990080035586e-05,1.706938758124184246e-05,1.714665456952884029e-05,1.689766134164747565e-05,1.710634324969156396e-05,1.710055282292590397e-05,1.714043666258297598e-05,1.720445614946463934e-05,1.699343262211986170e-05,1.712913763100495923e-05,1.716354307764238085e-05,1.726491111967752034e-05,1.717350926816091608e-05,1.717519516543219649e-05,1.729289751863682367e-05,1.707788967268430798e-05,1.711094486262000296e-05,1.706791960073301685e-05,1.715700986960640224e-05,1.696381472885387037e-05,1.718708314762080750e-05,1.700713648724848991e-05,1.715981340233437190e-05,1.721146375943796497e-05
1.683666040481535649e-05,1.675514578300315652e-05,1.690717820123539353e-05,1.673731256857710270e-05,1.691091181247785302e-05,1.702301290488150519e-05,1.666277989680242297e-05,1.686006802428730489e-05,1.662270814004306526e-05,1.702643027257560109e-05,1.677710573504650381e-05,1.677370508916205450e-05,1.682468036480437506e-05,1.674764988029412124e-05,1.678692245483756702e-05,1.667623030323899799e-05,1.688081603118703466e-05,1.677430678885917783e-05,1.698475243058796455e-05,1.672488594263386841e-05,1.677785829382512033e-05,1.669754696328696206e-05,1.657268470740524540e-05,1.683735460244248683e-05,1.678548606494687686e-05,1.694477377616733529e-05,1.683642061558511955e-05,1.687094045688191198e-05,1.673432660365680466e-05,1.689132826928152359e-05,1.693468537409742862e-05,1.662328137178140062e-05,1.684485042107743735e-05,1.687588435579017392e-05,1.682546463854044761e-05,1.647308709041053258e-05,1.664984672955056869e-05,1.684331872946235952e-05,1.681775577819759885e-05,1.663812028641244839e-05,1.683888861018591931e-05,1.682848573980982019e-05,1.686725484116402649e-05,1.699618211878531446e-05,1.683965957804369463e-05,1.696046735427461785e-05,1.673387556251683755e-05,1.683699353109464094e-05,1.673901679333935315e-05,1.681467381604663511e-05
1.644413056216381314e-05,1.632421992229348545e-05,1.631275643083582801e-05,1.621832441294864582e-05,1.643748073570630759e-05,1.655706606285181124e-05,1.662182371396795090e-05,1.638706587755306082e-05,1.658938061627928786e-05,1.649620276009710257e-05,1.669751901407760214e-05,1.635345906489220347e-05,1.646067012263224195e-05,1.647738840023240832e-05,1.646644860477479896e-05,1.636955054358840816e-05,1.643888065636586613e-05,1.653531138490350855e-05,1.640044697070294126e-05,1.662342885323422187e-05,1.659729481743828496e-05,1.676774178111113859e-05,1.633297651898661624e-05,1.638370341303897276e-05,1.670031043673890259e-05,1.634733153013539735e-05,1.662000468178264452e-05,1.646793277195912240e-05,1.648344827311319039e-05,1.648041917845413895e-05,1.660455855568176403e-05,1.656709145195654135e-05,1.634831224529730272e-05,1.638310130556294304e-05,1.650930632396563431e-05,1.681234316739782294e-05,1.672458011244075507e-05,1.644413958973918211e-05,1.635562111327297117e-05,1.648108076656699492e-05,1.638803600795457597e-05,1.655864944243085998e-05,1.643864051905302994e-05,1.659973964056986543e-05,1.652709134932600475e-05,1.645285907954015879e-05,1.652653532584072107e-05,1.651115145161001678e-05,1.640529356042381612e-05,1.661773474855076242e-05
1.599363463641753931e-05,1.615664482405011513e-05,1.615538923671518958e-05,1.614108825227453744e-05,1.593506228173487984e-05,1.607801712359679190e-05,1.609580471324313463e-05,1.596470741988173560e-05,1.609410754320184428e-05,1.615670221307499303e-05,1.625319936692032344e-05,1.623875186711693232e-05,1.607343840116805302e-05,1.602998247287095717e-05,1.588342435206368129e-05,1.592115766000483853e-05,1.617261701195287304e-05,1.611025477634087994e-05,1.635171860551009861e-05,1.602203662426492052e-05,1.620307699664521201e-05,1.609736982391566775e-05,1.612722601167899342e-05,1.612700415484343429e-05,1.618547416331220264e-05,1.602685965221471395e-05,1.599360550495465200e-05,1.607577863508157605e-05,1.633761627634425307e-05,1.627957965847594746e-05,1.628541188679195388e-05,1.616516673680156620e-05,1.625887465150898119e-05,1.632749665897080427e-05,1.614878453204980012e-05,1.617565834809785611e-05,1.618233911380321250e-05,1.623008624902570854e-05,1.624621233353619403e-05,1.625942668934188056e-05,1.616481896502249284e-05,1.613089813757303083e-05,1.615625965876611313e-05,1.611317615890748512e-05,1.621165724937786518e-05,1.611435497337769651e-05,1.621223184753952566e-05,1.606878180646672920e-05,1.625446103447795938e-05,1.630739683085979315e-05
1.578881968188812851e-05,1.574719750621560952e-05,1.573004315326739422e-05,1.589855598889189831e-05,1.581537950044903078e-05,1.551436083405619478e-05,1.593367436855569575e-05,1.587531882854464004e-05,1.577941411473919318e-05,1.588187798707679563e-05,1.586189822912123577e-05,1.595609282951195490e-05,1.564793624847397245e-05,1.583711076981194710e-05,1.582629135720892521e-05,1.608777924278160243e-05,1.574648857562245199e-05,1.588457212085210668e-05,1.567171365910986856e-05,1.590606116021228740e-05,1.588333070514781988e-05,1.605930000279376932e-05,1.572395042179096294e-05,1.573135667691445997e-05,1.592276213936831642e-05,1.591963603418271355e-05,1.597890874310566278e-05,1.588091917053117578e-05,1.580461018948306782e-05,1.580621382813585915e-05,1.601796513151774765e-05,1.574529610551852181e-05,1.591675444355145977e-05,1.568989516560566122e-05,1.582020348155128799e-05,1.575766917157516163e-05,1.593047212635648492e-05,1.589364594002834168e-05,1.561116334845876930e-05,1.558770809743144375e-05,1.599905328105370622e-05,1.580441344103057004e-05,1.593831459384407027e-05,1.599815434645746447e-05,1.573906162982580825e-05,1.592123834035009638e-05,1.580915507990673816e-05,1.589625524413721216e-05,1.560043576054017650e-05,1.574451808550901688e-05
1.553804328721398523e-05,1.557894072091047015e-05,1.538017971602099058e-05,1.539540637617871067e-05,1.536190990225814426e-05,1.534382267634299841e-05,1.548974209930996455e-05,1.544575064094400052e-05,1.545852104598973375e-05,1.549392625533037594e-05,1.537071242125086841e-05,1.530782008001646907e-05,1.539368482577869264e-05,1.544886896481148899e-05,1.552260983178902816e-05,1.548573333082880587e-05,1.541348280059931411e-05,1.547633302515766777e-05,1.542598148758520115e-05,1.546552753017374775e-05,1.541398379631642464e-05,1.540938994909523199e-05,1.569135846749271528e-05,1.557127959709558502e-05,1.542363114118616620e-05,1.534714269595824029e-05,1.533469449232526387e-05,1.547497390338125117e-05,1.551665504277054946e-05,1.541840083990169349e-05,1.551426701072946586e-05,1.552057192348464600e-05,1.555426233996393468e-05,1.565580391077039943e-05,1.540661642736825730e-05,1.556013700940213503e-05,1.550779533178726810e-05,1.522201822282580327e-05,1.550045670530151413e-05,1.528209716519066496e-05,1.558682317164464446e-05,1.531888946489841724e-05,1.555692356016672996e-05,1.559467238198884197e-05,1.547617877674017237e-05,1.554737800328117464e-05,1.552005763741530812e-05,1.544727915232564443e-05,1.559340682968209251e-05,1.559191683431609875e-05
1.535446857104007115e-05,1.519496875218287223e-05,1.517471211212234083e-05,1.511892246500652286e-05,1.504080156930185134e-05,1.510781217714667734e-05,1.529037613047195382e-05,1.510365374824296828e-05,1.531380400420344158e-05,1.502250038376726443e-05,1.509700187818211873e-05,1.512969368040199941e-05,1.497457974418888661e-05,1.527833570635973959e-05,1.506299958395008922e-05,1.515264146203220529e-05,1.527046762813133801e-05,1.520459266106961640e-05,1.505198879639276204e-05,1.512654282445674923e-05,1.512914805834191519e-05,1.517383785255187836e-05,1.513015500062665003e-05,1.515871184672832658e-05,1.497192144251857075e-05,1.527705245968900735e-05,1.505548314343052868e-05,1.532086954762788762e-05,1.515576333507758091e-05,1.528747657619428427e-05,1.513388034832554815e-05,1.516631582587659702e-05,1.503703312353605938e-05,1.512450580319530862e-05,1.533658751918324709e-05,1.513193733129868321e-05,1.511035012541907762e-05,1.534223783808268363e-05,1.527937470627766092e-05,1.511365224255312692e-05,1.526379087023331903e-05,1.510565507210749836e-05,1.522567376051809477e-05,1.506541934799954778e-05,1.527755868296038787e-05,1.507886422328602871e-05,1.503488534199074131e-05,1.517013096917803175e-05,1.498045743882758418e-05,1.516470536225504206e-05
1.477410468936680094e-05,1.481565612123954160e-05,1.468266906061988586e-05,1.464188092141561290e-05,1.481859030782585075e-05,1.475295339454069010e-05,1.485105012489297254e-05,1.492468697033093532e-05,1.464684354612546791e-05,1.495118118903169041e-05,1.477113505636667381e-05,1.464303264457389327e-05,1.486999895804780714e-05,1.463678496042506470e-05,1.467061193183408940e-05,1.459909381022156593e-05,1.457941352255750548e-05,1.480841915577140952e-05,1.457082100744102208e-05,1.492377021560195774e-05,1.485662342782096355e-05,1.482710905998494752e-05,1.468731674454400155e-05,1.470435075954141582e-05,1.483416317472790774e-05,1.476731909987454286e-05,1.478573059520927630e-05,1.469504216004264256e-05,1.485397591102259711e-05,1.466647292698831332e-05,1.473430654764726683e-05,1.459706900785329621e-05,1.460096555113148632e-05,1.494067016908381608e-05,1.493144634330975483e-05,1.494507014428357517e-05,1.480918201945750676e-05,1.464720635510962766e-05,1.477375790592509803e-05,1.480681386572624356e-05,1.498589459220805568e-05,1.475559807435525686e-05,1.477598484300859890e-05,1.456080476777684910e-05,1.491777487118786570e-05,1.481384564958622498e-05,1.476321691871493490e-05,1.468928189925135766e-05,1.468210514575985709e-05,1.478906516738387952e-05
1.431901542673183677e-05,1.447513362751582763e-05,1.443610620707212222e-05,1.429320597130598003e-05,1.452357003619629342e-05,1.422497430405981083e-05,1.432890435406612835e-05,1.446280566288663284e-05,1.450404369610126922e-05,1.437471108496489903e-05,1.420150623723121540e-05,1.442869478082941608e-05,1.420925637962600214e-05,1.425608670034064977e-05,1.461587347813924103e-05,1.435614513637769274e-05,1.451051139736247078e-05,1.447932098008643282e-05,1.436803158953260038e-05,1.439072284872271647e-05,1.441182106397477619e-05,1.436619753117876061e-05,1.426117244995811988e-05,1.450603841836596813e-05,1.429542215565986531e-05,1.452584737116924217e-05,1.434679782046992429e-05,1.433771534583892858e-05,1.436618148015150490e-05,1.453616460360340624e-05,1.445708866597802649e-05,1.433627499401757254e-05,1.449612598152761864e-05,1.432702637512649915e-05,1.431639761460443242e-05,1.433475063408491402e-05,1.431553353042420582e-05,1.437223712017770941e-05,1.451095863774437451e-05,1.432551683466310247e-05,1.458210494345032119e-05,1.458559963902260966e-05,1.435734768573059877e-05,1.441793901135451527e-05,1.445594614997619315e-05,1.445631687341889897e-05,1.442257591518509763e-05,1.456417012228288536e-05,1.457652712098030874e-05,1.440273034216236810e-05
1.416354125081875425e-05,1.390968062358812431e-05,1.403349626943824923e-05,1.380260903785520200e-05,1.397061657993744166e-05,1.389852635908171031e-05,1.388855482440250574e-05,1.421522446917192355e-05,1.370230070868837150e-05,1.416116990911002793e-05,1.399696191042437800e-05,1.390956401935135839e-05,1.408675498236029555e-05,1.398930883095074630e-05,1.408996671350175653e-05,1.406667758143979414e-05,1.402652113255524479e-05,1.408898433767521523e-05,1.409865972503260708e-05,1.377321851858303157e-05,1.402345894331177621e-05,1.409867846763907972e-05,1.397726680267386516e-05,1.399812978899071591e-05,1.405775451112420738e-05,1.392837998983249496e-05,1.382326001514300518e-05,1.392125340925934359e-05,1.406296038348504224e-05,1.394665587036756489e-05,1.419558641233099372e-05,1.413370090017073915e-05,1.433892207551231070e-05,1.418709125105773356e-05,1.405221594039241058e-05,1.400650738169254436e-05,1.408615877902168954e-05,1.406648182703743648e-05,1.392732573543537696e-05,1.386951945086354244e-05,1.396705051482063043e-05,1.400769389313578735e-05,1.393017751752054550e-05,1.408577643166988833e-05,1.413522666682215533e-05,1.419951313615514971e-05,1.380413329728738947e-05,1.406972953543840756e-05,1.398116163120059976e-05,1.415896148233717345e-05
1.362765217865800901e-05,1.368923912714569083e-05,1.344223066364357031e-05,1.361005597040717264e-05,1.350190332363516686e-05,1.347934582780134331e-05,1.351262554747712481e-05,1.370024571880737292e-05,1.378679379469616114e-05,1.361523147130317005e-05,1.367717520791117246e-05,1.359526222335681428e-05,1.336169231652086341e-05,1.337738228819872763e-05,1.363868333077994439e-05,1.373162228117790380e-05,1.363512583991595891e-05,1.353041814207429245e-05,1.359397100137973667e-05,1.363069104817682864e-05,1.352307855710882361e-05,1.355274388617858252e-05,1.353235235131458706e-05,1.357597636918554030e-05,1.372292956536520665e-05,1.376698512702593066e-05,1.353928498547093186e-05,1.363032789554241686e-05,1.366214648310090299e-05,1.370773947169336570e-05,1.365088433858128289e-05,1.368539101612360910e-05,1.349006204441791566e-05,1.361581860286388940e-05,1.368854740964645790e-05,1.369618750647085422e-05,1.349670778140522400e-05,1.350547824834545009e-05,1.367398806679197875e-05,1.352054923249495804e-05,1.369748700259263571e-05,1.375254155636179023e-05,1.378466432686028891e-05,1.344690579443061758e-05,1.348372194787757130e-05,1.341634247445405572e-05,1.364924203138695452e-05,1.374664410496490068e-05,1.357027270442312556e-05,1.380784760964554877e-05
1.330588330189633983e-05,1.336051750714318785e-05,1.328716464075090411e-05,1.317506610639130629e-05,1.304141917671573043e-05,1.335674371274955779e-05,1.314617652747708336e-05,1.314579517221655694e-05,1.317176927445253917e-05,1.329215436225841431e-05,1.335728747400844924e-05,1.312019220165959658e-05,1.321545943040588754e-05,1.314070651285589729e-05,1.337958001437219084e-05,1.341805674818444706e-05,1.333636570400488739e-05,1.313525939762150136e-05,1.317569100454742373e-05,1.320529601024298426e-05,1.324209372534827435e-05,1.304802232624397698e-05,1.319075098446096894e-05,1.324799525285377721e-05,1.315243135048678313e-05,1.312933350080328856e-05,1.313194046710700646e-05,1.326383648727724815e-05,1.312968453278583318e-05,1.309185151966494200e-05,1.315266310231240572e-05,1.319539900859304219e-05,1.324800452255378520e-05,1.314352364714280080e-05,1.327063023299246683e-05,1.339275583278955138e-05,1.339299775131619181e-05,1.304344151182296180e-05,1.327996352603616317e-05,1.307545165527680875e-05,1.314201510406119248e-05,1.334113816660100186e-05,1.338967766572380032e-05,1.325931906272196869e-05,1.309026901098938772e-05,1.310549937567574180e-05,1.324941225107699129e-05,1.343917890324563641e-05,1.326568407942752490e-05,1.343225178906010593e-05
1.285930506888341727e-05,1.289788947534651000e-05,1.255734266833102409e-05,1.278171776290666810e-05,1.273209333472807500e-05,1.282882667293889206e-05,1.293968976270014376e-05,1.296903117179425553e-05,1.282497417752689330e-05,1.293643083316576844e-05,1.277992597501607427e-05,1.284822221362375768e-05,1.287818106592589513e-05,1.280906064889351417e-05,1.277185608841117988e-05,1.263341671221156055e-05,1.285100859780578925e-05,1.280460910007245071e-05,1.289953184955970130e-05,1.278835297903687561e-05,1.273511655394635398e-05,1.294850591846933107e-05,1.282315272365395012e-05,1.271387111082402665e-05,1.290916140281007559e-05,1.262091335596882697e-05,1.283187809451090091e-05,1.279372832499995442e-05,1.292292668680589341e-05,1.279324752847778440e-05,1.295811818273482370e-05,1.292123518343308063e-05,1.272276395536642834e-05,1.270745013247146345e-05,1.288704438091801185e-05,1.281009089995416365e-05,1.273128282885468371e-05,1.287778496188079457e-05,1.284647989690407434e-05,1.275373940263037035e-05,1.265729276214029293e-05,1.285051229967473699e-05,1.275579362749249861e-05,1.287229050130462835e-05,1.283894323520547351e-05,1.278154613203578247e-05,1.289249855347737926e-05,1.262273499555408265e-05,1.287444553087073856e-05,1.277431960541145017e-05
1.253487182096186594e-05,1.229559590372112290e-05,1.227289803936399804e-05,1.279937585305105849e-05,1.230265037384794884e-05,1.224640009044677460e-05,1.240897859565703549e-05,1.217997028672444892e-05,1.238556135286770059e-05,1.236287606517446310e-05,1.229861790382738148e-05,1.235210491980822489e-05,1.248711034411715026e-05,1.225707733491497608e-05,1.253182609483357701e-05,1.239531899969163430e-05,1.227222285594284043e-05,1.243779251742050232e-05,1.226756311722149405e-05,1.260332702994541053e-05,1.239359499795513952e-05,1.253480039924641046e-05,1.228013031134725461e-05,1.219095472988722322e-05,1.247590962354410360e-05,1.234912751414606037e-05,1.221751099869455749e-05,1.234811536053989140e-05,1.242064552159650981e-05,1.254461538997202532e-05,1.232446046337093495e-05,1.234591860813403744e-05,1.246189927769295584e-05,1.219185661798006685e-05,1.251943750356408258e-05,1.232837545944371864e-05,1.252640164847983240e-05,1.229500743002966317e-05,1.252764608980663194e-05,1.248358913965307160e-05,1.241294407632999768e-05,1.247587471520515490e-05,1.240318010413793416e-05,1.232791224742669477e-05,1.246759096878071294e-05,1.246415122347829898e-05,1.272193542992658013e-05,1.229907538328162138e-05,1.249343502838991225e-05,1.254810909141716142e-05
1.190666099883066662e-05,1.186995818263550255e-05,1.190373350151198010e-05,1.185888701095391005e-05,1.208612111061834413e-05,1.194039275969376715e-05,1.193120711917108403e-05,1.182619447851109802e-05,1.193425599460039692e-05,1.184878500936857379e-05,1.198273913333932313e-05,1.175390878865283236e-05,1.195686952699602649e-05,1.202515240208472574e-05,1.181887620040653060e-05,1.214768577477047390e-05,1.196941033909476482e-05,1.199958839134628251e-05,1.199041146275037534e-05,1.214247685138923640e-05,1.204957643769405517e-05,1.197456835688840423e-05,1.204854806053629911e-05,1.204517901058482054e-05,1.200780429124241410e-05,1.191154124526752076e-05,1.197368556120247121e-05,1.209478908272858620e-05,1.195925614255484251e-05,1.205940293753631423e-05,1.179598946175084643e-05,1.220208170993895472e-05,1.182341379412365073e-05,1.179893288405214005e-05,1.202887420520213389e-05,1.214191777005355751e-05,1.195875584070472683e-05,1.205836563393869100e-05,1.196504739953593246e-05,1.218274016915043196e-05,1.213417289873806762e-05,1.216728753640734498e-05,1.214650799225165758e-05,1.197732493642497285e-05,1.183792444183357933e-05,1.195302649620277474e-05,1.211673645883735843e-05,1.211536132352162456e-05,1.218707446676404922e-05,1.201680545202141951e-05
1.161560186232689838e-05,1.152307470357452983e-05,1.148249660886763125e-05,1.164643849924258600e-05,1.158625790908221559e-05,1.164679216337168110e-05,1.147635549362540016e-05,1.136725632757490505e-05,1.144047999995304416e-05,1.158578504198156078e-05,1.155481924981447019e-05,1.145478717548351749e-05,1.145917423016786692e-05,1.176536606970159198e-05,1.175686905022557525e-05,1.158095584494476538e-05,1.169583222569877445e-05,1.149809873875292457e-05,1.172703253703029529e-05,1.144668088194778796e-05,1.164430702704118340e-05,1.166856254770480188e-05,1.151045171515235881e-05,1.149613057121797119e-05,1.144743844892140287e-05,1.151966469151253872e-05,1.174225389209038628e-05,1.147088729039372971e-05,1.160206573840237397e-05,1.164847992287627862e-05,1.158900225348843386e-05,1.155743544851989477e-05,1.155407814499598747e-05,1.163481963687638481e-05,1.156595183571632621e-05,1.160827178291227123e-05,1.148988429013794892e-05,1.146644353624203414e-05,1.158670888976821475e-05,1.166961615437232348e-05,1.157693143726094763e-05,1.140466876608737212e-05,1.170679280940372634e-05,1.129149051069302277e-05,1.164187200055993573e-05,1.150389843907676155e-05,1.175336239977760893e-05,1.127396717558185828e-05,1.167763451323330501e-05,1.170668534094332265e-05
1.108571467965700195e-05,1.119817069229169674e-05,1.128525058159005200e-05,1.112026407258407175e-05,1.104916832023010951e-05,1.122681987296169062e-05,1.124989500069109602e-05,1.105715782718104842e-05,1.089283737777250641e-05,1.092339872182414126e-05,1.091688856965831313e-05,1.113248666785190821e-05,1.109927168681693085e-05,1.115297147566903126e-05,1.118679521701123091e-05,1.103186333360360507e-05,1.097088130685362796e-05,1.108236216902363250e-05,1.102053408785840634e-05,1.134531909600395253e-05,1.134215620755253280e-05,1.116905026523495321e-05,1.133529973279999891e-05,1.111712494288916171e-05,1.120104947517560263e-05,1.129203344130105851e-05,1.110768777497642007e-05,1.117888885932675413e-05,1.105636585594696849e-05,1.103880076628992467e-05,1.114300916681502048e-05,1.107369292426046826e-05,1.117399466109154487e-05,1.124875713563473751e-05,1.116086880127180012e-05,1.118436511129341410e-05,1.114956513146839035e-05,1.128508100732965843e-05,1.125601684028964418e-05,1.106943151301152443e-05,1.101039791995958270e-05,1.130797012460548586e-05,1.117558161254211802e-05,1.101626507600954758e-05,1.117586915510794930e-05,1.111969446548265310e-05,1.124311581154127761e-05,1.136342213104406460e-05,1.138719553933417993e-05,1.127302351457203932e-05
1.048757021810550254e-05,1.081426617293130135e-05,1.050279077353428036e-05,1.035462458249184530e-05,1.065454130052449944e-05,1.069080145427833563e-05,1.053886290214370370e-05,1.034815164907749814e-05,1.080696611636197143e-05,1.076345795842226425e-05,1.081350344646923582e-05,1.079777475572080745e-05,1.055073082365333107e-05,1.067946396391534935e-05,1.066910276516510686e-05,1.040849347546392471e-05,1.059454395832549820e-05,1.062241126153435520e-05,1.052976829197938844e-05,1.068534763010067853e-05,1.057093648690861170e-05,1.071957599279030374e-05,1.079431793239867339e-05,1.082534590352794685e-05,1.075407635397917196e-05,1.079515437604416354e-05,1.074410464904057669e-05,1.047326236765051169e-05,1.078277302459156939e-05,1.054551748262812213e-05,1.071647570331943505e-05,1.064119265917922923e-05,1.058098613517623727e-05,1.059307899304084624e-05,1.073421199426336855e-05,1.084330737173950187e-05,1.073573363705416894e-05,1.077862062638991434e-05,1.092171734514570798e-05,1.080168251991160234e-05,1.071090061639593785e-05,1.061448542376955054e-05,1.068684504049720137e-05,1.080018341413870813e-05,1.058040471576369148e-05,1.061037438231224908e-05,1.070225074477001822e-05,1.081896860241589520e-05,1.071220003914137270e-05,1.068172056963789979e-05
1.016622637636483502e-05,1.013938314058266306e-05,1.036897076695693399e-05,1.040491310053205674e-05,1.025587904974575581e-05,1.033922169506131467e-05,1.028229427988705685e-05,1.044901253608372749e-05,1.039854805005476669e-05,1.039694706103319508e-05,1.031676614560613547e-05,1.010590796483476089e-05,1.035176538408607246e-05,1.021164741811042223e-05,1.025572216443010242e-05,1.033570364107574250e-05,1.019441856039478824e-05,1.036436142548736197e-05,1.023926183757932469e-05,1.032084927095552489e-05,1.013670054943467280e-05,1.023381111001600387e-05,1.026999335673494674e-05,1.021368769973380549e-05,1.022287786977198082e-05,1.021051190405020607e-05,1.020392742961924727e-05,1.046907120547782474e-05,1.019351796880914078e-05,1.034262313520176033e-05,1.031971873733538540e-05,1.028647074550179648e-05,1.016685170449523406e-05,9.975298164642436088e-06,1.033961145482403972e-05,1.023067040744186835e-05,1.025543260383974496e-05,1.028998498205370157e-05,1.032938165050246151e-05,1.021685480505863228e-05,1.024904937998133692e-05,1.034338556034091982e-05,1.019303038158725096e-05,1.019426760440928862e-05,1.037546354120610578e-05,1.043364387098996345e-05,1.018587057730877618e-05,1.013451462830612727e-05,1.011482586027966351e-05,1.032808806852151541e-05
9.445154389344736733e-06,9.801245302330255260e-06,9.673537765311529708e-06,9.945548039200950298e-06,9.711285025559373657e-06,9.931798310425084695e-06,9.847762685644526035e-06,1.004873619241407886e-05,9.516347885435118081e-06,9.941630980590134597e-06,9.903444410661843455e-06,9.948165086923249479e-06,9.840870338056889125e-06,9.719965812575473522e-06,9.680588818051066768e-06,9.763757828764859240e-06,9.629020950089621617e-06,9.861914882853905730e-06,9.712170709330482078e-06,9.771092127938436545e-06,9.619460144918840402e-06,9.944585276388646664e-06,9.705002303785076543e-06,9.627580426604597598e-06,9.842829848361978555e-06,9.658029107815849776e-06,9.798141895869123865e-06,9.871850987755774953e-06,9.728484128820046614e-06,9.868521925402439179e-06,9.880850796630053965e-06,9.805321297549169176e-06,9.727619944292107966e-06,9.815608621209497849e-06,9.673374855902014226e-06,9.866018185052325743e-06,9.674446681490345151e-06,9.609902511298055219e-06,9.773470657513653770e-06,9.829908975095354471e-06,9.652902891756286018e-06,9.794824446924107615e-06,9.785410991178497054e-06,9.535416973052512503e-06,9.855439048828805532e-06,1.005788306629485562e-05,9.882844095053459668e-06,9.921366497594041477e-06,9.760056974871873819e-06,9.710437986821231229e-06
9.126646187657824356e-06,9.265509659624638567e-06,9.245336578811607213e-06,9.169475983403240049e-06,9.478633408515944956e-06,9.394045470043469896e-06,9.242257993054238049e-06,9.472203705796053332e-06,9.202487061163544226e-06,9.197273376049355762e-06,9.134063143629062736e-06,9.508849924605688444e-06,9.102473852045316372e-06,9.248521545553220260e-06,9.278590937730704866e-06,9.089875603010170863e-06,9.396725714083337943e-06,9.458405417464307464e-06,9.201059718500120943e-06,9.369985525797474719e-06,9.332121408945273232e-06,9.237919685382306879e-06,9.435128033058159857e-06,9.284948273381443413e-06,9.331400278463487623e-06,9.278027209320625541e-06,9.239779359112083014e-06,9.341109261843505741e-06,9.400454208327987195e-06,9.310323287949179950e-06,9.091337166318847794e-06,9.470440951092565449e-06,9.376773560394198511e-06,9.336360691701444829e-06,9.252821251899190548e-06,9.425013390765574686e-06,9.160444357724659839e-06,9.241521674665166512e-06,9.282169309246102236e-06,9.309954085212969498e-06,9.413360857597641187e-06,9.243454241710663205e-06,9.416209955364293152e-06,9.315660680904572005e-06,9.224221569211759424e-06,9.366373456173666395e-06,9.230904531034889735e-06,9.387822973332429451e-06,9.292942852838419906e-06,9.233458934630496692e-06
8.926214770738044563e-06,8.805178687198192446e-06,9.015910805060435443e-06,8.814793584529820265e-06,8.651913469802614286e-06,9.022565969820403424e-06,8.865110141758536096e-06,8.815565061428233735e-06,8.870638308724442588e-06,8.796068690293208159e-06,8.908844450308471858e-06,9.012922704953390551e-06,8.638248325477381425e-06,8.951915816692685321e-06,8.774655799577937666e-06,8.857872217144331710e-06,8.781594997625761977e-06,8.727558487590363287e-06,9.049160015071935136e-06,8.782474039266768514e-06,9.126749667590614124e-06,8.819151762333483986e-06,8.855761191818800832e-06,8.875728207093133744e-06,8.862958616611506447e-06,8.802604170613022197e-06,8.956868488008000009e-06,8.904742946316602481e-06,8.656684544585499139e-06,8.865742740396962961e-06,8.774515112428253282e-06,8.808769921179935945e-06,8.671851421527757218e-06,9.009338388310935837e-06,8.744753193196462985e-06,8.898275363235806022e-06,8.771759354476580723e-06,8.919102630227318534e-06,8.918954595101658572e-06,8.722945280308805222e-06,9.013184924565526948e-06,9.087490244106308140e-06,8.955415793898587458e-06,8.818715023559786203e-06,9.005600632106269154e-06,8.783681857255454134e-06,8.601366300288271224e-06,8.734352734403500696e-06,9.055985548853666777e-06,9.018808384884521645e-06
8.325053558198761800e-06,8.313047794792185249e-06,8.325590432239113569e-06,8.471628101697235697e-06,8.374024459073980381e-06,8.394057715577882988e-06,8.618044257005789721e-06,8.282753095827537134e-06,8.436227678664462234e-06,8.306171655743823225e-06,8.293372068066486136e-06,8.284872127668703161e-06,8.374977526824498768e-06,8.300411563981118993e-06,8.330314715002676423e-06,8.218245105353072104e-06,8.256791327810372372e-06,8.421135449613442319e-06,8.279676038474595323e-06,8.309534968292913758e-06,8.361429355062288235e-06,8.266510462128472464e-06,8.330510477220337732e-06,8.447079516722378288e-06,8.454608490389251029e-06,8.304311463143557710e-06,8.351263214859872859e-06,8.371236538748694729e-06,8.378512269130518301e-06,8.332273668737254536e-06,8.503519271647365374e-06,8.714836408447068134e-06,8.324144581468549290e-06,8.400804340302241014e-06,8.343297162666914667e-06,8.326180684117501921e-06,8.343852428571747743e-06,8.400768441334325042e-06,8.028759483358675030e-06,8.503080147324188349e-06,8.311224896428493465e-06,8.481080319424641616e-06,8.250889785130528374e-06,8.305302672534094376e-06,8.334316885156390370e-06,8.379625329266609626e-06,8.425902420917499280e-06,8.491943831606258146e-06,8.411832613243673711e-06,8.208647849463923221e-06
7.791509945456342215e-06,7.780496876920421978e-06,7.870830932634360831e-06,7.783381870855454545e-06,7.773304838199049087e-06,7.921899296361690167e-06,7.876967497965757609e-06,8.025952324889379684e-06,7.761790224733448437e-06,7.835926895551023369e-06,7.916519236676690637e-06,7.882275722374333218e-06,7.823587445912568762e-06,7.884679669083192105e-06,7.886332809304460166e-06,7.979647635622904548e-06,7.677507145645873373e-06,7.813199549897828622e-06,7.945690323843257458e-06,7.968368525624795092e-06,7.866098282582576842e-06,7.513360206247762847e-06,7.977122581953156749e-06,7.922262169065367050e-06,7.998257674817306882e-06,7.757596735628516840e-06,7.896620072349935451e-06,7.892157926463522327e-06,7.838062126129277145e-06,7.786879207238319071e-06,7.654623471961976655e-06,7.663739627318537603e-06,7.866031015004423322e-06,7.897849281768743753e-06,8.010973994587917459e-06,7.890220176769390298e-06,7.868686351317356859e-06,7.960456081867947552e-06,7.868945632725154747e-06,7.749048157717341125e-06,7.664237280606146893e-06,8.056820702727090133e-06,7.805735709489192351e-06,7.892376916150592014e-06,7.669961788552767058e-06,8.015415645313889501e-06,7.752824911859201385e-06,7.897049508104664862e-06,8.001411928663958024e-06,7.815824267882014379e-06
7.300393002371462319e-06,7.404910943579161767e-06,7.533657273380361717e-06,7.303694087670095697e-06,7.476811327392127381e-06,7.480290425282954402e-06,7.422330508099694284e-06,7.304793628037856547e-06,7.529946407162666743e-06,7.402352698713105809e-06,7.652836016809012195e-06,7.159494354966337829e-06,7.454043940889977366e-06,7.536745670533612177e-06,7.351460303130373975e-06,7.335606544389235075e-06,7.401996421134284436e-06,7.425165625417449813e-06,7.587560481184284829e-06,7.270868678500973626e-06,7.394409288935450172e-06,7.609203153148701537e-06,7.364540917650788595e-06,7.291905429445740621e-06,7.133220865307792648e-06,7.515700629676164748e-06,7.310258547905309447e-06,7.245662514092983153e-06,7.545653328752963713e-06,7.617708641149630314e-06,7.554270511848046953e-06,7.360925785542226395e-06,7.519220787526452216e-06,7.275451039094255291e-06,7.361871546650539615e-06,7.411941595652719709e-06,7.431702612580791944e-06,7.264631849751468671e-06,7.183255694135740325e-06,7.337257634653471822e-06,7.417107604557592206e-06,7.347127232343089879e-06,7.613585020636504303e-06,7.475109399740950238e-06,7.351632197977649513e-06,7.298252974021348569e-06,7.255104796135020687e-06,7.355114389118405566e-06,7.329281047745769134e-06,7.213898837866185626e-06
6.970776760557929387e-06,6.792133954374518876e-06,6.858191390048724025e-06,6.829459232953078856e-06,6.757096632314143902e-06,6.853750490539748137e-06,6.773354864208020262e-06,6.834332944769726804e-06,6.957216662025328561e-06,6.926670819990106366e-06,6.878135847160214128e-06,6.686573182177136594e-06,6.699109952633538765e-06,7.012926489391779917e-06,6.947187080930637523e-06,6.792275718228812791e-06,6.985587220294860103e-06,6.995774241816218789e-06,7.120987138446575909e-06,6.651447145110525716e-06,6.890348087872420607e-06,6.756823665266955162e-06,6.969925213863444048e-06,7.129937037570119782e-06,6.800184908041427129e-06,6.582630516786917784e-06,6.977542908087894820e-06,7.002399080349802711e-06,6.983948068542894378e-06,6.822951148813335405e-06,6.636218836670145596e-06,7.025704639677919344e-06,7.005574902679397621e-06,6.880105835231730092e-06,6.849522612975523284e-06,6.992054183500570921e-06,6.763788818732763364e-06,6.770008292799002357e-06,6.626840060732749428e-06,6.852621706138347594e-06,6.809043519512051266e-06,6.749121560360571511e-06,6.686484462593115362e-06,6.758662300224171733e-06,6.837164284136643338e-06,7.050471188574078033e-06,6.797971036151290603e-06,6.988542845343676392e-06,6.852545140347932216e-06,6.958163409923333116e-06
6.104882458033435235e-06,6.332418360867210365e-06,6.239392811785586002e-06,6.301370879950499991e-06,6.209077909516008020e-06,5.988940671196487289e-06,6.477259644181356053e-06,6.451094634530585428e-06,6.516055639906784219e-06,6.424199021082192678e-06,6.113521788118601389e-06,6.311120139890676231e-06,6.279897429359584646e-06,6.431751976268635916e-06,6.306069133618004779e-06,6.191175363717988116e-06,6.330706905281235443e-06,6.208762282342810258e-06,6.383876660824758966e-06,6.313733177142659586e-06,6.328985249789130676e-06,6.372680336512022755e-06,6.292375052510889423e-06,6.289568355901849928e-06,6.361389152236418142e-06,6.321751027627226725e-06,6.339836839863411354e-06,6.576869372045865929e-06,6.359775504521256187e-06,6.397244057568691536e-06,6.359370731212826629e-06,6.404466746103769705e-06,6.522706862919190776e-06,6.336347722066980724e-06,6.282727594693871541e-06,6.314060813358810223e-06,6.389042728548983372e-06,6.342568695450473827e-06,6.472868363474925453e-06,6.239167934611079486e-06,6.234142935596262652e-06,6.350743852874385619e-06,6.399678701188839678e-06,6.352617982159382982e-06,6.437913794683261324e-06,6.194543841397071096e-06,6.340270984735762336e-06,6.189138067753257805e-06,6.397588052349765126e-06,6.318318246874480670e-06
5.630040706369897119e-06,5.515240816406207336e-06,5.729003754150340276e-06,5.829096559583448711e-06,5.999652529518549741e-06,5.545713319196499615e-06,5.699812810177299804e-06,5.842561508045860374e-06,5.645129546925354471e-06,5.759326060358276458e-06,5.799186283515825912e-06,5.711294199890651421e-06,5.726172920397889002e-06,5.813519056622817394e-06,5.827922065543144237e-06,5.870499136257500763e-06,5.911834620508405793e-06,5.657314915216215352e-06,5.817924185050741278e-06,5.641193154030713234e-06,5.808990286627154534e-06,5.927868874716611883e-06,5.634925723063897059e-06,5.897670702898253144e-06,5.730293009495485851e-06,5.981779789040625720e-06,5.704058411187294401e-06,5.751033073667529392e-06,5.688834034509026212e-06,5.804183265801255914e-06,5.823501410742526923e-06,5.860719883684808223e-06,5.914997643088777668e-06,6.008425855199833094e-06,5.740537959565915079e-06,5.778665685342505581e-06,5.699416552490176190e-06,5.869145787746664228e-06,5.759065394423001570e-06,5.883929916232996952e-06,5.967058292170926923e-06,5.615191192777903478e-06,5.836165253864696311e-06,5.723207622842101115e-06,5.728094503233231705e-06,5.830856493724122523e-06,5.789590265716507882e-06,5.585276654916575975e-06,5.647449649907342037e-06,5.509367915407637048e-06
5.196217144576810638e-06,5.430476094946285547e-06,5.155051147617266703e-06,5.080100595830971094e-06,4.911090431289810623e-06,5.192934336069897065e-06,5.273430581381247051e-06,4.879009290961905680e-06,5.060469352818940969e-06,5.100303010080415419e-06,4.998904406274764575e-06,5.091843645350794387e-06,5.305789332439971715e-06,5.495619234579178736e-06,5.052619274224359496e-06,5.249978887662632912e-06,5.284565453566586395e-06,4.951549603763711574e-06,5.124244444364784763e-06,5.040555042984880611e-06,5.229570358691395855e-06,5.203362248329349574e-06,5.093950915780090014e-06,5.308776772294589501e-06,5.196430318508108801e-06,5.211193458544000938e-06,5.085324388981189619e-06,5.368545125058959036e-06,5.071962836612060257e-06,5.158779085793498663e-06,5.230314117736496835e-06,5.280721900340108647e-06,5.110563582976872154e-06,5.040621952205289103e-06,4.961573935136031015e-06,4.985994317684758187e-06,5.217441030513909484e-06,5.163599449264750320e-06,5.106949730443089658e-06,5.161242481781293098e-06,5.070670210100169841e-06,5.032350604007165318e-06,5.426446220806542862e-06,5.417156248107932424e-06,5.224551338626763092e-06,5.298347561238635228e-06,5.157077633998353480e-06,5.506864716679337437e-06,5.396137440375496656e-06,5.336657738068344426e-06
4.733592681280156050e-06,4.781576231919871804e-06,4.903920178482341110e-06,4.626527970658129471e-06,4.633532699849838225e-06,4.558638986347585512e-06,4.701820737631077422e-06,4.643327737649969255e-06,4.520549558064999351e-06,4.455253406838243394e-06,4.705283686749435251e-06,4.815834548654324566e-06,4.407011324302591832e-06,4.681877360944531573e-06,4.607464585458786186e-06,4.529176187035973378e-06,4.443672038540952417e-06,4.577197854273281663e-06,4.758255406934609435e-06,4.675806043302648457e-06,4.486039785111276963e-06,4.540562672171721001e-06,4.794066142029038594e-06,4.633492438045946108e-06,4.617731591990747113e-06,4.489940106771768561e-06,4.501265835554663695e-06,4.546531480475447492e-06,4.455083331417337064e-06,4.647643388958646088e-06,4.528833971654445859e-06,4.762213857790793864e-06,4.741992577552680684e-06,4.435323084461350052e-06,4.674448965933587157e-06,4.479124288329418776e-06,4.440638192616381578e-06,4.646076392103126464e-06,4.623415775243892772e-06,4.506701556166074906e-06,4.637178101134742947e-06,4.727162821190258795e-06,4.619963401641262738e-06,4.715665968464196731e-06,4.661646327632217339e-06,4.510077508430250772e-06,4.513099909301105417e-06,4.561222856115420475e-06,4.623406583972902380e-06,4.770287971819855445e-06
3.884440704409826601e-06,3.943794553216795838e-06,3.992066480679657359e-06,3.908405222090000872e-06,3.741578603268647390e-06,4.178722110017948903e-06,4.208866921869080602e-06,4.051113383840066108e-06,3.913780821440971603e-06,4.024713667642490908e-06,4.040159404043731884e-06,3.941033982080700924e-06,3.933697187950621887e-06,4.026749147102064511e-06,3.723938687275515553e-06,4.051365430245343132e-06,3.976088442732735311e-06,4.140522157232378629e-06,3.941401970463181566e-06,3.892596469320956465e-06,3.866477281424031702e-06,4.060436281346059457e-06,4.106725161522978580e-06,3.963875359520394539e-06,4.300652389119530057e-06,3.915433349290465790e-06,3.863618232659615700e-06,3.875832581698283523e-06,3.987930996360710426e-06,3.949610604483131693e-06,3.879926883133299386e-06,4.032142125314815179e-06,4.153588311166916292e-06,4.121538744445541226e-06,3.947789169963548806e-06,4.035183452803168957e-06,4.014086490729998557e-06,3.901657555704792964e-06,3.873665767274330130e-06,3.856220639522006538e-06,4.117823727923418355e-06,4.181751268607487127e-06,4.064936973343091549e-06,3.960334853907814465e-06,4.161589318240219072e-06,4.060485924011581160e-06,4.216848046433641928e-06,3.935730893311479858e-06,4.245160915640703577e-06,3.924088994409946091e-06
3.310873373439385854e-06,3.455066822584550877e-06,3.557240336847626509e-06,3.512202301573844704e-06,3.239222561294453894e-06,3.403994540495025570e-06,3.180313206786666720e-06,3.051123518288669540e-06,3.404668387901308256e-06,3.346258407043042449e-06,3.482013299994677923e-06,3.195881922191768721e-06,3.489057329912744793e-06,3.008231477325320363e-06,3.395799063077408908e-06,3.415341633810274129e-06,3.373832444526457395e-06,3.428423299665868687e-06,3.273531696767770009e-06,3.418435474135412083e-06,3.512372271892144576e-06,3.285626936549965599e-06,3.383849172116768333e-06,3.404166465525268169e-06,3.186148173590153711e-06,3.290127184942436799e-06,3.579223881970526209e-06,3.413757547265610566e-06,3.122383173610852428e-06,3.478682505060749838e-06,3.217444885910471879e-06,3.446652148894169086e-06,3.382305861772838980e-06,3.609331896519278190e-06,3.259548769455006269e-06,3.286644031960618542e-06,3.360808112878852868e-06,3.463029863720019656e-06,3.569499370238965278e-06,3.197731109950438287e-06,2.902493724719514944e-06,3.549301601321879967e-06,3.461796532628679032e-06,3.309671494979755793e-06,3.560930729709486286e-06,3.700299014821246707e-06,3.330747964313819847e-06,3.443428624710827087e-06,3.388353874771360507e-06,3.213036173293518322e-06
2.616579779027111924e-06,2.845302263044528043e-06,2.710630327266462525e-06,2.617552053236520152e-06,2.706778750664303655e-06,2.639574402634999211e-06,2.725733751336774097e-06,2.799840998933989909e-06,2.450901285684602533e-06,2.734378231723138225e-06,2.765054506377133308e-06,2.755657309269326592e-06,2.423623621271305499e-06,2.686247853648995853e-06,2.745446394459497115e-06,2.606512849037625915e-06,2.724634573902177841e-06,2.520785832818160483e-06,2.460637091009638572e-06,2.749720752318184972e-06,2.573086491554545056e-06,2.868014476092890187e-06,2.524920308339205500e-06,2.483914409841556156e-06,2.731265924166663959e-06,2.495183851871276962e-06,2.668504496997002410e-06,2.864103410197843298e-06,2.732193974644941711e-06,2.781306689724061520e-06,2.777832065559358178e-06,2.749631053626723695e-06,2.801316089235095259e-06,3.014077737290574332e-06,2.675972595059936994e-06,2.709127175799371286e-06,2.504397752102191564e-06,2.811787153797744738e-06,2.775808279728865739e-06,2.806594802861802597e-06,2.511901865572679322e-06,2.601265854630479651e-06,2.503384106557051409e-06,2.623945227681246826e-06,2.916426516228164191e-06,2.649477214610041106e-06,2.490001819785498773e-06,2.559497797274123756e-06,2.469080219882669031e-06,2.542067880385481026e-06
1.829451653660720084e-06,1.977924291070862214e-06,1.773344235228204949e-06,2.034695437169261793e-06,1.905583088903450714e-06,1.710384500021974641e-06,1.897605372892684056e-06,1.959655817311882805e-06,1.670099075422069780e-06,1.958635321313960691e-06,1.781786195199158235e-06,2.107263712286412548e-06,1.881883334465418596e-06,1.948368538640127216e-06,1.725257470987911585e-06,2.005236598310203234e-06,1.897818788299207222e-06,1.800671646937042723e-06,2.040138257513003737e-06,1.840482533562071004e-06,1.819799201810637308e-06,1.710760674230654123e-06,2.047701582505700607e-06,2.072504313660106684e-06,1.829512524110514214e-06,2.065888542001266457e-06,1.840126085856836970e-06,1.831413012370348778e-06,1.842198981599646944e-06,1.806640379971765360e-06,1.860205473699930478e-06,1.966644925392383524e-06,1.986268059449418540e-06,1.761559081954054615e-06,2.018655969154474762e-06,1.946472594586717089e-06,2.074922949827695136e-06,1.969360710456580122e-06,1.517602917186632464e-06,1.827208946798469904e-06,1.843057739733116854e-06,2.081247114527509771e-06,1.768968596748333419e-06,1.694209749089751099e-06,2.062522039150327762e-06,1.716459260731264529e-06,1.649981121622876370e-06,1.859501509138996640e-06,1.936118349373382230e-06,1.902709685456977125e-06
9.999720170624561708e-07,1.009762421433451963e-06,1.033841220485037089e-06,1.010755638615783780e-06,9.466446262415234616e-07,9.303347540596267585e-07,9.813621234002528918e-07,8.059683303034634107e-07,1.077083954523053278e-06,1.076354024376758626e-06,9.810102114054656644e-07,9.430827632185372158e-07,9.287374923281607319e-07,1.170476689253714627e-06,1.240030851911390071e-06,9.945570900086668002e-07,1.024990342718196740e-06,9.113306632653610408e-07,8.916788367299937073e-07,1.045179577550640337e-06,9.244856862964953697e-07,1.072783619922644508e-06,9.258217432398361988e-07,1.059485622101621845e-06,1.068553934529519894e-06,1.060629417648618594e-06,1.079022095416521635e-06,9.313337213832967161e-07,1.053724047025185523e-06,8.849065249728781588e-07,1.074908500518656054e-06,1.068919333317541622e-06,1.119202576031514116e-06,1.096128396342948672e-06,9.037524696803794124e-07,1.136572010813427502e-06,9.262638880367736235e-07,9.599650455900842964e-07,1.053097199927223069e-06,1.049369601742622175e-06,9.972000844355693780e-07,1.156727572831590414e-06,1.092991296232209779e-06,9.556612418960877198e-07,9.714854875316630065e-07,1.094432620349463998e-06,1.078125361617789290e-06,9.624328393516955950e-07,1.016545575745825820e-06,1.096010035835609914e-06
