2.691461052147989252e-02,2.684350941912493071e-02,2.691417545354186230e-02,2.690895989110760750e-02,2.686564888427767778e-02,2.682398265993496747e-02,2.682753839485242653e-02,2.681119711914894954e-02,2.685525178959531634e-02,2.684922775147037532e-02,2.686042698864937392e-02,2.685961647475880454e-02,2.682617258375100469e-02,2.683568079678879878e-02,2.682098539132547754e-02,2.683220269670448521e-02,2.689837764044390039e-02,2.689212276799498452e-02,2.686743317170370987e-02,2.687519060974257953e-02,2.691367719245424395e-02,2.686540262805226995e-02,2.677209796164733979e-02,2.680288277359414370e-02,2.687985981988487774e-02,2.682087484127593582e-02,2.682994755969834652e-02,2.688773831245963933e-02,2.689402415284903453e-02,2.685195726663860624e-02,2.685673151558403901e-02,2.690415405228153631e-02,2.687143305957902586e-02,2.685098030666294502e-02,2.682327656958707549e-02,2.686063093120899872e-02,2.683846980683367300e-02,2.684393121413580774e-02,2.683673070538539207e-02,2.685114818319383340e-02,2.689803083077060494e-02,2.694464649130547812e-02,2.688825280122715891e-02,2.688596460472813393e-02,2.690106615620888389e-02,2.686352143106059825e-02,2.684226369882607155e-02,2.686570783842240698e-02,2.688204483860337501e-02,2.687936223394852414e-02
2.687768251562157665e-02,2.684186680334580896e-02,2.683410137721757571e-02,2.689654831084407893e-02,2.682454191357355744e-02,2.688426014486893639e-02,2.688441322620925208e-02,2.687705981351417445e-02,2.687993959577452546e-02,2.680814021674859590e-02,2.687983188230815348e-02,2.685667892640630772e-02,2.688834936546802279e-02,2.678041975560273291e-02,2.685001774669423455e-02,2.687026101886811486e-02,2.684646880105999445e-02,2.680134121030722932e-02,2.686601538996441843e-02,2.683490394487687836e-02,2.683362630666454723e-02,2.689954094340641158e-02,2.689269439964748348e-02,2.690450044008969172e-02,2.681244004992007837e-02,2.688139555680928161e-02,2.687747642188717187e-02,2.687381410153065475e-02,2.687977652240272977e-02,2.692682942323308681e-02,2.686134279262829966e-02,2.681116834326545753e-02,2.684036299006511278e-02,2.685040618788055167e-02,2.685830999435527902e-02,2.690638213769348461e-02,2.689996149332942940e-02,2.680868247394148710e-02,2.686874104496217094e-02,2.680152197116571211e-02,2.684618583770232922e-02,2.692533487035301404e-02,2.687550466883378147e-02,2.683157531849435229e-02,2.685700539864648365e-02,2.683684053744463116e-02,2.682221473392951486e-02,2.683250054284364028e-02,2.679677708506410932e-02,2.691272927038384360e-02
2.690216345701541834e-02,2.687714948799387743e-02,2.697261897964626717e-02,2.696523547263673590e-02,2.685719543023040723e-02,2.681554142921072428e-02,2.694009498643449782e-02,2.681305039378305971e-02,2.690892788433721025e-02,2.698040139057981956e-02,2.685263210121473232e-02,2.687695168100888779e-02,2.682040173073487258e-02,2.683439498698212203e-02,2.684572600290024286e-02,2.690406238486876128e-02,2.684279729354810060e-02,2.689303476544707694e-02,2.692501272568599210e-02,2.682860199271323506e-02,2.687728332723210434e-02,2.680877292518242874e-02,2.686276238020543147e-02,2.682372056615282135e-02,2.691812321487893622e-02,2.684964183527049214e-02,2.689350321691498860e-02,2.683304480632520833e-02,2.691141606789694204e-02,2.687862473333844926e-02,2.678904280522327597e-02,2.687640264488036501e-02,2.685841695285146394e-02,2.680797127307869149e-02,2.687307089676376284e-02,2.688605778718205705e-02,2.687741872200113957e-02,2.692763707071481674e-02,2.686423575743504197e-02,2.688533739811895668e-02,2.683831270579289940e-02,2.694971141451115576e-02,2.682846109651634489e-02,2.688182289287231394e-02,2.684750618314276152e-02,2.687144498505961848e-02,2.687043011231907488e-02,2.691165209785083279e-02,2.685606897808054047e-02,2.685396912754388701e-02
2.692248793502250923e-02,2.688093125783037537e-02,2.684265091974984141e-02,2.686423291840029162e-02,2.687316487528144254e-02,2.683455885489622120e-02,2.686056712143908981e-02,2.687738753357290372e-02,2.692371849716973173e-02,2.690481069221326016e-02,2.689683729320209438e-02,2.689401829814480269e-02,2.685316065851583653e-02,2.682602850111633422e-02,2.680899291610637850e-02,2.687656744983353552e-02,2.685366193641739938e-02,2.688119640219145678e-02,2.677359789109361524e-02,2.677862095612375259e-02,2.688882329748566377e-02,2.691184570719387312e-02,2.680560908236725645e-02,2.688921121667524686e-02,2.686594528328720838e-02,2.682460192988482539e-02,2.689856792124379128e-02,2.684990267920667195e-02,2.686426498568150051e-02,2.681442883862035845e-02,2.689243364936829209e-02,2.685671950167832847e-02,2.687600137379289600e-02,2.690142255318522455e-02,2.681073507578449200e-02,2.681747166299213586e-02,2.687319965597268975e-02,2.687898824911535284e-02,2.685045117187042849e-02,2.685680389465945964e-02,2.686764022172300620e-02,2.687538490418787951e-02,2.684283694650273916e-02,2.689360002427687579e-02,2.682931046136075720e-02,2.691197569419779764e-02,2.686908378221927393e-02,2.684922817710763687e-02,2.687478111883666310e-02,2.683936505406981851e-02
2.684454422086910916e-02,2.685367786074651514e-02,2.684395077074099717e-02,2.683221935286161930e-02,2.686010198166668278e-02,2.686737054717892870e-02,2.690167985576229562e-02,2.683750933372403003e-02,2.687876711075862235e-02,2.688628197025862490e-02,2.688498499700406330e-02,2.680340433340689874e-02,2.683124539424570562e-02,2.683624631232632909e-02,2.685371678556796107e-02,2.688892380153644693e-02,2.689524154522877561e-02,2.689614831725645194e-02,2.686825685451448009e-02,2.685023506157493273e-02,2.686825156262864778e-02,2.686836870240282352e-02,2.688996320970524559e-02,2.693860695227844049e-02,2.686829186208643597e-02,2.689171205277371066e-02,2.686841949438326799e-02,2.687109454553741200e-02,2.692041704484218062e-02,2.686814812791897891e-02,2.685011235173374866e-02,2.683556027596590426e-02,2.682688450285882972e-02,2.690421095321118491e-02,2.688316883644591843e-02,2.679436031170234767e-02,2.689559367336218434e-02,2.689032578006278137e-02,2.685894835562863472e-02,2.688520432092056031e-02,2.686354695902162457e-02,2.688872581049201252e-02,2.687679851045938345e-02,2.686710017906522238e-02,2.692596248722004676e-02,2.684650718485451920e-02,2.681539384325949335e-02,2.682396716023172784e-02,2.685897703005958245e-02,2.686842750104419600e-02
2.687319916195448841e-02,2.691970791839615879e-02,2.680623702749964157e-02,2.686256873167159470e-02,2.684438017706776425e-02,2.677959765299766509e-02,2.686891135345129827e-02,2.691058208117773007e-02,2.689989528746641184e-02,2.690442906416618679e-02,2.683142530333316664e-02,2.690528946171867955e-02,2.686822680526902013e-02,2.687291342663408744e-02,2.693533836251925731e-02,2.680528344743711086e-02,2.681238485064593724e-02,2.683853619600730378e-02,2.682302652097076287e-02,2.684939665042552007e-02,2.683576499266673854e-02,2.686968763765435614e-02,2.684594055462530618e-02,2.686232486727114024e-02,2.688590392035317828e-02,2.690574266024657255e-02,2.685900567960585253e-02,2.682939602677318972e-02,2.689190317276392642e-02,2.692295034781685970e-02,2.685768965793598057e-02,2.680923052191634334e-02,2.686074383331916657e-02,2.686832496590367547e-02,2.685232362898403238e-02,2.683743176104161354e-02,2.685816659263604370e-02,2.687133338926271653e-02,2.690348434744106038e-02,2.689921053363621486e-02,2.689643610291230988e-02,2.690840260958001287e-02,2.687853870833984901e-02,2.691083604897053297e-02,2.688314876021153516e-02,2.691374323204935234e-02,2.687779580095295273e-02,2.690751026993543071e-02,2.687725122931201513e-02,2.687766851392466017e-02
2.689607321701066242e-02,2.692012731002835224e-02,2.680842839100604572e-02,2.686345719225822354e-02,2.686897471256502468e-02,2.685789038441722607e-02,2.685470824527975628e-02,2.690458221281047044e-02,2.687370117174602349e-02,2.684136392417611761e-02,2.681841250985707997e-02,2.689011422682422228e-02,2.692613519340002898e-02,2.688264970904915077e-02,2.691745121218188166e-02,2.684950488899393722e-02,2.689221075537536268e-02,2.684156817884422730e-02,2.689951517468900863e-02,2.678671114741658019e-02,2.685586872051622109e-02,2.686077900563204474e-02,2.689267475785819123e-02,2.685921003347460645e-02,2.686824031975923455e-02,2.683546296122973560e-02,2.693151028352696458e-02,2.685958890752872599e-02,2.685519088746224706e-02,2.685071000262612834e-02,2.684046483808229244e-02,2.695609057703039768e-02,2.685173131966730672e-02,2.685159592129826925e-02,2.685307634053687303e-02,2.685390640732138873e-02,2.689431969412856005e-02,2.687018508331511651e-02,2.683124611736210918e-02,2.686733280830188100e-02,2.682820657430056224e-02,2.682081545031024181e-02,2.689488565692704433e-02,2.690420895091045692e-02,2.689246606744737783e-02,2.685060756102684507e-02,2.689561955910670446e-02,2.689476850656403670e-02,2.687257304583387171e-02,2.683909221309690660e-02
2.692902591811192209e-02,2.685283743320788022e-02,2.682436040504801444e-02,2.687396778563640870e-02,2.684614020773497603e-02,2.690171876380937493e-02,2.684916102406520802e-02,2.687371813734248938e-02,2.682438813664073454e-02,2.683649110147883279e-02,2.675338067995670574e-02,2.687136148266672589e-02,2.690044461255315655e-02,2.688847713726931141e-02,2.681688766292773807e-02,2.684390187608700143e-02,2.680638625721825860e-02,2.691413007531172699e-02,2.683635561667922775e-02,2.688373558004480274e-02,2.689968177817555345e-02,2.683280960528720144e-02,2.686411039944680557e-02,2.688613513366062621e-02,2.680951257394164136e-02,2.688774442612081733e-02,2.687539961080897405e-02,2.680002051020981615e-02,2.686954839040908705e-02,2.687102088458473079e-02,2.686762803379883630e-02,2.690570642496967549e-02,2.684374997983230912e-02,2.680861004025510835e-02,2.686254854592633537e-02,2.690511621883934917e-02,2.694571693209770261e-02,2.687535447016179899e-02,2.687417413159922178e-02,2.690000462298162975e-02,2.689433863703198299e-02,2.691429860883421538e-02,2.686854363837986454e-02,2.686152139874573713e-02,2.687236232279326467e-02,2.687176752608240460e-02,2.684104794384618853e-02,2.690305451929733346e-02,2.683577554141309759e-02,2.685482405272652043e-02
2.695519555507555967e-02,2.685086279430795586e-02,2.691585350634961155e-02,2.686439157613662240e-02,2.685549904491873682e-02,2.690856597068544062e-02,2.686243858921340960e-02,2.685036982841343747e-02,2.687266694335124773e-02,2.682938458969543610e-02,2.686951643860039166e-02,2.691064027263979919e-02,2.686789706175705603e-02,2.691022413315581271e-02,2.683421080789742327e-02,2.685000681609219994e-02,2.681331538275759721e-02,2.677823985067607701e-02,2.687810452196992203e-02,2.684192223974564417e-02,2.689300968207395878e-02,2.684839030190872347e-02,2.687357498932839428e-02,2.689159862768141299e-02,2.685747512303424123e-02,2.685765961583606171e-02,2.686007261112392103e-02,2.687086217079754508e-02,2.684382907921206360e-02,2.680904910257277118e-02,2.688854962136878052e-02,2.680489739867765453e-02,2.684451431115991715e-02,2.683117515044999152e-02,2.696095906748613089e-02,2.694046377992204838e-02,2.688490378119049243e-02,2.684874653811895190e-02,2.689582814498158586e-02,2.689361624521666855e-02,2.682879958323319131e-02,2.686878043828657553e-02,2.687618556242448234e-02,2.688433361567844557e-02,2.688616423744212211e-02,2.681918932521032070e-02,2.687885490706882347e-02,2.681334961307035858e-02,2.686780488447773965e-02,2.693041883397994524e-02
2.687362085864099595e-02,2.685933446787456061e-02,2.686563462188002252e-02,2.685237534085598010e-02,2.688743305253812887e-02,2.685889067497789981e-02,2.684074944685593128e-02,2.687994712208103404e-02,2.684046998264332309e-02,2.682056504279418940e-02,2.689541917119307388e-02,2.684648041572984881e-02,2.686938520110562778e-02,2.685219041546599295e-02,2.684411201111377640e-02,2.679105711290771796e-02,2.688929233701694427e-02,2.694174077681530180e-02,2.687232589009510772e-02,2.684656157134158658e-02,2.691438428697138716e-02,2.678905088536078991e-02,2.684953201618786936e-02,2.685114098562605203e-02,2.681739311647425572e-02,2.689906317240097627e-02,2.686551328882660558e-02,2.681766292650553454e-02,2.684321692422636171e-02,2.688388460977887695e-02,2.683480802510674126e-02,2.690040052696582307e-02,2.687857800975969325e-02,2.694362018495229452e-02,2.691648956896881134e-02,2.682396382995046874e-02,2.687445014477632052e-02,2.687755034371775570e-02,2.680125036572942460e-02,2.681867674091786488e-02,2.689384817300903216e-02,2.687790131577940875e-02,2.685859417098795943e-02,2.681982129109980462e-02,2.682259094901080082e-02,2.684380301719807571e-02,2.687400902879618844e-02,2.680016017080264282e-02,2.688412158553930495e-02,2.687009576999651109e-02
2.687529338838190798e-02,2.687552112444343763e-02,2.683978448941930911e-02,2.681884701440936589e-02,2.688985277591168788e-02,2.686984370928125615e-02,2.678453847644241340e-02,2.686981523805661090e-02,2.689363679060104151e-02,2.686907546445028994e-02,2.690854553994307882e-02,2.690668354245175087e-02,2.689325740618883284e-02,2.685751799585174224e-02,2.684134887196951494e-02,2.682344573413408123e-02,2.685241482299468088e-02,2.691965443780644507e-02,2.681671004095102090e-02,2.680480740677362167e-02,2.684665256449339163e-02,2.686507234923621312e-02,2.686911173249266482e-02,2.690054837171231006e-02,2.689433470041614413e-02,2.684756961355260277e-02,2.697285041188115032e-02,2.681586077624384390e-02,2.685945172839364695e-02,2.688925539481070576e-02,2.686394495597332899e-02,2.688306354428209033e-02,2.686370854260656041e-02,2.691868763611207638e-02,2.688066752482188432e-02,2.688142837582848180e-02,2.687821963941769074e-02,2.681265653714868732e-02,2.685607303802075088e-02,2.685547988702586403e-02,2.680085122053268293e-02,2.685820383586176932e-02,2.683312311242213102e-02,2.686977503247717572e-02,2.685475065032946057e-02,2.683113409637398125e-02,2.686232867958581599e-02,2.683737950470286085e-02,2.684823227858661523e-02,2.693597163716983725e-02
2.687204111318519315e-02,2.691950350336025366e-02,2.680294533992543665e-02,2.681227902131290419e-02,2.682289608409639883e-02,2.689394031124666892e-02,2.682096063681518178e-02,2.688056637401315535e-02,2.689303335744787707e-02,2.680965528290344194e-02,2.683675704032401771e-02,2.683018826539975907e-02,2.685135403451056196e-02,2.682001874408520767e-02,2.686574346357371509e-02,2.687354873898987334e-02,2.681273586094953809e-02,2.683266573014505413e-02,2.687120754244532589e-02,2.683332536246754718e-02,2.687605837317200499e-02,2.682831096402953780e-02,2.679068283439449416e-02,2.684789188279617517e-02,2.690340709565766653e-02,2.684519587642123992e-02,2.685240158424820334e-02,2.686633777467656650e-02,2.679829729510232669e-02,2.685579411393192520e-02,2.689866963900681626e-02,2.689392808207817162e-02,2.682904254367543193e-02,2.689371090084879956e-02,2.690651573597328122e-02,2.689308032335144261e-02,2.690280962933647504e-02,2.686902028419255184e-02,2.687933012480047193e-02,2.684376823999473638e-02,2.681202939748313085e-02,2.680913380428480430e-02,2.692684525828466235e-02,2.690068149174049475e-02,2.691331559499624340e-02,2.687169006396832732e-02,2.687141260199920820e-02,2.685319265674101716e-02,2.688183484370109191e-02,2.689334948965129216e-02
2.681604680124415399e-02,2.682548351554475685e-02,2.686238295192368980e-02,2.688075789780700747e-02,2.682494994277706546e-02,2.683084728988925985e-02,2.680973827782811778e-02,2.683118199947943927e-02,2.687109236691756151e-02,2.686289178731905009e-02,2.684520753904402063e-02,2.684615673634299995e-02,2.684511446810368407e-02,2.681959208762443869e-02,2.682680355603087735e-02,2.683296051144378608e-02,2.688534635172877899e-02,2.684764045020540321e-02,2.687765054717141527e-02,2.685097363052325534e-02,2.686388469180366403e-02,2.689306417805834015e-02,2.682329335945870738e-02,2.685458362808518587e-02,2.682131721910381225e-02,2.686888602082075986e-02,2.691194201877674524e-02,2.685839351677583170e-02,2.681860419398989295e-02,2.682014481766578640e-02,2.683950258780652340e-02,2.683456940538473182e-02,2.694474068450803186e-02,2.678471072274489495e-02,2.687074326641723451e-02,2.687778233383134041e-02,2.687826572597744323e-02,2.684149467904331857e-02,2.685858485046412406e-02,2.682732583041671018e-02,2.679337939566525315e-02,2.685423285288086534e-02,2.690025882051732750e-02,2.684896155080905220e-02,2.685552495253491073e-02,2.688231125243086689e-02,2.686053768274318174e-02,2.684777950993986681e-02,2.690219572009085180e-02,2.687799126801605071e-02
2.683726015030815648e-02,2.682097036792279593e-02,2.677957036134799226e-02,2.678205498282949792e-02,2.684057271253639798e-02,2.680393994376324696e-02,2.683735673995124235e-02,2.681806926340772959e-02,2.683036300512749855e-02,2.685661265730039660e-02,2.678062425754137305e-02,2.682456454488910819e-02,2.688676741293003977e-02,2.682720384035078287e-02,2.678042613048696799e-02,2.691495569716215869e-02,2.683056957989884972e-02,2.684631616865178899e-02,2.685608956544642892e-02,2.685104199630156813e-02,2.679764570555834627e-02,2.685314938483026465e-02,2.674112049446009803e-02,2.689891018392698979e-02,2.684108293480903795e-02,2.688263671310664113e-02,2.680619654850797950e-02,2.684137919856826454e-02,2.684895717119649070e-02,2.692015059434097607e-02,2.683437142149902935e-02,2.683357891654012881e-02,2.685904966222120438e-02,2.683396648300842569e-02,2.681764812506707077e-02,2.684946556745073862e-02,2.683283736385613447e-02,2.685353731830570842e-02,2.678016104392444766e-02,2.683759165334717589e-02,2.681376428078056581e-02,2.685012018428258040e-02,2.685610485915346582e-02,2.687150141093304703e-02,2.684821029861082092e-02,2.684842516622553202e-02,2.685905932753202691e-02,2.683806030802415518e-02,2.694703436757049306e-02,2.686187221188169466e-02
2.681024962926177937e-02,2.683192446952336468e-02,2.686764213023689826e-02,2.680493281245733411e-02,2.682814175636545270e-02,2.685711721540292446e-02,2.689332212721358070e-02,2.674376443859915672e-02,2.680479749308347162e-02,2.688503008017325419e-02,2.679985103931861734e-02,2.678816151615757632e-02,2.682643996683382187e-02,2.682262562534817874e-02,2.683522007498679446e-02,2.683526522972379605e-02,2.679954106480765194e-02,2.682050064931701047e-02,2.685522215640098395e-02,2.686285218379028811e-02,2.687116854893210199e-02,2.686645125624512187e-02,2.685214005261260528e-02,2.678768872172160309e-02,2.684447595215062529e-02,2.688094462827767678e-02,2.680082621429392270e-02,2.685446247026418778e-02,2.684396989180991636e-02,2.679791342442251409e-02,2.679183183502813551e-02,2.682887313072046531e-02,2.676626048323883789e-02,2.681103467873336907e-02,2.678255632093367103e-02,2.675611766621766724e-02,2.681954932678319234e-02,2.685402018889106526e-02,2.682992027470784691e-02,2.690322413016288036e-02,2.679627421372691651e-02,2.678861653399823919e-02,2.682059438189501183e-02,2.680235580931319972e-02,2.684581267234045429e-02,2.682409450769305398e-02,2.686956967690788331e-02,2.687768778017467566e-02,2.676606381157551479e-02,2.686821362851687933e-02
2.679594647510906424e-02,2.687179707091450279e-02,2.677596605436826510e-02,2.677972647002989023e-02,2.684363340113499544e-02,2.675248114846584882e-02,2.678957552399440292e-02,2.675254212874212528e-02,2.678890719518615959e-02,2.682609453504911437e-02,2.683572113971399026e-02,2.681834552818247383e-02,2.682714128453930064e-02,2.685879249043351957e-02,2.680824367338675157e-02,2.679648032100672220e-02,2.680467659363106395e-02,2.685679222420245954e-02,2.677363978260223834e-02,2.683562251571472088e-02,2.678912565105266014e-02,2.684859936912602912e-02,2.683561334183325389e-02,2.680394787117254887e-02,2.680750415293278038e-02,2.677468471646637926e-02,2.680805948561173699e-02,2.680896983895558056e-02,2.684206132815264434e-02,2.680504778368032748e-02,2.679880056299845451e-02,2.684091282932158859e-02,2.681617161395282237e-02,2.686424651923644685e-02,2.679987576609968100e-02,2.680040810779132573e-02,2.685784907703737956e-02,2.677492952431219722e-02,2.684665063860447454e-02,2.675719751145896538e-02,2.687103890272859660e-02,2.683338118133739639e-02,2.689215777361221929e-02,2.675678367182470277e-02,2.679724047761979089e-02,2.675363392870865054e-02,2.677267842104145285e-02,2.683357843573345655e-02,2.684027891061939800e-02,2.679427765754230362e-02
2.678122956098954663e-02,2.685028100924539279e-02,2.680948829713989887e-02,2.675764848582851824e-02,2.684418716165387284e-02,2.680520235144054700e-02,2.684910222060301471e-02,2.679199444798709487e-02,2.681058200571647190e-02,2.680063870006838683e-02,2.686452010412559641e-02,2.677743272254113488e-02,2.676085445919842640e-02,2.682616516831279330e-02,2.682662866697755125e-02,2.682773190092854060e-02,2.678274930571028847e-02,2.676049399918835683e-02,2.674918888810845496e-02,2.679071114523227590e-02,2.672957951180453956e-02,2.676180021787608748e-02,2.679235388581076294e-02,2.676398501317810499e-02,2.676902631644379610e-02,2.680195541056083416e-02,2.679671828496826488e-02,2.680958972254841519e-02,2.688745341580189158e-02,2.677804052265718091e-02,2.683361527981730638e-02,2.676594844099286497e-02,2.679069577890778181e-02,2.676160294691127400e-02,2.676602178445604621e-02,2.678979846574100140e-02,2.675226202628038299e-02,2.685021401770754101e-02,2.683091075911862161e-02,2.675844027525932367e-02,2.677381108552040131e-02,2.676617498956952376e-02,2.679845165761985532e-02,2.676307564055329519e-02,2.679205344778607875e-02,2.676915166655827183e-02,2.682413725640870467e-02,2.685670698175112933e-02,2.679710039260960186e-02,2.676680471440586601e-02
2.670108561801108268e-02,2.668820164384720986e-02,2.673495047624741341e-02,2.677352260603261397e-02,2.674826064207091667e-02,2.680758831492451380e-02,2.674851106741751167e-02,2.680633060656880187e-02,2.666195826917679493e-02,2.677252878856333645e-02,2.679753443179078501e-02,2.678335660923367167e-02,2.677673601597393635e-02,2.675958480137771711e-02,2.677399341344582906e-02,2.675539692323862170e-02,2.673972683374570627e-02,2.683529438286624824e-02,2.680681249058498514e-02,2.681626192931984773e-02,2.674378363509611820e-02,2.681489561108666916e-02,2.680087073250759719e-02,2.670747222504176593e-02,2.678799288360571643e-02,2.679419353112120691e-02,2.674074878102254693e-02,2.679725163474059452e-02,2.677832614212849460e-02,2.679149989468548182e-02,2.671182860727995198e-02,2.671637498674062777e-02,2.672767206734688594e-02,2.674870066493839973e-02,2.684098999312340209e-02,2.679391605429645370e-02,2.676980360015559363e-02,2.681026892670933248e-02,2.681572243577325099e-02,2.684560569281974757e-02,2.678825598540336347e-02,2.680605978011961141e-02,2.673314026631413987e-02,2.682678600348542206e-02,2.682269644313420645e-02,2.682543876992051629e-02,2.675870902172983179e-02,2.683122108107179743e-02,2.683674786049587702e-02,2.674427695738055416e-02
2.670400036017551992e-02,2.673714578857575713e-02,2.679923167805263809e-02,2.675376560756845615e-02,2.680341944723049763e-02,2.672002665180219297e-02,2.675081228804011835e-02,2.671642474160883934e-02,2.672329015052499548e-02,2.671209473154500039e-02,2.677872332917115641e-02,2.678374017581425931e-02,2.671840131106180405e-02,2.674875782287524512e-02,2.673224002528932011e-02,2.672737424142337948e-02,2.678817159718473867e-02,2.671573674513822577e-02,2.680080469286213324e-02,2.675473114458419913e-02,2.673873848077566381e-02,2.676985957552357326e-02,2.675034180650673679e-02,2.669626895665031321e-02,2.675905982776108707e-02,2.674056205854056026e-02,2.681766848655696769e-02,2.674871168539576238e-02,2.673775538683914946e-02,2.668516434367788903e-02,2.675153425523086811e-02,2.674174602708419279e-02,2.677937327485620939e-02,2.675939401684132579e-02,2.675187562926389234e-02,2.674826401029492540e-02,2.667945073116275573e-02,2.675134383771888072e-02,2.677462180912408563e-02,2.680593845680658699e-02,2.676227282377333788e-02,2.672021345786670943e-02,2.671518446596221619e-02,2.678694526558313832e-02,2.680430479857906501e-02,2.672555644504445369e-02,2.672982538951181389e-02,2.675434129410864462e-02,2.667728017226761450e-02,2.672299977060125370e-02
2.668750910946006416e-02,2.672787743041156114e-02,2.672469667237061669e-02,2.668198405431319864e-02,2.674938476177931082e-02,2.668427916075068879e-02,2.670659153333979768e-02,2.675738279712091064e-02,2.669796889444002105e-02,2.678605321421578811e-02,2.669158356329849255e-02,2.670758987450053482e-02,2.670600425942669040e-02,2.674126793920127143e-02,2.670266866210707288e-02,2.670046444296840862e-02,2.671354448831557427e-02,2.671997663843325710e-02,2.675782780385830076e-02,2.669772373618994540e-02,2.670627675787575622e-02,2.673759092437458587e-02,2.666421650342084074e-02,2.675068057040046535e-02,2.666386428920552998e-02,2.676697400819722308e-02,2.669885209224638623e-02,2.674603024524269124e-02,2.672772720517484560e-02,2.673785369463237485e-02,2.669289107897375446e-02,2.665299629317515948e-02,2.670701376991934523e-02,2.673535276811577974e-02,2.664059278954441709e-02,2.671663112634226067e-02,2.671621659714448413e-02,2.674313930533876033e-02,2.667876911710328688e-02,2.672215671361730105e-02,2.673156362858533988e-02,2.676241525385826547e-02,2.674392966582361808e-02,2.672337124998997934e-02,2.675063295598972823e-02,2.679492838720188772e-02,2.672154549315459982e-02,2.675207265857391589e-02,2.674623051760992645e-02,2.671392608999531570e-02
2.674179710350379699e-02,2.671294990836067113e-02,2.672409276473220949e-02,2.671568654001136439e-02,2.675476537776986380e-02,2.658986668834663336e-02,2.667036309384801171e-02,2.666700406588961084e-02,2.670528479325143256e-02,2.667212023065686222e-02,2.675086271855962872e-02,2.671484412320725144e-02,2.670319350794399596e-02,2.660555659360778688e-02,2.673281794226878977e-02,2.668135611313596917e-02,2.670075913018842353e-02,2.675120613489659002e-02,2.666392586986716939e-02,2.665100107601537857e-02,2.666996300522408644e-02,2.668433484600990502e-02,2.669548397157921540e-02,2.674799585325783949e-02,2.663015916895692878e-02,2.671245912754370566e-02,2.673184667216417162e-02,2.670189634365069745e-02,2.665689276460588703e-02,2.669597783424754872e-02,2.669545889213008685e-02,2.670420846148722702e-02,2.666646657241146523e-02,2.671194468156591617e-02,2.667269178551487721e-02,2.672195229921050033e-02,2.672007259805173410e-02,2.670634637750723961e-02,2.667539260231233458e-02,2.665295482662864701e-02,2.661017064973789786e-02,2.664640181694093862e-02,2.670158011192440978e-02,2.676702053263736031e-02,2.667922204728611149e-02,2.665937189815065222e-02,2.671878400379253463e-02,2.662804998656462252e-02,2.671557397901894865e-02,2.661333778781942161e-02
2.668933850509306455e-02,2.671353611476771223e-02,2.660070967738748307e-02,2.661974304302474129e-02,2.666538914759128756e-02,2.658710787054950619e-02,2.664811283844901665e-02,2.664624186348917359e-02,2.659790688619682181e-02,2.664482701451951693e-02,2.665073090663305777e-02,2.668166872556756650e-02,2.658474668044093908e-02,2.664044267181579426e-02,2.661609813805886765e-02,2.665444815913112567e-02,2.667267430688530228e-02,2.662611525457782291e-02,2.667623264792576276e-02,2.663076023420658800e-02,2.664398619381792496e-02,2.669505824291720439e-02,2.661140570965436422e-02,2.658241242646658745e-02,2.666188554874818206e-02,2.664892663763393510e-02,2.664593320926578190e-02,2.664714759242975059e-02,2.662854664396220941e-02,2.665402688567572453e-02,2.665042141927329022e-02,2.666409470663555145e-02,2.666053684902319060e-02,2.663428846600838368e-02,2.655141941834972263e-02,2.665373251200976387e-02,2.667059208296645306e-02,2.664411006170121915e-02,2.667015678773385079e-02,2.660793432049169543e-02,2.660491258585824526e-02,2.667096743584316393e-02,2.666462193455360757e-02,2.665792095809632611e-02,2.662516847780026924e-02,2.659236516543831558e-02,2.663932846446199695e-02,2.667949966303052520e-02,2.661361610038627534e-02,2.660977668473254662e-02
2.659850759270808787e-02,2.660745547848356041e-02,2.658075579041765946e-02,2.654579158331121444e-02,2.661641635281230753e-02,2.659565847179006307e-02,2.664927551896708463e-02,2.659317057940074544e-02,2.661289845422681530e-02,2.663432966107692410e-02,2.659860710405802242e-02,2.659242476215312179e-02,2.660388223434391464e-02,2.659184977002248748e-02,2.661174830198191968e-02,2.653657431232691460e-02,2.659245201364065364e-02,2.664722294656153914e-02,2.662036504291373160e-02,2.662998815229392427e-02,2.660682758529114150e-02,2.663395134445680976e-02,2.656114674235205558e-02,2.654830508158945515e-02,2.662673164438118453e-02,2.657318906250958832e-02,2.657676701470320854e-02,2.665555226594029659e-02,2.658426599903178020e-02,2.659503800114326050e-02,2.661368985582776223e-02,2.658100193922258506e-02,2.665485859700829005e-02,2.659639761807050529e-02,2.659142142149920757e-02,2.660852867431903745e-02,2.663618216434947630e-02,2.660379455458184231e-02,2.656472960603337152e-02,2.655097182956829560e-02,2.663503281878020282e-02,2.657917186806237758e-02,2.653336641700728554e-02,2.657623134959670799e-02,2.651836502948117652e-02,2.655690143528832356e-02,2.657475018297652744e-02,2.659294741469877751e-02,2.662641075898421889e-02,2.650910246367748149e-02
2.655440856194911728e-02,2.650907011436601929e-02,2.654055870723084562e-02,2.654864406857657816e-02,2.657831367908621359e-02,2.651702902316375315e-02,2.646483086892766415e-02,2.650645601741702037e-02,2.656278209293417084e-02,2.650254137033519058e-02,2.651697048901070775e-02,2.657719850760155780e-02,2.658220187470214727e-02,2.651475728772089216e-02,2.651770020292376281e-02,2.650929915603761691e-02,2.656874868118024383e-02,2.657195217315713731e-02,2.653717047700343210e-02,2.656301033324788216e-02,2.654872147107667849e-02,2.653088344444713351e-02,2.653486576854867732e-02,2.654294525254876844e-02,2.649175799963754407e-02,2.654040453180868397e-02,2.651421192942099436e-02,2.656893869954022463e-02,2.651828619165250492e-02,2.656609965824951319e-02,2.658034145606133491e-02,2.650436278618549177e-02,2.656828395696487696e-02,2.652872135920912589e-02,2.651674809423375245e-02,2.654398540611834986e-02,2.658399387954503423e-02,2.654324756117413392e-02,2.649622571654318415e-02,2.647692396666792569e-02,2.652403291891100232e-02,2.654103061971501559e-02,2.656828773997516394e-02,2.652015810605938204e-02,2.654377993403312513e-02,2.655003247816620573e-02,2.658870219758269898e-02,2.650565992362865358e-02,2.656411161109414193e-02,2.647216036503889300e-02
2.650816439554466025e-02,2.649153008428914088e-02,2.649895841963394519e-02,2.643428525117753544e-02,2.646526077793044662e-02,2.652795636802355098e-02,2.650818442846159320e-02,2.649451094115549965e-02,2.651153580099138360e-02,2.649563671744177562e-02,2.650548775155668266e-02,2.650829096754045086e-02,2.643241340599918748e-02,2.646008761662103220e-02,2.645091664964731651e-02,2.639007167047561359e-02,2.643365628213985991e-02,2.647252887846308217e-02,2.648126256773563128e-02,2.646768403838613282e-02,2.646631237104497131e-02,2.648484502952556593e-02,2.649927486842021396e-02,2.642245266188138209e-02,2.646874964937587227e-02,2.646856233811271941e-02,2.656845746219535509e-02,2.651983152034481997e-02,2.652492091626211523e-02,2.650182667544650345e-02,2.645565493144325098e-02,2.643415575713278440e-02,2.650574812599581706e-02,2.641318441348987356e-02,2.656490346929013188e-02,2.644659135429463376e-02,2.644780745479127781e-02,2.651094807768107978e-02,2.647509238146066729e-02,2.650785571975356261e-02,2.646508599029562953e-02,2.646887081381697066e-02,2.647297468413725707e-02,2.653168027262082368e-02,2.648905886950812458e-02,2.650924088328260320e-02,2.645568293202361573e-02,2.646273738945776124e-02,2.648132487075830627e-02,2.649365235479758662e-02
2.637149944243748906e-02,2.639622461208183599e-02,2.646365883206531697e-02,2.641170025504712901e-02,2.639917804719993030e-02,2.641502743561916292e-02,2.639643136473267954e-02,2.639552678743348896e-02,2.643005610936394537e-02,2.636565479483675770e-02,2.644723975953918241e-02,2.636954470177515011e-02,2.644217071868475849e-02,2.648928371295952711e-02,2.638341126670973313e-02,2.643166363433285121e-02,2.640110544211616075e-02,2.650184146746947453e-02,2.646402417436717960e-02,2.636763023167182710e-02,2.646857707817805785e-02,2.642377022071961887e-02,2.638031870000142470e-02,2.646810504948301709e-02,2.639688231487652761e-02,2.639323288321159672e-02,2.641331446245497039e-02,2.643094439154709124e-02,2.642823392191184437e-02,2.644135117758380019e-02,2.637354240290339102e-02,2.636644733101954977e-02,2.640310582430341682e-02,2.641391050886762390e-02,2.643419859604757491e-02,2.643675329754696657e-02,2.639236495295754423e-02,2.644915230289235711e-02,2.634346047297806900e-02,2.643123497775743541e-02,2.638711093188941120e-02,2.641065716818021686e-02,2.645311303334368577e-02,2.652668232154460973e-02,2.640810347863069632e-02,2.640264161532353965e-02,2.638367183017768444e-02,2.642625883663014125e-02,2.637388324914773791e-02,2.640640026516494904e-02
2.630915589383610656e-02,2.634714823224263217e-02,2.630810525670393071e-02,2.627355344124741865e-02,2.629917579812993816e-02,2.632690152311186263e-02,2.635407743394344721e-02,2.634446608969974804e-02,2.634249825720899607e-02,2.633757610386422768e-02,2.636463934812485060e-02,2.637280674038492909e-02,2.632557383067784737e-02,2.630541693233647352e-02,2.638503499361590648e-02,2.634246213942523229e-02,2.633830578408645137e-02,2.628776951426181618e-02,2.642398232839195116e-02,2.631668884411360668e-02,2.636155087144874051e-02,2.635235237069743011e-02,2.633419420119567644e-02,2.637540993747878454e-02,2.634771428175306657e-02,2.637471165322197164e-02,2.629568812686656695e-02,2.628925719757909882e-02,2.631627655638993021e-02,2.635201352188901516e-02,2.640210805438629807e-02,2.638933035605846647e-02,2.635650143980051638e-02,2.634319345106330562e-02,2.635039835481910522e-02,2.628896740767775603e-02,2.640986160565759674e-02,2.635025348605921081e-02,2.631133207859344750e-02,2.631423630978315525e-02,2.637210062316806825e-02,2.629181274079721298e-02,2.628906348669328083e-02,2.634242567904914595e-02,2.625896754748958950e-02,2.631218638240881078e-02,2.630148105652933138e-02,2.639900508539825760e-02,2.635546837112331606e-02,2.634146296689067121e-02
2.622827872444529959e-02,2.625903300446733035e-02,2.622586196460607866e-02,2.626874715424308213e-02,2.628018022214817506e-02,2.627441209353249471e-02,2.620919891687853095e-02,2.621374299834368024e-02,2.623767085485734230e-02,2.615901432208568578e-02,2.623539889946521070e-02,2.626148169785639391e-02,2.629958769226040799e-02,2.622758997439442533e-02,2.619654148892849171e-02,2.629029006647701228e-02,2.621019379938246963e-02,2.622183160398383964e-02,2.628131541706545463e-02,2.625278639088814495e-02,2.625523140718273585e-02,2.623474358163151512e-02,2.627912779117972525e-02,2.621066991154393302e-02,2.622930714399575314e-02,2.627235680452084943e-02,2.623179252085490118e-02,2.630271391219683383e-02,2.631105498550056696e-02,2.630835195933527854e-02,2.625135510431276381e-02,2.628805704494363918e-02,2.620853236564355676e-02,2.617193182165714060e-02,2.625490252390100948e-02,2.622221624945548363e-02,2.624972984807609488e-02,2.624007395917735477e-02,2.622571941568075174e-02,2.623521655953216236e-02,2.618207768816200112e-02,2.622989089649368361e-02,2.619716609815044353e-02,2.624598510982508598e-02,2.626273050001050324e-02,2.630897499722156807e-02,2.627236997240058741e-02,2.622969387313006315e-02,2.624406683977540539e-02,2.621183719363490150e-02
2.616217260477636877e-02,2.615973746553593507e-02,2.621361529244762775e-02,2.614609606284989257e-02,2.609252623461800688e-02,2.613252176803734089e-02,2.611810747382772510e-02,2.618473982484159288e-02,2.620198927051331159e-02,2.613640244082920602e-02,2.620323610293097058e-02,2.616515692337356355e-02,2.621231598853378600e-02,2.620600588354685817e-02,2.612235618154728350e-02,2.615592636855816264e-02,2.621911634917723291e-02,2.615348211559754416e-02,2.617435574845440246e-02,2.613970123175813134e-02,2.614345104488197472e-02,2.616228228708147863e-02,2.609227861949275570e-02,2.625060481044851068e-02,2.616343702992156642e-02,2.617909298560458162e-02,2.615422906406883810e-02,2.614774175020231559e-02,2.618475009057031830e-02,2.612796150118331523e-02,2.619197832062048967e-02,2.607467761209703028e-02,2.614690566572136152e-02,2.609162424726352986e-02,2.614685283685497241e-02,2.621057326325517203e-02,2.616699707734189417e-02,2.619495261915422493e-02,2.617743835212840361e-02,2.615080470013953981e-02,2.624904029887923165e-02,2.613551444987868150e-02,2.612437183588899731e-02,2.615437712581572538e-02,2.620021962115819808e-02,2.617757490927777667e-02,2.613947970546238661e-02,2.614295191221599132e-02,2.614417047252469775e-02,2.616636817946894553e-02
2.611641432893882855e-02,2.604770759089763965e-02,2.611724652406830979e-02,2.604907245528467752e-02,2.604783615308626718e-02,2.604286710586848144e-02,2.609078868929476727e-02,2.600887124134002720e-02,2.604006513920171378e-02,2.605809255581753234e-02,2.600941589170881890e-02,2.610025341126357215e-02,2.609056691121509550e-02,2.604827887760165911e-02,2.605021107700005931e-02,2.604429235902389755e-02,2.598321654349029439e-02,2.596059894528183337e-02,2.602170729276300290e-02,2.605562844516725457e-02,2.608247446932784527e-02,2.597887296107099717e-02,2.604058922047366303e-02,2.598960917059004588e-02,2.606415137427018150e-02,2.606431736229200546e-02,2.598428627540389987e-02,2.604463707369343572e-02,2.602585299616522185e-02,2.600954408013567143e-02,2.604435677849815250e-02,2.608315680572146147e-02,2.603122585242477818e-02,2.600730814718951733e-02,2.607232313554352574e-02,2.607369804183075693e-02,2.607280236381434579e-02,2.609935160593351497e-02,2.606518741900052533e-02,2.610419731140933841e-02,2.604188137991690633e-02,2.603808076119702719e-02,2.613400642000924395e-02,2.605610518692593261e-02,2.599699241364345978e-02,2.607746577280140379e-02,2.602874964587077039e-02,2.603060267272546205e-02,2.606481304301336635e-02,2.603222699752080066e-02
2.586575180435294469e-02,2.599007439228349231e-02,2.587023070883705603e-02,2.602709479975557488e-02,2.595385216766727191e-02,2.598873189800771089e-02,2.591652152497938080e-02,2.591349513753614733e-02,2.593050359018278170e-02,2.594651821848673739e-02,2.595243635014625114e-02,2.586726793305628089e-02,2.595400461996683408e-02,2.591946090239979905e-02,2.586594389367915039e-02,2.594182756879816892e-02,2.591396141368247294e-02,2.594810786113731921e-02,2.596601876965077063e-02,2.591572099803364851e-02,2.591136295845490253e-02,2.590267769478072149e-02,2.591605571859717169e-02,2.594695774196269580e-02,2.593000387152282621e-02,2.585035504364544684e-02,2.597492416283371866e-02,2.588402700274801752e-02,2.590722664343675374e-02,2.593899301624652196e-02,2.600372477557540141e-02,2.593247041918514753e-02,2.600464944897978858e-02,2.598445443509873540e-02,2.592578654683766123e-02,2.600531443244373866e-02,2.592428044084145802e-02,2.595628301713370084e-02,2.595070320506334335e-02,2.591110348561515356e-02,2.595616198542849071e-02,2.594579208239749038e-02,2.593797694995357214e-02,2.599561313683689326e-02,2.592574633801367559e-02,2.591862762800997352e-02,2.596081742946035678e-02,2.594586197648080308e-02,2.590952521723034405e-02,2.596373377591991785e-02
2.583684988082265641e-02,2.584265137659999545e-02,2.579573483287480457e-02,2.581179278709312686e-02,2.583438662442314945e-02,2.578669754202244160e-02,2.580149151272109753e-02,2.581894323369457109e-02,2.586908160978705282e-02,2.579512549162753243e-02,2.588980884697481694e-02,2.581454022976707383e-02,2.583297616459880389e-02,2.575809652027490418e-02,2.586434689298459239e-02,2.582204877582828031e-02,2.586398714788147590e-02,2.583625261808025070e-02,2.582454376499412202e-02,2.585897683705662420e-02,2.580069716630465498e-02,2.584032712242290489e-02,2.584666362495004546e-02,2.579059976091135215e-02,2.578793128699580217e-02,2.576279428360845475e-02,2.582541459686537103e-02,2.583069487841720829e-02,2.579359073395256011e-02,2.585432513867375395e-02,2.577434756813200625e-02,2.584298044731721949e-02,2.574789117577635025e-02,2.580823515312614599e-02,2.578722101224385083e-02,2.577991046534342315e-02,2.588487000677876931e-02,2.577514163973409350e-02,2.572823216785428274e-02,2.585561513968522712e-02,2.575216664104777731e-02,2.583027355081645576e-02,2.585526903648389940e-02,2.587575189840429432e-02,2.574845977725559801e-02,2.575198970353477154e-02,2.575981827585251474e-02,2.576681520372110096e-02,2.578743726774021527e-02,2.587239461469962448e-02
2.569266257629105807e-02,2.566093404919737864e-02,2.572533064478543796e-02,2.562720700130623891e-02,2.569349088476401144e-02,2.562779991298089546e-02,2.573428546521186119e-02,2.571059894124375425e-02,2.564277825241913222e-02,2.565913960614099251e-02,2.564786596650161371e-02,2.573462248394920229e-02,2.574044774365282298e-02,2.571115462096113316e-02,2.574550897110412795e-02,2.573148011377386288e-02,2.567701145124526643e-02,2.567485803110216777e-02,2.571993284209182079e-02,2.572241704686058228e-02,2.559342707429088440e-02,2.575902934962743043e-02,2.564436714645885670e-02,2.566955239456857052e-02,2.561871827874797128e-02,2.568288701007093860e-02,2.566135880623445983e-02,2.561602863573796476e-02,2.565864739634058159e-02,2.565510720793043667e-02,2.568164947991262784e-02,2.568244460027506101e-02,2.571054308431795429e-02,2.567732127231331374e-02,2.568666478431895842e-02,2.570350090727497802e-02,2.566431550826688349e-02,2.566717938387227602e-02,2.573707961428193733e-02,2.571878840248456935e-02,2.563218406261610210e-02,2.568324652345349221e-02,2.564356336822286309e-02,2.565949444584140343e-02,2.574780144886748903e-02,2.568017367866775452e-02,2.569073438088962172e-02,2.569500399293400683e-02,2.577279692271039480e-02,2.564633409495031477e-02
2.550200935784877748e-02,2.549990921117582104e-02,2.552752719361960423e-02,2.551045597443324375e-02,2.552746476328171532e-02,2.548736613308015889e-02,2.557883778315705667e-02,2.557292607793635458e-02,2.554112024307126153e-02,2.556238636590776533e-02,2.557768008148472022e-02,2.550472156969597545e-02,2.560351811480785292e-02,2.560923587987386577e-02,2.551987517470571953e-02,2.550523920058045055e-02,2.549866782144157712e-02,2.552872499772645964e-02,2.550451189460457152e-02,2.557210348191710919e-02,2.554123453586893550e-02,2.552604945533081676e-02,2.560747305994778844e-02,2.548692976967576601e-02,2.553404605670255359e-02,2.555071137208285437e-02,2.549721966286782812e-02,2.549472818328176252e-02,2.552861329222210623e-02,2.552193536087826731e-02,2.558208396200618850e-02,2.555567258319907734e-02,2.546873172361179688e-02,2.554511838941592519e-02,2.547214890792825343e-02,2.550182739896492135e-02,2.553837992826720610e-02,2.548505773792496265e-02,2.551064614827310353e-02,2.551233256219563594e-02,2.549238045344008260e-02,2.554706405709735242e-02,2.556832195976652469e-02,2.549665037799881892e-02,2.554282740000305557e-02,2.554545896500995047e-02,2.547761419482610229e-02,2.556236350433554669e-02,2.552237079113575668e-02,2.553335126301243749e-02
2.538505366261992191e-02,2.534273046582528541e-02,2.539929583892588938e-02,2.539718319378475586e-02,2.538120749571750115e-02,2.537428821954628225e-02,2.533903532020203436e-02,2.536934392660734547e-02,2.546429411591746850e-02,2.528391078011382048e-02,2.539527262870037994e-02,2.536290649127667662e-02,2.546433692172014179e-02,2.537957032979924407e-02,2.537517365834763075e-02,2.541809688377746901e-02,2.540725412159565780e-02,2.534100455878214933e-02,2.535705568753713474e-02,2.537375719568898610e-02,2.542185015396970435e-02,2.528331643249793342e-02,2.541201507072816945e-02,2.534414517560716965e-02,2.538013814263315876e-02,2.537422622913587666e-02,2.539660991536556167e-02,2.537173353052455185e-02,2.539300302950526708e-02,2.541902838415534618e-02,2.537699487283758340e-02,2.535843723395323282e-02,2.542753393247430480e-02,2.535492099212018763e-02,2.539552420168853311e-02,2.540935858291703403e-02,2.535461629699474820e-02,2.536567567793582972e-02,2.529807025703816395e-02,2.536298747284113780e-02,2.541813015741874529e-02,2.538500630822351084e-02,2.535799820434398583e-02,2.529046094051673466e-02,2.530751123273800376e-02,2.533618612456491406e-02,2.534323215117234226e-02,2.534744786604540417e-02,2.536244451435048022e-02,2.529219318458394636e-02
2.514666636298772823e-02,2.524132381124557026e-02,2.519796536717330837e-02,2.515960248091771850e-02,2.517485628886254392e-02,2.517397876767595022e-02,2.519674709035900004e-02,2.515255461025345946e-02,2.515303643179973153e-02,2.519337431552626932e-02,2.511695431495202663e-02,2.522115099587558806e-02,2.523310515064413478e-02,2.520806122223695836e-02,2.528917708625468344e-02,2.513734826846819592e-02,2.512061961889019979e-02,2.525651283444294015e-02,2.518440250237315853e-02,2.518714986113156085e-02,2.520269534665468131e-02,2.528100756031521554e-02,2.518569371557135075e-02,2.516965012840086807e-02,2.520416427011386989e-02,2.522441170938957006e-02,2.521789546518251462e-02,2.524555619926836456e-02,2.511647199715850293e-02,2.518615078012955907e-02,2.516934513309251192e-02,2.521017988015991640e-02,2.517115068366778535e-02,2.512022279357807239e-02,2.515597662143115310e-02,2.518742837760040709e-02,2.519703405403311489e-02,2.515980528841393893e-02,2.519345664656087030e-02,2.524831247582988436e-02,2.523794407079638438e-02,2.521110540893345409e-02,2.516859682997873299e-02,2.525118773921126991e-02,2.516265598392669958e-02,2.512452254333973761e-02,2.512908257417200558e-02,2.527565869065282259e-02,2.520284361491043762e-02,2.520210013744569530e-02
2.502515195548337540e-02,2.508120429060618772e-02,2.497531417191546643e-02,2.503208053862655130e-02,2.506811878791169804e-02,2.498949311458634540e-02,2.504973610168089934e-02,2.505992112803374569e-02,2.499235988957919721e-02,2.500247933805557418e-02,2.497848803785863298e-02,2.506756480122483352e-02,2.499776113268459277e-02,2.506021594150727519e-02,2.505465229764322621e-02,2.498202192095513863e-02,2.499879617972542226e-02,2.498945286220221121e-02,2.497706341523425397e-02,2.497573425345139819e-02,2.498436288662105390e-02,2.499695062498819703e-02,2.496827756022999834e-02,2.498146664080802201e-02,2.508454102595565963e-02,2.501892368502710989e-02,2.499017732100524899e-02,2.494267623094759134e-02,2.505201353337931439e-02,2.493724152685723033e-02,2.501971079239288451e-02,2.499710203929319391e-02,2.504626283426118413e-02,2.501038965520132468e-02,2.497825845627973593e-02,2.498532090616959606e-02,2.496466099520953594e-02,2.497563442176898435e-02,2.492310480523218102e-02,2.499410616755284517e-02,2.503610435051600858e-02,2.492812872337115543e-02,2.503847818695894081e-02,2.498826016950922088e-02,2.496670641259385662e-02,2.503229378489611398e-02,2.502318271242585934e-02,2.493509546648858474e-02,2.500793821051595575e-02,2.505247262260962976e-02
2.480159814111353861e-02,2.478174424431573916e-02,2.481433004355955083e-02,2.485118466351694116e-02,2.478539949376178109e-02,2.486317103272477763e-02,2.475319708944278066e-02,2.482553422437341548e-02,2.477712261496899104e-02,2.480450893670614956e-02,2.478860307341301458e-02,2.477644815923174190e-02,2.478617867543020728e-02,2.484909236293324220e-02,2.478838856783865605e-02,2.477925803219692413e-02,2.484544690476528719e-02,2.483011211609845170e-02,2.474887581080606816e-02,2.479593694928567196e-02,2.481628370285043211e-02,2.480441965956194095e-02,2.473241361014737877e-02,2.481813278750516147e-02,2.479537061733858017e-02,2.477490701900635084e-02,2.482008498676727126e-02,2.478766728833097996e-02,2.475765109148840223e-02,2.473559666235163046e-02,2.473670462922590227e-02,2.481866297720708089e-02,2.482533587820027338e-02,2.481199148118109002e-02,2.483610905141525951e-02,2.477010043336977385e-02,2.476735835749038078e-02,2.481864271628743054e-02,2.480534917063919459e-02,2.489462048845789491e-02,2.478566366849464450e-02,2.482690962988888875e-02,2.482834448589426798e-02,2.480557227214684815e-02,2.482159612851000605e-02,2.476487337014019255e-02,2.480300337059716809e-02,2.474735961405230555e-02,2.476859880797587302e-02,2.484339712141503745e-02
2.459760854326756632e-02,2.456410348535992619e-02,2.457189000634959694e-02,2.459526831123116236e-02,2.464096918878403222e-02,2.456517911864752185e-02,2.457034152408156535e-02,2.458267261238851475e-02,2.459243517182203506e-02,2.459415687457911295e-02,2.467886837121864574e-02,2.462356186257123533e-02,2.456530899277564739e-02,2.451090332075989489e-02,2.459271323574633433e-02,2.461583003068948741e-02,2.458165728393689117e-02,2.468834143156067168e-02,2.461043428728639307e-02,2.461032084389009819e-02,2.461682548924645428e-02,2.453480734361837556e-02,2.460386091666090513e-02,2.464389500142281572e-02,2.462680866801544161e-02,2.458084519368191820e-02,2.463839631723527268e-02,2.459549384962424548e-02,2.465223378084794789e-02,2.462306185893442523e-02,2.458883766296803691e-02,2.461629281570882136e-02,2.455456396922441054e-02,2.457074656529562723e-02,2.455806926786782696e-02,2.461151576681688477e-02,2.452373098132999349e-02,2.464279432738192277e-02,2.457788320626535031e-02,2.462383606366960742e-02,2.455497707830860826e-02,2.459456006062238353e-02,2.458569919816569471e-02,2.462637905958556250e-02,2.458044848055499290e-02,2.459660755302138166e-02,2.465047746943226092e-02,2.461435554545477258e-02,2.463789045851141890e-02,2.457677389722190409e-02
2.439873990495618206e-02,2.435871256909667715e-02,2.439633404728884167e-02,2.439337886579626483e-02,2.438507605497464495e-02,2.429609869953602147e-02,2.439161680460643494e-02,2.432070718508568333e-02,2.437920404696050647e-02,2.437966795147699164e-02,2.441508176716076020e-02,2.436534897024125040e-02,2.437770137603260945e-02,2.440243848984125635e-02,2.434198186947260367e-02,2.440712579139111063e-02,2.430765131879641591e-02,2.433980917000364355e-02,2.441632829595991733e-02,2.434920392389246582e-02,2.434505367328081843e-02,2.441659473118551818e-02,2.436783165460817968e-02,2.434340800952511721e-02,2.438590120478982895e-02,2.438507971814916561e-02,2.437516044672020932e-02,2.442779259027750074e-02,2.439906258933035102e-02,2.435788116825179928e-02,2.435831149683148969e-02,2.435735274613870863e-02,2.438309073730770410e-02,2.438337802210744504e-02,2.449684741271490954e-02,2.430065888837843260e-02,2.443714117561044535e-02,2.440202102142383783e-02,2.439399491997576094e-02,2.440801377984944120e-02,2.435115606005570921e-02,2.437917061716365907e-02,2.435187535185369401e-02,2.446412799407590710e-02,2.436774693831661801e-02,2.438934858125458086e-02,2.445226369640559824e-02,2.433727055549847473e-02,2.438633235344169620e-02,2.434936384746236651e-02
2.416993770697627858e-02,2.409720883490697185e-02,2.408353227243433328e-02,2.418577921094930763e-02,2.416789611512633329e-02,2.416719090549700188e-02,2.411421355514840881e-02,2.409245112895295332e-02,2.413820046336212846e-02,2.413356892771249124e-02,2.404840992231558824e-02,2.416564860516282401e-02,2.415008568945513009e-02,2.411938781548783606e-02,2.414254467874983948e-02,2.415734979201712360e-02,2.407794883076071202e-02,2.414353165412052443e-02,2.415416051110146067e-02,2.406304386718421603e-02,2.416229336439820394e-02,2.412665327177108965e-02,2.410774627447668725e-02,2.415493773555576693e-02,2.419726321834649724e-02,2.412185030503475811e-02,2.411474786924756517e-02,2.410453177332963146e-02,2.419066523618828429e-02,2.409852508411266039e-02,2.407132679105501716e-02,2.415665095478943675e-02,2.417839349949878897e-02,2.414596705568871141e-02,2.409655746329915013e-02,2.409835058357977580e-02,2.413429813266929763e-02,2.414493073934859124e-02,2.409628497328620764e-02,2.412429376634370182e-02,2.410657003092109632e-02,2.411415749747695611e-02,2.405833881680040365e-02,2.416429149479401572e-02,2.411085539340067363e-02,2.413076654297348009e-02,2.417510550003307279e-02,2.414627954017008887e-02,2.410096205819296442e-02,2.411230339966412978e-02
2.390514945200645017e-02,2.385401359543520838e-02,2.391208549577135759e-02,2.384404925208142081e-02,2.386017725235112241e-02,2.389057704303689661e-02,2.387937502607025836e-02,2.384180771131742815e-02,2.392785997098563489e-02,2.383129719125213000e-02,2.391605176886912529e-02,2.387520755705246911e-02,2.385010956772407736e-02,2.387838476277736113e-02,2.389405488809712499e-02,2.387488274119728415e-02,2.386463896738268142e-02,2.377399143708393281e-02,2.387610159220208625e-02,2.387327285030800203e-02,2.385458132558876745e-02,2.388493968290642325e-02,2.381860958793878894e-02,2.383193381118704074e-02,2.394470720925048063e-02,2.389891962837125197e-02,2.389209313193854656e-02,2.387007410596212256e-02,2.388132082597837005e-02,2.388727754771746703e-02,2.395350161909311562e-02,2.387154647469994992e-02,2.387992025467358670e-02,2.379078448821445382e-02,2.386443212500714839e-02,2.379855437052802794e-02,2.390654592993078295e-02,2.394837762621730703e-02,2.385561890853940895e-02,2.386302217543001883e-02,2.393942422126991293e-02,2.391271890354880122e-02,2.373107030512290258e-02,2.383781383827096936e-02,2.389024648714530713e-02,2.390440813929889732e-02,2.386536780940563124e-02,2.389908964419141038e-02,2.394328615369354860e-02,2.390958124917327149e-02
2.362346610225923155e-02,2.359965752985205764e-02,2.353846586716938985e-02,2.362768206687186970e-02,2.367039760442887775e-02,2.351604030425027622e-02,2.355240469404303733e-02,2.359655467118849242e-02,2.348698547328171432e-02,2.364703489946789680e-02,2.359636390969125155e-02,2.355560280896225323e-02,2.355002502540170031e-02,2.365346230282424494e-02,2.367651520624953695e-02,2.359760856304806906e-02,2.360708991123462719e-02,2.364678287021576564e-02,2.364662066807203533e-02,2.357779283206604473e-02,2.362103067881902996e-02,2.353578755310506074e-02,2.362630623669169372e-02,2.361040192335701546e-02,2.359849391454126033e-02,2.359363470716407257e-02,2.354823169000775165e-02,2.359401353380350883e-02,2.359058533209400232e-02,2.362849865422827003e-02,2.352621312843318838e-02,2.363079795242127926e-02,2.360036705057867376e-02,2.362760675934658106e-02,2.361051852441760704e-02,2.355790404300714402e-02,2.363273077395538005e-02,2.368097976652154546e-02,2.350211682915628528e-02,2.362972387973339902e-02,2.357562385441104580e-02,2.351244677121355417e-02,2.362190222436274037e-02,2.356664154971420053e-02,2.360553245638166014e-02,2.357545210588859672e-02,2.360091429679021802e-02,2.355115626151794289e-02,2.365042810078731017e-02,2.367430049704888351e-02
2.331397336118571847e-02,2.335361346687622047e-02,2.336996292030717182e-02,2.334702279904105407e-02,2.335124210229561764e-02,2.330428334943016391e-02,2.328506413143018733e-02,2.335073539749652968e-02,2.334358296279571629e-02,2.334852846541957128e-02,2.322326069033647106e-02,2.332515681286690540e-02,2.334714710972515470e-02,2.328289298766917509e-02,2.326692202402368820e-02,2.331814762084895645e-02,2.330251694844421781e-02,2.330706277661381137e-02,2.332158228437178002e-02,2.330081534536321969e-02,2.337843653770878966e-02,2.330226177339411384e-02,2.331012543358422159e-02,2.332878782538905238e-02,2.330575575074546324e-02,2.332489285041483909e-02,2.339568408795330082e-02,2.322281718465495429e-02,2.335994401256600086e-02,2.334706786159179356e-02,2.323586629093421160e-02,2.334610238295180967e-02,2.333339774040587428e-02,2.332987894168988760e-02,2.328884955369709200e-02,2.325474483367625037e-02,2.329735664603909545e-02,2.331790959313273515e-02,2.334137863204665750e-02,2.333567487582409450e-02,2.329290112219511641e-02,2.333079848484604507e-02,2.328683541061478401e-02,2.325880504954798422e-02,2.327336614444550436e-02,2.337839750666082309e-02,2.334432734350021243e-02,2.329166793167043725e-02,2.331616220337656004e-02,2.337985539832442006e-02
2.301426169765500088e-02,2.297842661396152716e-02,2.302966311712137393e-02,2.296759539013676701e-02,2.300971589017979796e-02,2.296687134795278445e-02,2.302351134343533223e-02,2.311188761343597672e-02,2.298770648663624530e-02,2.303571798566135184e-02,2.306111754853408871e-02,2.309706490806276782e-02,2.296636827189533006e-02,2.294390176805045228e-02,2.301304620567172152e-02,2.301085944600965785e-02,2.304057712973070840e-02,2.305713184436376795e-02,2.297951974648155052e-02,2.308867893592754864e-02,2.298714075695565059e-02,2.294139975083869451e-02,2.303963454551142404e-02,2.305734756652153342e-02,2.299339194657461921e-02,2.296076952449525518e-02,2.302954487350817106e-02,2.298507345080546757e-02,2.297009233490036190e-02,2.296602123353749803e-02,2.304722705359611365e-02,2.305148848202743378e-02,2.299029686159851857e-02,2.305156007707854365e-02,2.297879907161647778e-02,2.296682859542148111e-02,2.299076083851270616e-02,2.301098080919653649e-02,2.288570036260718574e-02,2.306717406041237234e-02,2.297580047263091466e-02,2.298693051533037129e-02,2.302395668703354284e-02,2.299523053280560017e-02,2.304203890530726745e-02,2.303600565637203140e-02,2.302119583477908737e-02,2.299038822082922692e-02,2.297278249970787986e-02,2.299449988042233731e-02
2.266455938706832957e-02,2.266707719671075608e-02,2.272513435401706319e-02,2.269762101695240591e-02,2.275258702690047957e-02,2.263563208789141218e-02,2.264406985817070742e-02,2.270542475939182903e-02,2.262592772653642184e-02,2.266240371820684926e-02,2.260922004945594907e-02,2.266744819570284258e-02,2.269406824605079559e-02,2.271078653770894004e-02,2.271838268619309417e-02,2.276794381010710175e-02,2.273242392612183013e-02,2.267946445660914620e-02,2.270607604328789969e-02,2.280092751004954288e-02,2.267613698005105372e-02,2.266409281573178794e-02,2.268432404278744249e-02,2.280236810255088092e-02,2.270718732834436232e-02,2.274979225245602268e-02,2.271288820846037101e-02,2.269798506321244261e-02,2.259650372055646214e-02,2.274869219435424889e-02,2.275307868070799641e-02,2.265061083201977410e-02,2.260848371085957820e-02,2.272840669461815080e-02,2.264097815910258438e-02,2.262380983487687416e-02,2.270917866328276552e-02,2.271101092098068777e-02,2.267521451044280170e-02,2.269063510469190165e-02,2.262774008165826037e-02,2.269468963737677689e-02,2.272022575524087346e-02,2.264837098628627240e-02,2.260180335525058606e-02,2.266426641271966635e-02,2.269300070448954099e-02,2.264047143929811753e-02,2.260640214120829272e-02,2.264074462612061106e-02
2.234022079612589529e-02,2.229580745749493512e-02,2.236986039977927054e-02,2.237006290747746776e-02,2.233374616219144584e-02,2.237095613105827968e-02,2.235474361378610164e-02,2.239873531550717542e-02,2.230484620111092969e-02,2.239014377600308595e-02,2.239825465289930692e-02,2.236131500634323116e-02,2.235474828829719582e-02,2.239763629534153103e-02,2.232439947260014823e-02,2.240876674520533851e-02,2.237944108938858673e-02,2.240687256702665262e-02,2.235543061427337427e-02,2.237655308877658372e-02,2.231283522124795013e-02,2.241340186026190978e-02,2.234447366493306358e-02,2.233532339840244713e-02,2.234196948759517923e-02,2.226097376493645433e-02,2.228435030435835934e-02,2.236197348807337018e-02,2.235712481303588420e-02,2.231472750204467961e-02,2.231331826000988727e-02,2.232009175071402243e-02,2.235330549421956844e-02,2.225601865600646337e-02,2.240954752636714967e-02,2.230330643949537256e-02,2.232395490465720680e-02,2.235473538817971811e-02,2.227881538318959506e-02,2.237765709927172844e-02,2.236125393404798239e-02,2.230851224816432846e-02,2.227882649861360337e-02,2.241082118595912748e-02,2.233508203894596367e-02,2.240172979653561741e-02,2.239140213164060242e-02,2.237276011288854768e-02,2.235416497080910600e-02,2.233491821654177284e-02
2.202827609926820071e-02,2.198042771312041718e-02,2.197570350551550714e-02,2.198343300055512553e-02,2.194193281303893905e-02,2.202940303625437746e-02,2.207197070361627267e-02,2.189818786946419113e-02,2.201640685097647210e-02,2.198704639286843884e-02,2.190900038015617182e-02,2.201404541368202905e-02,2.189853513072233943e-02,2.205927352680378539e-02,2.197169231596573027e-02,2.203275437775404494e-02,2.200688454472405145e-02,2.195758915206565479e-02,2.200341789043615617e-02,2.200529170173422949e-02,2.202462172354155423e-02,2.200886172086973305e-02,2.196828224932176679e-02,2.195755619062936953e-02,2.199273462781420330e-02,2.189988951477801066e-02,2.199729826052167214e-02,2.202623508796532070e-02,2.197726438107609065e-02,2.203014409601429524e-02,2.210352915443104804e-02,2.202626787722854890e-02,2.200040894319913246e-02,2.198275768793389942e-02,2.197219574018079505e-02,2.198896791796122255e-02,2.196143228212102047e-02,2.199438682612256390e-02,2.195599349749077084e-02,2.200188638779278227e-02,2.190421927379311920e-02,2.200758706466652073e-02,2.199875977564396540e-02,2.189642673694789862e-02,2.198028709646271048e-02,2.205099774406252267e-02,2.199020602536299121e-02,2.200971059462258905e-02,2.190940438325229486e-02,2.194816985985807017e-02
2.167154912488735569e-02,2.163616568911945828e-02,2.158983976508998051e-02,2.173700969210867057e-02,2.156017692756781803e-02,2.165011149705459853e-02,2.160625674777954391e-02,2.157781334854919075e-02,2.172956556695369162e-02,2.163964880165493432e-02,2.160856439535586634e-02,2.163125092198079844e-02,2.155030773834107002e-02,2.168769421950329790e-02,2.159364438655579643e-02,2.160974963751229397e-02,2.162852730091067294e-02,2.161913062681105474e-02,2.158602853957842377e-02,2.160687037803362548e-02,2.160205799336846477e-02,2.162954043931237039e-02,2.165109160577001132e-02,2.168198764572813395e-02,2.157422096687310054e-02,2.156153918793940125e-02,2.164668957038419148e-02,2.160947108021915239e-02,2.167329690994166183e-02,2.161752708041129317e-02,2.155047100853826891e-02,2.158609848987532234e-02,2.168535222600091045e-02,2.160506035720987858e-02,2.159136647716025995e-02,2.160374056096679360e-02,2.161102811819154770e-02,2.161972041713559195e-02,2.167683401245060204e-02,2.162166326198302485e-02,2.159086498571665541e-02,2.164678597083328701e-02,2.162223799669307084e-02,2.153919514253369721e-02,2.167712346588355349e-02,2.169091555400154067e-02,2.159964781802683337e-02,2.159598211239780255e-02,2.167324528990387245e-02,2.157607024830403286e-02
2.127751577410545714e-02,2.124665172271418198e-02,2.121300637023468619e-02,2.129403013124954100e-02,2.123072486990302404e-02,2.127436961700092735e-02,2.121334837995426242e-02,2.123007425511802548e-02,2.126276960475354666e-02,2.117957674543959751e-02,2.117520560047651823e-02,2.125054354314151461e-02,2.128179692467246920e-02,2.128301495048362524e-02,2.118494285063956054e-02,2.126094309107786143e-02,2.124368948415929215e-02,2.120748415186304511e-02,2.114118140335767559e-02,2.123238423163581814e-02,2.116525717014835703e-02,2.118778110522165359e-02,2.121862875561074391e-02,2.120162837870345068e-02,2.119414019181274644e-02,2.121912613433135295e-02,2.128036469294548524e-02,2.122875182570986563e-02,2.127917641140378985e-02,2.119195055237262440e-02,2.120233097935556726e-02,2.127177963954197254e-02,2.124235771697632891e-02,2.131222807112833836e-02,2.123179712735037000e-02,2.122498592789137314e-02,2.130589634117934297e-02,2.125716874077502455e-02,2.124578963300808795e-02,2.112646265572618379e-02,2.132061194366142304e-02,2.119565121369329161e-02,2.127173695888160548e-02,2.135078654654471580e-02,2.119158004749115837e-02,2.126949909755760509e-02,2.135289346458795270e-02,2.128181051142539679e-02,2.126316570705347186e-02,2.121625233097465882e-02
2.090678398127222143e-02,2.088057290831847948e-02,2.080381119115452468e-02,2.078253666828618756e-02,2.086558511496959187e-02,2.079591001579007836e-02,2.088255612594535834e-02,2.082688524117265808e-02,2.079685049351278833e-02,2.080597266733301767e-02,2.085841629967878988e-02,2.083690084837824114e-02,2.080666715080788792e-02,2.083028683766272732e-02,2.083158779142248521e-02,2.078003228362918300e-02,2.087823008164535477e-02,2.084439789304778912e-02,2.079382699547156765e-02,2.087732435184071200e-02,2.089729267162531573e-02,2.082176408658966207e-02,2.086981473313798477e-02,2.085422961630491526e-02,2.082411910486642662e-02,2.078552677167081267e-02,2.081887873954934090e-02,2.085658813752012952e-02,2.083772513197819018e-02,2.076487496209816763e-02,2.074472543204563396e-02,2.085337503654849725e-02,2.085305913159807636e-02,2.087653807882682358e-02,2.084082446814454134e-02,2.083213731881598807e-02,2.076035012373203884e-02,2.089340017042625244e-02,2.084382229498520783e-02,2.079093238696989865e-02,2.082747385885514238e-02,2.076232165246302136e-02,2.089873500059572647e-02,2.086492826825301142e-02,2.077631304491478828e-02,2.079522435542578360e-02,2.079523769266320224e-02,2.080388779809458702e-02,2.086577735807960965e-02,2.087850156360062867e-02
2.042122778310453621e-02,2.035558901523498374e-02,2.046562108474399636e-02,2.044582872390858161e-02,2.041586566269662506e-02,2.044863425879164462e-02,2.037723900774200680e-02,2.032747670506250548e-02,2.036346899915820671e-02,2.038806181797065548e-02,2.036367195042239689e-02,2.046680531811088596e-02,2.045435359381754178e-02,2.044200882949941817e-02,2.045734942072510720e-02,2.042689702419225872e-02,2.041366367955796748e-02,2.043066369901068435e-02,2.037878119708216168e-02,2.036865419789907899e-02,2.049430230000707370e-02,2.036235704908655186e-02,2.037685388643723644e-02,2.044330355596246651e-02,2.034254456291370236e-02,2.049195712173379827e-02,2.036231344933912488e-02,2.044619394458168163e-02,2.052360963641934946e-02,2.044356070289746891e-02,2.034605203354735922e-02,2.033787564998091116e-02,2.035638868632070816e-02,2.037639054007531550e-02,2.040872859792439153e-02,2.041340085838602714e-02,2.037166711680043693e-02,2.047592434163111180e-02,2.041383446218250283e-02,2.039286748315308206e-02,2.042237674339636086e-02,2.032646568969694728e-02,2.051477440687237905e-02,2.029025288230133089e-02,2.038768401928212418e-02,2.044768121913650982e-02,2.034922213887726053e-02,2.046395910838981827e-02,2.038418776678122338e-02,2.042851789222317749e-02
1.999462307708909162e-02,1.993981921570106911e-02,1.999940080881940779e-02,1.994627687423358373e-02,1.998798685818226409e-02,2.003487231066220647e-02,1.998327724915273038e-02,1.997089871289644408e-02,1.998657036925191588e-02,1.998305027647398827e-02,1.997449205345679102e-02,1.998052515514684921e-02,1.999491856112139629e-02,1.994479212214328098e-02,1.998870501216346018e-02,1.998453084539118796e-02,1.999546846865362867e-02,1.995567957391670977e-02,1.998848065361182036e-02,1.999866142283492770e-02,1.990661290805098224e-02,1.986697737784344497e-02,1.993748304253943962e-02,1.996095225533428552e-02,1.993319724521419936e-02,1.997482048744667754e-02,1.991528116797050205e-02,1.995028148416881641e-02,1.995474559955751417e-02,1.992156457191748137e-02,1.992572001401491169e-02,1.997340924945084639e-02,1.992133936314271700e-02,1.995897491569159632e-02,1.989976480646044391e-02,1.998839092553792579e-02,1.985631302765526393e-02,1.997046630177979828e-02,1.991206099798259119e-02,1.996618140337960354e-02,2.000768324088970582e-02,2.002495523445051509e-02,1.994625701931808381e-02,1.997935072107036650e-02,1.989817284078881227e-02,2.002837733728808634e-02,1.995850031322255608e-02,1.997054015322270726e-02,1.998939146161455085e-02,2.001004409074229676e-02
1.950099351145099733e-02,1.947602001203014438e-02,1.944866527022768091e-02,1.954432531960321670e-02,1.947386760989345059e-02,1.946874220926445714e-02,1.946381368015240657e-02,1.949294028249616562e-02,1.951925448059161836e-02,1.957830373187062489e-02,1.948154649517368220e-02,1.956131550637603411e-02,1.956544398027838805e-02,1.947314228286504620e-02,1.947973274099873767e-02,1.943401548584014482e-02,1.946370246769781737e-02,1.945324279684987681e-02,1.943475325085844418e-02,1.942495170304343530e-02,1.951865792142637446e-02,1.961347962962640967e-02,1.946120174069667155e-02,1.948284710275567308e-02,1.945414841880991480e-02,1.955855020866109281e-02,1.949582574364929974e-02,1.954175436958433335e-02,1.952459835532277532e-02,1.958497629862925374e-02,1.953613229891158765e-02,1.949396015858698844e-02,1.958687717043032170e-02,1.958695353151026011e-02,1.955097693060271410e-02,1.952155331534285998e-02,1.950153394657306444e-02,1.956676938681582018e-02,1.948102001988330154e-02,1.944537333852259728e-02,1.947048796608769408e-02,1.951309459575783709e-02,1.961627336424260834e-02,1.949086034074849413e-02,1.949510596079199326e-02,1.950959706041062100e-02,1.955637301225107011e-02,1.956117159827790858e-02,1.951352289588197467e-02,1.960683886912326090e-02
1.901969100520782552e-02,1.904503112841572296e-02,1.898600097389008257e-02,1.902802735080703564e-02,1.893412171739063815e-02,1.897912330792492219e-02,1.897328366508698599e-02,1.903066085880231184e-02,1.901538885398809664e-02,1.888065798417719668e-02,1.901156467879423079e-02,1.899370293021363995e-02,1.902272234076188284e-02,1.903837757332028924e-02,1.904668609837872201e-02,1.905059716379401205e-02,1.895301602096025398e-02,1.908987594317619607e-02,1.909211281848035777e-02,1.911100117206964225e-02,1.906301615179637962e-02,1.910974143208662296e-02,1.900742063677409235e-02,1.903368353387180703e-02,1.894185711873283204e-02,1.912991638942439579e-02,1.905191605240750055e-02,1.903331851407288194e-02,1.900629217210662511e-02,1.900811415568032584e-02,1.899595851917706621e-02,1.908359754747843140e-02,1.900573087652178417e-02,1.901746400936078774e-02,1.900649048331422633e-02,1.897986814602712832e-02,1.912712966710445467e-02,1.891859843343040443e-02,1.910743203360535519e-02,1.901819372926916857e-02,1.908107217638007475e-02,1.896971852007312692e-02,1.898963873477317252e-02,1.898099525451803909e-02,1.903860310665040842e-02,1.906369286241250266e-02,1.889118051943925597e-02,1.909374226403454805e-02,1.903960952006287025e-02,1.905600641237526621e-02
1.853894937228619394e-02,1.852204424970598992e-02,1.842751204155223740e-02,1.855028901369481717e-02,1.854685325791575329e-02,1.850092000158232858e-02,1.852604844439259546e-02,1.849050764629155130e-02,1.856394547517312837e-02,1.857453815191195678e-02,1.852208306449128206e-02,1.856540435317161064e-02,1.849810893664313727e-02,1.848462483969406586e-02,1.860956343413425196e-02,1.859263716653242887e-02,1.855574519710009862e-02,1.854830552840709343e-02,1.851179413175740862e-02,1.853869279994333971e-02,1.848522164077548782e-02,1.856184389088121056e-02,1.846122468627611757e-02,1.862675687621927201e-02,1.850486948977224377e-02,1.843805503192024950e-02,1.853787922377231334e-02,1.849116889310269130e-02,1.850540986869820409e-02,1.856055850238585297e-02,1.864498994246673383e-02,1.850048527954711516e-02,1.850470601622881267e-02,1.861454741370294208e-02,1.848698962386632547e-02,1.847176575338156310e-02,1.851679144113809947e-02,1.851871560810515113e-02,1.849732913966854048e-02,1.852103845862695594e-02,1.861666715214415485e-02,1.853043104738502644e-02,1.842434110364499916e-02,1.858767041940745726e-02,1.854365943705334197e-02,1.859644173394087857e-02,1.850738053136079947e-02,1.851310470087137380e-02,1.862809161217972298e-02,1.855228865075179978e-02
1.799252198631359073e-02,1.805945755458997562e-02,1.806575386017299570e-02,1.804471006620619530e-02,1.796136874792343338e-02,1.803272238653011450e-02,1.802970484716840890e-02,1.793194180584549088e-02,1.799501968935045618e-02,1.798536991495352372e-02,1.797091650595628726e-02,1.803809108070044548e-02,1.802792271254168716e-02,1.799868422547441782e-02,1.797229230468836564e-02,1.800426380485838085e-02,1.796787883348736556e-02,1.799263132163016893e-02,1.798637941340542820e-02,1.798803289244049405e-02,1.803163803399489631e-02,1.800907965532231106e-02,1.801915869820107027e-02,1.796179333937560421e-02,1.798677192603742245e-02,1.800182893687196292e-02,1.798217303311226353e-02,1.800934933319051079e-02,1.811433965522081871e-02,1.799576229977555009e-02,1.812525865981607504e-02,1.800839772797842298e-02,1.800267549153526658e-02,1.802554055955083931e-02,1.801779590500613218e-02,1.805178532666792263e-02,1.805558123758224665e-02,1.798804261127714271e-02,1.802091874395845769e-02,1.804380550861775165e-02,1.800291492406792815e-02,1.804426702193026588e-02,1.805087107969748778e-02,1.811191988292571581e-02,1.804252809766132906e-02,1.802958136381080378e-02,1.809898381017622029e-02,1.798041003122389375e-02,1.797709186446893107e-02,1.800654201660339265e-02
1.750765609299295006e-02,1.747716664550778842e-02,1.748690878933703563e-02,1.755259878484192668e-02,1.752571405258852161e-02,1.749640639412490886e-02,1.752681739579162873e-02,1.755792912788787380e-02,1.756961917899718326e-02,1.743718455523982774e-02,1.748359331118621435e-02,1.754590352520419422e-02,1.745081599312986453e-02,1.755437941442295965e-02,1.748009876708360444e-02,1.749631991783852022e-02,1.747387911619107184e-02,1.753190300825201164e-02,1.753614720625824852e-02,1.740811672219786527e-02,1.752248388389319317e-02,1.744998470778901314e-02,1.754108738242650053e-02,1.755028710694788233e-02,1.749098426872253143e-02,1.747882485178170464e-02,1.750747566466412039e-02,1.752784388713763200e-02,1.750725918026784997e-02,1.750706532834581455e-02,1.756737133773978582e-02,1.753413482439255405e-02,1.744530468503188714e-02,1.762179308705309061e-02,1.756814068698252587e-02,1.743937888703692152e-02,1.748379052806125697e-02,1.740470016057109673e-02,1.757350521887068862e-02,1.756659530963458268e-02,1.754390133323800727e-02,1.758075645747014110e-02,1.751947358598175686e-02,1.741333307694916885e-02,1.754883284717015726e-02,1.749030985835377597e-02,1.753803148513921606e-02,1.755769486329198520e-02,1.758688583814675341e-02,1.745106546502042319e-02
1.687513285805770924e-02,1.702699662370311603e-02,1.698334687430445855e-02,1.706090103693141263e-02,1.695766860610429735e-02,1.701078456564546898e-02,1.697471168906134267e-02,1.693643047682453356e-02,1.692847839245846878e-02,1.691929599503978754e-02,1.695978164958198905e-02,1.692820375873690594e-02,1.691113498968293410e-02,1.693802042667957863e-02,1.695809676040106392e-02,1.693865569970665411e-02,1.696879587404469258e-02,1.694467785720250863e-02,1.698840412428390123e-02,1.688938945113829110e-02,1.700778827041339938e-02,1.701754192671018837e-02,1.694910155445979172e-02,1.697922852062981255e-02,1.693976301143224755e-02,1.703656532404305285e-02,1.699891919745462679e-02,1.693070436382608859e-02,1.697256039472867448e-02,1.690635636483146451e-02,1.692783552022246105e-02,1.696442390019740551e-02,1.697483325614335820e-02,1.701325848344677552e-02,1.698472162656128673e-02,1.690512322793122357e-02,1.693340225853092948e-02,1.702984030658107745e-02,1.701319977555890151e-02,1.696143833057638800e-02,1.694560901320307095e-02,1.691080410611626658e-02,1.698888192012779422e-02,1.701903947665707115e-02,1.694745896101145649e-02,1.688664407454018579e-02,1.692665723626627858e-02,1.689817613045518918e-02,1.689652795464394175e-02,1.696619829934419357e-02
1.634589092618974476e-02,1.643412980940889973e-02,1.640300552808870299e-02,1.643668511198347060e-02,1.635946098041578603e-02,1.638176928216254075e-02,1.646675645544241895e-02,1.639860055772508068e-02,1.635522786446362564e-02,1.637156604440191329e-02,1.635475618132085918e-02,1.640610769631422119e-02,1.645482984726563680e-02,1.643613609561979036e-02,1.638271670843040664e-02,1.647343534673836526e-02,1.639399491280385188e-02,1.631629109032391514e-02,1.635834396178536404e-02,1.641586990306155569e-02,1.631707837301372629e-02,1.641684979621287413e-02,1.641777745199496374e-02,1.630098631517067770e-02,1.643425540387337749e-02,1.636843155805989269e-02,1.643343095280971888e-02,1.642216604836703453e-02,1.640077739774844362e-02,1.641953101687548822e-02,1.643391877677162494e-02,1.634884594211991754e-02,1.646769444821058470e-02,1.645731142097562119e-02,1.639138373296186030e-02,1.641343642569838626e-02,1.639262247324855398e-02,1.641252117071537869e-02,1.642894151902693153e-02,1.641602422720836105e-02,1.645270341087204727e-02,1.637878067680978086e-02,1.645384032108976324e-02,1.647097833089862864e-02,1.642087777289600800e-02,1.644989603814654006e-02,1.635254903894103537e-02,1.638284349258506759e-02,1.637465757331385205e-02,1.634781115405193816e-02
