8.894182910934561983e-04,8.921180925800454220e-04,8.953618083585628213e-04,8.908530125234167011e-04,8.907195788545329857e-04,8.945611167228767957e-04,8.901101188094461686e-04,8.939153317809770500e-04,8.956226754244814249e-04,8.930136776608706790e-04,8.951381549071930508e-04,8.955749620393675496e-04,8.922613576886798776e-04,8.929166440094988329e-04,8.968469956945633375e-04,8.970730872298355186e-04,8.895510639217460783e-04,8.974592074078009771e-04,8.927810337388561533e-04,8.964420255987331013e-04,8.901337600093159894e-04,8.948631054309326210e-04,8.905029285941493209e-04,8.904110471211093385e-04,8.961262392773407985e-04,8.894409775977825871e-04,8.920554180024507914e-04,8.909705156818274697e-04,8.933056701636937985e-04,8.942785822396970806e-04,8.940567224359300411e-04,8.974849759456189581e-04,8.971790072196749550e-04,8.949279501095068088e-04,8.980077377259414618e-04,8.977159147453235349e-04,8.899673546924884594e-04,8.910784669488762758e-04,8.897484459012740135e-04,8.904186887451051363e-04,8.915313656873552744e-04,8.944301617194641953e-04,8.909260938587397916e-04,8.938756287177200598e-04,8.872950366157224657e-04,8.872577191712074148e-04,8.905851632393337785e-04,8.985439289741224732e-04,8.962138132508004488e-04,8.980742937976958148e-04
8.971996949324409108e-04,8.903738160064401204e-04,8.937582108297342353e-04,8.946425829546908850e-04,8.919344880876430449e-04,8.923243975808315418e-04,8.959232969479062267e-04,8.970347188658661436e-04,8.876120317980886560e-04,8.882380982888635548e-04,8.980985970456823765e-04,9.021304327469258696e-04,8.916895742701192850e-04,8.930837244468640707e-04,8.937464773532487845e-04,8.920093558210599304e-04,8.923272473463343289e-04,8.939616158399628755e-04,8.929552538349369746e-04,8.927856493327019716e-04,8.924298526271136909e-04,8.932467144178975541e-04,9.007188155920353191e-04,8.982901672004574116e-04,8.969582862088294230e-04,8.924707722882052000e-04,8.961784212672425226e-04,8.967393474902022156e-04,8.895887613310048255e-04,9.019432363425751702e-04,8.933565088212228836e-04,8.948255474577811739e-04,8.943359549025494022e-04,8.965127516973780877e-04,8.901940073496302040e-04,8.958284871689304023e-04,8.940322471103524793e-04,8.984903397717575483e-04,8.985499715985344887e-04,8.968937439218816225e-04,8.881516550239867665e-04,8.900401892744772047e-04,8.949930492364709805e-04,8.950296660161272165e-04,8.926004465880685128e-04,8.953549010843985098e-04,8.874489942970240465e-04,8.940099689282828476e-04,8.926175549605953365e-04,8.899964225377948951e-04
8.954474391657190431e-04,8.891090862997877518e-04,8.946216762577569991e-04,8.929901379859290795e-04,8.894608958402295922e-04,8.886478763931515224e-04,8.879166794792284038e-04,8.935146806199065553e-04,8.926623023243690025e-04,8.942691153263992001e-04,8.924076396261817817e-04,8.880162754759827809e-04,8.919791111095439753e-04,8.937994970982924593e-04,8.932641016349480208e-04,8.911551108686825359e-04,8.923525233609249209e-04,8.892148381232789370e-04,8.998893341396359529e-04,8.931005405452846100e-04,8.933721370832152465e-04,8.919291774706987995e-04,8.903587996457802039e-04,8.903320746754189241e-04,8.899626774159281493e-04,8.922973349461137170e-04,8.909276169639154114e-04,8.970404467696627051e-04,8.943692332950041934e-04,8.859094443878050285e-04,8.928288826259580223e-04,8.897954774975137251e-04,8.960401941613291244e-04,8.930620294626967362e-04,8.960463857313058977e-04,8.998007089895425012e-04,8.973285150194831947e-04,8.967685545151899947e-04,8.945023162207551290e-04,8.922165887504019842e-04,8.947724228797299898e-04,8.878830588101952219e-04,8.880358799703163587e-04,8.913467241775541866e-04,8.970351162674681123e-04,8.924996408290889523e-04,8.952050331549313202e-04,8.871640809081843054e-04,8.903758718449159221e-04,8.931451041485006159e-04
8.900440985254551469e-04,8.914481036922332737e-04,8.953274567435003497e-04,8.916246653511337127e-04,8.939657631641639542e-04,8.903411764157406370e-04,8.912303324310973151e-04,8.928477009195433245e-04,8.906832041542445859e-04,8.938869534728846166e-04,8.923371327725604070e-04,8.902228235654495361e-04,8.870750448365994668e-04,8.945563466068445898e-04,8.913345327191038838e-04,8.894148976370580464e-04,8.866056896234818544e-04,8.947552467614448357e-04,8.925566843456984607e-04,8.907717210464555615e-04,8.883074729889106971e-04,8.948545623861693665e-04,8.985863476425267910e-04,8.931359004341637335e-04,8.890145488560020253e-04,8.926113779438283290e-04,8.947564768335391485e-04,8.934151842920860917e-04,8.902593517132579258e-04,8.863832169795013427e-04,8.929690203779344420e-04,8.897038298083272383e-04,8.933565093212726465e-04,8.976630975472335702e-04,8.921799978058629968e-04,8.908606140868343803e-04,8.875462121218794312e-04,8.971628202797971713e-04,8.926668100101760881e-04,8.894074934480247817e-04,8.945187362524898182e-04,8.852165551068585676e-04,8.848016179584312262e-04,8.924811668358378783e-04,8.911564373121106135e-04,8.901229683603849611e-04,8.926866448025704524e-04,8.974683583607665242e-04,8.945871941728949584e-04,8.955138402661137580e-04
8.916895452783626984e-04,8.919921855108141557e-04,8.861309281868006956e-04,8.932186471578803296e-04,8.893287728332733904e-04,8.937819683668865286e-04,8.914379424568087988e-04,8.863223849460901294e-04,8.896923150768990115e-04,8.914821024495016549e-04,8.887399996329988167e-04,8.870550325367454166e-04,8.952737391675477316e-04,8.898852347823306029e-04,8.928520481591175045e-04,8.867553259981281535e-04,8.920488014123844744e-04,8.916198821366677109e-04,8.935258781557040182e-04,8.851061869392883551e-04,8.907446159631919732e-04,8.867592795350721577e-04,8.938991019988742730e-04,8.899603217783040587e-04,8.893896466265813596e-04,8.902622918691093477e-04,8.897945003018491693e-04,8.907067564999866837e-04,8.934961157914943653e-04,8.952585557766454217e-04,8.965805477282762660e-04,8.925712547887786064e-04,8.887555141687926907e-04,8.896857855529257449e-04,8.944969656717063856e-04,8.904744991626624157e-04,8.862746504363713676e-04,8.864970577324007622e-04,8.888173611880705255e-04,8.894109930820669760e-04,8.928475687960511645e-04,8.950650778002712266e-04,8.928712265051089907e-04,8.885253635558064801e-04,8.846790460107603919e-04,8.892607874002678246e-04,8.908057794093188165e-04,8.936809628822932079e-04,8.951091582664625962e-04,8.869568661906427004e-04
8.876310305195585053e-04,8.900077656584986846e-04,8.875621142783148357e-04,8.872345589512023629e-04,8.862966528213536829e-04,8.922044102859984921e-04,8.913620972931579406e-04,8.891428319904882147e-04,8.843398546967804093e-04,8.916622414846214588e-04,8.874536746510045112e-04,8.893578678989768780e-04,8.854402830224136984e-04,8.920419594242219195e-04,8.956909323466146107e-04,8.869080679141181766e-04,8.904657280730358948e-04,8.899832826607100575e-04,8.966669452105331716e-04,8.909975988170778811e-04,8.897442424094101831e-04,8.912193190165300502e-04,8.919741342802658566e-04,8.876239702966436324e-04,8.927740613891885875e-04,8.897205550793555124e-04,8.840738899539206472e-04,8.877125522006453721e-04,8.872126926567413868e-04,8.872956048258454076e-04,8.882986693693721439e-04,8.913317346753285835e-04,8.937624508494198487e-04,8.882104754851076218e-04,8.913252064832761102e-04,8.863445836341286117e-04,8.905686472488266942e-04,8.848565354575986704e-04,8.863838512667080848e-04,8.823253501376798020e-04,8.940919301919673587e-04,8.906731692030330156e-04,8.955616603061717328e-04,8.945222763311415880e-04,8.929016154272886472e-04,8.871542699393614693e-04,8.943325485468802977e-04,8.912606186006481919e-04,8.929873202908548534e-04,8.889032173620321515e-04
8.875714923278490379e-04,8.876435388206106595e-04,8.842136187650817200e-04,8.839147535572435899e-04,8.865664569629959618e-04,8.818824990721057556e-04,8.854784645832621415e-04,8.863722042258643727e-04,8.847068856681444783e-04,8.805868603207477356e-04,8.913348262762651021e-04,8.911589614385172003e-04,8.839455773918909395e-04,8.879644358071952202e-04,8.823317069851350190e-04,8.855501204593507498e-04,8.925881059516654501e-04,8.854714222369505696e-04,8.859543114280013293e-04,8.857613699400491807e-04,8.879087251884600334e-04,8.817157690201565118e-04,8.830710332945192979e-04,8.859324975312862175e-04,8.849185841159094498e-04,8.827859682853418525e-04,8.875324309945860617e-04,8.868941845945319848e-04,8.902433781860949425e-04,8.866975428096515949e-04,8.843073854862450048e-04,8.866306595115452157e-04,8.887092799259084129e-04,8.884581425475529277e-04,8.845689881890347970e-04,8.863692824950938562e-04,8.874487567921996454e-04,8.829144675734268595e-04,8.880990716159646190e-04,8.864205732845945604e-04,8.912749955428214167e-04,8.830787209622050068e-04,8.917263823180718611e-04,8.812220335112068035e-04,8.881494887120639512e-04,8.867079574123043094e-04,8.881758965932674572e-04,8.871887549542145038e-04,8.868655471309573211e-04,8.886915512283582530e-04
8.833955423910016137e-04,8.800631905606419664e-04,8.856857421873031398e-04,8.860718072885002570e-04,8.837426730709063791e-04,8.879218854861236189e-04,8.845938847601714098e-04,8.813599607291791160e-04,8.815449903226862168e-04,8.856775821105827970e-04,8.827546929622631178e-04,8.839499929702913624e-04,8.851862138866886795e-04,8.804525783052155564e-04,8.836160196009963273e-04,8.872373457215754211e-04,8.904525080756350765e-04,8.819350642102802458e-04,8.833062941208359112e-04,8.916653190240399684e-04,8.873430780678237626e-04,8.932165961758086522e-04,8.862385607140087738e-04,8.826079786071875689e-04,8.869556250735531741e-04,8.846455798728673726e-04,8.816931258619965144e-04,8.838823166625653155e-04,8.838768714148299626e-04,8.861532359471355116e-04,8.848232060909040761e-04,8.848885479260398422e-04,8.782045034088745324e-04,8.869544013131073308e-04,8.881538684693630805e-04,8.906932533094326929e-04,8.848570357896089764e-04,8.846671204784205397e-04,8.850020406875848877e-04,8.823188111492370712e-04,8.888727844252664653e-04,8.859241698505970850e-04,8.853731899247545886e-04,8.867615174052674099e-04,8.896307006303226170e-04,8.865539328907190951e-04,8.876485835064086604e-04,8.844239646895505312e-04,8.845399335024683009e-04,8.799590215784309187e-04
8.799154871087096989e-04,8.839642375275499247e-04,8.839381931264764193e-04,8.818927936944075119e-04,8.845532025372862582e-04,8.835276561791491562e-04,8.806269565893232914e-04,8.817391632125542392e-04,8.788043045492952444e-04,8.819986220329346493e-04,8.840750539168977561e-04,8.823587826330089347e-04,8.857976072815560049e-04,8.845008282461352825e-04,8.825929909138767460e-04,8.839166428934604712e-04,8.822679506722792353e-04,8.808041973332167212e-04,8.829458925758331203e-04,8.801252677552132316e-04,8.839538768775509698e-04,8.839967703133119010e-04,8.781431078672252005e-04,8.853176773463555934e-04,8.810274335239377157e-04,8.820935526423004380e-04,8.798861334787241384e-04,8.801874685911640749e-04,8.827093136801676372e-04,8.833846099956161636e-04,8.843194904496017765e-04,8.774544558750166151e-04,8.806364439593828905e-04,8.852027160839742075e-04,8.812331071177125245e-04,8.796926649653124750e-04,8.786644228190885813e-04,8.743671521436358236e-04,8.779524734586228790e-04,8.753484585399157495e-04,8.845923979267484270e-04,8.798483733480170219e-04,8.864816039024877485e-04,8.816965488138622581e-04,8.830510113787179947e-04,8.802939867072109284e-04,8.790937150107108571e-04,8.817491790002004353e-04,8.759201345892774155e-04,8.840831540243399662e-04
8.797283612145990073e-04,8.806082950426834905e-04,8.759864803405012458e-04,8.770917247245627870e-04,8.731792977847211128e-04,8.825174370448233803e-04,8.803427270784441048e-04,8.812947294411443370e-04,8.780551641957574493e-04,8.708919734010562045e-04,8.818830865351259341e-04,8.803084512652771011e-04,8.787884816598785700e-04,8.756872357093703095e-04,8.793328534582179733e-04,8.831068387083879350e-04,8.784754740947412020e-04,8.793529939717406553e-04,8.814529398261130005e-04,8.762258543882530792e-04,8.790792758859705940e-04,8.832750280491567362e-04,8.777498141792460917e-04,8.762531941885724632e-04,8.779652228965447282e-04,8.762760251289369601e-04,8.793418363263963292e-04,8.780888223716137994e-04,8.814506108767568250e-04,8.802599467099297319e-04,8.728159118926723595e-04,8.809606391644418276e-04,8.809970687609661134e-04,8.764898161518751849e-04,8.805620692672256255e-04,8.843658693334700317e-04,8.834478882668784410e-04,8.740624258950618333e-04,8.809964778725399258e-04,8.816041731329784647e-04,8.715218052671164358e-04,8.851562702385131062e-04,8.809546126051807577e-04,8.754075574961663400e-04,8.802315563330037358e-04,8.764678128065859488e-04,8.776435794141902377e-04,8.816398363025201076e-04,8.846906784527938791e-04,8.761031074182689792e-04
8.767187763959776369e-04,8.800510074413835223e-04,8.744754206364097017e-04,8.762632260082551432e-04,8.731973508259156629e-04,8.724233901550627630e-04,8.750307426500782094e-04,8.716883808136047370e-04,8.707772531583701228e-04,8.746650743463255931e-04,8.734768804470455488e-04,8.795587620651498188e-04,8.712051547416159013e-04,8.770726800542536948e-04,8.725188537637341589e-04,8.722146111584776207e-04,8.793919951331537069e-04,8.735846647971684358e-04,8.752711855011307890e-04,8.778809924615766161e-04,8.798918539681171904e-04,8.746379208234582227e-04,8.789712685868671408e-04,8.735694644322757703e-04,8.718679345547995611e-04,8.790217210435559295e-04,8.737045134281424446e-04,8.727869282136631194e-04,8.753289516688027684e-04,8.749423175322952433e-04,8.714788563847833663e-04,8.782209511326821401e-04,8.760412452010395232e-04,8.745322182382665645e-04,8.796896116566625071e-04,8.777841292747011297e-04,8.779155805109715950e-04,8.740285697190309589e-04,8.771438953443008030e-04,8.690354866614730459e-04,8.741357203531097955e-04,8.779167343771331761e-04,8.806061412246203547e-04,8.815984531405679676e-04,8.714750073757707030e-04,8.743581484515621253e-04,8.737696469790283372e-04,8.694213275731760456e-04,8.747134686240787228e-04,8.779795579897466161e-04
8.767916339272872114e-04,8.749637430003158727e-04,8.708442049454267987e-04,8.744764565593011151e-04,8.677542397530062799e-04,8.695959933288344677e-04,8.740242982358422102e-04,8.723034782057478408e-04,8.707952966515137378e-04,8.682144510601173901e-04,8.786290627412419096e-04,8.739757585111714413e-04,8.711743321385754905e-04,8.755915758322045097e-04,8.688590933024607386e-04,8.718513260270086516e-04,8.709677172735369498e-04,8.699212511615186201e-04,8.693955170887983407e-04,8.685254376520982469e-04,8.714466337646672696e-04,8.689980480558330252e-04,8.674920812470038973e-04,8.715821352034765386e-04,8.748204015137230971e-04,8.710980782577282602e-04,8.751848042442696932e-04,8.761819061052480897e-04,8.747458349843425336e-04,8.733741979526168670e-04,8.730502717247432898e-04,8.731028019448585590e-04,8.701353896756244127e-04,8.698166803822526350e-04,8.681181040714895701e-04,8.740774648000773465e-04,8.743296965188946139e-04,8.666373309344643653e-04,8.727427117359200107e-04,8.679943120139917622e-04,8.765832110171986212e-04,8.680582449587193267e-04,8.677351098229306014e-04,8.722909646045970021e-04,8.679592035460096527e-04,8.714938239607767636e-04,8.776448400592960124e-04,8.659233739351291682e-04,8.708525909884247320e-04,8.730238378383472098e-04
8.688848714015084572e-04,8.633884434400578749e-04,8.660628372912575028e-04,8.650245585869765228e-04,8.722675433182852482e-04,8.621683852320426254e-04,8.647257562379926906e-04,8.712510283482461379e-04,8.679151096814811559e-04,8.682898905959366863e-04,8.714510837288861039e-04,8.661141956984213033e-04,8.714877923571984078e-04,8.647128066210585861e-04,8.678470235048452467e-04,8.650740169773493953e-04,8.670158898215187199e-04,8.690570752560558467e-04,8.701929858432157563e-04,8.672963646342169569e-04,8.626992200677595628e-04,8.654133186069005090e-04,8.657516443274913169e-04,8.649400893319451845e-04,8.631479818805577438e-04,8.671371622483061824e-04,8.618783180159402457e-04,8.687228657200849694e-04,8.645029419056285370e-04,8.614116260229338733e-04,8.684443015932118929e-04,8.718443144543760407e-04,8.659918686576797324e-04,8.671140085645827377e-04,8.643173408703036346e-04,8.688552994756677632e-04,8.598191666168668442e-04,8.691530590553937178e-04,8.684878055555525283e-04,8.647247089357239106e-04,8.676571974885256182e-04,8.697331637381544665e-04,8.694412319333682214e-04,8.682310843599870022e-04,8.681510625898667234e-04,8.653869737914855970e-04,8.670586594926616309e-04,8.592112394944565173e-04,8.658102193793366973e-04,8.628824802694982530e-04
8.663979045046139816e-04,8.621226640577270978e-04,8.560226480571655593e-04,8.627040519334082565e-04,8.642462335140812732e-04,8.603681409487474920e-04,8.606928070905700816e-04,8.605505623151243335e-04,8.606036188926831278e-04,8.615518924517806673e-04,8.583010381920715831e-04,8.611221681162293520e-04,8.612237433641480597e-04,8.614744966961789636e-04,8.654907830412641090e-04,8.620944972140997435e-04,8.596514137923570546e-04,8.576897559420043268e-04,8.602156990419751329e-04,8.615294610263304854e-04,8.655986071031642652e-04,8.570475119092205206e-04,8.670943083180778855e-04,8.589630664604024166e-04,8.603691395949239875e-04,8.603874331060911394e-04,8.642812733720027160e-04,8.639109743659449843e-04,8.615994711957914798e-04,8.592380256807550642e-04,8.635843396451160997e-04,8.672050376490865551e-04,8.583766031522029830e-04,8.638299333916776282e-04,8.552363891416431664e-04,8.622876952567637204e-04,8.666438163421576668e-04,8.640302618001968705e-04,8.655971137228099912e-04,8.632158175138657068e-04,8.544939937282731773e-04,8.651991282231255662e-04,8.653789793077423017e-04,8.644356890560219711e-04,8.657901073143553896e-04,8.645137936149821295e-04,8.618141445594113426e-04,8.683432668855547163e-04,8.618891761431377420e-04,8.647098256144137131e-04
8.517931051792773916e-04,8.554832722642401058e-04,8.574396332064084100e-04,8.584174046819771555e-04,8.563202370843378802e-04,8.608032486597915877e-04,8.593578355212413240e-04,8.616049663381480364e-04,8.542350909717538483e-04,8.531702336892887234e-04,8.521989738527614277e-04,8.597957075246275395e-04,8.618122059341423464e-04,8.576015493914846072e-04,8.564619211126059872e-04,8.643186962322181328e-04,8.583217455761559325e-04,8.592891273575427574e-04,8.573266274617531799e-04,8.580683441300272340e-04,8.531029943325226829e-04,8.593372340801498513e-04,8.579491176852045665e-04,8.538747932523217026e-04,8.607141403994644606e-04,8.535770886515388041e-04,8.561688236287935639e-04,8.550325796442225217e-04,8.539974596957137891e-04,8.552469065727108261e-04,8.532666378976938538e-04,8.574267527584226523e-04,8.568024124372025955e-04,8.566449778628055329e-04,8.571140528247164639e-04,8.572575954601382780e-04,8.478162687625564152e-04,8.636851822857644946e-04,8.597474713802085279e-04,8.577058887941938978e-04,8.576997815024198137e-04,8.542113061085158249e-04,8.633889995007834432e-04,8.585254848309151719e-04,8.519103477891371099e-04,8.573372307386147462e-04,8.529765282380051767e-04,8.569059565408011390e-04,8.572349728782851066e-04,8.546132735357548629e-04
8.474082137778253185e-04,8.556417871443953212e-04,8.508867065245023396e-04,8.511523493943890569e-04,8.552613474985680704e-04,8.499792393208915019e-04,8.482345314993625443e-04,8.486101435813453485e-04,8.528608696651958582e-04,8.512358653081092278e-04,8.525060964576859678e-04,8.505135353143893941e-04,8.497538000247395647e-04,8.522155445059941383e-04,8.512763545835069648e-04,8.542484415336776184e-04,8.524463674290119969e-04,8.509116934200000072e-04,8.547072463918944235e-04,8.513182722091712160e-04,8.477548045841909810e-04,8.536718997794632505e-04,8.528462088312633574e-04,8.482794154653127208e-04,8.509950886567722514e-04,8.491252242834217492e-04,8.499738350457256703e-04,8.524611607151697922e-04,8.499830408585688172e-04,8.526197573423462692e-04,8.543869002976294718e-04,8.493710907674786263e-04,8.454133309604220910e-04,8.506721602745890816e-04,8.510233191736012994e-04,8.507621947486703395e-04,8.538651197514694671e-04,8.551668304306324396e-04,8.555120987156021031e-04,8.486125382307549946e-04,8.547796158410309042e-04,8.516397987642123886e-04,8.528968218361149094e-04,8.515039509975673524e-04,8.522281100378503726e-04,8.483954153841596294e-04,8.560283237710288647e-04,8.516446579202390475e-04,8.481528588426834065e-04,8.490358907417607784e-04
8.458001702442600545e-04,8.466095020591179240e-04,8.468578517087703645e-04,8.447851209225349213e-04,8.474664404036524098e-04,8.486558070412385506e-04,8.501692717949033270e-04,8.419815222102698194e-04,8.497211196377013349e-04,8.421847159483765921e-04,8.455727961739047463e-04,8.433913355853781468e-04,8.478635053339037605e-04,8.459989232863319780e-04,8.436916920082042489e-04,8.452043359991774901e-04,8.418403850984397399e-04,8.412103021064189874e-04,8.445135077049120437e-04,8.515520040911741173e-04,8.415403485384959125e-04,8.480880109032471522e-04,8.489754074482974006e-04,8.464282201851528603e-04,8.482528165048159848e-04,8.428278845549884869e-04,8.437486667359268442e-04,8.500938117400666646e-04,8.455567408188109386e-04,8.461189634996851795e-04,8.446476333449784782e-04,8.480433109892714831e-04,8.511819749390313154e-04,8.434831259928764115e-04,8.479621046591917510e-04,8.451666634722382549e-04,8.507736020532147714e-04,8.371422682764004730e-04,8.432993478190632013e-04,8.424500182708108756e-04,8.459283674018488759e-04,8.468785411030368537e-04,8.432461566748369192e-04,8.426312928132834298e-04,8.436198320382063331e-04,8.417066561267877835e-04,8.457044086406640239e-04,8.504025079200969259e-04,8.484528598546839558e-04,8.434186118488344770e-04
8.316685204749803143e-04,8.386558869509781571e-04,8.368844788575272855e-04,8.373701682436239351e-04,8.354184305426022106e-04,8.415168992190648215e-04,8.360963922343460624e-04,8.393791626322528402e-04,8.358261109674520409e-04,8.362695633320335262e-04,8.365292560645394993e-04,8.388753078282303478e-04,8.366851760788931005e-04,8.437824171423530554e-04,8.357546123699867175e-04,8.347097122317042716e-04,8.363490593774263815e-04,8.416245578848337251e-04,8.399086476274592516e-04,8.409156517210511711e-04,8.363397693696614753e-04,8.444964755145150520e-04,8.388940609839710960e-04,8.376997264485793685e-04,8.381237251041911800e-04,8.378288205746931439e-04,8.391925945051726277e-04,8.397483764925453347e-04,8.410513536742446165e-04,8.414269632101764856e-04,8.350552900529377431e-04,8.362693058097004240e-04,8.372666562715232663e-04,8.403147136992958344e-04,8.373859656092089718e-04,8.364999873950941696e-04,8.463216975537458074e-04,8.393507621132412135e-04,8.411461441087275280e-04,8.397347988070799109e-04,8.382634607545599468e-04,8.385370404007691948e-04,8.441011407813398069e-04,8.395655734370015668e-04,8.399594814894430824e-04,8.387102558400001164e-04,8.425353504762735958e-04,8.379707672708045646e-04,8.351357242400626489e-04,8.397204143891829784e-04
8.333181137256963876e-04,8.307172107189918654e-04,8.338177457662584698e-04,8.326679348609918301e-04,8.350919584571993943e-04,8.340925945789365780e-04,8.347546191621110648e-04,8.336979302533573067e-04,8.336095014681879590e-04,8.320095740475591441e-04,8.340879599195773772e-04,8.310056410706087105e-04,8.332957560411451180e-04,8.324622077112336970e-04,8.322514253649120194e-04,8.350917241164214919e-04,8.326796705891771925e-04,8.306033751044109275e-04,8.281598403589275972e-04,8.323646573678954034e-04,8.281783704730324037e-04,8.348458406987087485e-04,8.346948042747203648e-04,8.277180700913106502e-04,8.267971977887670189e-04,8.319958801366970089e-04,8.342506428015312179e-04,8.365230277371947434e-04,8.337850459123397669e-04,8.319315713949579881e-04,8.344076046363173684e-04,8.367909119864943689e-04,8.297147485171541340e-04,8.340355625779618696e-04,8.274336968339374805e-04,8.293847127961507300e-04,8.329335295769635557e-04,8.330802369680313920e-04,8.308638510846652440e-04,8.316731368735952529e-04,8.338461970149467408e-04,8.356128594447613522e-04,8.322197115209125371e-04,8.348936495977858988e-04,8.365940309186724278e-04,8.360387489196493800e-04,8.279175419827724180e-04,8.321770721905142254e-04,8.317648209544961429e-04,8.345821856982749533e-04
8.252175426011348642e-04,8.235309330097221594e-04,8.278506849632610073e-04,8.208715301044928895e-04,8.208811785710258893e-04,8.203813062102062979e-04,8.206971684570729501e-04,8.229958517904930422e-04,8.227391813409588080e-04,8.225378812313859610e-04,8.279143969682802029e-04,8.255284488242594027e-04,8.275442070971289867e-04,8.275326546899320051e-04,8.244188365547751524e-04,8.248396450175051820e-04,8.214136737788132374e-04,8.254012904159746013e-04,8.254017075142834007e-04,8.297198157025602143e-04,8.266794814176874843e-04,8.262056908882786568e-04,8.248102430849633309e-04,8.224977739770846213e-04,8.255155109833047953e-04,8.199256596861188764e-04,8.239598497508638340e-04,8.297083669120863987e-04,8.201851789776935277e-04,8.289730387272494817e-04,8.259999965171117798e-04,8.223469805688928512e-04,8.279204717041764800e-04,8.240944558296955371e-04,8.236248423187253085e-04,8.246181143796301686e-04,8.279837373745785149e-04,8.251837418593933101e-04,8.252669985679689365e-04,8.319556216817816825e-04,8.258691912488014264e-04,8.324451486172565386e-04,8.279941810793526582e-04,8.237325888937979635e-04,8.268124471592531045e-04,8.260957562055070650e-04,8.289900766695698251e-04,8.236340432627490236e-04,8.236960319669103022e-04,8.179006038796576361e-04
8.175874039544818884e-04,8.157212057714899539e-04,8.172291591820440024e-04,8.179726027606683443e-04,8.163544667011603945e-04,8.177369028979381699e-04,8.183300507095688479e-04,8.168650172911771229e-04,8.184259126343783461e-04,8.156299905089130697e-04,8.216900075650344568e-04,8.195826292424205533e-04,8.195175398686063836e-04,8.244458593390307458e-04,8.172305140128662947e-04,8.186019091249585470e-04,8.212419528052534307e-04,8.166364559730840845e-04,8.147780671577406833e-04,8.214320578853109974e-04,8.200170639293310462e-04,8.214156077406889727e-04,8.208744671506005121e-04,8.221642122438552061e-04,8.176929552477873011e-04,8.124996986603674623e-04,8.137947472840713825e-04,8.198678078215166590e-04,8.221842492421301907e-04,8.202416095825112953e-04,8.220015439268850248e-04,8.224030015048165417e-04,8.186675986707498288e-04,8.154950367459508570e-04,8.195301630907971153e-04,8.176381492344607068e-04,8.183368334262653039e-04,8.203980298804738154e-04,8.175758344860029406e-04,8.178929564958190403e-04,8.156500320750597428e-04,8.166185473448247037e-04,8.229683852359286457e-04,8.133726474427653390e-04,8.198333546359817771e-04,8.190680349628115618e-04,8.215631318939775997e-04,8.172871201516825317e-04,8.213665098150826427e-04,8.126364630003229126e-04
8.123088107143118476e-04,8.043261198601622244e-04,8.079843657061080639e-04,8.103548511526448934e-04,8.092899074978675798e-04,8.080491273202165727e-04,8.090373001450385697e-04,8.090308618602466608e-04,8.146375736060583765e-04,8.131759195999533349e-04,8.108397695494285688e-04,8.052107714534139510e-04,8.063531833206937990e-04,8.076941508236946477e-04,8.079750244103558457e-04,8.144676849624217767e-04,8.106580429631691717e-04,8.148333523160156047e-04,8.111748706006082161e-04,8.089566610474467059e-04,8.052925340504393835e-04,8.033290903660814586e-04,8.128848301197002385e-04,8.082875017271839773e-04,8.148247671883521431e-04,8.158961621062116830e-04,8.067951146749903317e-04,8.116507609033413347e-04,8.101491752570962957e-04,8.078603955495230202e-04,8.076560231514394450e-04,8.116421660300973369e-04,8.082188528066410393e-04,8.097044779495243165e-04,8.112242503181513360e-04,8.064103265315748087e-04,8.121221406605827649e-04,8.121707740284429822e-04,8.113704074010165196e-04,8.113381261704975421e-04,8.120116589147473784e-04,8.112181793121318180e-04,8.078036757257824616e-04,8.082726230273964540e-04,8.081102801809848715e-04,8.103279920476391413e-04,8.109132917323624628e-04,8.126603256600814637e-04,8.064192081196844145e-04,8.093869042828910187e-04
8.018732851097437955e-04,8.004645248915412273e-04,7.937257514206906518e-04,7.997070325110025493e-04,8.022043467397730080e-04,8.026319557583436095e-04,7.986954863633183082e-04,7.962391498611307928e-04,7.992795959159052334e-04,8.059863175065041250e-04,8.005218653621712453e-04,8.012049406427311548e-04,7.989432767765809133e-04,8.039177915275404727e-04,8.027470031171001419e-04,7.988047892042578983e-04,7.994501469681832267e-04,8.001675641622303442e-04,8.071048225503001192e-04,7.994215902193677666e-04,7.999424609163729863e-04,7.969756384542910684e-04,8.028838141685252453e-04,8.053780915795917148e-04,8.044521097733119564e-04,8.041584609841587444e-04,8.060804384921051819e-04,8.078971541156347710e-04,8.038726419979667958e-04,8.009886547692300282e-04,8.013954195196874289e-04,8.018456724037998804e-04,8.018805073326296150e-04,8.019476063277929979e-04,8.018383566420712654e-04,7.997140185875721086e-04,8.022020897606409922e-04,8.070455864782442737e-04,8.012417720925676771e-04,8.054520792506904411e-04,8.035894589040275780e-04,8.012723312625188348e-04,8.062954844776368864e-04,8.042928764121987442e-04,7.989385431635817256e-04,8.047609374133001545e-04,8.025625165725414067e-04,8.060145518640607137e-04,7.997939445982416712e-04,8.031628195510930653e-04
7.912931023010240849e-04,7.921367771779920259e-04,7.923379456831869784e-04,7.982316272886631195e-04,7.942460780947292222e-04,7.983829321871509710e-04,8.039147537321791838e-04,7.922146733232780617e-04,7.929020678331700220e-04,7.920593151745536787e-04,7.919207295886864428e-04,7.978739001569234426e-04,7.925945200452684395e-04,7.934050497525424288e-04,7.921083451140355745e-04,7.959741740243361395e-04,7.935843809208062470e-04,7.919343685651139726e-04,7.975490738785917652e-04,7.989102673501930971e-04,7.992678664729925206e-04,7.941979866545061020e-04,7.969029275172458907e-04,7.926007416003579128e-04,7.919143532876478419e-04,7.905608902599707164e-04,7.963816935611596525e-04,7.930601392412172431e-04,7.987041084846017427e-04,7.921378344846200176e-04,7.920909630727777364e-04,7.926300219987559041e-04,7.941801159438402653e-04,7.922735941380330653e-04,7.940949014313959621e-04,7.932407037288227887e-04,7.898023913869644348e-04,7.913118586580079232e-04,7.912816711117700132e-04,7.948093085263678104e-04,7.916996236697375821e-04,7.964392398991504808e-04,7.914312288626167841e-04,7.882065707151678959e-04,7.938619990695232722e-04,7.904756210992744522e-04,7.942365643002186710e-04,7.937626206214429573e-04,7.917136189104271270e-04,7.975738414631188987e-04
7.865462210751430561e-04,7.823526287696431700e-04,7.856130844511132047e-04,7.832382536878842961e-04,7.792593794627552996e-04,7.790400002337157653e-04,7.836394014989364566e-04,7.848064892867741629e-04,7.917036315836426365e-04,7.840923720991007859e-04,7.868600438601381893e-04,7.862254768578378185e-04,7.800364493104870473e-04,7.894589820685128179e-04,7.865178681151586753e-04,7.791451935052199533e-04,7.856745402217339778e-04,7.849816023833682552e-04,7.823761158459064270e-04,7.798395836781704107e-04,7.807987224534518539e-04,7.865614024165629289e-04,7.820476586570329017e-04,7.848526339511194098e-04,7.830690214033366294e-04,7.789748270147515887e-04,7.928590143765849169e-04,7.881872100495440365e-04,7.841856708041669479e-04,7.816840295953245013e-04,7.834323927267572863e-04,7.853516631241584450e-04,7.876491394141096718e-04,7.828961694679616298e-04,7.777584072411850317e-04,7.871545749349462013e-04,7.859374067924095519e-04,7.813088174786398830e-04,7.869314568006848887e-04,7.813749687485481129e-04,7.793981921669266254e-04,7.858929703441801728e-04,7.850139545152059030e-04,7.844058621538603027e-04,7.830933153414553188e-04,7.855976270121343454e-04,7.848817592688245390e-04,7.818724245708409118e-04,7.855973432566965790e-04,7.830284886013107355e-04
7.759322062565957977e-04,7.753509022443637018e-04,7.692822836968357019e-04,7.735628076420268152e-04,7.750652752379778290e-04,7.711401386448400947e-04,7.805339673352186839e-04,7.796349384913142536e-04,7.803604802769743484e-04,7.738965480409803728e-04,7.742883910014577032e-04,7.741193462908751858e-04,7.798107424768788371e-04,7.733777163533641112e-04,7.727128310662905982e-04,7.825677583073314958e-04,7.742892243584087496e-04,7.724452403222428678e-04,7.790196912954564694e-04,7.722440417575170959e-04,7.734209749820473859e-04,7.762325301277001651e-04,7.743667331177030112e-04,7.745072309201854422e-04,7.737858173091754490e-04,7.703643848230703811e-04,7.728625027167278661e-04,7.749675268604360248e-04,7.737365471842756661e-04,7.740739923249685206e-04,7.721960193002476566e-04,7.770848273525750565e-04,7.759076923254909323e-04,7.764980087383327890e-04,7.692159411174772027e-04,7.724006568611185754e-04,7.779524606466964006e-04,7.750521012330163599e-04,7.750528236017754620e-04,7.774078345510718364e-04,7.727846642880135865e-04,7.673861889069015160e-04,7.755765862467532256e-04,7.705596482904116754e-04,7.759082034306528149e-04,7.745125857691312126e-04,7.736989078875302012e-04,7.782811234518734233e-04,7.763108558527740668e-04,7.813227532100403298e-04
7.607685227770379045e-04,7.633615581633806935e-04,7.651094401596085590e-04,7.657139933979319538e-04,7.635116097852369822e-04,7.625630763835734675e-04,7.650411049780185156e-04,7.645723319310655710e-04,7.645308010247269361e-04,7.618881284908786975e-04,7.631003872567587330e-04,7.667555348139943466e-04,7.689475761837383846e-04,7.615619499051632171e-04,7.611767388693503784e-04,7.655472219072953759e-04,7.647150385956671481e-04,7.644253800889494639e-04,7.654120692938586653e-04,7.608780972164359531e-04,7.641310219866652344e-04,7.628241123100168095e-04,7.594169102224139966e-04,7.647494905307424418e-04,7.663728109029454595e-04,7.611004506830801710e-04,7.632145328053806677e-04,7.622407633427860825e-04,7.632008417405858813e-04,7.689017519706579451e-04,7.628615401609637955e-04,7.640657756777313259e-04,7.646338977101478857e-04,7.671557431150543508e-04,7.659473904975435928e-04,7.686566226248630652e-04,7.694316734621046592e-04,7.620202409188284783e-04,7.631133892308364147e-04,7.655601422620031578e-04,7.637036776375077550e-04,7.675971929266629974e-04,7.634250739736588801e-04,7.619291277602758313e-04,7.642295330752516425e-04,7.635309284587870693e-04,7.642847557217188762e-04,7.649928144611000541e-04,7.636837779883661392e-04,7.679704930898952845e-04
7.542356875472483197e-04,7.572052505233846419e-04,7.523400333205688484e-04,7.493515779673213433e-04,7.580568493514701313e-04,7.568401837994324314e-04,7.530405910891191249e-04,7.537595522276966265e-04,7.530019970879539733e-04,7.512740303308937384e-04,7.545503441451890080e-04,7.543610581054978944e-04,7.519798472765897674e-04,7.581083286238224491e-04,7.539852735135055576e-04,7.553137638164324902e-04,7.578636723996571168e-04,7.499292348116252038e-04,7.580723397692553083e-04,7.535211722086641558e-04,7.516520937470966800e-04,7.526082462720747697e-04,7.542567335192626064e-04,7.537511372131764633e-04,7.570535514188694859e-04,7.581464438004806468e-04,7.560132768651212564e-04,7.632474100704978413e-04,7.529427940606036630e-04,7.558990808502378351e-04,7.568535444600187762e-04,7.555546469671721877e-04,7.569687237685665711e-04,7.542837248170847306e-04,7.509612467128324231e-04,7.522814773430281038e-04,7.561065080303384879e-04,7.545906783420021141e-04,7.516685236046815721e-04,7.512314120825641347e-04,7.604146797221008171e-04,7.538557921100677486e-04,7.543059149692289992e-04,7.506513145667884903e-04,7.586605152808926925e-04,7.570922089086226138e-04,7.561348345628863491e-04,7.492518092676653989e-04,7.575880085334387240e-04,7.502150378288240974e-04
7.437697092982923286e-04,7.444133364848476648e-04,7.414206429253469800e-04,7.398736447191114809e-04,7.452937906547634026e-04,7.412409092841134965e-04,7.436048336566102469e-04,7.419787982285554282e-04,7.456061877156790500e-04,7.448625649491512606e-04,7.427251472864155549e-04,7.446708333679265442e-04,7.528339952264605488e-04,7.433210593054333064e-04,7.441019638044594695e-04,7.484485210728080307e-04,7.487091390750665303e-04,7.399953145852600960e-04,7.466826715327628053e-04,7.397910437348185608e-04,7.417613341288903156e-04,7.430090173997594633e-04,7.442086832148684696e-04,7.430061277280419502e-04,7.471777793555121113e-04,7.435830253830793450e-04,7.496247858785397115e-04,7.443672532319938698e-04,7.480338979443032759e-04,7.438822325939284559e-04,7.440307104799468102e-04,7.410170433672112538e-04,7.458861887239280532e-04,7.455738057053943550e-04,7.464595647212962995e-04,7.394216629890359386e-04,7.425100915421439188e-04,7.448258284656689631e-04,7.443529578908090897e-04,7.454858328986386715e-04,7.421692458552650628e-04,7.487936024441815483e-04,7.463362417178130877e-04,7.440142771704131219e-04,7.402444994906364970e-04,7.381615991377038413e-04,7.399451906632319382e-04,7.473833938491180424e-04,7.431709427017565289e-04,7.437732088020084344e-04
7.330229113331041988e-04,7.304202873740377232e-04,7.367161477308754912e-04,7.368497966071481170e-04,7.297399991656501475e-04,7.342270485189268886e-04,7.345204016198733253e-04,7.371620843731963371e-04,7.364173509997165492e-04,7.312794525685238243e-04,7.305993801201498368e-04,7.358646131170665846e-04,7.330412235388936984e-04,7.364221295732799799e-04,7.355247146697151042e-04,7.291563987736314218e-04,7.311238841663401586e-04,7.327814906195351816e-04,7.327743484006446527e-04,7.278911158192697978e-04,7.313054213795240665e-04,7.279281452963117394e-04,7.351694752834673488e-04,7.324017588289803747e-04,7.349657627437898621e-04,7.329795286031702724e-04,7.334854704465387960e-04,7.298914484043068310e-04,7.339945733226918047e-04,7.297106872803979082e-04,7.318797218118543776e-04,7.362994693236864056e-04,7.308701841379671360e-04,7.293624450954154948e-04,7.343426841338293641e-04,7.234833286236513200e-04,7.326817069842089152e-04,7.328406856374362682e-04,7.319246654546167656e-04,7.301453637768764299e-04,7.293770492367051194e-04,7.357836940152420301e-04,7.322847174938320724e-04,7.319801386490284783e-04,7.351512778888211891e-04,7.275422320843759902e-04,7.332190078012047925e-04,7.349133216335705958e-04,7.271401219176044104e-04,7.230755238270448896e-04
7.181977097556063467e-04,7.214532689177440223e-04,7.282161638408199888e-04,7.185815779078314359e-04,7.204116512761043470e-04,7.131556194402419776e-04,7.183849041266924303e-04,7.243515595023658016e-04,7.209945380458576258e-04,7.210220831716494545e-04,7.218991265853963750e-04,7.140248491175882600e-04,7.187087887863011183e-04,7.232422473211751754e-04,7.211832216522055111e-04,7.233417578124648646e-04,7.198965936283831376e-04,7.194640122458657340e-04,7.181714751704086413e-04,7.153608806565369066e-04,7.184383757994692969e-04,7.216432334219444276e-04,7.195545527794709219e-04,7.269499077292954385e-04,7.184295889095230645e-04,7.218553936841200051e-04,7.138382464037415455e-04,7.196354976542077096e-04,7.215005361925959934e-04,7.173834987408349122e-04,7.173199025235729200e-04,7.214016475418283045e-04,7.168325034345999266e-04,7.199891550045975711e-04,7.169973775579549860e-04,7.225778593181311554e-04,7.207141463886975082e-04,7.223862679723776778e-04,7.184634552034499348e-04,7.200868831286792249e-04,7.252245847328885270e-04,7.245122750966621027e-04,7.190027654773683934e-04,7.222881581896584960e-04,7.237228991418053837e-04,7.224058464494435968e-04,7.247331440696266457e-04,7.228307333733804052e-04,7.186022847543666135e-04,7.225960443045214687e-04
7.085207657187032057e-04,7.075139919731357951e-04,7.118040776032102251e-04,7.063778673481405784e-04,7.080877044763022026e-04,7.048082454683645120e-04,7.049204042121515364e-04,7.125281136905062609e-04,7.103113926867580391e-04,7.065286807669396690e-04,7.064664195787059755e-04,7.056617991107120690e-04,7.125317165818810441e-04,7.117166829570593283e-04,7.087980987166949331e-04,7.098362102443595044e-04,7.090990414222045693e-04,7.077676697902235978e-04,7.109604740428396600e-04,7.082516157108664258e-04,7.109721891295072305e-04,7.081314247210185276e-04,7.095039304161140535e-04,7.072062087943297446e-04,7.046938003565415094e-04,7.083790428221466281e-04,7.107059071171319044e-04,7.065110905065733176e-04,7.057220053669132839e-04,7.068327980645395950e-04,7.096526206312379860e-04,7.073191367951769471e-04,7.070021359227190213e-04,7.110883581242936945e-04,7.097608528687231622e-04,7.040559009177854493e-04,7.104631924135935668e-04,7.051242934483621877e-04,7.049612538531433012e-04,7.043534938531509837e-04,7.049692662664679187e-04,7.122595514033577867e-04,7.074917960839872304e-04,7.098241002544665793e-04,7.039835702570936471e-04,7.127825777244584625e-04,7.093241958732440572e-04,7.076981166336832746e-04,7.082350152807464876e-04,7.021418351269273408e-04
6.938349795284323761e-04,6.982358412945144800e-04,6.936807302922571271e-04,6.955914428540267399e-04,6.986902109266876493e-04,6.974378320122526839e-04,6.910902953498963396e-04,6.941131038962824193e-04,6.954641074305575269e-04,6.949355962686312987e-04,6.932600975179378571e-04,6.983484016830624657e-04,6.966196024430296998e-04,7.006921010881349797e-04,6.975076479728410618e-04,7.001550719863249353e-04,6.985832517560832278e-04,6.978534294702741373e-04,6.945201373255951343e-04,6.980911107197698001e-04,6.955005208903406724e-04,6.957361454900844655e-04,7.009753609843626847e-04,7.003193791056989016e-04,6.929702576448870882e-04,6.958712424843151037e-04,6.964036000330502173e-04,6.974433422825557704e-04,6.943806464669509100e-04,6.970841301287483216e-04,6.998276949862168844e-04,7.010781236377626241e-04,6.963122839886649786e-04,6.953114675170416793e-04,6.947524592318193252e-04,6.973198404167229312e-04,6.952029621248335955e-04,6.972124324370588232e-04,6.979954357844109182e-04,6.959388636565925351e-04,6.946433816784140227e-04,7.020708770441487371e-04,6.974058114613820381e-04,7.025542606091711613e-04,6.961397631836409826e-04,6.959272527140471102e-04,6.970842236567045347e-04,6.909599459552315682e-04,6.924646803565663892e-04,6.968930342832866829e-04
6.854509557014207711e-04,6.878271512460649474e-04,6.833092369141440100e-04,6.883686470011758001e-04,6.810555174681510830e-04,6.802103426490738224e-04,6.817081784487487783e-04,6.867346887599530851e-04,6.772221617297393033e-04,6.831494109919190741e-04,6.881449266778257457e-04,6.848720723162725430e-04,6.874597379593155822e-04,6.823548089417297161e-04,6.811862726348045637e-04,6.841951328623334036e-04,6.804240083180467750e-04,6.842176905635490372e-04,6.873847248567893685e-04,6.842540297003918024e-04,6.869756694846729283e-04,6.809988149350116584e-04,6.848614000994288900e-04,6.864171721613216955e-04,6.855679864933037024e-04,6.804277284205199157e-04,6.876947603511337050e-04,6.839022294815035822e-04,6.836074415328263895e-04,6.801409285549802784e-04,6.859966044917334936e-04,6.790279581212896797e-04,6.886904628063768210e-04,6.874572710776432304e-04,6.809767682499677857e-04,6.830703724247455880e-04,6.842038095198417665e-04,6.888777593347548620e-04,6.894139954346636739e-04,6.861732723645704501e-04,6.840890472620177881e-04,6.856101807138920015e-04,6.803714833605390214e-04,6.810011511514910435e-04,6.849971169197754169e-04,6.824739347176825505e-04,6.848481588505899624e-04,6.874753504046615584e-04,6.865925794737859876e-04,6.877794016005610907e-04
6.793541467274855907e-04,6.722642014386973194e-04,6.713041452698314919e-04,6.682271644322509887e-04,6.640117560703149126e-04,6.734981812810776278e-04,6.637063880070474082e-04,6.668489285004960488e-04,6.696192783563877310e-04,6.701271895514401529e-04,6.653069229099782067e-04,6.753291211025063984e-04,6.710748045628758688e-04,6.735909012671613318e-04,6.704782342407295285e-04,6.692769554907762423e-04,6.772747449326395070e-04,6.667508638121634251e-04,6.676812576890362805e-04,6.708516782843895699e-04,6.700991870006166610e-04,6.701592324344011857e-04,6.732207418338922566e-04,6.711574837781831204e-04,6.728988664278890775e-04,6.704373714250962644e-04,6.711143002198214410e-04,6.715752173202444754e-04,6.708879650793301468e-04,6.709143342764838742e-04,6.730595131736581303e-04,6.690928433762836696e-04,6.697945184441419239e-04,6.756214358892467364e-04,6.728137469720515658e-04,6.662846321357443089e-04,6.705653658242382263e-04,6.638833721699826437e-04,6.749002170734849258e-04,6.700920519390965316e-04,6.707228151402656229e-04,6.697743006660846279e-04,6.740671812977335354e-04,6.774295892450139019e-04,6.771236240329181824e-04,6.671111730795387280e-04,6.674152381537511473e-04,6.729898575894963011e-04,6.701832159890465032e-04,6.691753454597463560e-04
6.542702303686553401e-04,6.521000685498416598e-04,6.542674026514044491e-04,6.583050946897431137e-04,6.569733369377350231e-04,6.581430913059143576e-04,6.550408383059521788e-04,6.541808309901939482e-04,6.586025004434204215e-04,6.534799668444291661e-04,6.571251417113516862e-04,6.632960912946236215e-04,6.526390857820836902e-04,6.526384174487649898e-04,6.524343775427386303e-04,6.610705641245521232e-04,6.579087217212515725e-04,6.589607751122542132e-04,6.545157269394025982e-04,6.538056486528228935e-04,6.558764188760843241e-04,6.565153983980481518e-04,6.532890010282252878e-04,6.617864046926287287e-04,6.496080569583033947e-04,6.547298292332823537e-04,6.543592068657164791e-04,6.585010997723234625e-04,6.618151823444763833e-04,6.511792385649905644e-04,6.595289582607125793e-04,6.543668033669846739e-04,6.551478668359918961e-04,6.570658017895700384e-04,6.514246976892966922e-04,6.568174894075593699e-04,6.605263206824478657e-04,6.581121128093742317e-04,6.554134812227144355e-04,6.559528292720114223e-04,6.572402731428744370e-04,6.546408884098675433e-04,6.510585773149781983e-04,6.561261585142767229e-04,6.609666473696825190e-04,6.541219631186190580e-04,6.540575707141431426e-04,6.582557939970013448e-04,6.561577407658774437e-04,6.564119697874922551e-04
6.429881811456967947e-04,6.405630439408193256e-04,6.438364602383832725e-04,6.393844566700801176e-04,6.438136255123644769e-04,6.446260216123069191e-04,6.431529436294632215e-04,6.428724823785628281e-04,6.462270010631036843e-04,6.393346788558880358e-04,6.418766914194554271e-04,6.353969694254183983e-04,6.426111812472562078e-04,6.342892110517086733e-04,6.436036145605074886e-04,6.449098500221051543e-04,6.467075416073357489e-04,6.357664712870708494e-04,6.395020312681457507e-04,6.441285118249594731e-04,6.386458152106306305e-04,6.431037998053694069e-04,6.404416064561688693e-04,6.435643687721424953e-04,6.449955046201669281e-04,6.409108696711444128e-04,6.450814336656349093e-04,6.455747131483089568e-04,6.425078476617174629e-04,6.470973191696853793e-04,6.378999475128811292e-04,6.427555672957365991e-04,6.413837498099652376e-04,6.444324475045475368e-04,6.408874900862722695e-04,6.444664564948172133e-04,6.453035439446479617e-04,6.428873753785695633e-04,6.455742739941021423e-04,6.381297604549712125e-04,6.407324535759741741e-04,6.382698734736516003e-04,6.423217979982726641e-04,6.401567308568348108e-04,6.439256472001548496e-04,6.387573085214854826e-04,6.448510906444657794e-04,6.336366614359392529e-04,6.406862772768942733e-04,6.454827311152189955e-04
6.272992846910783278e-04,6.300039644462882048e-04,6.283388287079130427e-04,6.280181243124925271e-04,6.297393798556491420e-04,6.264966586612463533e-04,6.330209675611994354e-04,6.265146200378078796e-04,6.245204367214868182e-04,6.300126729785040852e-04,6.245199520447997955e-04,6.236799105561553541e-04,6.271412788071893630e-04,6.270325749456478635e-04,6.321589865030837179e-04,6.215737989307177453e-04,6.272785690461074289e-04,6.264099778695689279e-04,6.272091956136018054e-04,6.306413336295542491e-04,6.235140016667460941e-04,6.277978071609606079e-04,6.299733770590638026e-04,6.324316018943875514e-04,6.267011197861906396e-04,6.294982464042821061e-04,6.309329210854915798e-04,6.247646880318968475e-04,6.290070424577819770e-04,6.242892129906716346e-04,6.238565937300871202e-04,6.271438564342732540e-04,6.271363996357340450e-04,6.338488317484107125e-04,6.264090970227712994e-04,6.307741958845500783e-04,6.309689932158441851e-04,6.283957775583347933e-04,6.284646038579559538e-04,6.252437242832846508e-04,6.296322407284773862e-04,6.270651564580876974e-04,6.275805218170715186e-04,6.258319243717990268e-04,6.298726867242074095e-04,6.259735139983361269e-04,6.293809536428786626e-04,6.283781254136680235e-04,6.243317221134702527e-04,6.229292147993879510e-04
6.161065419275626662e-04,6.127575103624262722e-04,6.148629748103176269e-04,6.159704958700036679e-04,6.096216853177174747e-04,6.175523033147192059e-04,6.128489804313977819e-04,6.173954414686430754e-04,6.177823185924901598e-04,6.113864431942862875e-04,6.165235112224468680e-04,6.135427364099974501e-04,6.094610641381476446e-04,6.020947901924358567e-04,6.101872824671459097e-04,6.086187961773924671e-04,6.078540662822842517e-04,6.128675282249883933e-04,6.182222538640433709e-04,6.113800114731675946e-04,6.123593001607674806e-04,6.129758455991852692e-04,6.054847467277509141e-04,6.147257732061857036e-04,6.122475555384420797e-04,6.145378272430200312e-04,6.108730311417370339e-04,6.180492448858386761e-04,6.125440564200705694e-04,6.136173320644849622e-04,6.154666738879601426e-04,6.110288875094037559e-04,6.128816851113292295e-04,6.072965402362807399e-04,6.081981039447839936e-04,6.149323136030087960e-04,6.109807760893541401e-04,6.151890331191126309e-04,6.108946352000484397e-04,6.108133031112409489e-04,6.052829375384787729e-04,6.159353959251659882e-04,6.163966114556420446e-04,6.095950544727057451e-04,6.115116758453764288e-04,6.108679511394825680e-04,6.166822751696911936e-04,6.092149973672104793e-04,6.137008675144831104e-04,6.146368216988821152e-04
6.033973183390801227e-04,5.934161272340273893e-04,5.971667768337723253e-04,5.919563116327877534e-04,5.988119018544318288e-04,5.977773059646474636e-04,5.974516853921391308e-04,5.995499656561423989e-04,6.000025000603544318e-04,5.977618753484407977e-04,5.997637527603761785e-04,5.923891351220348950e-04,6.024999695622211375e-04,6.000053556652412082e-04,5.967979104445065002e-04,5.972538134586055517e-04,5.955644263647476852e-04,5.979014121390340214e-04,5.972324284328379843e-04,5.982202948086777971e-04,5.904841342838523278e-04,5.912634917066878111e-04,5.921968230113476778e-04,5.996769593347866818e-04,5.979593769638269192e-04,6.012519352298659019e-04,5.971656786475308372e-04,5.989240800616392035e-04,5.947748134076560715e-04,5.933604007910024073e-04,6.012210090788370565e-04,5.948180863625184781e-04,5.945522074799430932e-04,5.929125074608285846e-04,5.961483269217999733e-04,6.030187824847889648e-04,6.010575537719639420e-04,5.925422858338396086e-04,5.922438604418292247e-04,5.924548765016139813e-04,5.979873659621396265e-04,5.988882325016234255e-04,6.046993821596951570e-04,5.982222328896780617e-04,5.967716075259998400e-04,5.961230379962088790e-04,5.968710182145841496e-04,5.998343317295144533e-04,5.968098391168684489e-04,5.976075396747340457e-04
5.796632898492719808e-04,5.819933012219205039e-04,5.837539576568473833e-04,5.851443112827370069e-04,5.848261836422062468e-04,5.836008072756998294e-04,5.774205274458843158e-04,5.799956785251169852e-04,5.817266758101643067e-04,5.849512467356582758e-04,5.806415204264134570e-04,5.800628590315037034e-04,5.818855062801930921e-04,5.807307806021224424e-04,5.806811930857791286e-04,5.808578827322364267e-04,5.799688432736626372e-04,5.828039948684243061e-04,5.813590016330795647e-04,5.871360085433530206e-04,5.754808904810251391e-04,5.819110369739066355e-04,5.877681724319225960e-04,5.816142500417142676e-04,5.797732446360079643e-04,5.835698413246469219e-04,5.857746485103869447e-04,5.822110371873542292e-04,5.799007763990013517e-04,5.806670489856295605e-04,5.878466713023928472e-04,5.787440400204056775e-04,5.843965512617878928e-04,5.809162083801064705e-04,5.834766794172717734e-04,5.881267824307006469e-04,5.874740712658845171e-04,5.810979947027571568e-04,5.798217447771189959e-04,5.792435573113575552e-04,5.795772702522390555e-04,5.825427505812580831e-04,5.852905743419947824e-04,5.739777565142113389e-04,5.828114015871529909e-04,5.838987256322565513e-04,5.829675557758013478e-04,5.835900519596404082e-04,5.794922423687807805e-04,5.820065509583664245e-04
5.657667596464244220e-04,5.609184803956915278e-04,5.653408376785582510e-04,5.725061587604113626e-04,5.639974922080480835e-04,5.643062180025813605e-04,5.653757492619466626e-04,5.683585112408423394e-04,5.631190367409885612e-04,5.649997915483335542e-04,5.638349112714377944e-04,5.637089297072424027e-04,5.655160042880512080e-04,5.649545287389903065e-04,5.668522986184926313e-04,5.688625246480136753e-04,5.673406590156042937e-04,5.642940302982755139e-04,5.649419805741856624e-04,5.663902889745603755e-04,5.604056612085092084e-04,5.656865252766286488e-04,5.611306147240477772e-04,5.659140333502868771e-04,5.664832860813689931e-04,5.612007084378749667e-04,5.661360109612725410e-04,5.723574893073342428e-04,5.676819550607252766e-04,5.662973980741751881e-04,5.722566639025572152e-04,5.613739445361771302e-04,5.606888185655781089e-04,5.703565619950933105e-04,5.658124902602515134e-04,5.708818117591944481e-04,5.657395249101644869e-04,5.654881803807066320e-04,5.693220021043889642e-04,5.638594471264264836e-04,5.678996389383880565e-04,5.655459615015865542e-04,5.625547586914209346e-04,5.691614588506700191e-04,5.601855623357303261e-04,5.715684304407516727e-04,5.644294224023835510e-04,5.626215429074000454e-04,5.706281483908974420e-04,5.671921767006161616e-04
5.452484068805486979e-04,5.472653244508031509e-04,5.543222253580891738e-04,5.494238534676992381e-04,5.524763064549080950e-04,5.470482882526682194e-04,5.460237934772861276e-04,5.414066231111163341e-04,5.528759727494456447e-04,5.467813569491107670e-04,5.480869141743179886e-04,5.441072236269048085e-04,5.481956365118312172e-04,5.470673386082899924e-04,5.518709933388649255e-04,5.455055228709543812e-04,5.473322993715879414e-04,5.438198319509216384e-04,5.497844891296212394e-04,5.412663010461640084e-04,5.463174023360330275e-04,5.461711522881493482e-04,5.470998464526578581e-04,5.499485713838291132e-04,5.486228988410407886e-04,5.521288595272557222e-04,5.502317389613139986e-04,5.485565208152045052e-04,5.410874305370618311e-04,5.454657327877199041e-04,5.479269129860605712e-04,5.440701532082588103e-04,5.435412170891405336e-04,5.540587374853881471e-04,5.465952551087203699e-04,5.545438071724770844e-04,5.498395061964510668e-04,5.499667026591731822e-04,5.474252414101071123e-04,5.470934877385342544e-04,5.411145985831505856e-04,5.452713706277984755e-04,5.522277732669338525e-04,5.466443149511904459e-04,5.516927125424703421e-04,5.494711745150314929e-04,5.510323126066371015e-04,5.457697910469036387e-04,5.449611333901747219e-04,5.468627211745053776e-04
5.342908487573991977e-04,5.288627167035036799e-04,5.271320579682107783e-04,5.262937370839689986e-04,5.279232278679579218e-04,5.369070798119618231e-04,5.239434854268337338e-04,5.332034282602696922e-04,5.248933751115086041e-04,5.238582248018427067e-04,5.320249148956229931e-04,5.330488920769343997e-04,5.285720863331861991e-04,5.278222596396051200e-04,5.316342452475752989e-04,5.309884135353871732e-04,5.294893632495820644e-04,5.236711584572761305e-04,5.277752871348654392e-04,5.320097951634587949e-04,5.304235596228110096e-04,5.315960639104725738e-04,5.319467703238324376e-04,5.328316368339093860e-04,5.299178401460590340e-04,5.277692642895917118e-04,5.312971128931141471e-04,5.309069788482294024e-04,5.342787811772751116e-04,5.369049543318164201e-04,5.312544988682209226e-04,5.269969410578351264e-04,5.302118578235574635e-04,5.247915967953579617e-04,5.290585728060422923e-04,5.296713286798169834e-04,5.257878362788003315e-04,5.307845688999742947e-04,5.299523207785476970e-04,5.308695757313054058e-04,5.262212170358175969e-04,5.281000165884558581e-04,5.294025598179107756e-04,5.264468042548584243e-04,5.371704582947899303e-04,5.284596182125239280e-04,5.301750957542448366e-04,5.266314296272083277e-04,5.345447428677912310e-04,5.323147962035357054e-04
5.151214738171302826e-04,5.110877310610987233e-04,5.083800916766513045e-04,5.116416977272080033e-04,5.157234867954611952e-04,5.196171006756478269e-04,5.175671979251149097e-04,5.093011630670769667e-04,5.162581413268910700e-04,5.155439175344543731e-04,5.186500203894216536e-04,5.104524400007878640e-04,5.145347681119354696e-04,5.083002525230897279e-04,5.186986848775899158e-04,5.075276874080283072e-04,5.144458296243499974e-04,5.144576152343026962e-04,5.083943304501098871e-04,5.105816021458127810e-04,5.181259096784925034e-04,5.094509568021280289e-04,5.148653977383349815e-04,5.128462591521548838e-04,5.149173815109578519e-04,5.100963939856040458e-04,5.138798405391546264e-04,5.149225694964225820e-04,5.142588860743510125e-04,5.181371166550522659e-04,5.139815832587568819e-04,5.129487175666130579e-04,5.122081453191001769e-04,5.166981861493706628e-04,5.149315188721269526e-04,5.119516885219954584e-04,5.095904808169043898e-04,5.185071209385606807e-04,5.112396118606010601e-04,5.157663722087546705e-04,5.115302504997708321e-04,5.134021892849461579e-04,5.121869025555053547e-04,5.143317344836170800e-04,5.130307649504624963e-04,5.060500209300950814e-04,5.099311075103036455e-04,5.161448663483967324e-04,5.130994288699696360e-04,5.139891440662966134e-04
5.027990182487760340e-04,4.958432403560984573e-04,4.874578885607015310e-04,4.971984639719780443e-04,4.898994041937047850e-04,4.915669250624309832e-04,4.857545928807137869e-04,4.854587218740535610e-04,4.943574375182295012e-04,4.927935527315543702e-04,4.988106065758222615e-04,4.936009959838318301e-04,4.916291298138879837e-04,4.947218554013122242e-04,4.967597709951748677e-04,5.013646044988434710e-04,4.942913146619145812e-04,4.948702440898125002e-04,4.881074225497991810e-04,4.908522439078603352e-04,4.875644825673045393e-04,4.940659460442725637e-04,5.041775837028791840e-04,4.905349255490112827e-04,4.928471445359552863e-04,4.933454084089082146e-04,4.939080983632049933e-04,4.891664756947909296e-04,4.967854029818205694e-04,4.889688591884077014e-04,4.940633176624007134e-04,4.922979540191814093e-04,4.861972591490617548e-04,4.951960494207639698e-04,4.957296994159820364e-04,4.949481599932020011e-04,4.963211874850585997e-04,4.955379507826054202e-04,4.961515935984274787e-04,4.956318719412970090e-04,5.002157254881154725e-04,4.965553180586776806e-04,4.964907339139187177e-04,4.931256296867738255e-04,4.983312905282386972e-04,4.972085750845128480e-04,5.021362312199011135e-04,4.977074143396318425e-04,4.998816618941832142e-04,4.957321680355970773e-04
4.733979623104308523e-04,4.716206887721134688e-04,4.722780459471113707e-04,4.809426627954866708e-04,4.790039662863276805e-04,4.753448695809710809e-04,4.774948084369601362e-04,4.710033255594580303e-04,4.688183916585230739e-04,4.747599542456631722e-04,4.745710320686923945e-04,4.775881551969489154e-04,4.799937549655981317e-04,4.834135351929401783e-04,4.740208870122221006e-04,4.748001843284065365e-04,4.758646425442101635e-04,4.776841368328608810e-04,4.688256458253266734e-04,4.834154286007710907e-04,4.822006854257300198e-04,4.719079677192559454e-04,4.731041359583718011e-04,4.723554339486154717e-04,4.816273347096877971e-04,4.772322688699737712e-04,4.760561506921249402e-04,4.734516342613098185e-04,4.773622850356385935e-04,4.683657963629231347e-04,4.760244829709027133e-04,4.756971701482112986e-04,4.760912924837979159e-04,4.734367665545844415e-04,4.752116447319566935e-04,4.696035146899100185e-04,4.727784258241459424e-04,4.768165660663403098e-04,4.786405091664401958e-04,4.776367839621459385e-04,4.769571478682008321e-04,4.758081235764433851e-04,4.773790057783358696e-04,4.749105179429884030e-04,4.761828969485124409e-04,4.752095212892140349e-04,4.798385390304971132e-04,4.751254987740605889e-04,4.712459415412959029e-04,4.750896700820438252e-04
4.599993579830421336e-04,4.575126337346924698e-04,4.487974062874035340e-04,4.544495855352081006e-04,4.582802152520432776e-04,4.563262337086150771e-04,4.552676263255666365e-04,4.500482912478961733e-04,4.569919727646153487e-04,4.589502767530726228e-04,4.578932838676712464e-04,4.621451966965959830e-04,4.568272373710714567e-04,4.577999208580801091e-04,4.587892476844162995e-04,4.528601348471524577e-04,4.605689322797336220e-04,4.533631818511484816e-04,4.580696139804693525e-04,4.510699378185652783e-04,4.572775343427713302e-04,4.531762683937793821e-04,4.509670619871641883e-04,4.556549786975269364e-04,4.551719072294154356e-04,4.521781345105784227e-04,4.530558570074166434e-04,4.577982830719235776e-04,4.549776669215061030e-04,4.545369319615761216e-04,4.607769885130903742e-04,4.554458208375591790e-04,4.588428016623492920e-04,4.543024810117983329e-04,4.582178679919186501e-04,4.542129313467262023e-04,4.579265286388313244e-04,4.574428101294466696e-04,4.492671128143687883e-04,4.598324685392238828e-04,4.536503869758622110e-04,4.628957696833002275e-04,4.565097428625790842e-04,4.543190002641973673e-04,4.556132741838246278e-04,4.582333224104883371e-04,4.544661376266246103e-04,4.582212418035229266e-04,4.556606800946826487e-04,4.608519144077073454e-04
4.330366096014541468e-04,4.359579469355415356e-04,4.422695978005308825e-04,4.354712915466793142e-04,4.409520555218711065e-04,4.349762758231644970e-04,4.340026457847293039e-04,4.298193087261948492e-04,4.360631452771202921e-04,4.378599031324008112e-04,4.346828884641460410e-04,4.384368669286865003e-04,4.358309304466493673e-04,4.409516938225847534e-04,4.378674833143566224e-04,4.325476987837915499e-04,4.316715485952676368e-04,4.325596843160741875e-04,4.328159119267681169e-04,4.388932451121196616e-04,4.371943216635918827e-04,4.389156985662954753e-04,4.395464061930214072e-04,4.377884972415207348e-04,4.372939399251292675e-04,4.382944116861468582e-04,4.378603759716329894e-04,4.360332059979912930e-04,4.317996705908877953e-04,4.396298890476866270e-04,4.369734725119194625e-04,4.371369925948243376e-04,4.325944278507583610e-04,4.334937690776880003e-04,4.369544940011129428e-04,4.344497595085247579e-04,4.379157281669160168e-04,4.358568784857854545e-04,4.317343102675752736e-04,4.303385108205723094e-04,4.345589838766157403e-04,4.318729671082892048e-04,4.388280441421555820e-04,4.402825987659146276e-04,4.386795817203074281e-04,4.376249858609520204e-04,4.426067032916067658e-04,4.397590687439284257e-04,4.385709937095215666e-04,4.416674013370796431e-04
4.139315483082351647e-04,4.218642204676259109e-04,4.143907792884806373e-04,4.199601806027295327e-04,4.115295501684466039e-04,4.230496753537972402e-04,4.139580710897616507e-04,4.234362616349453333e-04,4.185560032570825330e-04,4.095868207139551076e-04,4.166705524048940784e-04,4.176940176123204859e-04,4.136526020590204525e-04,4.224576297262131754e-04,4.210523365247116276e-04,4.129028058692172623e-04,4.172364925363004017e-04,4.187271637122102694e-04,4.242477680905427668e-04,4.200909908290501255e-04,4.152663277149494883e-04,4.173467762031546195e-04,4.143235991607131471e-04,4.147122353098800030e-04,4.169588943094157895e-04,4.172024354919431606e-04,4.213890073822033422e-04,4.206474459418830429e-04,4.090668408268556002e-04,4.162051903245963104e-04,4.168587925586190882e-04,4.105185801800947921e-04,4.126416663579896157e-04,4.184813894390006402e-04,4.145765895308659607e-04,4.158369629951716093e-04,4.152396108506949774e-04,4.108632366673818995e-04,4.144242308802288232e-04,4.185629848807503948e-04,4.184935156099462111e-04,4.111447522056991557e-04,4.157455154748138462e-04,4.112565571767198358e-04,4.111392827356980082e-04,4.203092000323179703e-04,4.155102741934472012e-04,4.192555434000179589e-04,4.179409965795852396e-04,4.157430145312046837e-04
3.978929184424463954e-04,3.968455650924677188e-04,3.969057805460853082e-04,4.005053587381806560e-04,3.978944840026993378e-04,3.940005593150680378e-04,3.893879410187602464e-04,3.944751848087832196e-04,3.935150793328176478e-04,4.009418197988940074e-04,3.954512410385052417e-04,3.941219615873461425e-04,4.013331592478791262e-04,3.978023054928375127e-04,3.934222359006372830e-04,3.931939430535003228e-04,3.984469140696143244e-04,3.972437165350403720e-04,3.911065425119812536e-04,3.961744920018517540e-04,4.037905915658631978e-04,4.015024690923985843e-04,3.922061479101438550e-04,3.954273767034390116e-04,3.947725350344559697e-04,3.978671060921069326e-04,4.002852945817171539e-04,3.943555578658267634e-04,3.985039938428167755e-04,3.929676927189091782e-04,3.953217039134332032e-04,4.028002933952632499e-04,3.950337035337846527e-04,3.991279337830458298e-04,4.045167863039806949e-04,3.927557063824296032e-04,3.955788398483485804e-04,3.895179571059406492e-04,3.987837556598407382e-04,3.964500134064345596e-04,3.908646579660809690e-04,3.934310428080877711e-04,4.002785990169139304e-04,3.880071369155337069e-04,3.973432166223089920e-04,3.930988365553000582e-04,3.915998421500637848e-04,3.985585386624666024e-04,3.955682051472695650e-04,3.979271075047812953e-04
3.759545967763362057e-04,3.714616755083872501e-04,3.795815659845693077e-04,3.754572031534156328e-04,3.772023173493494743e-04,3.699238328380548431e-04,3.769528000040222346e-04,3.700375681908071564e-04,3.798477674548235926e-04,3.772199049531795392e-04,3.736160918716559080e-04,3.728780138768280619e-04,3.761795939702491020e-04,3.742943386654928981e-04,3.665582552982462575e-04,3.748835536659813434e-04,3.708749049484763301e-04,3.786123970566926053e-04,3.724344871322104295e-04,3.745183596130405258e-04,3.694780995392312026e-04,3.710506001547174198e-04,3.734597701279842555e-04,3.746931892261349769e-04,3.718815049572177624e-04,3.769371520997322634e-04,3.720421076352184464e-04,3.736592128553907922e-04,3.712404151128222661e-04,3.715663247922327541e-04,3.716087593413020191e-04,3.783528309586442180e-04,3.726173997998547351e-04,3.732999779083260444e-04,3.757936992479962279e-04,3.723883857683531608e-04,3.745306699875272974e-04,3.768877339918888189e-04,3.655857977220482256e-04,3.779684985644290638e-04,3.740142479652629475e-04,3.759659067767512569e-04,3.821239719743808644e-04,3.736012294199510708e-04,3.756368262531139353e-04,3.776234210153430848e-04,3.701433462386592406e-04,3.692133722160874506e-04,3.681575849199801597e-04,3.737007740159787282e-04
3.507122670466111553e-04,3.523168533422713902e-04,3.551947560247729245e-04,3.489743714209979581e-04,3.479904150333217364e-04,3.558494784275149860e-04,3.479439711039641957e-04,3.544672753248276267e-04,3.534403166735768510e-04,3.510952061455253448e-04,3.565589365139052000e-04,3.475869990351135763e-04,3.570956615460941998e-04,3.536114130737087421e-04,3.471616003687700170e-04,3.500041087263294315e-04,3.515035371750045907e-04,3.529710249999091988e-04,3.537231448460373059e-04,3.543638097330306896e-04,3.479417307298344380e-04,3.537304030790840159e-04,3.491279950832198368e-04,3.511767312425400711e-04,3.530573063445925880e-04,3.606757162190751213e-04,3.463842559437978761e-04,3.462425530816136800e-04,3.504698498272816880e-04,3.503948592927194649e-04,3.550869509493892288e-04,3.493431161913270193e-04,3.522067185302596871e-04,3.473500760329238939e-04,3.543607973722540149e-04,3.550358416003073663e-04,3.523070351076267124e-04,3.585809308643264832e-04,3.506643794264126951e-04,3.520685610026737093e-04,3.536249755180770988e-04,3.558506189008028972e-04,3.453191549040295636e-04,3.516894122258748816e-04,3.548174216641204509e-04,3.538079161492704698e-04,3.484881565690511147e-04,3.538970381969901028e-04,3.510197293281743999e-04,3.523032254486033535e-04
3.292402182123972741e-04,3.239453842364662284e-04,3.295390630306057494e-04,3.256308001248363793e-04,3.293074732834376517e-04,3.310071302470180021e-04,3.268448331827008006e-04,3.283318709864435159e-04,3.301673650125743907e-04,3.314109900832851868e-04,3.243909233854639328e-04,3.290274209565590183e-04,3.255740253266859222e-04,3.242781573536118581e-04,3.278793897713754902e-04,3.256263944291890467e-04,3.258550826351305123e-04,3.242402045184801670e-04,3.278671287454401140e-04,3.295434366754559528e-04,3.276925663979159066e-04,3.241449462272098184e-04,3.257949598831932393e-04,3.305638313126335582e-04,3.339195380151500220e-04,3.313984364747480553e-04,3.302449093103144279e-04,3.297271147544966318e-04,3.301078464052858139e-04,3.291459853032422419e-04,3.305197473352780102e-04,3.324462834103398688e-04,3.290619884553704641e-04,3.317214316884103779e-04,3.247905317630396201e-04,3.261052045082851801e-04,3.297856074608672807e-04,3.220716840436797183e-04,3.248053540826435813e-04,3.251362761961305945e-04,3.216182357762243597e-04,3.287439616537230088e-04,3.266608863559689740e-04,3.294543585049672699e-04,3.312123703322407842e-04,3.267030111008189055e-04,3.284321527719702340e-04,3.255672666703515673e-04,3.267573509704216729e-04,3.262116809686234744e-04
3.071688197962343394e-04,3.008130186978317296e-04,3.043190461829888005e-04,3.044224393617938479e-04,3.022273777984659784e-04,3.019373379194559867e-04,3.049454646042341964e-04,3.081128404269196062e-04,3.015081373581468029e-04,3.025423446498997563e-04,3.006316729733386111e-04,3.083857192024529051e-04,3.066552363297381928e-04,3.077621243313557022e-04,3.020664100326008405e-04,3.002289855977539499e-04,3.053776193684873386e-04,3.081563511562099809e-04,3.070212175015091401e-04,3.012041334314224440e-04,3.037747644192368215e-04,3.119984532050311377e-04,3.059577710939321259e-04,3.054799650617669843e-04,3.048901257668703234e-04,3.076018587775564031e-04,2.987548325272105609e-04,3.009404115440912609e-04,3.007343819339962951e-04,3.025186690877242372e-04,3.004917628054520028e-04,3.051158515210974573e-04,3.105915795733489842e-04,3.075881075846719349e-04,3.116600985511757457e-04,3.085115274808300934e-04,2.994098150313106088e-04,3.150825723949626485e-04,3.017108769050308578e-04,3.035763617562614028e-04,3.034655691423930406e-04,3.057924442637462224e-04,3.050585013256742572e-04,3.018700705790698050e-04,3.080777253081250547e-04,3.057398716150181925e-04,3.052001873108549693e-04,3.053793687217262656e-04,3.123557874578816707e-04,3.089610258616797261e-04
2.780471312944289043e-04,2.769070730004044513e-04,2.788018696086419479e-04,2.848598444006083998e-04,2.868402224157407302e-04,2.810262067429579610e-04,2.844450726076207399e-04,2.815727183246989921e-04,2.817870863334223761e-04,2.711522400701283633e-04,2.874705836347405362e-04,2.815496108512613080e-04,2.791041153939035962e-04,2.845719592602854184e-04,2.799603449655906485e-04,2.735437869850228373e-04,2.759593097216501197e-04,2.809734350458190934e-04,2.792910538191203094e-04,2.788979196707752541e-04,2.797594512177003861e-04,2.743780736827332897e-04,2.776792489760640721e-04,2.742841666867744822e-04,2.812140946182236376e-04,2.746284944464706516e-04,2.764933636234273183e-04,2.811377514612693924e-04,2.812254253930017672e-04,2.823493797542160188e-04,2.815777928324008370e-04,2.821027388166149870e-04,2.775069738097511621e-04,2.823424564948101480e-04,2.779409964959807960e-04,2.844882992220138158e-04,2.867121537636660271e-04,2.888274042030450762e-04,2.833676317846207395e-04,2.843079539833037305e-04,2.766827764189141786e-04,2.760126923505900123e-04,2.838484294364251783e-04,2.778196031018991007e-04,2.851812265126748474e-04,2.757105107322287813e-04,2.774437824028702952e-04,2.766855563757381628e-04,2.801220377368971023e-04,2.800575955950808014e-04
2.579349327278941889e-04,2.599124268672953100e-04,2.565756556639773645e-04,2.506654606649853919e-04,2.599107743929063774e-04,2.553322274089661029e-04,2.593650309424193703e-04,2.563769773438523327e-04,2.549579584454974928e-04,2.540246964122798326e-04,2.550838648300463593e-04,2.590484378312255974e-04,2.559770264924412760e-04,2.565507953191885739e-04,2.544603785410379519e-04,2.589658908664420832e-04,2.552544761392358465e-04,2.510622573632537310e-04,2.565874108827170255e-04,2.597296879501848218e-04,2.541149400022160395e-04,2.573501994158647289e-04,2.540573005836478941e-04,2.588324812431960277e-04,2.583756132535512174e-04,2.558012342175297561e-04,2.590748652759322646e-04,2.548260161897550379e-04,2.600721440634440351e-04,2.592465062733130174e-04,2.554027083773218669e-04,2.642620580225525542e-04,2.562253948901897825e-04,2.561600752592395553e-04,2.594981785494809064e-04,2.556921320857838431e-04,2.506086108785538337e-04,2.568168840553568494e-04,2.537445845194716992e-04,2.627491785528672085e-04,2.538148260006163138e-04,2.607975890707094784e-04,2.521886532994960218e-04,2.484191674959091724e-04,2.529351508888474541e-04,2.553889944387957968e-04,2.502981612374440045e-04,2.601053254244467257e-04,2.607850606484266877e-04,2.543884132743205045e-04
2.334577381835390461e-04,2.296640646420094122e-04,2.295764990354178328e-04,2.286308694884692455e-04,2.297283218733039501e-04,2.290666785790482771e-04,2.313194846772755942e-04,2.269738435657841168e-04,2.234242761252709306e-04,2.304956825983947675e-04,2.332233207465292575e-04,2.294917150917701563e-04,2.274378111762888842e-04,2.330030306593772909e-04,2.341986278269448068e-04,2.272559267625051899e-04,2.326737765194342568e-04,2.353757818070202883e-04,2.343808889682071409e-04,2.267061850365805343e-04,2.297948962624454610e-04,2.272488918817204583e-04,2.310949812826697247e-04,2.310791972325305205e-04,2.324585185011120300e-04,2.310283284249574614e-04,2.242630567600699962e-04,2.286484800068827356e-04,2.294225680222112846e-04,2.225121759488622915e-04,2.312671144450721868e-04,2.302941402494804602e-04,2.264387228341966350e-04,2.265836796331175611e-04,2.271905737480828691e-04,2.313400923954603598e-04,2.339403488792147156e-04,2.267762100158273863e-04,2.312211518930450582e-04,2.310357874245852385e-04,2.224617256299960823e-04,2.298476868473209994e-04,2.229295394733070022e-04,2.275816130139362995e-04,2.312248372803928662e-04,2.278309358456728935e-04,2.307558729056770710e-04,2.267050177240806993e-04,2.298122739151433355e-04,2.283920437521745768e-04
2.048103844175888926e-04,2.004806746748636975e-04,2.031568655340119662e-04,1.994016024863910828e-04,2.058719840705214082e-04,1.995942623244968011e-04,2.014575098002680464e-04,2.008415526312415736e-04,2.028552270668548428e-04,1.983362968148782242e-04,2.039104112463249350e-04,2.090910715280433431e-04,1.978217346327151632e-04,2.022522802756431491e-04,1.999261797120605640e-04,2.021599221108747856e-04,2.080480611566805881e-04,2.006892129551894415e-04,2.032052101845124034e-04,2.018374703329023844e-04,2.010556759893570254e-04,2.053786388867838474e-04,2.025537992628562134e-04,2.083638353876828952e-04,1.986884819865213114e-04,2.003234111112428670e-04,1.943523818717165250e-04,2.004548317402412715e-04,2.021438461079088397e-04,2.009828083234250075e-04,1.956530832693615448e-04,2.017577244762104138e-04,1.999783859193220951e-04,2.035134489057820141e-04,2.025596581209198179e-04,1.999027051666368458e-04,2.057275305636005176e-04,2.042955587591301460e-04,2.042889572249819027e-04,2.026530691926130235e-04,2.032246979358828386e-04,1.947767834460246820e-04,1.977402444617758421e-04,2.047328366338424771e-04,2.016958501982773664e-04,2.064227843971556508e-04,2.070680100001930058e-04,2.034768828056655258e-04,2.017105235465579862e-04,2.052487455600723355e-04
1.758676927444507944e-04,1.742767892149070866e-04,1.762870664143225698e-04,1.760764479053846020e-04,1.791034165429396361e-04,1.771789262860241508e-04,1.736013552437995532e-04,1.739628863397559835e-04,1.752972216931056716e-04,1.742057918499078316e-04,1.760360528523038524e-04,1.752877572349290211e-04,1.705931304082483526e-04,1.780664065525074244e-04,1.758015073477995477e-04,1.797256411476548695e-04,1.746086762921216212e-04,1.747843555201777086e-04,1.793339455622673456e-04,1.751407465471083462e-04,1.771154652029978014e-04,1.787262119178388911e-04,1.732192628769781432e-04,1.755408391804494578e-04,1.787302054191510815e-04,1.739986579053841938e-04,1.742693064978817702e-04,1.737313890309873229e-04,1.707718271446729403e-04,1.750844546195872754e-04,1.791942817866487895e-04,1.772592962649026979e-04,1.765303390965288703e-04,1.717807086446831207e-04,1.734919874406359950e-04,1.720481750754548694e-04,1.722841884978916450e-04,1.780749339739148797e-04,1.783105988621267097e-04,1.773067855069588889e-04,1.762961885424886089e-04,1.718554369731959905e-04,1.730654744123347449e-04,1.798932012738226483e-04,1.701424720246389377e-04,1.756597067519085091e-04,1.794480916547943705e-04,1.678639225981403023e-04,1.701830058433398570e-04,1.736324247559928910e-04
