3.708481008270302082e-02,3.713679136387634111e-02,3.753232450610342885e-02,3.729471060111093361e-02,3.711771680916858135e-02,3.723489580184711351e-02,3.733333697873691265e-02,3.699735654253286099e-02,3.731262605991742670e-02,3.675964898140617748e-02,3.681688389629338837e-02,3.683894001723618528e-02,3.707466746084511072e-02,3.739389771187313222e-02,3.730291122129285319e-02,3.707900899895830854e-02,3.765078816238877357e-02,3.788546122758518903e-02,3.738921692049711198e-02,3.730422607816384628e-02,3.713258573502344062e-02,3.737902424735090740e-02,3.723319524560472077e-02,3.707111764445067403e-02,3.724826045970798527e-02,3.717083977464898104e-02,3.720279711979100623e-02,3.707954501607679809e-02,3.670137120639680589e-02,3.717580149164434467e-02,3.735595926587111093e-02,3.714766819872805659e-02,3.721079154801760353e-02,3.742571064985582979e-02,3.730332580135039405e-02,3.761891154345545912e-02,3.715156679671171441e-02,3.724365433571438094e-02,3.712857305420762949e-02,3.747862703966625686e-02,3.722150695853979063e-02,3.718795638440672291e-02,3.708829550472595576e-02,3.699968126756084802e-02,3.734420888080346862e-02,3.721176828770364486e-02,3.723372346596874605e-02,3.734410998853742586e-02,3.715796265038767004e-02,3.716273938383719833e-02
3.755721411068571602e-02,3.732091248086888413e-02,3.740660229100040840e-02,3.732400793848266590e-02,3.738499452231537623e-02,3.760820669182763504e-02,3.717037973277129842e-02,3.722877507968418154e-02,3.720703259002063751e-02,3.726331345183996752e-02,3.691618006036356120e-02,3.722024742928022739e-02,3.759981854807322582e-02,3.740860337032663602e-02,3.736450648371819616e-02,3.709525548188764843e-02,3.728142239665044322e-02,3.717037708905097243e-02,3.739228637154237700e-02,3.737503224932169077e-02,3.706747547971474266e-02,3.731543729757270944e-02,3.717972410708243053e-02,3.730378877100603424e-02,3.721004764316851454e-02,3.740378322460164578e-02,3.741808411369253878e-02,3.705707648621051759e-02,3.701100399091070137e-02,3.709756812937451548e-02,3.678012536232837942e-02,3.695505240528249719e-02,3.689175193535511321e-02,3.668061013846515839e-02,3.749424297471223161e-02,3.722431421452618294e-02,3.772027510347299162e-02,3.719095337494456727e-02,3.741415187047462260e-02,3.662046471915830770e-02,3.705176600885509014e-02,3.704236007581613449e-02,3.696447519969517370e-02,3.736740224653212900e-02,3.724258127279941877e-02,3.716635654540875744e-02,3.722948092030047007e-02,3.691870082283406351e-02,3.708424200381894853e-02,3.711215190148910853e-02
3.719270801060862996e-02,3.679245799123054272e-02,3.718626624096962180e-02,3.707260073374131493e-02,3.714790600055653536e-02,3.707738087412711797e-02,3.674113421588053041e-02,3.689619530720011920e-02,3.735861056273399872e-02,3.670238532208418281e-02,3.720173886832021243e-02,3.736308077958764434e-02,3.675755475586134358e-02,3.687737244694157951e-02,3.687322575678448483e-02,3.756096348743494934e-02,3.719362441831592508e-02,3.722517777730901395e-02,3.699384021006432710e-02,3.702141406434217991e-02,3.745912015281833291e-02,3.727795928369394968e-02,3.721605026065484545e-02,3.683206044438054605e-02,3.764974724653564336e-02,3.687528456737321214e-02,3.688668554460137333e-02,3.705721187637996128e-02,3.726580667324603385e-02,3.705921628934254197e-02,3.734564127301295139e-02,3.732634856129982831e-02,3.707595663522299245e-02,3.713293547659742011e-02,3.742698726030235096e-02,3.706968550596266565e-02,3.741250351186225370e-02,3.711495916563017916e-02,3.752950733760237328e-02,3.779531429395356634e-02,3.701701735174480618e-02,3.694605353242456924e-02,3.713127339917736414e-02,3.704584672335382856e-02,3.741887441402415304e-02,3.675699954728151031e-02,3.723206088628787380e-02,3.735277701900784758e-02,3.721725709307007607e-02,3.697487161012864149e-02
3.740428754372385894e-02,3.738654986497593619e-02,3.718387887489743582e-02,3.705071353231800813e-02,3.727739650014175177e-02,3.726946384944138796e-02,3.725571519809891402e-02,3.693445211421252095e-02,3.705338205351971920e-02,3.692289716507696912e-02,3.741595658431046134e-02,3.732718388885629401e-02,3.760644149918429546e-02,3.690904669343644112e-02,3.758476543397891445e-02,3.715824805678544229e-02,3.763523604837024084e-02,3.681300778189375289e-02,3.741207597480605135e-02,3.686928185260684304e-02,3.738239447054199360e-02,3.670231819324632633e-02,3.696153954564614097e-02,3.736368367770691312e-02,3.725445578107063060e-02,3.658774309408814596e-02,3.707431571235166035e-02,3.742348754782939130e-02,3.693529531179773340e-02,3.705110972284759302e-02,3.711595478635376644e-02,3.710027268616067353e-02,3.718992095366747269e-02,3.720948631654096006e-02,3.679851326883389062e-02,3.683533014697325941e-02,3.727306873262005438e-02,3.681759858144038888e-02,3.713381625587168500e-02,3.720511534631404382e-02,3.669621184121607538e-02,3.702414388539349011e-02,3.679762010497941022e-02,3.751304841781355481e-02,3.710090716110608922e-02,3.750593351340732878e-02,3.728390252020837708e-02,3.737099878922837959e-02,3.715850621797237713e-02,3.676177774746457877e-02
3.676991859536163365e-02,3.683546229713373366e-02,3.728058414833035350e-02,3.714443625329628268e-02,3.697385024834280026e-02,3.681012999971583488e-02,3.701909714318156464e-02,3.690757290710985211e-02,3.698230506410779550e-02,3.705152995306527225e-02,3.731176057848281657e-02,3.673096329265784082e-02,3.718148275515742451e-02,3.727036117198957721e-02,3.744155078560958139e-02,3.746293062286161490e-02,3.671089700370468861e-02,3.688109101874587070e-02,3.687496275877358981e-02,3.692965919416642262e-02,3.717554422193204006e-02,3.719833322683752108e-02,3.664218670745065382e-02,3.748944571939848841e-02,3.669974115286859379e-02,3.710338865631406663e-02,3.695217726254020063e-02,3.704303810514268658e-02,3.683413442094401330e-02,3.674403639038277547e-02,3.681885519968095682e-02,3.687795224915015047e-02,3.706974246610093837e-02,3.636230727498445531e-02,3.673204867146794700e-02,3.707647152274177321e-02,3.732800468234456076e-02,3.706769667049154837e-02,3.688426810306848214e-02,3.671977236286678992e-02,3.710311565708979825e-02,3.732816121079852306e-02,3.755064321067495131e-02,3.675335282783900176e-02,3.694464589532624188e-02,3.730988864123777060e-02,3.739169710495277021e-02,3.749674798062738873e-02,3.720197155627159857e-02,3.733756452466483605e-02
3.706492204137577795e-02,3.719756075391900119e-02,3.701016206963671923e-02,3.669338756800687856e-02,3.719884850836256696e-02,3.675228594820217215e-02,3.713688690608937804e-02,3.694875319213339337e-02,3.720434407340945937e-02,3.676853545715949578e-02,3.691740556594744205e-02,3.676837183076653998e-02,3.693711079068939113e-02,3.693110794227368043e-02,3.706447836434429571e-02,3.690343301461183889e-02,3.661133197343776485e-02,3.719620792378492552e-02,3.726078672950842302e-02,3.681400611757352365e-02,3.698387986330624322e-02,3.672983115075664079e-02,3.703490685590693499e-02,3.730423357972224158e-02,3.699610062560043655e-02,3.716963193710815655e-02,3.684795191396715575e-02,3.719572195945986676e-02,3.728918273312818027e-02,3.675119300546647594e-02,3.736682297374677164e-02,3.704211331073128249e-02,3.710082938295797272e-02,3.739171647424253953e-02,3.697368325494600899e-02,3.679218004939291409e-02,3.707799115398000694e-02,3.690576872893937960e-02,3.654742399916478812e-02,3.629825211321237310e-02,3.726890090049203574e-02,3.701097656607291175e-02,3.650789116605619028e-02,3.689217359038446387e-02,3.685579504373831528e-02,3.683721184425965689e-02,3.701242816047842915e-02,3.684534049209591683e-02,3.723430362160430607e-02,3.689234672968932233e-02
3.684726578166590272e-02,3.670914202908006491e-02,3.685576317491872506e-02,3.682382827561779537e-02,3.647138090245029968e-02,3.700727836375751478e-02,3.711822583218987726e-02,3.725108388792149755e-02,3.657414941773887845e-02,3.672398291179019419e-02,3.698695739062372173e-02,3.674980294317822110e-02,3.681261067231390849e-02,3.678257014178041434e-02,3.666068243300976692e-02,3.671386626917175211e-02,3.709566716605313536e-02,3.669198452060774135e-02,3.676647899406889491e-02,3.673920434184683309e-02,3.668671142178262651e-02,3.717763117833757652e-02,3.697077054200879898e-02,3.651396554670290062e-02,3.677936593234709672e-02,3.679570674812645409e-02,3.689495874594442282e-02,3.679486962607709383e-02,3.700266790256711430e-02,3.623268354276305142e-02,3.711679686154592539e-02,3.715700730572790711e-02,3.685713219281219755e-02,3.715743538823123443e-02,3.673282235665500939e-02,3.647937496944975849e-02,3.678016151405103656e-02,3.673291406279324128e-02,3.684797234759817908e-02,3.688105995519721375e-02,3.723853021091883680e-02,3.691453529115716614e-02,3.762461359468489280e-02,3.665492628436483463e-02,3.694402526675438780e-02,3.684288500724686166e-02,3.677754758134878232e-02,3.687486839840561914e-02,3.637289453512283777e-02,3.628485940680268446e-02
3.669510140616796118e-02,3.657549134895857895e-02,3.673065810286223198e-02,3.648788806229148751e-02,3.674836403637133514e-02,3.647592840076346182e-02,3.674523172890608452e-02,3.681374419559686056e-02,3.664286597881313140e-02,3.681669270628376567e-02,3.662603354983337556e-02,3.694151921479923301e-02,3.707323313383224794e-02,3.651469293625132090e-02,3.697946799409259494e-02,3.660363132289708860e-02,3.665043058892137467e-02,3.674388321946446545e-02,3.652592394163204498e-02,3.688947458733097401e-02,3.698862915501098525e-02,3.676639672357005090e-02,3.682212079142321848e-02,3.650879057488470858e-02,3.663843653537956352e-02,3.702837638028932260e-02,3.608667062966267047e-02,3.667958862969065981e-02,3.700188026089835241e-02,3.623011028025800717e-02,3.660978139708538637e-02,3.673437459072441402e-02,3.674285892517277496e-02,3.663495028609498744e-02,3.649868846706699754e-02,3.656356805457823544e-02,3.628244292207236793e-02,3.643721955974425775e-02,3.671612939138629156e-02,3.686338987276666784e-02,3.704371888170508026e-02,3.706968684177626427e-02,3.639100909660064609e-02,3.674515568107235286e-02,3.662517412217995011e-02,3.691811519563788918e-02,3.707867022517788436e-02,3.688711474464012596e-02,3.661760025033228283e-02,3.689572126796160367e-02
3.665443528875565044e-02,3.631995125608228348e-02,3.644256190859495453e-02,3.671719295158672181e-02,3.663158332565183417e-02,3.715978113514491199e-02,3.640758947032090437e-02,3.701981330746331733e-02,3.658654977028915484e-02,3.694233730742963601e-02,3.684462215190708462e-02,3.650824984579733451e-02,3.685886643205953800e-02,3.627537630628147741e-02,3.678702134678978053e-02,3.650553602941029180e-02,3.664900551481684726e-02,3.644102565870473848e-02,3.683187464131056077e-02,3.671994094757609350e-02,3.654765173366036207e-02,3.673346424600164306e-02,3.684135869435017224e-02,3.670371221351373392e-02,3.681749694676620527e-02,3.644660986460829255e-02,3.667023908091968099e-02,3.674339763277242876e-02,3.668365022471459930e-02,3.582290692026586509e-02,3.661798963450901834e-02,3.602327749064384438e-02,3.660645983243090984e-02,3.623558777545160536e-02,3.625153836284972231e-02,3.637253968323147374e-02,3.663963215533140583e-02,3.678641161500918744e-02,3.649714158668637687e-02,3.685438100292277169e-02,3.637811201175489978e-02,3.660666982610117498e-02,3.676349253936472827e-02,3.609902474117014648e-02,3.621660160924364269e-02,3.677893670473595528e-02,3.682034770522090578e-02,3.625830846106568167e-02,3.659078888506688693e-02,3.689146057792740824e-02
3.647414107865726979e-02,3.657868754205995804e-02,3.672742024346841577e-02,3.686417420307393222e-02,3.613479001306320326e-02,3.656286631169058943e-02,3.688312907491268777e-02,3.641485196338987984e-02,3.659534787063380840e-02,3.643569404655407074e-02,3.631678527472866763e-02,3.671658760949212535e-02,3.614935750577375623e-02,3.655014932087566337e-02,3.628721555093473300e-02,3.589110030290588310e-02,3.576351137445256401e-02,3.639509036729805802e-02,3.648496440172462746e-02,3.639031557982962822e-02,3.650024598325784381e-02,3.616566371615920900e-02,3.657933290634320794e-02,3.623858546929450974e-02,3.613711606984992136e-02,3.670294574602953747e-02,3.664436066106940837e-02,3.626011745300960348e-02,3.597384475596537151e-02,3.679513137654315258e-02,3.606145784138860277e-02,3.664021411796668931e-02,3.655318318129097827e-02,3.645945346305323742e-02,3.605475567165818823e-02,3.630417520460051117e-02,3.592469817393117298e-02,3.622956536282067458e-02,3.613955693788830498e-02,3.642854321669087431e-02,3.644034359523617983e-02,3.630999334181977956e-02,3.615501206339376966e-02,3.650780400886430299e-02,3.634429252287871975e-02,3.644495734876694593e-02,3.647422343975612741e-02,3.637017271259124218e-02,3.623940833296838276e-02,3.598716179972011320e-02
3.587453151182889294e-02,3.624636320030059922e-02,3.595187897670148319e-02,3.582682219617340513e-02,3.607593178531057210e-02,3.620605078155627460e-02,3.667973473348219021e-02,3.610739986658101364e-02,3.616672326269833315e-02,3.614217648687628043e-02,3.611627802196869241e-02,3.625549691934289859e-02,3.600965336802781913e-02,3.567765842202035020e-02,3.600157234502387310e-02,3.623545346146146706e-02,3.622460607954678530e-02,3.633312253905817552e-02,3.602285505218803807e-02,3.617945192346097572e-02,3.637788501108895484e-02,3.651591198338592636e-02,3.560485465626402751e-02,3.595758435328393759e-02,3.636856928634855934e-02,3.609320640389711982e-02,3.637074608592372887e-02,3.596385057812390845e-02,3.573025311930325826e-02,3.666598073005535030e-02,3.655579426174746654e-02,3.597889147702428708e-02,3.583178633109941613e-02,3.585402717429942571e-02,3.672448345953190779e-02,3.682055741041873054e-02,3.599731058963941827e-02,3.597673367980441100e-02,3.586564708163874488e-02,3.662052880401314714e-02,3.620723560814435166e-02,3.625000191231132068e-02,3.630020568309599849e-02,3.615815995941627781e-02,3.591118268745300407e-02,3.628185836717449236e-02,3.615102092818796298e-02,3.595663771962852306e-02,3.652197293180260013e-02,3.671417786556791657e-02
3.591421157820912785e-02,3.572082927583562773e-02,3.607114426820209191e-02,3.603353295971409298e-02,3.594139205636026624e-02,3.625553121950152863e-02,3.592323790089922003e-02,3.581382322899488019e-02,3.606776614321344915e-02,3.592031815807311679e-02,3.620153301969229048e-02,3.570643879227577283e-02,3.597837251253484941e-02,3.613689537486426684e-02,3.587053277923483302e-02,3.576616710501618474e-02,3.568201097842883807e-02,3.621889951602544344e-02,3.645381341101738837e-02,3.556975886640920126e-02,3.552960212714915272e-02,3.596887782410220641e-02,3.627129195784680599e-02,3.616543121168629138e-02,3.564768306851720525e-02,3.577862184017088776e-02,3.587182324433953184e-02,3.621643706702765142e-02,3.606544206128054625e-02,3.603747512109893580e-02,3.619939845364586462e-02,3.599686421252824148e-02,3.610955443524031805e-02,3.613513119971620280e-02,3.595764596332757385e-02,3.572749721026872299e-02,3.618562718659602134e-02,3.595013316091946742e-02,3.664424804397555663e-02,3.584671279580538966e-02,3.593904126371579716e-02,3.599127608285848656e-02,3.606603441122289977e-02,3.616409133608859683e-02,3.656464728113726498e-02,3.577169760989609704e-02,3.617247022762554859e-02,3.580565168969725848e-02,3.643570329612717124e-02,3.624437058135771689e-02
3.619290034791476651e-02,3.597363721401965198e-02,3.574651438951375465e-02,3.556911865036328779e-02,3.545826895239117399e-02,3.600642612160104977e-02,3.593751322054935388e-02,3.559013552544017245e-02,3.557744223428048469e-02,3.627524252267980143e-02,3.564505593150705393e-02,3.551816625129720212e-02,3.567442239324965236e-02,3.614767525736826970e-02,3.547566371643231381e-02,3.574008004928876103e-02,3.588511214637134933e-02,3.568881585066144280e-02,3.513472412342712875e-02,3.556669636306710597e-02,3.596069939292264456e-02,3.559842489007181837e-02,3.622293164672950316e-02,3.635447337536403672e-02,3.587733541448673985e-02,3.539502997812301460e-02,3.558970694452383288e-02,3.611393603059997320e-02,3.550699290497955074e-02,3.580759334109810677e-02,3.544811929694354630e-02,3.557232306587952003e-02,3.544984866451895977e-02,3.580931634913940564e-02,3.627319717008968547e-02,3.575710478005184045e-02,3.604101092024911829e-02,3.551039884142501157e-02,3.606940384161924640e-02,3.596611829257045229e-02,3.591647853647640665e-02,3.605197542350187939e-02,3.533682722763484274e-02,3.575880806119709210e-02,3.569744423705639019e-02,3.555380979553893900e-02,3.598373878573989104e-02,3.556149642638826297e-02,3.569314015971551679e-02,3.610621052952507626e-02
3.585434348649940706e-02,3.588654759681440126e-02,3.543152414649270582e-02,3.490275620475372098e-02,3.586588498112548012e-02,3.538677182779439989e-02,3.532685445395692542e-02,3.525940577384423930e-02,3.537587090443938820e-02,3.573044561087431598e-02,3.526319296713837509e-02,3.541323098122373808e-02,3.546769495119339588e-02,3.571369131794280977e-02,3.532520552493230437e-02,3.535207354448780676e-02,3.518396602737621642e-02,3.574663855253800565e-02,3.586320772533114348e-02,3.547244110815149509e-02,3.537930366129941190e-02,3.555378251302680759e-02,3.547593444033632359e-02,3.554060034536967588e-02,3.588466966684733528e-02,3.536355478885466752e-02,3.536469251591912305e-02,3.496560460357672068e-02,3.542134415147539517e-02,3.555764948746532872e-02,3.582538264557669216e-02,3.522183757351509542e-02,3.535414065709760467e-02,3.497302388190329930e-02,3.534691576918488204e-02,3.583403715418813362e-02,3.567876861282774648e-02,3.503070275997977739e-02,3.531274170228206749e-02,3.524866057267176528e-02,3.513782627729528096e-02,3.549369630050992069e-02,3.495946984633834659e-02,3.567255600515136654e-02,3.570819003120169477e-02,3.520306074503291166e-02,3.574295626954217958e-02,3.539471900458226322e-02,3.550596177509158374e-02,3.535014325342048652e-02
3.517856868233551482e-02,3.546924731771492617e-02,3.550417219298774435e-02,3.514068046607694840e-02,3.507613135644532809e-02,3.490010777595765196e-02,3.522993017143925126e-02,3.506893789929385608e-02,3.482456217863937747e-02,3.558688612878164320e-02,3.487512672147212445e-02,3.549095532387737395e-02,3.516967428853207123e-02,3.508163908415284221e-02,3.528375945689041226e-02,3.504962392356856388e-02,3.523435451920695766e-02,3.495512714214162042e-02,3.537827509007736293e-02,3.503841436351382010e-02,3.518436981859585089e-02,3.523122500915698563e-02,3.507983042226595072e-02,3.478132099052081566e-02,3.500216280030978011e-02,3.542986604192185918e-02,3.551261503743290138e-02,3.525623183996059312e-02,3.522055975199821914e-02,3.543161479346595283e-02,3.514476656723453801e-02,3.513731364265782614e-02,3.524542035716054372e-02,3.521175220730807243e-02,3.503057074090154543e-02,3.502563047529612394e-02,3.508858511130706626e-02,3.512919493825383821e-02,3.533658580751716793e-02,3.518406374378102441e-02,3.510040983294512862e-02,3.557607533695483770e-02,3.532512036000026723e-02,3.521188766910354762e-02,3.520779430537765431e-02,3.535808745487743071e-02,3.511514049365124096e-02,3.539692135636612197e-02,3.503176793430846231e-02,3.523995513978765010e-02
3.488890811889641674e-02,3.508918986698549708e-02,3.445552550901317262e-02,3.491112158328657511e-02,3.496031474450218834e-02,3.495054989285545366e-02,3.447489355180346354e-02,3.491171639836199159e-02,3.477029899715635558e-02,3.466899895848922497e-02,3.478752667301766854e-02,3.466456985724652301e-02,3.485797315725044920e-02,3.476394416577881230e-02,3.495123261782537294e-02,3.446313494902271402e-02,3.473177104409768540e-02,3.521045289382787602e-02,3.540579879571859739e-02,3.445596881450558452e-02,3.474254644007781362e-02,3.470299977540593911e-02,3.544114379982129387e-02,3.484437669935425141e-02,3.434037169146303414e-02,3.481127135888226892e-02,3.461162953183261753e-02,3.485790849683208237e-02,3.493712907137099671e-02,3.496284043799268576e-02,3.485043006424903139e-02,3.511487693164664498e-02,3.479457171327713511e-02,3.487546941685588237e-02,3.511831570422767335e-02,3.443745315069767637e-02,3.473954626268804108e-02,3.480434995838745799e-02,3.493653222971433020e-02,3.482814241002040595e-02,3.498096835243506147e-02,3.487253376332098698e-02,3.503528105292937761e-02,3.481973254072714963e-02,3.456251646589801607e-02,3.478186418253022966e-02,3.485905649515943366e-02,3.497516712415735252e-02,3.489332510513611790e-02,3.462760367167624226e-02
3.475974647819422836e-02,3.473375252067852775e-02,3.451994453931994666e-02,3.432023257673272321e-02,3.446003420239621834e-02,3.419180409022160722e-02,3.436374080515807589e-02,3.445936000981558722e-02,3.496999014072448009e-02,3.425177443493467033e-02,3.470600937663057689e-02,3.457891695854729830e-02,3.435999883996245646e-02,3.450511578543949409e-02,3.476859508117811914e-02,3.448573250734855017e-02,3.444173509180222664e-02,3.456116753083691290e-02,3.424568962097099267e-02,3.495700951694185460e-02,3.465884785411445929e-02,3.429723319820270760e-02,3.456931490219841002e-02,3.410552300440831269e-02,3.452209385505468353e-02,3.408770486153647056e-02,3.478717428856957505e-02,3.432368963767511161e-02,3.478198038559899424e-02,3.503511092719081149e-02,3.438468530670269613e-02,3.451549075371333070e-02,3.449854615827170623e-02,3.461697862508518464e-02,3.422854867463745454e-02,3.414833396661622750e-02,3.488828560788733574e-02,3.418655154289781256e-02,3.444567058733221526e-02,3.467468737329323925e-02,3.422321858129756533e-02,3.465751542039190169e-02,3.444094569703952391e-02,3.471612796021539965e-02,3.462702990343896614e-02,3.485917896955403883e-02,3.467496014824887618e-02,3.469537312917334720e-02,3.419501754135204075e-02,3.473053304495302140e-02
3.469953913555685193e-02,3.396356193910086280e-02,3.426887491905691863e-02,3.386821322165920606e-02,3.378245494194987569e-02,3.404898262881384668e-02,3.360743388006392357e-02,3.413951276778377092e-02,3.410301820128503608e-02,3.404241493484917030e-02,3.452575497259360859e-02,3.418367695790626437e-02,3.436542649081529566e-02,3.407551696030134553e-02,3.437541746319685426e-02,3.433013444020448918e-02,3.402376766174963763e-02,3.454438451020239859e-02,3.466156471560705166e-02,3.410644079702786213e-02,3.425256920691741036e-02,3.384501355749414131e-02,3.398262221332536831e-02,3.415596931510706674e-02,3.390637071793222573e-02,3.418497341251779814e-02,3.400999653296119668e-02,3.468558113812484495e-02,3.441478875819303090e-02,3.426665880444631357e-02,3.425842522440038923e-02,3.412443359932461340e-02,3.443881699770091898e-02,3.443125725382101265e-02,3.454170649342572924e-02,3.392485168034561210e-02,3.416189239372499631e-02,3.409826280612436589e-02,3.398503027377589719e-02,3.470457712848021986e-02,3.472101084936071724e-02,3.436374958516489470e-02,3.402415800410357044e-02,3.431075365250307874e-02,3.449664453808622827e-02,3.419413242774689554e-02,3.411867291140970038e-02,3.426769596526588885e-02,3.429439844559578621e-02,3.459906644036523510e-02
3.374582594990133827e-02,3.399769823479455860e-02,3.384461049044412695e-02,3.366439571396104280e-02,3.381403228134752942e-02,3.404964527557829967e-02,3.399483479601357605e-02,3.355030835510191406e-02,3.353034387222098012e-02,3.406429763685682455e-02,3.341983038826754071e-02,3.407954065649431569e-02,3.349902884685884014e-02,3.422012578318720660e-02,3.364523325653273611e-02,3.374026079786730803e-02,3.417556186158469955e-02,3.387009060277497430e-02,3.382989044067058471e-02,3.355959548529444808e-02,3.378846135288316593e-02,3.428452095181959425e-02,3.388267217384077074e-02,3.374389970360982399e-02,3.362649994004652393e-02,3.378135729877425331e-02,3.363940007686007372e-02,3.401064323729412892e-02,3.407677422470287848e-02,3.407826253958819163e-02,3.400744620989223227e-02,3.370352215769620990e-02,3.347336656332552951e-02,3.370878168225604349e-02,3.363053686857855884e-02,3.402072803270876633e-02,3.392264914765386746e-02,3.331348195485825392e-02,3.399059153257941862e-02,3.382837100222987198e-02,3.395784136724412650e-02,3.379191067381147329e-02,3.375583558766302728e-02,3.374175599205286868e-02,3.386272971820704358e-02,3.348709242847279499e-02,3.410300275484549198e-02,3.334315154585362762e-02,3.390657066316771218e-02,3.386917510328368852e-02
3.305430424150166552e-02,3.346396825232169497e-02,3.336813428359764605e-02,3.329005392060913754e-02,3.374659996657039529e-02,3.356818013281339524e-02,3.352057577365579605e-02,3.330824256394328969e-02,3.375053256378351269e-02,3.377892299165641959e-02,3.366910363391938804e-02,3.318664270428570151e-02,3.382721210115662708e-02,3.364664163298087401e-02,3.352070227675609665e-02,3.346222654131674606e-02,3.355563908375227417e-02,3.317399249332908528e-02,3.381762732822401335e-02,3.329616125173854441e-02,3.342567620441017767e-02,3.287505975728668289e-02,3.305523479671186593e-02,3.392896010937526685e-02,3.340422788730308679e-02,3.326816153390918518e-02,3.320958148704111768e-02,3.334575440030165816e-02,3.360315526764930810e-02,3.343398973900407051e-02,3.346213422289791989e-02,3.370528625415005614e-02,3.365115060294831401e-02,3.359055305280204962e-02,3.319779899156198588e-02,3.363101638550316380e-02,3.349228639457680484e-02,3.334901211147026784e-02,3.351032294007631751e-02,3.369213402356426024e-02,3.318640540590640786e-02,3.368073791434655212e-02,3.369217103966107296e-02,3.355810370839405754e-02,3.322808367015318148e-02,3.356053456945107261e-02,3.359846912482315762e-02,3.346159339084692902e-02,3.366911731790316747e-02,3.326439634189360534e-02
3.310466379969988909e-02,3.282189502080116311e-02,3.308497692666315104e-02,3.289154003451989078e-02,3.285488155767114088e-02,3.331155039219284297e-02,3.325851252633556937e-02,3.288904759176163040e-02,3.332634764906054758e-02,3.337566706750875328e-02,3.257670696337355842e-02,3.302149130806607963e-02,3.298346337398951750e-02,3.280061136325872206e-02,3.330426676119083856e-02,3.347699820256774123e-02,3.298930521281568523e-02,3.290703169506321857e-02,3.325805661231953647e-02,3.280551778284405279e-02,3.301865610364476677e-02,3.267269297937583361e-02,3.299792684104788099e-02,3.309138116591531925e-02,3.304680549077855523e-02,3.266778663473786370e-02,3.298228709785232943e-02,3.301075300737792845e-02,3.339764592216039329e-02,3.321283977021968759e-02,3.309330202815505967e-02,3.335847803902919351e-02,3.304713262834436949e-02,3.337442900324942563e-02,3.279705312662652139e-02,3.281239916077111768e-02,3.305188857621058768e-02,3.341880000332925205e-02,3.280080809579122986e-02,3.271880591646885578e-02,3.327450388928009095e-02,3.288623304362709582e-02,3.314735000285377181e-02,3.307255488591766962e-02,3.292903402862004669e-02,3.305577611495448542e-02,3.270957837544119506e-02,3.316186109766029039e-02,3.302106077102848203e-02,3.288681429573798998e-02
3.264576565795849344e-02,3.274268869825940759e-02,3.257394891953829114e-02,3.273571010714491913e-02,3.232595957257492630e-02,3.242362966486556780e-02,3.247731944479011895e-02,3.290412359764623845e-02,3.242364640802997827e-02,3.294395321318298320e-02,3.233315022764844671e-02,3.266181497342793283e-02,3.251898255376558383e-02,3.261254420241924828e-02,3.267380691201746817e-02,3.227193920333087940e-02,3.265970538014202618e-02,3.255462182419505135e-02,3.261955306903497470e-02,3.287835008941565607e-02,3.286908195422535289e-02,3.281676569334014693e-02,3.246570709980774183e-02,3.237716336662462002e-02,3.265268919246942791e-02,3.282960092077730208e-02,3.256015890601848817e-02,3.309976700748453599e-02,3.258898519067636446e-02,3.251693646302325491e-02,3.292419109588903131e-02,3.264810541423907725e-02,3.260470845808264434e-02,3.294969204006180374e-02,3.243162557193247919e-02,3.284943989127749736e-02,3.229118162950184862e-02,3.264384405016105412e-02,3.296317828390128019e-02,3.252508982850979558e-02,3.260961214563897620e-02,3.253383823895787674e-02,3.297544778492267348e-02,3.264483328819275942e-02,3.257058859201923673e-02,3.273637681632119573e-02,3.237106547864957579e-02,3.259910129612483831e-02,3.256000334928273870e-02,3.285706365747636387e-02
3.234412859338459123e-02,3.253058896675909556e-02,3.236295428623262027e-02,3.233130713292734632e-02,3.243925613438861794e-02,3.249481491716779691e-02,3.226326000586129256e-02,3.218970116959161964e-02,3.205542151462391354e-02,3.239475528017135564e-02,3.160887483431447376e-02,3.209655490953193524e-02,3.247251854918178915e-02,3.240093664008016072e-02,3.201018752739221568e-02,3.229546644130998345e-02,3.198261297330750458e-02,3.245518115645010943e-02,3.198198896221056409e-02,3.230739685246215853e-02,3.268780126283030857e-02,3.247893162417939128e-02,3.239793918394679589e-02,3.185623749050824766e-02,3.188273664274905023e-02,3.192235225733573017e-02,3.219198719783238072e-02,3.189968686857224539e-02,3.254079901451673029e-02,3.195527876343625534e-02,3.199837594602594759e-02,3.203307018643590520e-02,3.184279366138825784e-02,3.206710758573675518e-02,3.201369733106432247e-02,3.226033661018214843e-02,3.234319445034057605e-02,3.247752212613992662e-02,3.189421753469093290e-02,3.258806626057703798e-02,3.207151393697811603e-02,3.244586072582428260e-02,3.214741909222960936e-02,3.232275258526771944e-02,3.239375655015380023e-02,3.212920228799474864e-02,3.243196046602780935e-02,3.249260083762214868e-02,3.200062922074876914e-02,3.222667464021167910e-02
3.143275285166338001e-02,3.190401810598060550e-02,3.133395443905030719e-02,3.210117735662542521e-02,3.148028775401155721e-02,3.177348246801570131e-02,3.208045755642266461e-02,3.172511101840420206e-02,3.183886053415595219e-02,3.163519673259208159e-02,3.139696314988083686e-02,3.158622811408279274e-02,3.176029741616970964e-02,3.198117465715891866e-02,3.139161371983511389e-02,3.149952432439821759e-02,3.192848678119552391e-02,3.205877868975481187e-02,3.148942644054483764e-02,3.196553483173813354e-02,3.197767628743591189e-02,3.177975676310060976e-02,3.205420183329044798e-02,3.180540461501265431e-02,3.146139340108049243e-02,3.177931207928937074e-02,3.164582208593336859e-02,3.171123748292221239e-02,3.161725100943463956e-02,3.178633972316743245e-02,3.180893357007782973e-02,3.138526343890127995e-02,3.231409688865406055e-02,3.147759320502163671e-02,3.158559855666965427e-02,3.204745204239541762e-02,3.194357652223533267e-02,3.176457707437254502e-02,3.203320683242830841e-02,3.182956886351429038e-02,3.152559209206665103e-02,3.181755048467371089e-02,3.147059027796640651e-02,3.191714930435356201e-02,3.128183083122201835e-02,3.137079902505280488e-02,3.165146641640192299e-02,3.194445782415340079e-02,3.162767323711845185e-02,3.208714633751039158e-02
3.075540385783376990e-02,3.142284236175000439e-02,3.101515271162691781e-02,3.082379178937950590e-02,3.152898720684142037e-02,3.125318399324371332e-02,3.139813984529000318e-02,3.134884920863791058e-02,3.104365453227501265e-02,3.126220972930379705e-02,3.121579685830905282e-02,3.135084253801521947e-02,3.101706047739827277e-02,3.168433861983448868e-02,3.119222145271277960e-02,3.101296571235205926e-02,3.106032428551581612e-02,3.123746425238446353e-02,3.106666891078547696e-02,3.150580847575575050e-02,3.133598210837718057e-02,3.123022233423065896e-02,3.162768906148479692e-02,3.090866854723025442e-02,3.126420607297138859e-02,3.092448796902180080e-02,3.107274741641558383e-02,3.118418043876986651e-02,3.099566120083050921e-02,3.136785096463545752e-02,3.111889631014477450e-02,3.157448303039180060e-02,3.098616150869416483e-02,3.133685768356971740e-02,3.121608189907457490e-02,3.116303827417847561e-02,3.122323887871464657e-02,3.135171358283123794e-02,3.089245605858036148e-02,3.056615413628104364e-02,3.096229570700623213e-02,3.146042196847766148e-02,3.174379490956252131e-02,3.128898917088824422e-02,3.129717957986814098e-02,3.179720146442730627e-02,3.126062945962129053e-02,3.146506958872524046e-02,3.109449072004055736e-02,3.090429887283081475e-02
3.099404636250600517e-02,3.082513465014073695e-02,3.062327523123927961e-02,3.058911507241476174e-02,3.023036455489699903e-02,3.074374795973000563e-02,3.057097088415620598e-02,3.120063527394217537e-02,3.107318478389059502e-02,3.047631105188681327e-02,3.101236671022334149e-02,3.060452416217619362e-02,3.086313111649605090e-02,3.085754302209298139e-02,3.063452445132727742e-02,3.058938488743013009e-02,3.112531912565517575e-02,2.992901589932058654e-02,3.059856645584979953e-02,3.072798939170457572e-02,3.078925348521913824e-02,3.060334371906194353e-02,3.094914770720278915e-02,3.084910195513331996e-02,3.052499913489583813e-02,3.080196821299525933e-02,3.055214048430162851e-02,3.084604188847496833e-02,3.077478014681663335e-02,3.082332230016970528e-02,3.068426144293566471e-02,3.043172621722652418e-02,3.080148190799204821e-02,3.109806681247962584e-02,3.039681390646115436e-02,3.098478918985848873e-02,3.033013136886586122e-02,3.033177988893160162e-02,3.073942695954038143e-02,3.073796216048505295e-02,3.080168476692430810e-02,3.071503978778599223e-02,3.065701757111611789e-02,3.130842224069255858e-02,3.070811199727069979e-02,3.065507865225695905e-02,3.059063013485341029e-02,3.110529412690075587e-02,3.064337417401610461e-02,3.091334714217802357e-02
3.043654990029973431e-02,3.024315382581558437e-02,3.007727380404073489e-02,3.016354561930885067e-02,3.030796452721500750e-02,2.995966250020723129e-02,3.043785957187941649e-02,2.991982398169740209e-02,3.002590718637450709e-02,3.044743862776011153e-02,3.025088902735663041e-02,3.012671488171097048e-02,2.989338818520180172e-02,3.056143907643800450e-02,3.017268257629747777e-02,2.987553492992227333e-02,3.014983015925679424e-02,3.038470826158278654e-02,3.054711165081018531e-02,2.971694723319428383e-02,3.020778731049256899e-02,3.001587590901321628e-02,3.022877922767295764e-02,3.034394506565619987e-02,3.024173569795643446e-02,2.966245865031295545e-02,3.007114929141806517e-02,3.002712026668047027e-02,3.055781571775753255e-02,3.064340880289517788e-02,3.040806012453951476e-02,3.033653626534286649e-02,2.996209516853232113e-02,3.045931826925233829e-02,3.043127901050362433e-02,2.995479162129927736e-02,3.014269328460698893e-02,2.993583391175550640e-02,3.015294698577347665e-02,3.036421714543727918e-02,3.031089526155761674e-02,3.025538039542786939e-02,3.059193893508218090e-02,2.999606760999448327e-02,3.029944697137872123e-02,3.012741479355315194e-02,2.969622551210901115e-02,2.998261443394396875e-02,3.032434989986622018e-02,3.052883191577188127e-02
2.966719160337236497e-02,2.972421160046899435e-02,2.991884326116597131e-02,2.988045747415940881e-02,2.994819015090164835e-02,2.965630607755958756e-02,2.957454227754267861e-02,2.934812225767264443e-02,2.957280950506538386e-02,2.980662237343776819e-02,2.985135659153605875e-02,2.932421767392480449e-02,2.997016550559706075e-02,2.973342266490923078e-02,2.989368949837639330e-02,3.003308965749594897e-02,2.990920227346995433e-02,2.976407067718016622e-02,2.934898051483368631e-02,2.952369533453043718e-02,3.003860467244910334e-02,2.958330365402718487e-02,2.969289777438879896e-02,2.937542097460632551e-02,2.968689676267814714e-02,3.018162541295404955e-02,2.977627568468585798e-02,2.956041245287200150e-02,2.946874004954837950e-02,2.947396868496714867e-02,2.911388434360610497e-02,2.953052200090169888e-02,2.946452744470819465e-02,2.946475377384875916e-02,2.920761139750716398e-02,2.942395852369262405e-02,2.996549696293260290e-02,2.993536962719422351e-02,3.000137232796544831e-02,2.970303073916195566e-02,2.964275612904761908e-02,2.961574570540326246e-02,2.960366144159327570e-02,2.968281877254365375e-02,2.952062354132526517e-02,2.969830962839773575e-02,2.970282810094527354e-02,2.994866032614895354e-02,2.966672216444648374e-02,2.957518251113212121e-02
2.879355732825412961e-02,2.884957009080645063e-02,2.949780090579219929e-02,2.884301024044430214e-02,2.907018891542193992e-02,2.902090045836554222e-02,2.901803984892919325e-02,2.908519431243935735e-02,2.911611719532471512e-02,2.910756203680590209e-02,2.883104681044453346e-02,2.904258256911002728e-02,2.867456818414221287e-02,2.919337201718257349e-02,2.915461807912400963e-02,2.903537486288556430e-02,2.915408556923705999e-02,2.922604785963213089e-02,2.916082188235220862e-02,2.929967967092823519e-02,2.899541398543882542e-02,2.883722236998196090e-02,2.912246274143295149e-02,2.927749698081540466e-02,2.890855153807040875e-02,2.961838265612632901e-02,2.896857123439275719e-02,2.905502263478804137e-02,2.916883620099850610e-02,2.947540395636059213e-02,2.870544365510151533e-02,2.918046636475158176e-02,2.923663753686325459e-02,2.914415847892936479e-02,2.888544336206385135e-02,2.895617530612428631e-02,2.876751731459464140e-02,2.862749003200826606e-02,2.903088406416659550e-02,2.931986151759762363e-02,2.918869421639121858e-02,2.938294684124732881e-02,2.906541710562378367e-02,2.926852396456489439e-02,2.891974781837044692e-02,2.908840105614697927e-02,2.947850323411714546e-02,2.913394438993236607e-02,2.884424715250083829e-02,2.876503060656730726e-02
2.801360568986946756e-02,2.850277722357601878e-02,2.843320315533889864e-02,2.875218489571802760e-02,2.836191344721760571e-02,2.861093423120928195e-02,2.882321829840700858e-02,2.844940589052141755e-02,2.827223846745747365e-02,2.839927313871242268e-02,2.835906664663164281e-02,2.855197766432074000e-02,2.855819005021233495e-02,2.892930006390886585e-02,2.869612930772206041e-02,2.830842816897832792e-02,2.851859688436663917e-02,2.849180870998301029e-02,2.873948182917251612e-02,2.856750411539907622e-02,2.823041834605150707e-02,2.859104384375498950e-02,2.826445209540248346e-02,2.855775851583690697e-02,2.851479376909868066e-02,2.855609769860446498e-02,2.812508967232964230e-02,2.842348561194027456e-02,2.860250960408389567e-02,2.863243779944888920e-02,2.835081206580337965e-02,2.891034044427559513e-02,2.852264421305777953e-02,2.873276267432852554e-02,2.868967025392918022e-02,2.859388356240220863e-02,2.889208429923858720e-02,2.873057539629309334e-02,2.876135608150647005e-02,2.862305640591334202e-02,2.859967439548009860e-02,2.831506623987160159e-02,2.819796814615186178e-02,2.829056931816167214e-02,2.814328332464295992e-02,2.876098790541083486e-02,2.872462104434196292e-02,2.834821395769238084e-02,2.856865153409659033e-02,2.855830212190010528e-02
2.804809382157182410e-02,2.764288813615917509e-02,2.807177326566946338e-02,2.770796540239408440e-02,2.796038212897346970e-02,2.804295192339248746e-02,2.773441120958676856e-02,2.775603651560314480e-02,2.820135687140955943e-02,2.777024606961558950e-02,2.758497083769818545e-02,2.798270812656735232e-02,2.758074410311232155e-02,2.801919438028155004e-02,2.796699516867413166e-02,2.804296018469188898e-02,2.760611088849413905e-02,2.812780106933561799e-02,2.808458186573179263e-02,2.803678682404841388e-02,2.764945523925134083e-02,2.777668376829968075e-02,2.811268912049182458e-02,2.763585799524353667e-02,2.812984570663296796e-02,2.798875675135609892e-02,2.796854670663356107e-02,2.794802674870790898e-02,2.801009857051542026e-02,2.801662054922266290e-02,2.813179253256178208e-02,2.756348560475371454e-02,2.774843454763918985e-02,2.798856984209050977e-02,2.762671871639913249e-02,2.757572905689321258e-02,2.755405107906383488e-02,2.777238790049684630e-02,2.801337553841567671e-02,2.797214155518064696e-02,2.824482600837303556e-02,2.783466765176091304e-02,2.789467566441147794e-02,2.781862732961168025e-02,2.822065043257292183e-02,2.781324342441671496e-02,2.761131571079706096e-02,2.776155872832439253e-02,2.781921104194272701e-02,2.821863015118839663e-02
2.769126707180110183e-02,2.676167674042351230e-02,2.707726120200894260e-02,2.753170041964595263e-02,2.722455397511236094e-02,2.745150986157414430e-02,2.740911455540460256e-02,2.737635073918480086e-02,2.755859787719744727e-02,2.727593203392086191e-02,2.750490140688671009e-02,2.802238760438597806e-02,2.755186911445408476e-02,2.731974543157208307e-02,2.732783852939263750e-02,2.720259047741067568e-02,2.678248691185537711e-02,2.714375736516478829e-02,2.713322637490862832e-02,2.723964944781458175e-02,2.715788603541069782e-02,2.736444740681281615e-02,2.742803606276483785e-02,2.720456772240286911e-02,2.716808138593346592e-02,2.720866687905087664e-02,2.747747184051502548e-02,2.749361686614917172e-02,2.717644213259135660e-02,2.724533014783078397e-02,2.739864681411737640e-02,2.724431041493983324e-02,2.735192140835238789e-02,2.740335528708947102e-02,2.730604619344091655e-02,2.746356726181784294e-02,2.752774496223229714e-02,2.713559496603989638e-02,2.699768771918089130e-02,2.743388967260978334e-02,2.751975472062228797e-02,2.724484668561284739e-02,2.688068615737776793e-02,2.701351690903073047e-02,2.731691723608184463e-02,2.708028609489182906e-02,2.692789626891866836e-02,2.735676643002082908e-02,2.695329082393147294e-02,2.669993787507344771e-02
2.686400621268470248e-02,2.660472720107808289e-02,2.656229974741336486e-02,2.684474298737855869e-02,2.678500113143827618e-02,2.650649424441017116e-02,2.667215397890767767e-02,2.714101899676962804e-02,2.690528826688205061e-02,2.704884630513936308e-02,2.658933259726724632e-02,2.672442289372125787e-02,2.681634842252099762e-02,2.638175307349178642e-02,2.632746832058959624e-02,2.658532801551261732e-02,2.662481888195028859e-02,2.654119962016998971e-02,2.671268211764098871e-02,2.644387154756430713e-02,2.650538613780238292e-02,2.676458740315377366e-02,2.649473073121743835e-02,2.656670908024784394e-02,2.645302762690379672e-02,2.629027527160021638e-02,2.677878219809806323e-02,2.645631643331764968e-02,2.656067232354524660e-02,2.694916539592564012e-02,2.652665582458959767e-02,2.705138323134465006e-02,2.645232359684950019e-02,2.656728917454295388e-02,2.641926434042663960e-02,2.651677523741283876e-02,2.677724882052019348e-02,2.703160455841409349e-02,2.653205765462610111e-02,2.680664926726466710e-02,2.682897904111389287e-02,2.692025039302507750e-02,2.672666315905250153e-02,2.690710609336131875e-02,2.690915302279975677e-02,2.659039751244622260e-02,2.698795731491294286e-02,2.654806373666698111e-02,2.651410582703737223e-02,2.646357345306992251e-02
2.597447204261968401e-02,2.583458267216697662e-02,2.604937269991804485e-02,2.618799321239984740e-02,2.612248396057636340e-02,2.582629009221198979e-02,2.590675729411939104e-02,2.586925891366098976e-02,2.575316782553969258e-02,2.575635830875121560e-02,2.603009738493554381e-02,2.619438520489915032e-02,2.559922172009030175e-02,2.625753071482109929e-02,2.605448027213881634e-02,2.604116033703324229e-02,2.589002318222462934e-02,2.575653052500649284e-02,2.553982590355418497e-02,2.575349890198733172e-02,2.608018671040573944e-02,2.629994312161429079e-02,2.640100178075606430e-02,2.565446800286330306e-02,2.597072897276259812e-02,2.588342960799308937e-02,2.582835033897487587e-02,2.639862815860887293e-02,2.593806693509004974e-02,2.608726741066469748e-02,2.564696371740354808e-02,2.592612202304643218e-02,2.601429569585272938e-02,2.617539611730928736e-02,2.624549467861432561e-02,2.636912818430574984e-02,2.603560767733406958e-02,2.599052473119396051e-02,2.571344897049973252e-02,2.598004336001939057e-02,2.639574799290168514e-02,2.580695410455714420e-02,2.630702564083881728e-02,2.608035696986368487e-02,2.606329380847569391e-02,2.618571233372961327e-02,2.605710012540985929e-02,2.563545834404556273e-02,2.610610052319902591e-02,2.584309274193194450e-02
2.503079448285063305e-02,2.520636297562984032e-02,2.553362307432747308e-02,2.527895098244793345e-02,2.566668219167726056e-02,2.577942034994632620e-02,2.494029424817894441e-02,2.518919154645533898e-02,2.563962065728155743e-02,2.580095151124354308e-02,2.498839811948546860e-02,2.564018715223916750e-02,2.597040804936659800e-02,2.557071098270426862e-02,2.519281702468116613e-02,2.541398821866790517e-02,2.540407723324591277e-02,2.516702835072066879e-02,2.528438731382440588e-02,2.520490295371766165e-02,2.527645723257882990e-02,2.521027749365204254e-02,2.542207471066563335e-02,2.568140375254867117e-02,2.508785926888309689e-02,2.558060636785858960e-02,2.526610801580909255e-02,2.494093773135292250e-02,2.544040452782225792e-02,2.536484815068050860e-02,2.536689041093652397e-02,2.522092092915204087e-02,2.550840796465640714e-02,2.544954552574476073e-02,2.474570766541677250e-02,2.499665210382748595e-02,2.567950983469236698e-02,2.545821674181923677e-02,2.513756759394741858e-02,2.502160677886797538e-02,2.521161144750229052e-02,2.515267764822673446e-02,2.516182506129339969e-02,2.576991691798578843e-02,2.541722403340552355e-02,2.589339665061268086e-02,2.561786378590537663e-02,2.502941180158624671e-02,2.513147433245596640e-02,2.510540690790801638e-02
2.518636237608017428e-02,2.460435063513775195e-02,2.454132978683553137e-02,2.426564263311441552e-02,2.464108144839573591e-02,2.454251075761885656e-02,2.478259079986592367e-02,2.516252924549786107e-02,2.452111349831445283e-02,2.470074975568863421e-02,2.380520174672171377e-02,2.444804169031623842e-02,2.455962107185268375e-02,2.445164114625446999e-02,2.453280031837862252e-02,2.443559974667822848e-02,2.477928503506006061e-02,2.455801595209875995e-02,2.456087442788174730e-02,2.421726411979049920e-02,2.439330939444910029e-02,2.465225860868202126e-02,2.489051956901195545e-02,2.440944593461421425e-02,2.466274424329684134e-02,2.408342615771413842e-02,2.483195917279358220e-02,2.435793137847491741e-02,2.479341062817763328e-02,2.440488895960728211e-02,2.430129566620422080e-02,2.393617329406019789e-02,2.462884478947745953e-02,2.487680309032590589e-02,2.461125450617030613e-02,2.447659889388402801e-02,2.443607561910444981e-02,2.501558667953559384e-02,2.462961803867840319e-02,2.489807132116120258e-02,2.460873358421657164e-02,2.459037574766062897e-02,2.444241337395857555e-02,2.478430825060690124e-02,2.429838316284160110e-02,2.449448208392252316e-02,2.431319536880280699e-02,2.469452829814932152e-02,2.440534493649493264e-02,2.483206371071259438e-02
2.382847374942452523e-02,2.414297304088693780e-02,2.388965723447052797e-02,2.392704805073307336e-02,2.392952766565773978e-02,2.388351294555517493e-02,2.375920597810134843e-02,2.375780364695597585e-02,2.404174730740243557e-02,2.407743764912574636e-02,2.375853994461717134e-02,2.407834804964687631e-02,2.392381425977925177e-02,2.373297905219977355e-02,2.394558956011066941e-02,2.386958914746775684e-02,2.362033415204718365e-02,2.379310238010122133e-02,2.327826547960430356e-02,2.413914151360983112e-02,2.347489845047469326e-02,2.372005595834795685e-02,2.364240176204221097e-02,2.373569950506212653e-02,2.401567608650734612e-02,2.424203863309020573e-02,2.404641744707170306e-02,2.368238516377576403e-02,2.405126746891095291e-02,2.395135895692469472e-02,2.391655583105729843e-02,2.401922445186849969e-02,2.409047073890913451e-02,2.410599970266976561e-02,2.366466099818486171e-02,2.380746084083061598e-02,2.347484779893012005e-02,2.416586501543340273e-02,2.400574090774444322e-02,2.392624210223517553e-02,2.414614195606423416e-02,2.327955854078127274e-02,2.359663455149267619e-02,2.441779024913036389e-02,2.406160001919938757e-02,2.409184639590469801e-02,2.348160252953365723e-02,2.415442696156787014e-02,2.409295684412496308e-02,2.386206071427086906e-02
2.325772869185788877e-02,2.296909302177890105e-02,2.348757453686391508e-02,2.310485407015459847e-02,2.323964815370186190e-02,2.352745435554830580e-02,2.266288031579006407e-02,2.349434647884557012e-02,2.300313918478973443e-02,2.275728483412209346e-02,2.344264280035425127e-02,2.339808009169279043e-02,2.292445730689586514e-02,2.375357290016596318e-02,2.339553746239598012e-02,2.352678713843017744e-02,2.289163969829215162e-02,2.320935292866192767e-02,2.273206702696273576e-02,2.315497031900749098e-02,2.292211047771505056e-02,2.365308426139496947e-02,2.327136949155658371e-02,2.309520443830521616e-02,2.314319864427837742e-02,2.259846812962856485e-02,2.292785784624833817e-02,2.317945689758762681e-02,2.290733623876216665e-02,2.362794203665797080e-02,2.299468415576995731e-02,2.272222351886213007e-02,2.256808032177965925e-02,2.324345987369635588e-02,2.342845901491185864e-02,2.327196903243624465e-02,2.351304583651935357e-02,2.339430150351075668e-02,2.303361596358880978e-02,2.315168746078967096e-02,2.284505799874514409e-02,2.313317051337625274e-02,2.295976528995620145e-02,2.331586569658546104e-02,2.293336805116237206e-02,2.312299451162405997e-02,2.340991448221113949e-02,2.345406329470327636e-02,2.300639132882340704e-02,2.309369829069632743e-02
2.193979403987246155e-02,2.292954833184610713e-02,2.245155047596675280e-02,2.246817908985713347e-02,2.248717899463014216e-02,2.252370731439697765e-02,2.248845885539073330e-02,2.258360577050720630e-02,2.258074722713901764e-02,2.251377114487677217e-02,2.257498428340271382e-02,2.237068128277333243e-02,2.212078475143013090e-02,2.225073329548398968e-02,2.264290045984932234e-02,2.213243632240967373e-02,2.244716131850370625e-02,2.238479645367841969e-02,2.246961434751829426e-02,2.250561302914420164e-02,2.266678374947491553e-02,2.231723454539867590e-02,2.237166760714137670e-02,2.265484693417509424e-02,2.277109951575181576e-02,2.253216765181458719e-02,2.248110190636785910e-02,2.238088776150410839e-02,2.218659771572822903e-02,2.249511026201968245e-02,2.194727185882902262e-02,2.228905536556720010e-02,2.221814548596796890e-02,2.257754161739982876e-02,2.278529994346939133e-02,2.243891435953305688e-02,2.214437930991291353e-02,2.224295184444308529e-02,2.223408225804067093e-02,2.213590821909285425e-02,2.276519567776286515e-02,2.250911454528814470e-02,2.234054115291740986e-02,2.284223214179675887e-02,2.236794164101804649e-02,2.267610401518549076e-02,2.274280455441925891e-02,2.266269707818684143e-02,2.257543421439560730e-02,2.231884281094266911e-02
2.175151525509015638e-02,2.150390893615794496e-02,2.138177665313660547e-02,2.166522194362574885e-02,2.128448188401937252e-02,2.145295979023387895e-02,2.192673300766930650e-02,2.177771917265541868e-02,2.143357626226258250e-02,2.182304874512663515e-02,2.151269296570538711e-02,2.133829873301919255e-02,2.168055017054446726e-02,2.172383212476557482e-02,2.163262520169337289e-02,2.166486106726381658e-02,2.162221497214894192e-02,2.164329354818191053e-02,2.162477391114529454e-02,2.138189308731868951e-02,2.178107440852601953e-02,2.158954253326515402e-02,2.152919423872824700e-02,2.144524612775292743e-02,2.179174317297867189e-02,2.170161889316295223e-02,2.180874437859621137e-02,2.200883175189052160e-02,2.146861915611772767e-02,2.147837217186517739e-02,2.186413213547245410e-02,2.168502009536403194e-02,2.176000983607227768e-02,2.152619277548318416e-02,2.147702509220789438e-02,2.160689293262889679e-02,2.166844854585208216e-02,2.140786715584006711e-02,2.164730371545984383e-02,2.198739135917661749e-02,2.172737934115405098e-02,2.083669919830161490e-02,2.186122455020637900e-02,2.168004321357799857e-02,2.144133144187699430e-02,2.153421563340188888e-02,2.220696539826985672e-02,2.192271339005928341e-02,2.158488060102799894e-02,2.146680719921835109e-02
2.108128202242381261e-02,2.072935757067126059e-02,2.060567566543280299e-02,2.060332575955583362e-02,2.067961198737229209e-02,2.040925908873503919e-02,2.039510160268509509e-02,2.093379579286100065e-02,2.093950061471025470e-02,2.112661883278462924e-02,2.090065496643061377e-02,2.114437939411746917e-02,2.108079149470730440e-02,2.073464208878535164e-02,2.134182363557228859e-02,2.082014020996032083e-02,2.131650013870551447e-02,2.088002504227189776e-02,2.056669628348417947e-02,2.115355395392997523e-02,2.084122869803309991e-02,2.121241165301949311e-02,2.090071339859983848e-02,2.052418597420900895e-02,2.093748502424713082e-02,2.094864020204929150e-02,2.040366534155048719e-02,2.074526599611874536e-02,2.056542307260077196e-02,2.074994589302339362e-02,2.076913104570934920e-02,2.059511475807701206e-02,2.119529231023193488e-02,2.081719975018186258e-02,2.101292985679394099e-02,2.088092897263302619e-02,2.114481587123175077e-02,2.078024426343290376e-02,2.045185075716816209e-02,2.129057494734203082e-02,2.052146460158452493e-02,2.080648363535951215e-02,2.089186519454962546e-02,2.098434468227396502e-02,2.113963157060938861e-02,2.117126298292400927e-02,2.080659158102050529e-02,2.109992066076869788e-02,2.055048649383417816e-02,2.082682723398162836e-02
1.971560652978908423e-02,2.023512434745745533e-02,2.015873445437118411e-02,1.992626757597590684e-02,1.979552103561961485e-02,1.989927888672805151e-02,1.997881515810914083e-02,1.978111349855527640e-02,1.977294464628057483e-02,2.046012872257907053e-02,1.990089275009414641e-02,2.020170761606774126e-02,2.034893645110199059e-02,1.994741215021379396e-02,1.999246653119855083e-02,2.063071280739120841e-02,2.039224306592028746e-02,2.005887491798735711e-02,2.040250778881957938e-02,1.985046377892902766e-02,1.967317570517308420e-02,2.013036323910031775e-02,2.019163393989880859e-02,1.965578751787100051e-02,2.077814809738473198e-02,2.001708765011079444e-02,1.969845575662339254e-02,1.994736187289857313e-02,2.027607528293474959e-02,2.011814130200451425e-02,2.008551359286674109e-02,1.968610250875760595e-02,1.988590511913884348e-02,1.995759426677101017e-02,1.995321225627343445e-02,1.958671365684356777e-02,2.017919277667355044e-02,1.997992216056271655e-02,2.030173482859233200e-02,1.965115441439045652e-02,1.986956672626620513e-02,2.052955562587040553e-02,1.999875154807108021e-02,1.976617843541800604e-02,1.993274692664265269e-02,1.983572957079206972e-02,2.032587802361242313e-02,1.997456978160891058e-02,2.030162172161974893e-02,1.980955091095467149e-02
1.925972069245136115e-02,1.931840047648082301e-02,1.917499818301927894e-02,1.916211865252595917e-02,1.934850673351770634e-02,1.891690571670769441e-02,1.935213774741189816e-02,1.907735432061039016e-02,1.919747089193805933e-02,1.927649097323876765e-02,1.917522324964941044e-02,1.927593665363430686e-02,1.942457538886831550e-02,1.912709030820614053e-02,1.940354366463058894e-02,1.881238514216436453e-02,1.924845074692934851e-02,1.905605758671284622e-02,1.938798833576821715e-02,1.922383604332856752e-02,1.914835509271394301e-02,1.927224333849875126e-02,1.870165243504052707e-02,1.921330437830426341e-02,1.916266502851998038e-02,1.936192010488814105e-02,1.918216569858952406e-02,1.902188976572929263e-02,1.909714225365266929e-02,1.873250640012559184e-02,1.897600458232506782e-02,1.950776534438210599e-02,1.901613342073222787e-02,1.922944655632635030e-02,1.932836488299819258e-02,1.927193852410777689e-02,1.923147124838786928e-02,1.893178395928644606e-02,1.906017342134288736e-02,1.932785189113449612e-02,1.904142926163902849e-02,1.968141690468730096e-02,1.918566158079311468e-02,1.891528861747298132e-02,1.945257222794407118e-02,1.911361347005636688e-02,1.920602411856497244e-02,1.929462155833828671e-02,1.920542273311483250e-02,1.922190475514377883e-02
1.830939181293705573e-02,1.840365474789665973e-02,1.858063867591052548e-02,1.849896499105850925e-02,1.863399883898043258e-02,1.881713524565897452e-02,1.816238330442419488e-02,1.818725914311019806e-02,1.817298744965437085e-02,1.827790936134391156e-02,1.789805142552588699e-02,1.894797533271881662e-02,1.851930005105956178e-02,1.831091797343535610e-02,1.858710254992220617e-02,1.848907643968259254e-02,1.832366581966001634e-02,1.798993093020285344e-02,1.807257124019459246e-02,1.819210543483701717e-02,1.813893025870287959e-02,1.843143953738885302e-02,1.776708893885321772e-02,1.832519810833697915e-02,1.853135288594882218e-02,1.811452547955190104e-02,1.852356883381546179e-02,1.814963900318744897e-02,1.814222762706065376e-02,1.828523534557824001e-02,1.818148808732727648e-02,1.854861889677976092e-02,1.865242691255191571e-02,1.848286844966249773e-02,1.847202380774094765e-02,1.837613475833215632e-02,1.852619016166529020e-02,1.805806402709651121e-02,1.878449654966435345e-02,1.838347082889033382e-02,1.852326161986788886e-02,1.854154772174820484e-02,1.850116110829958666e-02,1.824533723150952719e-02,1.848215642738226458e-02,1.839264569556900777e-02,1.813684097478930612e-02,1.817610379659388362e-02,1.860670019778945181e-02,1.865300695907361542e-02
1.725849957820788094e-02,1.746363994534719938e-02,1.757365948208527637e-02,1.745859615524001859e-02,1.765572415541856455e-02,1.737560119135471079e-02,1.776199579693987438e-02,1.782917963433854405e-02,1.758975984015260369e-02,1.729681548037693278e-02,1.732730457876573149e-02,1.738492056622100920e-02,1.707303589934249313e-02,1.767386446111986892e-02,1.730599693902278025e-02,1.718805345822468217e-02,1.723485911396253206e-02,1.744371202913235289e-02,1.722663187297794260e-02,1.768753200143070858e-02,1.750372974086077810e-02,1.760811463333631158e-02,1.732428055124024535e-02,1.763686166695850599e-02,1.710016518049993495e-02,1.752362725203350166e-02,1.765376140108380204e-02,1.757700177279576323e-02,1.763360561919575381e-02,1.742320359908576533e-02,1.706043321410855365e-02,1.740828952320570833e-02,1.738160302534382667e-02,1.698011182297195013e-02,1.704877971428848255e-02,1.783949260669973058e-02,1.762506290587625285e-02,1.765455252387232443e-02,1.770953454899532042e-02,1.757627349225110089e-02,1.730748778454550135e-02,1.770620066716933894e-02,1.735334133890321234e-02,1.784806891082617308e-02,1.766384772685962792e-02,1.721505464205959346e-02,1.740911598370096028e-02,1.763055032899380273e-02,1.757273396537523472e-02,1.788870716792906324e-02
1.631900255128299407e-02,1.628535549442891237e-02,1.612726703075932980e-02,1.651116994222901965e-02,1.681761354711057074e-02,1.649276819845139908e-02,1.648259718604799459e-02,1.674266549236690105e-02,1.627081564459192942e-02,1.673116059353851881e-02,1.656653765993665664e-02,1.667349024781317537e-02,1.645527782726645058e-02,1.618568246143866837e-02,1.632877438756122693e-02,1.649721607382638802e-02,1.685047730205888744e-02,1.668219933338300001e-02,1.627794923055824947e-02,1.658787245588317846e-02,1.657093644733701604e-02,1.696168440794845050e-02,1.674605493163061273e-02,1.665917923111314911e-02,1.666519291066998268e-02,1.664065795992465679e-02,1.667298356169490126e-02,1.647336800683734184e-02,1.703537646984862319e-02,1.626417807546513480e-02,1.682600551219328236e-02,1.631045436564235868e-02,1.687125322300867328e-02,1.658011184083899719e-02,1.654894462080835210e-02,1.650546897013787512e-02,1.671252734474667004e-02,1.686263601257753653e-02,1.676284302928127828e-02,1.638905074176983528e-02,1.631216215751522813e-02,1.694899776267052433e-02,1.677482966945654380e-02,1.645242420539613087e-02,1.652428230927582842e-02,1.722476650787133079e-02,1.684696393972629630e-02,1.668614158346620052e-02,1.628788107362839216e-02,1.638810395360734348e-02
1.557952216301977666e-02,1.576723909444155761e-02,1.591391619033989679e-02,1.543956363901063771e-02,1.608666992414236815e-02,1.583898931719837297e-02,1.530115630793030777e-02,1.575332790816414211e-02,1.520454452612681438e-02,1.553227804120986197e-02,1.566878882601133866e-02,1.564571008849497541e-02,1.589156394616742657e-02,1.563638640494095441e-02,1.512019280618895171e-02,1.600375503563847626e-02,1.620056813749343530e-02,1.633580358883440428e-02,1.579505735990431939e-02,1.596447220562408759e-02,1.578735167884572424e-02,1.606310306015916456e-02,1.582313575199419120e-02,1.576963262347064534e-02,1.585045949256547182e-02,1.561395020691926094e-02,1.572576224244330231e-02,1.535641881078982779e-02,1.582190326914796955e-02,1.541546033483478899e-02,1.603943494532847694e-02,1.575675972557687154e-02,1.609667654134913639e-02,1.551842939427585874e-02,1.568318096213282276e-02,1.570053689141828052e-02,1.547190777694786891e-02,1.525198281684585905e-02,1.607374496739094952e-02,1.611073139111431074e-02,1.584962293202100969e-02,1.561871442954596186e-02,1.568498570613077389e-02,1.570902658482411021e-02,1.578934306090348100e-02,1.603475410637681189e-02,1.567250546211892623e-02,1.538817701677570524e-02,1.562006088591542941e-02,1.573491534551750212e-02
1.457313748228060771e-02,1.463866548769764825e-02,1.456376339277458062e-02,1.425599223123372519e-02,1.481191417931712086e-02,1.463981647323306726e-02,1.470723838119797865e-02,1.496277595818871695e-02,1.483775155936427337e-02,1.482979670932172214e-02,1.491392586869292464e-02,1.517934460498005303e-02,1.431808339433346053e-02,1.473566499250382293e-02,1.454934122271788616e-02,1.490608624229688636e-02,1.519589007179902515e-02,1.481527100770117442e-02,1.503912724805285366e-02,1.517836940019056009e-02,1.487475525953259325e-02,1.445608461134039596e-02,1.477489642443337303e-02,1.474451198485266130e-02,1.518800173508046657e-02,1.464924937140966651e-02,1.469210747018516623e-02,1.457556816128319395e-02,1.490635416686923211e-02,1.466928113561673935e-02,1.504074021187501269e-02,1.471027370699892409e-02,1.480636520151189413e-02,1.544061252569303364e-02,1.479048646164408259e-02,1.482410403389303709e-02,1.493805307230948280e-02,1.456802606288139929e-02,1.441554883369838662e-02,1.447519149357714974e-02,1.463510817264311419e-02,1.460506450131759081e-02,1.476440057988514902e-02,1.489058832482007509e-02,1.451310029467333881e-02,1.458200607156995114e-02,1.463996278312286285e-02,1.493014445044597849e-02,1.457107113544162461e-02,1.429867200905191038e-02
1.343858078617163505e-02,1.399956574106974404e-02,1.344608693144808131e-02,1.442314045315145135e-02,1.364996188988969357e-02,1.397859822746532095e-02,1.386599024053497033e-02,1.399749702008024066e-02,1.396773863885692607e-02,1.366804881422905085e-02,1.388602266199600622e-02,1.381314565864539753e-02,1.387999716025037182e-02,1.405077580626445596e-02,1.385608715422603603e-02,1.462660358225440632e-02,1.489248807939495822e-02,1.355442773399175536e-02,1.387143608049186926e-02,1.368185888681492691e-02,1.334490167597024435e-02,1.413145926865277957e-02,1.403327570961655779e-02,1.370278293376601432e-02,1.375060471926430918e-02,1.379979621455952252e-02,1.418078231947307762e-02,1.415335148910416667e-02,1.405583626833041729e-02,1.382036646767454378e-02,1.362283878149823414e-02,1.406339755843058481e-02,1.405956329564013799e-02,1.383221637296020053e-02,1.388374269252863613e-02,1.383923395262788916e-02,1.394620488171342994e-02,1.380064723509760553e-02,1.336264117002523150e-02,1.386985534366845518e-02,1.438882818330360948e-02,1.357001730537156330e-02,1.392018301296410986e-02,1.362235524862481957e-02,1.400078604834001719e-02,1.291531447827709393e-02,1.342644184133484977e-02,1.384849284880137338e-02,1.428649399927537159e-02,1.378165633867024092e-02
1.310173147729384521e-02,1.254081560343053674e-02,1.276279776496894690e-02,1.288404727030175584e-02,1.288791331706424202e-02,1.303193914366557356e-02,1.284918835262660770e-02,1.286024263674450871e-02,1.303229735513045107e-02,1.314411613783411648e-02,1.270714436615167330e-02,1.259487354395047616e-02,1.254078114789122962e-02,1.282819132656114886e-02,1.247232448160013121e-02,1.310926833722303973e-02,1.271563202267427320e-02,1.282900584368306014e-02,1.287817435294980745e-02,1.291016394224340363e-02,1.320080495647528440e-02,1.264364317105218585e-02,1.318689950883507669e-02,1.288524627815403924e-02,1.269134566178730522e-02,1.299784011666148265e-02,1.248657122701811797e-02,1.293203420764128808e-02,1.262968092421843519e-02,1.266168723473120455e-02,1.265062341317947821e-02,1.289878781071911000e-02,1.294756572146875569e-02,1.294541960917296348e-02,1.320945946518884036e-02,1.249995815222600462e-02,1.270870337232522795e-02,1.302524481704782702e-02,1.299439481193216672e-02,1.280360859711680670e-02,1.309926955696207214e-02,1.289156794087413169e-02,1.295359462641596481e-02,1.289398782481766294e-02,1.244639540074713932e-02,1.264684689733195679e-02,1.259204298534437327e-02,1.258732216421147576e-02,1.284281510546344922e-02,1.294916730740697068e-02
1.179253763278455096e-02,1.195039921540940256e-02,1.179450811507055073e-02,1.226562667035222334e-02,1.192480153710241166e-02,1.168762531819901238e-02,1.204765687062281376e-02,1.191383651415361261e-02,1.162355695918951964e-02,1.227012448003939570e-02,1.222668307015315620e-02,1.161142084532430611e-02,1.202504604939974055e-02,1.189113356918418928e-02,1.230528682581234420e-02,1.218038650488319392e-02,1.191863811167962785e-02,1.177375911877337651e-02,1.172516039224294135e-02,1.155906147951138441e-02,1.191241880906430441e-02,1.182724806700826727e-02,1.198560804008265597e-02,1.232053627567723277e-02,1.183525361674488650e-02,1.225998528729411660e-02,1.229773983222955808e-02,1.212130771357473533e-02,1.225595262663432307e-02,1.228804280486925360e-02,1.156951675525196878e-02,1.195025856958024935e-02,1.271298160249458541e-02,1.228363836727316277e-02,1.210963538123044012e-02,1.190264915406772338e-02,1.173787867758667620e-02,1.234029613941209184e-02,1.248832137629297262e-02,1.137180041172593768e-02,1.164719006133888533e-02,1.197899456350883657e-02,1.159772694912700533e-02,1.170180169107950044e-02,1.193395462695322207e-02,1.190977182950474049e-02,1.204266241911690870e-02,1.204683975231811768e-02,1.178858056998436515e-02,1.148514859166318951e-02
1.042876277564334410e-02,1.111783769001071370e-02,1.050641934712622308e-02,1.104797042734960086e-02,1.106247515032603157e-02,1.066514335858693985e-02,1.003294146490258526e-02,1.105866480264726913e-02,1.073958362887933969e-02,1.087145345788642116e-02,1.071938075078216444e-02,1.088138052172413564e-02,1.104392719401682370e-02,1.080744016437073553e-02,1.096996880787075128e-02,1.081783779045639160e-02,1.118414552493086737e-02,1.081242508166383939e-02,1.135424316204905644e-02,1.051806830393366490e-02,1.077391954716870777e-02,1.091048363766525600e-02,1.121042259389110930e-02,1.071838260184647569e-02,1.134957012419148328e-02,1.101599424169594048e-02,1.124210218970882018e-02,1.098105930502473598e-02,1.113261218017779289e-02,1.132419423237036697e-02,1.073831772784141284e-02,1.080735353198150443e-02,1.062381820967781346e-02,1.129495064581134342e-02,1.074163024079181732e-02,1.097861502106089147e-02,1.077949938820660716e-02,1.137636041542018292e-02,1.114922606032897091e-02,1.078060896217220878e-02,1.096272945209657117e-02,1.074538878207626641e-02,1.081932173559277052e-02,1.077267026660374584e-02,1.091516995512042780e-02,1.079791924730891771e-02,1.095068748961651461e-02,1.047089782909640422e-02,1.066472163310205543e-02,1.110106366931332654e-02
1.028076586839260682e-02,9.654731368469763111e-03,1.007180465512175563e-02,1.022262962175063059e-02,9.713652398915228678e-03,9.720730433229237549e-03,9.817117957902653236e-03,9.377368780820655170e-03,9.901666519419467447e-03,9.816016626570632508e-03,9.645358008885118045e-03,9.841600020079714628e-03,1.006901461393376260e-02,9.433482832564168627e-03,1.010544821817038925e-02,9.941380877948491346e-03,9.719084013426209159e-03,1.025905175358878332e-02,1.009426809410733650e-02,1.001778374046696958e-02,9.787409718937834999e-03,9.747292064370697423e-03,9.950566635416532857e-03,9.484654931438497860e-03,9.759688888684499991e-03,1.018734612404075326e-02,9.699695342354233002e-03,9.899733770953118156e-03,1.014652923958726631e-02,9.868422122594261089e-03,9.977453289852606169e-03,9.366184440737496467e-03,9.777070737373239409e-03,9.572312991828165959e-03,1.036076030021209834e-02,9.917675737294627189e-03,9.913649908491976165e-03,1.015574809030918985e-02,1.027640855988971522e-02,9.630914031103889397e-03,1.016033566110750158e-02,9.738880982928748917e-03,9.910424641149035915e-03,9.822721318159444506e-03,9.946298067946345717e-03,9.531204470396103731e-03,9.991621333389598056e-03,9.325864235193699267e-03,9.536745221892206983e-03,9.793456215349785610e-03
8.889597234566060102e-03,8.321220926769743245e-03,8.442858791952174979e-03,8.878037910875321431e-03,8.925223260525258842e-03,8.921741581684412836e-03,8.610074899693117428e-03,9.261157507453723903e-03,8.970947772677279747e-03,8.755971410436573163e-03,8.719787954137336525e-03,8.781191216628557797e-03,8.932834428098375065e-03,8.691567632663880355e-03,8.571376641616137299e-03,8.698819671441931564e-03,8.641198380494151052e-03,9.065759604465357599e-03,8.379911441340157433e-03,8.802297991518740969e-03,8.546833865619597043e-03,9.118991903944630856e-03,9.227046455290568300e-03,8.729515527254531893e-03,9.048210460069018579e-03,8.821952147355083956e-03,9.010414637081501713e-03,8.783000187579055595e-03,8.483706944640088954e-03,8.892761662723782864e-03,8.961629336974055032e-03,8.605986711266987513e-03,8.955031688202360132e-03,8.506350981900981725e-03,9.154666922345681274e-03,8.672436571627360410e-03,8.966172379114531119e-03,8.956330239991192044e-03,9.142043169007720016e-03,8.487587020457858927e-03,8.670131582299147460e-03,9.095782232356557778e-03,8.801655863254318965e-03,9.194265445965655106e-03,8.732993637707488904e-03,8.691735304695856132e-03,8.502922450284479405e-03,8.919266745522951012e-03,8.648212977923151051e-03,8.770394438716789393e-03
7.776071648072938915e-03,8.104159545558292654e-03,7.944208695971613152e-03,7.079697246817964751e-03,7.501873855540540370e-03,7.148796871563961423e-03,8.013610137132576999e-03,7.833674352319889081e-03,8.058617011925259949e-03,7.527912636179372521e-03,7.655016542069936411e-03,8.028650992531582986e-03,7.831883128041306277e-03,7.622410207462312556e-03,7.716202578981897278e-03,7.504028269488796123e-03,7.562078853281202495e-03,8.075179333145634381e-03,7.675461599700563256e-03,7.785800923407776297e-03,7.830493186850254889e-03,7.436536682606822296e-03,7.845418783741868116e-03,7.883787960072122236e-03,7.905139526798613675e-03,8.013760598386567707e-03,7.271625578062895605e-03,8.297748462784282006e-03,7.539867647736495961e-03,7.600700385429271129e-03,7.543649795016987500e-03,7.550763301995844397e-03,7.731359157264925189e-03,7.978022608266239005e-03,7.679837554332938181e-03,7.591713893082535809e-03,7.389011928159251730e-03,7.618879661442652662e-03,7.851392361140376724e-03,7.386148012305382773e-03,7.840200367387098468e-03,7.393152118541430201e-03,7.407187129836023849e-03,7.464251426911712450e-03,7.194362257339856175e-03,7.624516466239105068e-03,7.342614407113983929e-03,7.647834304316098418e-03,7.776178121744668076e-03,7.494788821864247289e-03
6.513573419190868581e-03,6.648556345776537521e-03,6.415314890826188943e-03,6.158480555729245638e-03,6.395948906347510322e-03,6.283447917732693823e-03,6.507420220332705944e-03,6.513523765939339093e-03,6.786847475272280231e-03,6.604179142072503887e-03,6.859095752569849269e-03,6.542538386082025377e-03,6.552647577662505489e-03,6.143632029583864437e-03,6.579637890837999013e-03,6.756569802874506925e-03,6.768421555804762617e-03,6.725577421020837929e-03,6.438617511353160981e-03,6.669627010443916586e-03,6.656577765068194021e-03,6.509505005266900263e-03,5.998913506796045049e-03,6.390630187671485565e-03,6.737669755027816260e-03,6.529131408516884033e-03,6.819593374011017999e-03,6.936031111966930139e-03,6.602175971494711124e-03,6.708571896233543087e-03,6.653552355106623004e-03,6.562403370339933706e-03,6.719471826904546002e-03,6.261448120941955423e-03,6.138740779132621436e-03,6.636650932834395680e-03,6.798054288273277200e-03,6.399163757508931696e-03,6.680233358701517105e-03,6.744255929600911220e-03,6.680259335188656368e-03,5.960238146330753585e-03,6.020595932360545653e-03,6.309965822411767004e-03,6.501442137825782543e-03,5.994865956775884477e-03,6.867730148831770534e-03,6.907263343210076970e-03,6.623278150451577216e-03,6.547481786293603973e-03
4.858743611511904051e-03,5.152241274469931270e-03,5.371120266035098526e-03,4.931927359106339295e-03,5.290193849664108494e-03,5.161381019111376152e-03,5.424148534515406059e-03,5.544572909037130508e-03,5.009055676792675826e-03,5.621444204327297016e-03,5.098368460933692947e-03,5.278684791222711982e-03,5.026362900219224182e-03,5.575511130043927024e-03,5.521298441504893413e-03,5.366469449113165507e-03,5.311737504153884841e-03,5.459643615841643441e-03,5.530087533982047318e-03,4.804558182140637214e-03,4.852068841383593185e-03,5.403432438111810399e-03,5.022311289503468730e-03,5.305105251522826068e-03,5.709864837983086826e-03,5.699459792691297620e-03,4.952057776503096358e-03,5.262125682896641454e-03,4.962108919846975295e-03,5.391208462245560169e-03,5.021850725053115215e-03,5.237636232661930895e-03,5.366744868037648386e-03,5.385489514428138356e-03,5.393896179506239320e-03,5.519762382977014790e-03,5.179674551548005615e-03,5.508256297713072513e-03,5.194779054862935438e-03,4.557350899868699463e-03,5.455672738729974713e-03,4.930728895108869511e-03,5.563781340985136242e-03,5.711354427139278891e-03,5.698179746474333132e-03,5.078323626176335648e-03,5.295226560190074115e-03,5.743677630269442523e-03,5.292611562266265682e-03,5.217496511974771024e-03
4.147714979211173346e-03,4.380034928425616432e-03,3.859073683203200367e-03,3.828593023843356469e-03,3.816796166749726344e-03,3.919019681914250909e-03,4.115532419473941564e-03,3.910613047839691693e-03,3.813931051758540601e-03,4.237425380500070213e-03,3.832609714946192802e-03,3.639574888487804617e-03,3.692740722470649190e-03,4.000159202166014491e-03,4.167126274469083042e-03,3.453246685961855553e-03,4.799809936346951730e-03,4.405045023478178397e-03,3.608271504752725428e-03,3.799302396800703033e-03,3.427896728014681246e-03,4.019609324396851771e-03,4.197057922722973247e-03,4.313949335050026000e-03,4.142150938385258212e-03,4.301124328090060248e-03,4.311267491961015032e-03,4.008460275834977403e-03,4.166888197145368275e-03,3.875336222267006074e-03,3.619787845629419097e-03,3.623066841755647697e-03,3.910567376234923634e-03,4.004631825559935333e-03,4.001812583675052291e-03,4.026340663323356960e-03,4.142089257615244949e-03,4.126366492712737165e-03,4.043159191979701396e-03,3.763627594910481412e-03,4.168120353438387049e-03,4.107648345106222447e-03,3.981023830545404353e-03,4.043620101084248117e-03,4.288850973832953814e-03,3.993667008325034462e-03,3.815201806284653462e-03,3.732490596856680165e-03,3.970508984402887527e-03,4.199645771303359837e-03
2.922011885986171113e-03,2.573881119840681301e-03,2.832301093502250823e-03,2.322999164401406188e-03,2.509941273449090970e-03,2.604412028307359888e-03,2.508457853384876615e-03,2.405394282970027987e-03,2.280854929546707530e-03,2.592357438101001652e-03,2.563633948086879461e-03,2.303339103297251562e-03,2.463244858588765473e-03,2.483210762574025645e-03,2.837600307800239308e-03,2.013710042593655752e-03,2.095247187147808703e-03,2.527543846129783143e-03,2.113080776914238058e-03,2.733579967912264531e-03,2.451437327131624627e-03,2.268517203682530754e-03,2.779069034064355400e-03,2.437759188310866746e-03,2.963823760617404976e-03,2.642769849666899880e-03,2.496892942425125907e-03,2.418463761366931343e-03,2.835161294769367440e-03,2.738185783603762358e-03,2.491546715827421942e-03,2.293227523963724951e-03,2.612995432343489903e-03,2.153532937982716774e-03,2.605056041764414534e-03,2.423771513804344902e-03,2.635968731200437256e-03,2.440187801351684140e-03,2.298964614834980366e-03,2.339964820198259070e-03,2.543247531862373369e-03,2.961337565083947167e-03,2.669810987871025759e-03,2.367172485465814102e-03,2.692782153396303807e-03,2.526242628448170831e-03,2.714574052907482628e-03,2.387980345802759308e-03,2.443257578183177445e-03,2.553608249675274559e-03
6.704351369323901643e-04,8.777111240441261937e-04,9.574029013483824260e-04,5.193450424464744449e-04,1.040731982874263783e-03,1.145834055953057597e-03,7.833724741137022439e-04,6.601375405947019093e-04,8.964341308685805018e-04,5.019357734877610486e-04,7.326398798589065344e-04,8.140265747879079456e-04,8.831793938569342580e-04,8.443843205110201748e-04,7.120960787927864844e-04,1.166939594570561706e-03,7.516054556433358035e-04,5.922208062015813694e-04,8.289520600158794064e-04,7.583361247775500255e-04,5.402999506430147727e-04,8.098195246925822760e-04,7.533922763570499552e-04,7.301804538582626911e-04,6.592721542278067674e-04,5.569036557893649545e-04,7.981031046811842789e-04,1.023062151214659430e-03,5.999871876930252526e-04,9.425898788548727446e-04,5.826517857522904922e-04,6.977105988754558853e-04,6.946553962791506302e-04,9.014924891847369290e-04,7.023619061807094425e-04,1.061067135070266126e-03,5.771991067936320169e-04,1.105527485844421797e-03,1.038533841630490898e-03,8.757774839459416981e-04,7.269827284360271414e-04,9.802427051204935533e-04,8.301550825161079427e-04,6.334886827040418214e-04,6.050617082013768277e-04,5.549458036486329317e-04,7.510739250970744621e-04,6.482187931167123808e-04,6.303463085656921478e-04,6.779849147353399566e-04
