1.494461711648486721e-02,1.492578358153022478e-02,1.495951268512310355e-02,1.495640875368182271e-02,1.495188077399890042e-02,1.493226760330211914e-02,1.493634968799008658e-02,1.494924621547960054e-02,1.491713381321912134e-02,1.492957783534567054e-02,1.493172829451522125e-02,1.492958252238966131e-02,1.494094140181121549e-02,1.492697468395503754e-02,1.492210067407681411e-02,1.490124724612894129e-02,1.492037019208884534e-02,1.490248063873131357e-02,1.490808998397938866e-02,1.495647294840634148e-02,1.491495235227626587e-02,1.491970204735087145e-02,1.493633697555494730e-02,1.493888682527367250e-02,1.494007690107590491e-02,1.498139189497963222e-02,1.493533634317079778e-02,1.497131299325190484e-02,1.493493799731008924e-02,1.494172706600903171e-02,1.493695897542214601e-02,1.490885723636618289e-02,1.499250963686941593e-02,1.490087573562065212e-02,1.494836727515405118e-02,1.496752749856468390e-02,1.491465095713137221e-02,1.491231375726478209e-02,1.495434158649056218e-02,1.492645882498049199e-02,1.488870354889195065e-02,1.489509550578682444e-02,1.490589226546059319e-02,1.491775081484714160e-02,1.494489625812007831e-02,1.492260880206259903e-02,1.490389435688234919e-02,1.496320304582856968e-02,1.493214756007039262e-02,1.490544454752343491e-02
1.494299617583185087e-02,1.491994727495158865e-02,1.494342587185293683e-02,1.491694516965145871e-02,1.491071004973124406e-02,1.491184796835659347e-02,1.493821063578561377e-02,1.493390289547682701e-02,1.494062529466852474e-02,1.491738740302104259e-02,1.494219926617579991e-02,1.495932907554771429e-02,1.491922640741254712e-02,1.491509636198902825e-02,1.493591039185452815e-02,1.494833854916622143e-02,1.494233414028075038e-02,1.492804252692877046e-02,1.490298550048020816e-02,1.495807302742344254e-02,1.494778057267515808e-02,1.492778755060622520e-02,1.494903601916498445e-02,1.494597465734149450e-02,1.493180558904685235e-02,1.496497976678202307e-02,1.493126770956688769e-02,1.492485128326753382e-02,1.493309190955996284e-02,1.496835159547525544e-02,1.493616000119602806e-02,1.492362624013664901e-02,1.491855549732080954e-02,1.491769431466864228e-02,1.492302653064966379e-02,1.496255128361404473e-02,1.492959908906664468e-02,1.493903270924677035e-02,1.494043694388491432e-02,1.496416147870397416e-02,1.491831851280481756e-02,1.496778537853910365e-02,1.490840062349311525e-02,1.492791490348199107e-02,1.494977993318448266e-02,1.492117176858407356e-02,1.493120237723015963e-02,1.490387045592830167e-02,1.496571910008241864e-02,1.491136390046689415e-02
1.487129573952587942e-02,1.495102745770518667e-02,1.492133678692946636e-02,1.493622215274830085e-02,1.493489884795048614e-02,1.492621997420091537e-02,1.490906139787150780e-02,1.494989288147195901e-02,1.487672765576892459e-02,1.492349134996086291e-02,1.495455063964323469e-02,1.489956482656915916e-02,1.493195688853409149e-02,1.492871839485592454e-02,1.491492581829923295e-02,1.493335671959010458e-02,1.488793432298698115e-02,1.491696694213599794e-02,1.494051376809332581e-02,1.492118697368974636e-02,1.491094997755496032e-02,1.491736655694887032e-02,1.492041435771939047e-02,1.493690382854398827e-02,1.494452346904851479e-02,1.495842906092834969e-02,1.492030587789384272e-02,1.493863972270974803e-02,1.492431870102053741e-02,1.489181811462899664e-02,1.494959955830737174e-02,1.493270910640551521e-02,1.489228114406813096e-02,1.494657680594854363e-02,1.488773862884305681e-02,1.493744024849245552e-02,1.490389237269210305e-02,1.494716676993881714e-02,1.495783847002920067e-02,1.489132222671579221e-02,1.491899214062494643e-02,1.492314500973316096e-02,1.494564136718530729e-02,1.491513551130363956e-02,1.492470606113749203e-02,1.491722385928303217e-02,1.492145673385272993e-02,1.491505546829884413e-02,1.495714676137907019e-02,1.490337594996298323e-02
1.487963129223142909e-02,1.483572210227702450e-02,1.493257287130708190e-02,1.497384002834245033e-02,1.486205448123730823e-02,1.493519304191486506e-02,1.489959162653987750e-02,1.492066138809325891e-02,1.491316352427251787e-02,1.493876931391937939e-02,1.489118694311749279e-02,1.492954490490133908e-02,1.491784108420492194e-02,1.496050314840888587e-02,1.491012889130576870e-02,1.490179685078535723e-02,1.491608934577300094e-02,1.493009328863319045e-02,1.489495109567116199e-02,1.489507390672896968e-02,1.494079743565543579e-02,1.495312718722144676e-02,1.491783903122862950e-02,1.485280175532633327e-02,1.489768363737782944e-02,1.497282180826484815e-02,1.492092122956161469e-02,1.488986733879027469e-02,1.492423322158422869e-02,1.490653880509024490e-02,1.493728355653131841e-02,1.491157768179879849e-02,1.488680752954177171e-02,1.494035197233105870e-02,1.496544461623028691e-02,1.492995823169149770e-02,1.491024005601936271e-02,1.490987753784427973e-02,1.490281975996297914e-02,1.492327908853156859e-02,1.489176132854647117e-02,1.490528778674699364e-02,1.494901058249945534e-02,1.495984986762082664e-02,1.491740282620206658e-02,1.494603952642477307e-02,1.489751329848747717e-02,1.488316473256703042e-02,1.491558971315233573e-02,1.493812059208285935e-02
1.494292250508815097e-02,1.487849891984021830e-02,1.492528476641552526e-02,1.487422616701570763e-02,1.490606366837736278e-02,1.490228230407342723e-02,1.487615578764756551e-02,1.486364486812011103e-02,1.490416381916212681e-02,1.489801283554018606e-02,1.493528035789000626e-02,1.486190621705998742e-02,1.491335914941404640e-02,1.492746541761224947e-02,1.486461798775074762e-02,1.492735554849129558e-02,1.487961447485574261e-02,1.488520436930832955e-02,1.488887168596084859e-02,1.494874510293319261e-02,1.494552898097010162e-02,1.494320773491307659e-02,1.491037535810506992e-02,1.490328343751826275e-02,1.489517013751007202e-02,1.491125489394637404e-02,1.488297665845922900e-02,1.489007833119546445e-02,1.486071092772212228e-02,1.486851719033457225e-02,1.492817130263019397e-02,1.490974693624859751e-02,1.491418785282828084e-02,1.489193415493785498e-02,1.490799505204784721e-02,1.484648284664285590e-02,1.489060174794995181e-02,1.485929496509558537e-02,1.489010518529373592e-02,1.486213643285263369e-02,1.490377971180102158e-02,1.487973370695964276e-02,1.489694067904795763e-02,1.487257289246107089e-02,1.486789784735562635e-02,1.491229454084552070e-02,1.488135758643969499e-02,1.488764460029212873e-02,1.491764512547426834e-02,1.488871778528306523e-02
1.489776923102843417e-02,1.484652833789034364e-02,1.485903328832909216e-02,1.487775837335931529e-02,1.488701018579325838e-02,1.489635403532932334e-02,1.487546978458559668e-02,1.485550278092140353e-02,1.490820355329716337e-02,1.486108525117336293e-02,1.486173957091402840e-02,1.486520997716055982e-02,1.489687697867679399e-02,1.486834073122864780e-02,1.488434875075064084e-02,1.486917337606413238e-02,1.486798666017687988e-02,1.484775342120936599e-02,1.484841970651170490e-02,1.492417825926398330e-02,1.491593875707096853e-02,1.486512096768691053e-02,1.489889421360422218e-02,1.483991923604391014e-02,1.493296565381545954e-02,1.490398095319880184e-02,1.492153737396468421e-02,1.488371552321326834e-02,1.487119904874065028e-02,1.488899943260875436e-02,1.486740804200429103e-02,1.484767229976269309e-02,1.486683450394241449e-02,1.488379305214509313e-02,1.486100704632825099e-02,1.485586027720970682e-02,1.488389355011275790e-02,1.483940099188778977e-02,1.491548224194619819e-02,1.487577559275964773e-02,1.486556230712630065e-02,1.484795177134888393e-02,1.488474569638098370e-02,1.484715090333871106e-02,1.485683178993356737e-02,1.489689969230795046e-02,1.489556049943914842e-02,1.488500338944762774e-02,1.485191583778406633e-02,1.486884899806385253e-02
1.489185933055668654e-02,1.486202051233508764e-02,1.486800711076306965e-02,1.487260652761283539e-02,1.481926411176347561e-02,1.485300833037062930e-02,1.489224897234756907e-02,1.486422277321888114e-02,1.484427806908037058e-02,1.482797079034057358e-02,1.485537994071627066e-02,1.481672870889207128e-02,1.483366527161974341e-02,1.486884882304828452e-02,1.483748561291895612e-02,1.482704790974453783e-02,1.484409774773247370e-02,1.481810681746610799e-02,1.484502540890855066e-02,1.484681662904488268e-02,1.481639786781844235e-02,1.482151269471022707e-02,1.484829440522260867e-02,1.488772618855128960e-02,1.482066318096622246e-02,1.486094628748077170e-02,1.484752500249566544e-02,1.483443875505271840e-02,1.489550672118778590e-02,1.484767169114463783e-02,1.483852825255639087e-02,1.485493453225845972e-02,1.481773173668031983e-02,1.486688226293112793e-02,1.486502985405596666e-02,1.485363940989592631e-02,1.487763127214699645e-02,1.483318314734691223e-02,1.485598218905243885e-02,1.487875384454519744e-02,1.491735944889792560e-02,1.481481534879766637e-02,1.485873997443174638e-02,1.485415723726601911e-02,1.487250182574435808e-02,1.490273673579003977e-02,1.485690696472786315e-02,1.482689401413532677e-02,1.485590619648063417e-02,1.484196869670791237e-02
1.481759636455231427e-02,1.478171001827504119e-02,1.484892923176126152e-02,1.482919489641887009e-02,1.484729537955280405e-02,1.483662652963122115e-02,1.480225462663844159e-02,1.483663300694217611e-02,1.478885353288515378e-02,1.481106544621227719e-02,1.483095789648128902e-02,1.485086328923859895e-02,1.481370390822178695e-02,1.484169989495482365e-02,1.479604799483880476e-02,1.483425663610432599e-02,1.482684586987984866e-02,1.481315304349557944e-02,1.482802452881733582e-02,1.481103524501993160e-02,1.478030299268029944e-02,1.480962493591002349e-02,1.480253915075526068e-02,1.479540529144558574e-02,1.483915170343539161e-02,1.482819502822683294e-02,1.479641084759339073e-02,1.482082510198297169e-02,1.481917643680826825e-02,1.487417013881844365e-02,1.481377356123904192e-02,1.482107759532504294e-02,1.483282559100362018e-02,1.480602375787332982e-02,1.479913825302455604e-02,1.483404950512145180e-02,1.483279101875200311e-02,1.487401784792779895e-02,1.482521903818535478e-02,1.483773647437658036e-02,1.482508603402486226e-02,1.482007519624923414e-02,1.483783753622118333e-02,1.482311039150059628e-02,1.479973331566809651e-02,1.482108417786714115e-02,1.484492911509453436e-02,1.477441363556949473e-02,1.482109724733086421e-02,1.481762845658127388e-02
1.478939765713494815e-02,1.479531062584339175e-02,1.478887062278717857e-02,1.479827684632152064e-02,1.477894028799543562e-02,1.476908812840534331e-02,1.480194112977304202e-02,1.479413047593017456e-02,1.481126007707047644e-02,1.482200346129891252e-02,1.479926063149959031e-02,1.477307211856955516e-02,1.480197726017528324e-02,1.481795290837023028e-02,1.478762381181671429e-02,1.481328112515574447e-02,1.481039784449202784e-02,1.482135795693196798e-02,1.482448240240698614e-02,1.476811406491559259e-02,1.481035975903618150e-02,1.480511541803749068e-02,1.478553000547797903e-02,1.478276176973739899e-02,1.478182832719928709e-02,1.481105747264785735e-02,1.479730482378295575e-02,1.478934853101246394e-02,1.479366347771578043e-02,1.477562404625929957e-02,1.484317873283915942e-02,1.476708389761013061e-02,1.477230821417515640e-02,1.483078590013991137e-02,1.480067714229419719e-02,1.477339899542051346e-02,1.478070105605409565e-02,1.480526137313955236e-02,1.482852038898908875e-02,1.481339857497842097e-02,1.482344370200123530e-02,1.481204397535075892e-02,1.478150547087792206e-02,1.480278858732807061e-02,1.477408744267596531e-02,1.479807385609240196e-02,1.477347061960654004e-02,1.480845533767623408e-02,1.478765998680433950e-02,1.481132041720926128e-02
1.476804989120775527e-02,1.475372538850224478e-02,1.474949040818729872e-02,1.482957788794257541e-02,1.475016892634898984e-02,1.472643624843196844e-02,1.480394810067902321e-02,1.475883227817239782e-02,1.479653157137701333e-02,1.479732952225923208e-02,1.476051334124338539e-02,1.477629830298085589e-02,1.480549976405658164e-02,1.474456755444404805e-02,1.479687752861076275e-02,1.475834981524144947e-02,1.475827320476171683e-02,1.482507964934204336e-02,1.477056902663727821e-02,1.475943844892600373e-02,1.474589226988966273e-02,1.474673004478472757e-02,1.478900591634681010e-02,1.475359359661502709e-02,1.472875463031673472e-02,1.472383370694739686e-02,1.476480982666826015e-02,1.476736300723514861e-02,1.478318367683932946e-02,1.478112591272786637e-02,1.477958411157256034e-02,1.471480283107406625e-02,1.474651447291678089e-02,1.475486605818284412e-02,1.475350602446627059e-02,1.474289632530629592e-02,1.474035798054697428e-02,1.475962722745339552e-02,1.478250990199154492e-02,1.479416815064123723e-02,1.476612239380093762e-02,1.478253159554139377e-02,1.475461934141217638e-02,1.479695568521513516e-02,1.477552768918077158e-02,1.477173216673034403e-02,1.478763136115016086e-02,1.478176649754008379e-02,1.474875705570133366e-02,1.476568263155693568e-02
1.471820377488012449e-02,1.475032727571263906e-02,1.469403027394046261e-02,1.469626874889190873e-02,1.470623627937315582e-02,1.472990058699673310e-02,1.473988402316854171e-02,1.469507978667079252e-02,1.471587044156270375e-02,1.471448820431931447e-02,1.469930941308235720e-02,1.472694941557645826e-02,1.473146276428976414e-02,1.474230210182526750e-02,1.469423918310137217e-02,1.470399018955222646e-02,1.471675129211883100e-02,1.474363400945385635e-02,1.470275300864425268e-02,1.467894018992077151e-02,1.470900048059676016e-02,1.469584838820946898e-02,1.470232352998475031e-02,1.471019245253701001e-02,1.474885447676924088e-02,1.472606510763345075e-02,1.476433875937924189e-02,1.470796724841388382e-02,1.468790538255482225e-02,1.470695048272182420e-02,1.470968810733961837e-02,1.470361931773200327e-02,1.470982268551366406e-02,1.472811807062766876e-02,1.467198945764148534e-02,1.474607428648074849e-02,1.465804682166968985e-02,1.471515465331733538e-02,1.464284548144989886e-02,1.474019352405041977e-02,1.469705022324693973e-02,1.471062303372746953e-02,1.467308993936991199e-02,1.474294493830856367e-02,1.469735988743813698e-02,1.472189229248094082e-02,1.472067271670800433e-02,1.469622401215693944e-02,1.472924480671278236e-02,1.472205946195158204e-02
1.466315295235669051e-02,1.464571606935183117e-02,1.471464664917186173e-02,1.467191549389477295e-02,1.465155437581507764e-02,1.466232665954433391e-02,1.466943763894077747e-02,1.465401790872847450e-02,1.466787987453754133e-02,1.474180717213908337e-02,1.468344579601097225e-02,1.467147777449169001e-02,1.463214329312155677e-02,1.465849338758444011e-02,1.464862984741793946e-02,1.470064679686924891e-02,1.467236402435151410e-02,1.468960512643497675e-02,1.468223642620502742e-02,1.467153890456972254e-02,1.470265886091615647e-02,1.466531342824282068e-02,1.469705078118047764e-02,1.469916774859351613e-02,1.470837617481765038e-02,1.468784743056284967e-02,1.468619394023642361e-02,1.468798942442650461e-02,1.466561981595282393e-02,1.466289345375483902e-02,1.470990987642293094e-02,1.470083826045915330e-02,1.465326521180188198e-02,1.468526235049610537e-02,1.468772736707659246e-02,1.466309237912644288e-02,1.465519991631763531e-02,1.462830531576400465e-02,1.465552333881690004e-02,1.469700176952075908e-02,1.466158027163672918e-02,1.470870104352216615e-02,1.468456778912001146e-02,1.469279872487312677e-02,1.467277260920780806e-02,1.465923550937239632e-02,1.464958856238517126e-02,1.460704510113156919e-02,1.468784545586201626e-02,1.464691179161431260e-02
1.460098571059075326e-02,1.465305117273108665e-02,1.461876872678178653e-02,1.462832384321778416e-02,1.465514307715790401e-02,1.461743105065988618e-02,1.459715326731191552e-02,1.458801319370652688e-02,1.461845494879943953e-02,1.460991965862517596e-02,1.459615953973586108e-02,1.461914165122471694e-02,1.464573452424560232e-02,1.458614073364898275e-02,1.458570842356403038e-02,1.457499442429890414e-02,1.460940518495615695e-02,1.463439709161430159e-02,1.462873988388488540e-02,1.461771682845114037e-02,1.460199756598956795e-02,1.460534327107455149e-02,1.462479965971698673e-02,1.461997493310841431e-02,1.461688199962127288e-02,1.457470125423150804e-02,1.462157247465716188e-02,1.458439807359004740e-02,1.462484751199464271e-02,1.463823730418501411e-02,1.461306568914798841e-02,1.458167742247495555e-02,1.462167371644567705e-02,1.462417667532706425e-02,1.463453247250102833e-02,1.465108115977973094e-02,1.461148352430997367e-02,1.462243301634998625e-02,1.458081193818965178e-02,1.463670846347496848e-02,1.456929253609660219e-02,1.456972062916613367e-02,1.464370414788690455e-02,1.462423979161421757e-02,1.461485008188710168e-02,1.459711262840386256e-02,1.462464880549703763e-02,1.460301742952056260e-02,1.462751805705432735e-02,1.462846243915236905e-02
1.461829618734417774e-02,1.453954959954836985e-02,1.459302349651022367e-02,1.457197357957478942e-02,1.462000620557010744e-02,1.454205665279809795e-02,1.455276170663759132e-02,1.454839915679442645e-02,1.457561216459511179e-02,1.458848882567383848e-02,1.456047612966485105e-02,1.453664033511770440e-02,1.456366456288504807e-02,1.456912481288962641e-02,1.458286343987537370e-02,1.460086864356995202e-02,1.457577154124197784e-02,1.457164632678852913e-02,1.457156281147627651e-02,1.454131233331515394e-02,1.455302861131184747e-02,1.460008513274759293e-02,1.459940405717405180e-02,1.458086435458214210e-02,1.454304005971422849e-02,1.461078999956822236e-02,1.459172483211395102e-02,1.457953866035798310e-02,1.453075304407457947e-02,1.458096214333112588e-02,1.456309383092416719e-02,1.451790809926651986e-02,1.456741207341199010e-02,1.458796905894344312e-02,1.453321168067343676e-02,1.452365621082860395e-02,1.457569884576834403e-02,1.454216057706481102e-02,1.456846280028313047e-02,1.460184339034817022e-02,1.454916226936969412e-02,1.457244094286232715e-02,1.456371711095967927e-02,1.460349699109008900e-02,1.459481212992714931e-02,1.455390861089888264e-02,1.459848747845815704e-02,1.459856219505488786e-02,1.454082954454621358e-02,1.453125065265636028e-02
1.450292134559101435e-02,1.452069228570813768e-02,1.452044803288045187e-02,1.446932687673216193e-02,1.453355616044837116e-02,1.450272800129854232e-02,1.450128703867073487e-02,1.452889928244870815e-02,1.454341047578209048e-02,1.452096374768416243e-02,1.454483638245865351e-02,1.447045509110451468e-02,1.447018866398808688e-02,1.444969939051379826e-02,1.451533172249221647e-02,1.453042749830812941e-02,1.452721470649467710e-02,1.450394414699828112e-02,1.452390101909636043e-02,1.449071725206466273e-02,1.452430188757101483e-02,1.450415120660273997e-02,1.449724881396125334e-02,1.452567574215469365e-02,1.451278278922327018e-02,1.452016698925326539e-02,1.454532368652137683e-02,1.453543188133552162e-02,1.453572524665834587e-02,1.451812491499894497e-02,1.449114930935864812e-02,1.450451947815363345e-02,1.450463671043915326e-02,1.449109370534808726e-02,1.448723774739276229e-02,1.454391656497305493e-02,1.452329766847048828e-02,1.450782622359489404e-02,1.449323874082692441e-02,1.447304609952327660e-02,1.452903587358130369e-02,1.454325016047055240e-02,1.449317042660369127e-02,1.450425583012649421e-02,1.450151777954001957e-02,1.452775570936958721e-02,1.449035341865330916e-02,1.447986872607092204e-02,1.449779514003926920e-02,1.453114093166600791e-02
1.445483290452946254e-02,1.444691327820968145e-02,1.442182268602968179e-02,1.445613143628395568e-02,1.446277819519663568e-02,1.444509012998581622e-02,1.442579110244173249e-02,1.440664870461125235e-02,1.441481291519865378e-02,1.442519121896249437e-02,1.446013564277110440e-02,1.446836958948206388e-02,1.448466431371966089e-02,1.440533085943131696e-02,1.444911329277304840e-02,1.448742658145609971e-02,1.443399052210747949e-02,1.445285863944410255e-02,1.446093641370875191e-02,1.442701550926855057e-02,1.438554417633320162e-02,1.441045316772894373e-02,1.443973937900356122e-02,1.445362220598514144e-02,1.439323063198322608e-02,1.443768889376129128e-02,1.443906770264122633e-02,1.439721528221864916e-02,1.444528713817550165e-02,1.442910530317153758e-02,1.442031554664331694e-02,1.447252473478065869e-02,1.441820044238814776e-02,1.443045856759185390e-02,1.439805968374247534e-02,1.441860323233552441e-02,1.447241867306144937e-02,1.443298520403065756e-02,1.444376653245403250e-02,1.443716824528057385e-02,1.445212981252375593e-02,1.442952226309794986e-02,1.441600194101023621e-02,1.445902001166779124e-02,1.447977910690938057e-02,1.446591485080143090e-02,1.443770246431047566e-02,1.446584553286062169e-02,1.441432275881332839e-02,1.444776195084447601e-02
1.437322560317676017e-02,1.437793413360909447e-02,1.439676753949847669e-02,1.437265168923524024e-02,1.437932387596122484e-02,1.434597302051916767e-02,1.438056786042924730e-02,1.431599548295556593e-02,1.437472241954181745e-02,1.435797444222986115e-02,1.434687359805872885e-02,1.436895662621603433e-02,1.440311725296339850e-02,1.435534733517650034e-02,1.441397422307355569e-02,1.440963657401330041e-02,1.435842640008040856e-02,1.437996668296938167e-02,1.439720290470201253e-02,1.435957543208182981e-02,1.438432007813257932e-02,1.439471531098773967e-02,1.436630513920941245e-02,1.439042001811962831e-02,1.437899748122744258e-02,1.437605062966587285e-02,1.438771386814615728e-02,1.435119514168890775e-02,1.435321201873780358e-02,1.438695374307034230e-02,1.435910836870299065e-02,1.437760293626359764e-02,1.440807018080932783e-02,1.438290530661996518e-02,1.438454689723112079e-02,1.440088268184043854e-02,1.440050504420599571e-02,1.438915118863099384e-02,1.434313471454449693e-02,1.434018102627099972e-02,1.435883413008465920e-02,1.434770027767545350e-02,1.435840014797379327e-02,1.438123691764413813e-02,1.436070038247520483e-02,1.437654942407424162e-02,1.437199368350350337e-02,1.436686447332244550e-02,1.437929168196008453e-02,1.436265718899406088e-02
1.427293873418052778e-02,1.429255696360635583e-02,1.427423355352168931e-02,1.433557307325070661e-02,1.428186189265712169e-02,1.433740500260869376e-02,1.428139040282165421e-02,1.429447483646143456e-02,1.427060677461661729e-02,1.429769792326701650e-02,1.436812929439760557e-02,1.431938473102280403e-02,1.434133493082429163e-02,1.427964911305010416e-02,1.430208857032961266e-02,1.432334882254954200e-02,1.427147046900516594e-02,1.425875917939671902e-02,1.431372740492356521e-02,1.425022981932037164e-02,1.429811227117954407e-02,1.431824433643586435e-02,1.430662035377284341e-02,1.433434848424619025e-02,1.430846640815862207e-02,1.432120710218985626e-02,1.430167267193222999e-02,1.427991049705402797e-02,1.425754535327180238e-02,1.429403026283406798e-02,1.429371080435956794e-02,1.436750416426880658e-02,1.429724572753588233e-02,1.430469040047810739e-02,1.428285525863495428e-02,1.428083154668192446e-02,1.428161219188000056e-02,1.427137770098235725e-02,1.432265827505915974e-02,1.430876193149250609e-02,1.425604780827146451e-02,1.428891459788486813e-02,1.429661577388391912e-02,1.430337852322634967e-02,1.433683282828394912e-02,1.429115486594027297e-02,1.428278395133460860e-02,1.431211076600794226e-02,1.430864189562624719e-02,1.428067553899327324e-02
1.421614798434099776e-02,1.428503861286281595e-02,1.423801030032889429e-02,1.421682164609082595e-02,1.420768300164731296e-02,1.422229059613915568e-02,1.419433808349633043e-02,1.422200570091365808e-02,1.419379725977921308e-02,1.417386507106852683e-02,1.417711790420091156e-02,1.422923344666895094e-02,1.428122263976778356e-02,1.421461374582609800e-02,1.420408894706207820e-02,1.419218746437477842e-02,1.422681951632660466e-02,1.429594415076843907e-02,1.419643578206728624e-02,1.419790198254634352e-02,1.423769969309328538e-02,1.423549474381338373e-02,1.419818344334454474e-02,1.422353447006688247e-02,1.422855472546327715e-02,1.423443939455859217e-02,1.420329941549105038e-02,1.421822021801168526e-02,1.425078230291295343e-02,1.418625677657371631e-02,1.423701764183661449e-02,1.418444343484407712e-02,1.417114018597085898e-02,1.426963183511030346e-02,1.420396721179768319e-02,1.425847234045523292e-02,1.422864099144204725e-02,1.423623064265852264e-02,1.420205919309957231e-02,1.418371686679647213e-02,1.419614508633346844e-02,1.420481584355050286e-02,1.423606706273172762e-02,1.422068271787503210e-02,1.422888921694932633e-02,1.420958718602264616e-02,1.420118462088215336e-02,1.419736965889719857e-02,1.423679056113531620e-02,1.420031249159341147e-02
1.411564610177430158e-02,1.412908494736475964e-02,1.416299705853715091e-02,1.411300484782939194e-02,1.412582839953246787e-02,1.414053276591212445e-02,1.414663062855732976e-02,1.413091366291554726e-02,1.413340604217078883e-02,1.410385509416712917e-02,1.414532000573971368e-02,1.416695181352425371e-02,1.411274924000994503e-02,1.415288262925812855e-02,1.415046856056012201e-02,1.413849234963207406e-02,1.407725284766263296e-02,1.409967260865844368e-02,1.414525756038225238e-02,1.409173753450639402e-02,1.414341869531555995e-02,1.408764185782727593e-02,1.408057402505907656e-02,1.415322160627228813e-02,1.417577568126746589e-02,1.417764136965735805e-02,1.407619298892327959e-02,1.412602703149953842e-02,1.413632977446934932e-02,1.415736283667144192e-02,1.413298221173076193e-02,1.415958415108545601e-02,1.413468576717698440e-02,1.410407725123278590e-02,1.410934498870178820e-02,1.418510816947593858e-02,1.414792781260425236e-02,1.411561322235659922e-02,1.412709532596768437e-02,1.413812441692179067e-02,1.413142105696067567e-02,1.413790372422667023e-02,1.412466909794138532e-02,1.420593192646942005e-02,1.416336445651508215e-02,1.414158300725881778e-02,1.417972524340460269e-02,1.413363221521218502e-02,1.413713709736633302e-02,1.413129534533343230e-02
1.405970656860549423e-02,1.405318517730142804e-02,1.403205916528967381e-02,1.405241735586624380e-02,1.406047752400597581e-02,1.403500625358811149e-02,1.406106238591544981e-02,1.403956035755474577e-02,1.406106859309859403e-02,1.401626326335711319e-02,1.406048839302024601e-02,1.405589663501115652e-02,1.401378719138604914e-02,1.402536224989109348e-02,1.408263249314185318e-02,1.403945138803551311e-02,1.404071980501223754e-02,1.401743539504725702e-02,1.404586662560170646e-02,1.406870693860960871e-02,1.406626160337679302e-02,1.402743224371671461e-02,1.397922329879783092e-02,1.406960245579677755e-02,1.403454117926725662e-02,1.403849030128255342e-02,1.409315616072267033e-02,1.407999331349333617e-02,1.406112979207167595e-02,1.399533697561150362e-02,1.403284473426453551e-02,1.406716853605259610e-02,1.400086024714091229e-02,1.402611830577619491e-02,1.407051571206301838e-02,1.405560176353697587e-02,1.406086173871171248e-02,1.407697041247565374e-02,1.406176123690170560e-02,1.407042489835487985e-02,1.403724162526631160e-02,1.404000991906142332e-02,1.404965041159407166e-02,1.399873036060549428e-02,1.408884711183952358e-02,1.404575682938386492e-02,1.405340488336824858e-02,1.404942174129900599e-02,1.407954737808804653e-02,1.405804264797884569e-02
1.398050386181770577e-02,1.394307081218191038e-02,1.398436087723059496e-02,1.397694729028174307e-02,1.391235422135684956e-02,1.394443353957949827e-02,1.391449129914685071e-02,1.390901978907911271e-02,1.395339433326123549e-02,1.398330189791936566e-02,1.395731920414132118e-02,1.396611573755191481e-02,1.395256935534986906e-02,1.398167822381926086e-02,1.394620511960602272e-02,1.395816458430017455e-02,1.396702893645064385e-02,1.398852231329159902e-02,1.391912601270234133e-02,1.397488689980325507e-02,1.396446497836127849e-02,1.393523287411695989e-02,1.395589675876132349e-02,1.395531895428060720e-02,1.394391362520289515e-02,1.400643136699544766e-02,1.396235386770826488e-02,1.399232629401236244e-02,1.395808758698272554e-02,1.398146982537607982e-02,1.393939569564807412e-02,1.388927820291642121e-02,1.388822692139239472e-02,1.388571123334958989e-02,1.394552056695315401e-02,1.394023403345147176e-02,1.397730817082274736e-02,1.395319527167625251e-02,1.391133917149097420e-02,1.392616855633314714e-02,1.395101684585499553e-02,1.398642374957829136e-02,1.390111404646005543e-02,1.396277745450817329e-02,1.390176998866905940e-02,1.399023070002944694e-02,1.392763662552189662e-02,1.391091127950523122e-02,1.398321702734408277e-02,1.393698392667741537e-02
1.380984256076009213e-02,1.386751326385116632e-02,1.386396994664961663e-02,1.386350074565299503e-02,1.386144999153385467e-02,1.387382754296461948e-02,1.384349975694948963e-02,1.380357346732713139e-02,1.387250226031479412e-02,1.384379567788078871e-02,1.389101388136573453e-02,1.381162535460637476e-02,1.382789579020005967e-02,1.378555928726807669e-02,1.384424235240291207e-02,1.382113254066666408e-02,1.383166386692698258e-02,1.383165632489152808e-02,1.383279407193778281e-02,1.384821368557027921e-02,1.382866644660899619e-02,1.382373404622473136e-02,1.383512210461786476e-02,1.382469019839411596e-02,1.389336606519185786e-02,1.380546159474694765e-02,1.380997337591402356e-02,1.386186414428661196e-02,1.382929342055658380e-02,1.380715725697952666e-02,1.380544919215852609e-02,1.384477712926382095e-02,1.379310058242856109e-02,1.382502429563714150e-02,1.380844737775636585e-02,1.382744123710679014e-02,1.384139169719660403e-02,1.387418578847439063e-02,1.381502929898187522e-02,1.382042336839394564e-02,1.385335570403503115e-02,1.379044062350504203e-02,1.381377664138743085e-02,1.383645597914519472e-02,1.385304666355408401e-02,1.385382595145833763e-02,1.380985702793669986e-02,1.385848192610501101e-02,1.384053542899778798e-02,1.388271991563047592e-02
1.376348923654433995e-02,1.380819087721022256e-02,1.377049135957689706e-02,1.372094079069845901e-02,1.371751969578873138e-02,1.370291110588098965e-02,1.367781222917816009e-02,1.374625431947015461e-02,1.371836084845848985e-02,1.372198194989496418e-02,1.372338477692761766e-02,1.370815044627094088e-02,1.368781173340105801e-02,1.376155007761970493e-02,1.375593253543603428e-02,1.369971432317220600e-02,1.370369867813892376e-02,1.376210251755836077e-02,1.372385560514101030e-02,1.375984899555519718e-02,1.372165537689456691e-02,1.370417734228589896e-02,1.372219367571537833e-02,1.372124686014228323e-02,1.377895126821219660e-02,1.372479411980978038e-02,1.371823204975424967e-02,1.370508663886417337e-02,1.371174147884903285e-02,1.373947143848861137e-02,1.368900584026930961e-02,1.367357121453275856e-02,1.379521107798572371e-02,1.374536914229343258e-02,1.372152060129959959e-02,1.380449204781250029e-02,1.373734127528961763e-02,1.363878601821171856e-02,1.371020101922749285e-02,1.370227656941822546e-02,1.376429519872158190e-02,1.370961806177791072e-02,1.374078714492134139e-02,1.375941806944916933e-02,1.373350112869053258e-02,1.373631646091687600e-02,1.374454670427643389e-02,1.371452627573973432e-02,1.374344302034997967e-02,1.377867783143295506e-02
1.360558395757270785e-02,1.364640217931570657e-02,1.360146523113885814e-02,1.361869347431081574e-02,1.363070413713874697e-02,1.357195795554781356e-02,1.368963167778934793e-02,1.356691380333876519e-02,1.361178046364587210e-02,1.358574490849112811e-02,1.365163778892199316e-02,1.360473221464341374e-02,1.361230550471380363e-02,1.361606840720708256e-02,1.364543640240177547e-02,1.364056442878798688e-02,1.363937336026789342e-02,1.364842913309895558e-02,1.357350007786723746e-02,1.357835149531056058e-02,1.366665733359576085e-02,1.360073497073138390e-02,1.359457816924588766e-02,1.360083040573642314e-02,1.362348110421184207e-02,1.358061525393964783e-02,1.357642375023517846e-02,1.358479088309168074e-02,1.354936001796568264e-02,1.354528873712372745e-02,1.359219926121274513e-02,1.361707567777979688e-02,1.358831291913802433e-02,1.368372983251288019e-02,1.368274716902241790e-02,1.362346407113065178e-02,1.359590749816479843e-02,1.361493374696981853e-02,1.361315516446929240e-02,1.364744983722379623e-02,1.359316273114112399e-02,1.359263707782853992e-02,1.366713806835817904e-02,1.366977156960410937e-02,1.363852605152490738e-02,1.364679869756477495e-02,1.363500102448102907e-02,1.366247146685646736e-02,1.363210150894114334e-02,1.361584662554626672e-02
1.352485271844317688e-02,1.353537606553168945e-02,1.351262069965912874e-02,1.348878576277968803e-02,1.349604960487124465e-02,1.347039556849877889e-02,1.348166540303279148e-02,1.348951161379415703e-02,1.352912769863609879e-02,1.342740358763760793e-02,1.352427996443276471e-02,1.350422886096032914e-02,1.353298685270805032e-02,1.349282131733558175e-02,1.349025919865245830e-02,1.350011252078979485e-02,1.349568189461483603e-02,1.345871090085472115e-02,1.347546804170573001e-02,1.350672520207939035e-02,1.350895886940150538e-02,1.348079948176999707e-02,1.352773449525421050e-02,1.353252799967293377e-02,1.347703915913312130e-02,1.345575987575843915e-02,1.351391478558741990e-02,1.342387839371848336e-02,1.347538702328958740e-02,1.351793185810489656e-02,1.348388395201099640e-02,1.351362300505515139e-02,1.347706933402904005e-02,1.348936467331477741e-02,1.348632125754757778e-02,1.346768237821601572e-02,1.349941694276522546e-02,1.348121865945400150e-02,1.346171715145983404e-02,1.347503974126880270e-02,1.346352235190533854e-02,1.345225454300841977e-02,1.353655138899404441e-02,1.348548280011962683e-02,1.350882575220871754e-02,1.346896091384596275e-02,1.349376415855269538e-02,1.355473532905753821e-02,1.350367970491481856e-02,1.351152875449180592e-02
1.337125346573677862e-02,1.339855676360286220e-02,1.336178712070371956e-02,1.332692026486937895e-02,1.335285468777145344e-02,1.335284118844479173e-02,1.333594446897015846e-02,1.333251456587345590e-02,1.332457725491039899e-02,1.338769251808585338e-02,1.338282001444552824e-02,1.336477030364851583e-02,1.334600731145224074e-02,1.340154597075389475e-02,1.338798174076965761e-02,1.334628791869411739e-02,1.330172269548725306e-02,1.335886527979482548e-02,1.332106582193566709e-02,1.331116866095985798e-02,1.332238301798644754e-02,1.335564455000517493e-02,1.331790887177081162e-02,1.335064413775110918e-02,1.339153811234292807e-02,1.331154580760681924e-02,1.336277401159172151e-02,1.336488405662721903e-02,1.334709127400694230e-02,1.340968722143672312e-02,1.337258868827569808e-02,1.335843440625354185e-02,1.332144584049549906e-02,1.337574589411867111e-02,1.333160427736010574e-02,1.341885645716271551e-02,1.330804953738362433e-02,1.336692778879490333e-02,1.336778586979990406e-02,1.335274363522956191e-02,1.332852254500297567e-02,1.333620515595746597e-02,1.336226751186090494e-02,1.337231942197532678e-02,1.334659121373689243e-02,1.335799911080264371e-02,1.337955495130141448e-02,1.335283772953937617e-02,1.325629897505603214e-02,1.332216963006382579e-02
1.327784120869364079e-02,1.322259707393954112e-02,1.322623562787818112e-02,1.322561402168879151e-02,1.321557649803497755e-02,1.321034084562573881e-02,1.322831907910843041e-02,1.320174385243124554e-02,1.325278407322158340e-02,1.324906253974192198e-02,1.320484642450996983e-02,1.321270189063040480e-02,1.317724859038626149e-02,1.321817599159010037e-02,1.321603372986215191e-02,1.327580455512273813e-02,1.327737529073719398e-02,1.325928648364673064e-02,1.325222168538882882e-02,1.320336485471710307e-02,1.321710616822524900e-02,1.327914905811928246e-02,1.317318511587395324e-02,1.319061708311088273e-02,1.321539836728955961e-02,1.320958118813873004e-02,1.321576560124882588e-02,1.321561703350906600e-02,1.325016249443294880e-02,1.324741908826951829e-02,1.319852302748678909e-02,1.324809384143115637e-02,1.329030298499120182e-02,1.322585659312178891e-02,1.322906243964375346e-02,1.322099117391768545e-02,1.324411012724252372e-02,1.324182522701475469e-02,1.314647124517133621e-02,1.328376731862907119e-02,1.318183807952813709e-02,1.326090593105168532e-02,1.319122548495632770e-02,1.321029220386983442e-02,1.319150455984271358e-02,1.316544955364825319e-02,1.320111429048235335e-02,1.321448582210476425e-02,1.320521537108257544e-02,1.318103527910073104e-02
1.303686136514776474e-02,1.307404713847891940e-02,1.308301080949120579e-02,1.308140108883735532e-02,1.313878812863998255e-02,1.307547617727689362e-02,1.313899495516426472e-02,1.306903431642195482e-02,1.304445564621167092e-02,1.302293615291127971e-02,1.313062242885548216e-02,1.305121434070115327e-02,1.310787290858714607e-02,1.311638177407966656e-02,1.308874142998489934e-02,1.305818370312717032e-02,1.301438689992291328e-02,1.302725055932183254e-02,1.312834922841629379e-02,1.309595570569318211e-02,1.310522629982550404e-02,1.313745265809248240e-02,1.307237435227414854e-02,1.308943978371338718e-02,1.313050034348715520e-02,1.310058992165207166e-02,1.304729546392444095e-02,1.315419759060567836e-02,1.309317509123317583e-02,1.311872227594295531e-02,1.310200131118895335e-02,1.313292478739617325e-02,1.310041113103134480e-02,1.306825391956265882e-02,1.305488933608613643e-02,1.312060341907902647e-02,1.305482195012142715e-02,1.303404190527176522e-02,1.304543822681648348e-02,1.307993407116263794e-02,1.306026252488617055e-02,1.308162118242166966e-02,1.311115918492610985e-02,1.311272978888579355e-02,1.307093099771903730e-02,1.307333378903443102e-02,1.310949689090373793e-02,1.315191887543284109e-02,1.305062335014000978e-02,1.303482809934909496e-02
1.286769421456340594e-02,1.296711030657124800e-02,1.292855351832862196e-02,1.291657721476608192e-02,1.291965154074688725e-02,1.290895047156825903e-02,1.295745486063917297e-02,1.291418059306943637e-02,1.292182055563837265e-02,1.286591176593575997e-02,1.291986381079017476e-02,1.293336635434940048e-02,1.290503355513273644e-02,1.293923551444613358e-02,1.294493182402756300e-02,1.293366759751185535e-02,1.292644633776312418e-02,1.294435908626338089e-02,1.288659469105570346e-02,1.293827738516245725e-02,1.294583865039375045e-02,1.288539518768212246e-02,1.287606310604324893e-02,1.288458784948719529e-02,1.298017156143380958e-02,1.294566861320058451e-02,1.292251071660749200e-02,1.286025403467255454e-02,1.295622455819170522e-02,1.295803798513861516e-02,1.293433263205916693e-02,1.293440197651703552e-02,1.287420186869686969e-02,1.295803415517688545e-02,1.299191723940321987e-02,1.293106292837885307e-02,1.286855890450143425e-02,1.294535455995308657e-02,1.292753028401322050e-02,1.290927512021769995e-02,1.294578307055034919e-02,1.293052000968309898e-02,1.286565527448745548e-02,1.288894268535482196e-02,1.295871139443871903e-02,1.292257742454493326e-02,1.293751434565734368e-02,1.297149854068422627e-02,1.295686879594066740e-02,1.291647984146378561e-02
1.280507192811462802e-02,1.273888394321512005e-02,1.277153397668687532e-02,1.281652020101865450e-02,1.275215001110010377e-02,1.279870528415997730e-02,1.277653530299751108e-02,1.277207314109861033e-02,1.275742034976553967e-02,1.278002089728476516e-02,1.271630534789820743e-02,1.277602994962004357e-02,1.278457536265522644e-02,1.274991983087821537e-02,1.278416952004117479e-02,1.277191079105006143e-02,1.283137202230544283e-02,1.276004310667036047e-02,1.271512038276800122e-02,1.273764917576584305e-02,1.281386226357241614e-02,1.275804363215633438e-02,1.279405344203607062e-02,1.275673345290311185e-02,1.275889005500767392e-02,1.277433660728713623e-02,1.274530022270858702e-02,1.279178808661409275e-02,1.272356076023875571e-02,1.273054240158384004e-02,1.277710624361232117e-02,1.273444466167474379e-02,1.279829131108436470e-02,1.285354772350682899e-02,1.279851911481504415e-02,1.277431503140452444e-02,1.280228361302197457e-02,1.275463592829348576e-02,1.277458017394862699e-02,1.281885730835681698e-02,1.273143629950384409e-02,1.278931619198443552e-02,1.279284014880477209e-02,1.272239734941261156e-02,1.277100936989085216e-02,1.277686330985524678e-02,1.276178068541850355e-02,1.279457694781469326e-02,1.271700286568070576e-02,1.273778834422885017e-02
1.258093499388050242e-02,1.261469603804807153e-02,1.260677157945509948e-02,1.261827618016880814e-02,1.261016239396861235e-02,1.253949203669794260e-02,1.256474971075291491e-02,1.259121283548474309e-02,1.264988603570621831e-02,1.264789952859672953e-02,1.257429484356927148e-02,1.259636796803896737e-02,1.262112704524418101e-02,1.258493796292406430e-02,1.254951707410187703e-02,1.259225618029996031e-02,1.259570642262909830e-02,1.256650747916174087e-02,1.263546536670142294e-02,1.260823646139189354e-02,1.261866539821859638e-02,1.260528323004269508e-02,1.258818512337885921e-02,1.263543501283261039e-02,1.258457954131632882e-02,1.259007766414498193e-02,1.258057376573700967e-02,1.258321744438037695e-02,1.257226246674991027e-02,1.253629206150295126e-02,1.263565095717533206e-02,1.260550224928674683e-02,1.259844492909227912e-02,1.256901539146902322e-02,1.254058068566282422e-02,1.256069321814845541e-02,1.264120919895275232e-02,1.251794175181353448e-02,1.249574973109434176e-02,1.255290082388992035e-02,1.255734639524783147e-02,1.252426019442827269e-02,1.255158174486564401e-02,1.261416899555167954e-02,1.262007640593418127e-02,1.260695541058123696e-02,1.260759483600920085e-02,1.258128897436749764e-02,1.263297010222342101e-02,1.255950707889101799e-02
1.248942556954534509e-02,1.243521633609839805e-02,1.245594592349664326e-02,1.246151694051795752e-02,1.242934250338740415e-02,1.237746816857389701e-02,1.243242993964458441e-02,1.244958470578059508e-02,1.242274206872831695e-02,1.243647345197493662e-02,1.236339554125102762e-02,1.246014178967268758e-02,1.240457787457491766e-02,1.241122944040499304e-02,1.244888467866087957e-02,1.238123712353910583e-02,1.238192774842242563e-02,1.239643819724013836e-02,1.242144681825119688e-02,1.246268093922819030e-02,1.240468761101641212e-02,1.245884022078789198e-02,1.241818730828337346e-02,1.243271255566968936e-02,1.237585321635472149e-02,1.239854081818067034e-02,1.241157760915341003e-02,1.240458856723915260e-02,1.242285572456206660e-02,1.239927012081724032e-02,1.241711773776744444e-02,1.237586003293805054e-02,1.241621108003891638e-02,1.239674321197353421e-02,1.236419973928238811e-02,1.240831513081134922e-02,1.235803028580662564e-02,1.243753766437855589e-02,1.243921988830254399e-02,1.244989863571469534e-02,1.243022229369773572e-02,1.233870002639044124e-02,1.249933902173804359e-02,1.240689007311767712e-02,1.238735195897382700e-02,1.246852680424460381e-02,1.239515808898097871e-02,1.239386690223475383e-02,1.240939485820272137e-02,1.242095517565599758e-02
1.227186001314839806e-02,1.227981217820151016e-02,1.225016833095526371e-02,1.211451347394307786e-02,1.219976722801955661e-02,1.225403586473465881e-02,1.227396387942731280e-02,1.219422759445796221e-02,1.224108654355953937e-02,1.224185720078055893e-02,1.223670606268168794e-02,1.220741656121839165e-02,1.216851989119228233e-02,1.224645322741567226e-02,1.220651642453907983e-02,1.221542373928424970e-02,1.221308771364612057e-02,1.223663372556175154e-02,1.219659310264289281e-02,1.221744960720087293e-02,1.215908780642293435e-02,1.226350644644809938e-02,1.231637173723822490e-02,1.227889886809022633e-02,1.213393071496191022e-02,1.219640074608233787e-02,1.222398845974412458e-02,1.223013683379868370e-02,1.223245396055916423e-02,1.225516549913686394e-02,1.222127269782220284e-02,1.223629033900950833e-02,1.224029129583762213e-02,1.227327786290470166e-02,1.221085172200564797e-02,1.223917453141260686e-02,1.227690506595103224e-02,1.223345676352003558e-02,1.219928700134446410e-02,1.227052753852540985e-02,1.224823833910946083e-02,1.222439216894165293e-02,1.226292825815451619e-02,1.222331720794102815e-02,1.219438000105673749e-02,1.228389111348520031e-02,1.220504931699344965e-02,1.219862855555830378e-02,1.221109206545512200e-02,1.218681441978427399e-02
1.204999897264763184e-02,1.203002792179525340e-02,1.200079723156102611e-02,1.203586546122418360e-02,1.201585617339836175e-02,1.205359794028038924e-02,1.198691985438238988e-02,1.193898571842984778e-02,1.197346730639787214e-02,1.203484803324594322e-02,1.207390466552492325e-02,1.201245708149589579e-02,1.204041224419287459e-02,1.211465074439403190e-02,1.201821395440873935e-02,1.197533761089798927e-02,1.199935048613962746e-02,1.204739972398909814e-02,1.201040784725297510e-02,1.201032336690577122e-02,1.207687110368722838e-02,1.199054783086819440e-02,1.205967064812769364e-02,1.199212558127442201e-02,1.203303674456527965e-02,1.206215496279207551e-02,1.204113306106405906e-02,1.198724275438405040e-02,1.206127251679952293e-02,1.203277119435653547e-02,1.205584166888073495e-02,1.197520892930972400e-02,1.203246499161733304e-02,1.201431275055522309e-02,1.199513403393022773e-02,1.207101451188045786e-02,1.195790453704611428e-02,1.209855052661127847e-02,1.205096120701485210e-02,1.203893148275794397e-02,1.204971867188646059e-02,1.207632635829949605e-02,1.206383720318104404e-02,1.201037276238547773e-02,1.199893812370255927e-02,1.201533884345884137e-02,1.205122519185031563e-02,1.203296331256600675e-02,1.212901577826508773e-02,1.207726710528587467e-02
1.183675815653367942e-02,1.183205642575311731e-02,1.181871047795709367e-02,1.177234518700135193e-02,1.175633970137482387e-02,1.184016704679106621e-02,1.182389805351261730e-02,1.178323752119502313e-02,1.185661161109886202e-02,1.178162880692376971e-02,1.182333221051213440e-02,1.176325055995271034e-02,1.183537355047915851e-02,1.180819300557929552e-02,1.190209941121255638e-02,1.180680942862958986e-02,1.176221254263385210e-02,1.184105493243143604e-02,1.181490174550344809e-02,1.182850753720134096e-02,1.183077302667125651e-02,1.185114283981373966e-02,1.188484033580127636e-02,1.182620816015550122e-02,1.183244015527931160e-02,1.186881656750188307e-02,1.182334459555596518e-02,1.186374780198386214e-02,1.177115855808784188e-02,1.180180320236543998e-02,1.185896431778449972e-02,1.181808169750849478e-02,1.185823374637843576e-02,1.187884566850342695e-02,1.178944510052390947e-02,1.177804852420227463e-02,1.179089302007466089e-02,1.180599241017049432e-02,1.183670193004758737e-02,1.179635133991866272e-02,1.186047534847103208e-02,1.187459930444170059e-02,1.178591088849486115e-02,1.178603644019794207e-02,1.181985734316735176e-02,1.178678168294819417e-02,1.188887330128443262e-02,1.182616177942418835e-02,1.182355512105435526e-02,1.182054141934078990e-02
1.155091593843965772e-02,1.159099098189719790e-02,1.151474125129070200e-02,1.158829967826695805e-02,1.158977750266932012e-02,1.167871863049752858e-02,1.164463134478926042e-02,1.163264237808217354e-02,1.159435887025668001e-02,1.163372386336320591e-02,1.163267037476719938e-02,1.159437728195968943e-02,1.156411295086405035e-02,1.157831238926965330e-02,1.156436792903536848e-02,1.159506492156213604e-02,1.160640370504881051e-02,1.159703894954526061e-02,1.163064553245330736e-02,1.161575413007149074e-02,1.160319039438363273e-02,1.161174688746387414e-02,1.156283425612951790e-02,1.165608175669409670e-02,1.162550447673742389e-02,1.158539305305684997e-02,1.160170326332073641e-02,1.163219516402336576e-02,1.158280926411258890e-02,1.160137226156176572e-02,1.155238659402214874e-02,1.159040614080111831e-02,1.168887079940457083e-02,1.164438950130902879e-02,1.158334869645847795e-02,1.156635504821130166e-02,1.161982163414827449e-02,1.166633234846256063e-02,1.164167097290837866e-02,1.165142531779704213e-02,1.156853679792731182e-02,1.160551691949217833e-02,1.164565720285942567e-02,1.163876557233258467e-02,1.154750953776496718e-02,1.164893410083680039e-02,1.156334238527817297e-02,1.160368867405244496e-02,1.161227959631984212e-02,1.159270260482144453e-02
1.136819426296592841e-02,1.140277314906514711e-02,1.134722928274266122e-02,1.136843129573900796e-02,1.136445152447199125e-02,1.134159199142227396e-02,1.138874575941110565e-02,1.137783426160521652e-02,1.144860500798179637e-02,1.141365654650096026e-02,1.137107059602435709e-02,1.142751930220779234e-02,1.151586949481145199e-02,1.135867761132448688e-02,1.143698142251154022e-02,1.142553144804645850e-02,1.137456653807583998e-02,1.135604482881827880e-02,1.138369292356060727e-02,1.136964702368159150e-02,1.137177513534697558e-02,1.137846300704380316e-02,1.135751019113651408e-02,1.134916953544370423e-02,1.136782447593193829e-02,1.140320380702908830e-02,1.136473324157384612e-02,1.134745835337366490e-02,1.140259900737630727e-02,1.148126358171500626e-02,1.137251536665733267e-02,1.136739420419299179e-02,1.144482381885205714e-02,1.137584999632948977e-02,1.138493558534396828e-02,1.136488345787340336e-02,1.138716039024759152e-02,1.143704770448620428e-02,1.147698580867395797e-02,1.139775265686799113e-02,1.137004200984965269e-02,1.139354484017944362e-02,1.142121072828517631e-02,1.141813244901543171e-02,1.133619717449716943e-02,1.135660314119491497e-02,1.136732152154105828e-02,1.136855303100069159e-02,1.140570208122415434e-02,1.143860231040825723e-02
1.118576423064795641e-02,1.115098698006286235e-02,1.116831728723516846e-02,1.112650359573080609e-02,1.114597363864990379e-02,1.113088664871873974e-02,1.117106904633211571e-02,1.118265883584228064e-02,1.112494559060198639e-02,1.123377926400001732e-02,1.118527601472073599e-02,1.111178147043330976e-02,1.121247070545891220e-02,1.116061016340247000e-02,1.118432281941635770e-02,1.111569878803636557e-02,1.118883694381487583e-02,1.114026860530973120e-02,1.119002359081015807e-02,1.119234771477175226e-02,1.119167705591486706e-02,1.105991927866687916e-02,1.111726611892005154e-02,1.114192252843666624e-02,1.113961586327118572e-02,1.123377688435957256e-02,1.112863922291630961e-02,1.118544358926060883e-02,1.108265604402863987e-02,1.111378354612291113e-02,1.115664544819862727e-02,1.112486530472862889e-02,1.120983617869577426e-02,1.109861089937292170e-02,1.116447445389374439e-02,1.113715515097344309e-02,1.122503938794793509e-02,1.117047455830073692e-02,1.115694029543771310e-02,1.112297997653367843e-02,1.112087746498726173e-02,1.114938362290935486e-02,1.114750159712466632e-02,1.115706558898252668e-02,1.119203910189727098e-02,1.117259207154798831e-02,1.117746566902038351e-02,1.114243410540065836e-02,1.117297848769584039e-02,1.116092092545841082e-02
1.090739074994581496e-02,1.095723136831402988e-02,1.093649634682906067e-02,1.096262132422636849e-02,1.089729034868640485e-02,1.087027573547159377e-02,1.088482220656168155e-02,1.090184937025076052e-02,1.086948841084648364e-02,1.098241658133702545e-02,1.090752250073245486e-02,1.092825473280321230e-02,1.093459303582555893e-02,1.099485198371231987e-02,1.092141260745645853e-02,1.093444159596619614e-02,1.087893580720699846e-02,1.083575101714110214e-02,1.089729105013613822e-02,1.093448439228582834e-02,1.093602222845047565e-02,1.089170714545397399e-02,1.092072418910484261e-02,1.096994478801919561e-02,1.085375525531222241e-02,1.093012426833430036e-02,1.090796675661231431e-02,1.088338510812209697e-02,1.096358653317531032e-02,1.094320876537907723e-02,1.092930587192327864e-02,1.099079971748669581e-02,1.092124700602245535e-02,1.093073336283793481e-02,1.086250022716404168e-02,1.091884624163316254e-02,1.093834872519753275e-02,1.088409675996199547e-02,1.091174824859955823e-02,1.085616224756670058e-02,1.097535533729016195e-02,1.096388095292826458e-02,1.092966158494875287e-02,1.091395976713953504e-02,1.093026892417117008e-02,1.101972904747979161e-02,1.087501499082534073e-02,1.095689722591089085e-02,1.087359004654050824e-02,1.097083648155877146e-02
1.062007707449021468e-02,1.072443315777765575e-02,1.069378821031010708e-02,1.058210153446795601e-02,1.065468055964352741e-02,1.064484967443349826e-02,1.065785664110658650e-02,1.067215022010345460e-02,1.074009471887570760e-02,1.061122756619559820e-02,1.068983576348752837e-02,1.065108128448736050e-02,1.065407037094880799e-02,1.061472978498939450e-02,1.062095011948457207e-02,1.062973990253766703e-02,1.068911848510455294e-02,1.070236365205098385e-02,1.069200458036250433e-02,1.068296951947983291e-02,1.070269136584161597e-02,1.064513800076963973e-02,1.063644135181778493e-02,1.065401886296629339e-02,1.068859244242133244e-02,1.071350604091217927e-02,1.067106743402973339e-02,1.065771053477619808e-02,1.061556103100556522e-02,1.066253881218591493e-02,1.073799112615432538e-02,1.061432909338480557e-02,1.067588689826752708e-02,1.067183664345437710e-02,1.065220410960272986e-02,1.065757232107365435e-02,1.068337521136924172e-02,1.065904152515929730e-02,1.068057000819985086e-02,1.066694489615204432e-02,1.066335972359249221e-02,1.063229806875959534e-02,1.060557599920806948e-02,1.063373305747426778e-02,1.067378460067318346e-02,1.068024323166382600e-02,1.060268387361668237e-02,1.069735717496482844e-02,1.067225126334910533e-02,1.059428903964249741e-02
1.045838184080163241e-02,1.037593145138106590e-02,1.043636160533867319e-02,1.048684962084430253e-02,1.039849774820703239e-02,1.035981470655114069e-02,1.037767322456931325e-02,1.036842189197746504e-02,1.039239444801711224e-02,1.042677450087303032e-02,1.040141849856307185e-02,1.045477168307857620e-02,1.031523250513538374e-02,1.037965199246541383e-02,1.035885796221908822e-02,1.041763324486393548e-02,1.041375058100456677e-02,1.040330920016204960e-02,1.037934799636255727e-02,1.049678373177835577e-02,1.034792144396446019e-02,1.040362485613566777e-02,1.043063232018434129e-02,1.047812098059550806e-02,1.041362913001287784e-02,1.048112033599622045e-02,1.043972423345540697e-02,1.032760575659005808e-02,1.042902261899749695e-02,1.041146191192539143e-02,1.038578953689878702e-02,1.031970328397299047e-02,1.038339375174835051e-02,1.041104699656177600e-02,1.038342660927262309e-02,1.041730438446508006e-02,1.043530050578468302e-02,1.039516908589347734e-02,1.039302951004575717e-02,1.039439279512166872e-02,1.035183351802068143e-02,1.033465890762883498e-02,1.039885590970368763e-02,1.045168004040509559e-02,1.041414584042341454e-02,1.039277767801408126e-02,1.035737570083826269e-02,1.039779100263412380e-02,1.039582038878885360e-02,1.041355306035305836e-02
1.012494850903875900e-02,1.014419418158457771e-02,1.010101296405963543e-02,1.014054011841882680e-02,1.019162390441323389e-02,1.003993332704827823e-02,1.016576406907810162e-02,1.014809033451219075e-02,1.020398679891455426e-02,1.005235517860615831e-02,1.012880321898600514e-02,1.007910560415384814e-02,1.012751100168195369e-02,1.019148263140209551e-02,1.012739697161930096e-02,1.005485396883550736e-02,1.004970539912484508e-02,1.010486571480181776e-02,1.020161038892958109e-02,1.010162518121171006e-02,1.003467659071304724e-02,1.009159243480547974e-02,1.016430963752864777e-02,1.011849011463678873e-02,1.013029800298236374e-02,1.009159063413890903e-02,1.015829279307594625e-02,1.014636435523471637e-02,1.010363384517218126e-02,1.012795014838645952e-02,1.009862872254862001e-02,1.018252419874764864e-02,1.008555008272872880e-02,1.013649509309020799e-02,1.013655158650341240e-02,1.015105502154802809e-02,1.019020465534206665e-02,1.012018188166048660e-02,1.013522934839262805e-02,1.012427104714931636e-02,1.011421954113740293e-02,1.021317428859084241e-02,1.013887563476452598e-02,1.018673800224769062e-02,1.017993069606926496e-02,1.009802724962642964e-02,1.008622980592856905e-02,1.023884599522468901e-02,1.005369180693990033e-02,1.013114337939900744e-02
9.858475360977760060e-03,9.737586276158857398e-03,9.838755017158839697e-03,9.927566493545968498e-03,9.845720501769792896e-03,9.863297069670462144e-03,9.855122432669548641e-03,9.886625031863910396e-03,9.915703140227180232e-03,9.826755879642136426e-03,9.895194878463641625e-03,9.831590519155424673e-03,9.836106541017894389e-03,9.866600711594937165e-03,9.810365701555603252e-03,9.931584418101661177e-03,9.831655142581819523e-03,9.783327227318573335e-03,9.835678392257341668e-03,9.798364850564055331e-03,9.812467386640322253e-03,9.771970831236039684e-03,9.905023424091623577e-03,9.829734971643256866e-03,9.774674891442540134e-03,9.847012203981474546e-03,9.815118056817052211e-03,9.879903179210584516e-03,9.770165727132554614e-03,9.815153090965894611e-03,9.793302657783203163e-03,9.847426170599873907e-03,9.817955356195290015e-03,9.764533342871013419e-03,9.879431174087422579e-03,9.838345462667293442e-03,9.750856226621988990e-03,9.881191397236224055e-03,9.787065813777631393e-03,9.724645767515817038e-03,9.888446853355228883e-03,9.897170244374562526e-03,9.810566745445266010e-03,9.846404348090547279e-03,9.854984320788271607e-03,9.872198198161437344e-03,9.864912902591119886e-03,9.859547865267308947e-03,9.846910037367621535e-03,9.862745842021885395e-03
9.572174880116959481e-03,9.462114726734371234e-03,9.635072582425909318e-03,9.605224067337323965e-03,9.546365349355771107e-03,9.545467042660772672e-03,9.514069546098260360e-03,9.513474698463602122e-03,9.615718331786531070e-03,9.483943414819943907e-03,9.515350027641802585e-03,9.529414547327148821e-03,9.497250252555348646e-03,9.536687897980957243e-03,9.544678215579274067e-03,9.508449434402502232e-03,9.553193252740649344e-03,9.494827401831322511e-03,9.481423789807173763e-03,9.547432798271431389e-03,9.598572060108920972e-03,9.539725564808263295e-03,9.511442813879280103e-03,9.499699923834436371e-03,9.470890444223216409e-03,9.511298600704770276e-03,9.462837150968917907e-03,9.564723884963453882e-03,9.465270715458242584e-03,9.565519163965044425e-03,9.540119790115691306e-03,9.531688433201200572e-03,9.527502036070679622e-03,9.514912613137182021e-03,9.542752791563866369e-03,9.549889259952348483e-03,9.586313178752052175e-03,9.539597025189541779e-03,9.568669695547220647e-03,9.591766044165036045e-03,9.532987042659563093e-03,9.531485514558306685e-03,9.527217154914493710e-03,9.494917542082141615e-03,9.584035773286416968e-03,9.556641929634089594e-03,9.559248071022265550e-03,9.518464806539341308e-03,9.507310579094241029e-03,9.567790259891944399e-03
9.199417139717452549e-03,9.270429560271860325e-03,9.116429806294663526e-03,9.203249185636934795e-03,9.272073029838404784e-03,9.153666619600207485e-03,9.327843800272732355e-03,9.159645983818649057e-03,9.177089158774364569e-03,9.252369110218308310e-03,9.161493783023583193e-03,9.208213300838418228e-03,9.196375662741038820e-03,9.328411807204341558e-03,9.294910205575924317e-03,9.261626374503712997e-03,9.206970778353813778e-03,9.264796507652509061e-03,9.202579182618915443e-03,9.156093280076202379e-03,9.277967005694899225e-03,9.146276040486241155e-03,9.253662243801081058e-03,9.255270750566270063e-03,9.242134083644850534e-03,9.204432941797164799e-03,9.233972346527957384e-03,9.217009248399495383e-03,9.271157216892743705e-03,9.235607134151120612e-03,9.187985490581373343e-03,9.244217000690620190e-03,9.145607571645527831e-03,9.193322383993408550e-03,9.193129895742448501e-03,9.201311773490272045e-03,9.231951357379791084e-03,9.218358348345648615e-03,9.254515087541211743e-03,9.239865074456163341e-03,9.198837117593056459e-03,9.186453002802543594e-03,9.162442198853641695e-03,9.200108141717608379e-03,9.207310883107685737e-03,9.234451912096867943e-03,9.257361388642844011e-03,9.274515706390446673e-03,9.188821905698420570e-03,9.220406646890584937e-03
8.855501073297793180e-03,8.910008806165338122e-03,8.939308487015682966e-03,8.969605539051279594e-03,8.833903148396934218e-03,8.953649633273516248e-03,8.972254798572705178e-03,8.890131509575377455e-03,8.882526058917697073e-03,8.912262287006087955e-03,8.948623237863394947e-03,8.817493687725490303e-03,8.944003483041244873e-03,8.887162004545224106e-03,8.924650555213181971e-03,8.840502408347935409e-03,8.845787320502932274e-03,8.903215888450416449e-03,8.878673937797119595e-03,8.851808130081545434e-03,8.971949334837065956e-03,8.900172719877504426e-03,8.898806031164666758e-03,8.908394677625905075e-03,8.872394769772721720e-03,8.909969181250016954e-03,8.938307271905886198e-03,8.874976504204603114e-03,8.903062040298006033e-03,8.893325028002082092e-03,8.923093274837045480e-03,8.887925140014346984e-03,8.898660819955587012e-03,8.891595457617118212e-03,8.937960597052834258e-03,8.914285243927249150e-03,8.965218347825773884e-03,8.925492860533285402e-03,8.885375956929097638e-03,8.881126850191708305e-03,8.911046220695963832e-03,8.903780431122899561e-03,8.921830164974015737e-03,8.857752103265625204e-03,8.872467168591587072e-03,8.911025658868252861e-03,8.902464730200015594e-03,8.889780851609681983e-03,8.878765693859019120e-03,8.917572277998159561e-03
8.568563121855268458e-03,8.548973020195714534e-03,8.619401919064339015e-03,8.503135031419519971e-03,8.622465065080787278e-03,8.528740995696879046e-03,8.564290626481611823e-03,8.520003712497600801e-03,8.590259963934736981e-03,8.587855951698393844e-03,8.562735079026263102e-03,8.579999388007530231e-03,8.512588313174343849e-03,8.580873597917287876e-03,8.600834507233281329e-03,8.575580218358610021e-03,8.633750342135874251e-03,8.603097452562430761e-03,8.585001136282107218e-03,8.528144902481382683e-03,8.548767489714469148e-03,8.595847413511411086e-03,8.547408659195170066e-03,8.610576275941701774e-03,8.562816183082008759e-03,8.597299782313987115e-03,8.574915430983485673e-03,8.565225684526467723e-03,8.527158371223867578e-03,8.591115324782844578e-03,8.497679790898535201e-03,8.537514936917274186e-03,8.619402642682807980e-03,8.577576333467618053e-03,8.543994103674108428e-03,8.536001153952610734e-03,8.534772597340979997e-03,8.572721128151149575e-03,8.599113402136145806e-03,8.637392699987355218e-03,8.583793324763786328e-03,8.621523383582435640e-03,8.508844854097164304e-03,8.587293434706965919e-03,8.562276153694235031e-03,8.611562743282133447e-03,8.586187020631899300e-03,8.685290949346639519e-03,8.515574047865277427e-03,8.538257108837586998e-03
8.263868347891922470e-03,8.134545642223189529e-03,8.286036077237744074e-03,8.222908882427005725e-03,8.208045406916214884e-03,8.211081218961052697e-03,8.159435230307866133e-03,8.242089791178998370e-03,8.313546873288831657e-03,8.272788999520634332e-03,8.179635716783515559e-03,8.228561075153784793e-03,8.298860168109651117e-03,8.154032373981452003e-03,8.205863248362756449e-03,8.274119364159933029e-03,8.217736506936770130e-03,8.224718331936315893e-03,8.266483866652307028e-03,8.228307511342928746e-03,8.192514317804202792e-03,8.171091869112464406e-03,8.184860782099670148e-03,8.253938682039907784e-03,8.220323348855694198e-03,8.321921943316814771e-03,8.206793528269981999e-03,8.310335685547103751e-03,8.279517201845615001e-03,8.226830115218413883e-03,8.247275979685639996e-03,8.203725600738715970e-03,8.266136542251592903e-03,8.240126524825181972e-03,8.233690278245086799e-03,8.206442678186143952e-03,8.225978243427432834e-03,8.163821455294048915e-03,8.197767740071023462e-03,8.273704683775357296e-03,8.247655831498806878e-03,8.205283813832911499e-03,8.259404361026158325e-03,8.236396714973679214e-03,8.201732078704721332e-03,8.232675443155269487e-03,8.164429863408453197e-03,8.214242166877638515e-03,8.272218889894440708e-03,8.283991984823428634e-03
7.897419519445609062e-03,7.815200990020693475e-03,7.905945896097546152e-03,7.867116659490250991e-03,7.921632137194675391e-03,7.841278318523379684e-03,7.856699280849538045e-03,7.832019963202985213e-03,7.928086148049594273e-03,7.960060568037335624e-03,7.873837039616233754e-03,7.886695352617375393e-03,7.876658244628496203e-03,7.845939170250212924e-03,7.797000148139565830e-03,7.823031789141956030e-03,7.809782513752380403e-03,7.871718880447853284e-03,7.879684405747971326e-03,7.828095112178561771e-03,7.792192011999163684e-03,7.869082820576151632e-03,7.920532251598106158e-03,7.884000135709352125e-03,7.850039236835224671e-03,7.797836172875781229e-03,7.901575845344727470e-03,7.835731454749932448e-03,7.909295645463141483e-03,7.908437278279221647e-03,7.824168831763879395e-03,7.921455805779964443e-03,7.816580615382066541e-03,7.864443917321235072e-03,7.812855168369898379e-03,7.825657309600452666e-03,7.931906396516875610e-03,7.854216029129210130e-03,7.831791321242469531e-03,7.858167360928444353e-03,7.857941603444685078e-03,7.893226290299794334e-03,7.930071971914033971e-03,7.925480680228120731e-03,7.923171210912806003e-03,7.883667032777274403e-03,7.932897773754256365e-03,7.903778483905502666e-03,7.887695575905484882e-03,7.849590837248126771e-03
7.555274403793037045e-03,7.608420295070352120e-03,7.520604442775292303e-03,7.497846932461424765e-03,7.518399236117018561e-03,7.471947299348791031e-03,7.469175127959654797e-03,7.523842844452909712e-03,7.535042499568695047e-03,7.467209075834076691e-03,7.501711614241159988e-03,7.465321696760729431e-03,7.553084123965469673e-03,7.506784100355349751e-03,7.492713174701990525e-03,7.519739305018748217e-03,7.453264808779365772e-03,7.534628449230476414e-03,7.554464795520739878e-03,7.503430394351206373e-03,7.439590080023547082e-03,7.510069641078420677e-03,7.484562842450655402e-03,7.463259808551915390e-03,7.459229874743231355e-03,7.477324627058861035e-03,7.543439681561598699e-03,7.477811068644713184e-03,7.518434192027831191e-03,7.381143722404903858e-03,7.484736380559647677e-03,7.562759258775630759e-03,7.480965792922942594e-03,7.592947843657358448e-03,7.373089637898970830e-03,7.471832656954968156e-03,7.552778784160437547e-03,7.442167668037881489e-03,7.430137587157436239e-03,7.475378516833650934e-03,7.452318548063691962e-03,7.521663536050569865e-03,7.444935822333700881e-03,7.502770805706153456e-03,7.436725789628161401e-03,7.512701184157200007e-03,7.487681942256769509e-03,7.514640519421322308e-03,7.516805867234165224e-03,7.460831335289640036e-03
7.173714261244390142e-03,7.106797665182696018e-03,7.138257955489861126e-03,7.095006168895452367e-03,7.190435798137911894e-03,7.135736448665721925e-03,7.052376532035555326e-03,7.080072895695112452e-03,7.122436346103150698e-03,7.090074942141882768e-03,7.126781306709932193e-03,7.206965566843466335e-03,7.029876757078245587e-03,7.133836012164438897e-03,7.123748346262989695e-03,7.069686629457282677e-03,7.129011675210277649e-03,7.093189204348219513e-03,7.123866328581295385e-03,7.087264191360640245e-03,7.134088366971840303e-03,7.088417764281773788e-03,7.143765779458099464e-03,7.152745871644420987e-03,7.034804879051803107e-03,7.122654668551023534e-03,7.133867019133411334e-03,7.136278708617685602e-03,7.137904294682697985e-03,7.089441729871502791e-03,7.133293090705939039e-03,7.117666879245568637e-03,7.082414749081675578e-03,7.074288033384599529e-03,7.095680414008306847e-03,7.089409714313736274e-03,7.185224318720981503e-03,7.065949124384279974e-03,6.998939135690014808e-03,7.197130514375779317e-03,7.064935175165364470e-03,7.085711053194596910e-03,7.059417185026006791e-03,7.066581562056182576e-03,7.092271123410041553e-03,7.059966952780685930e-03,7.082196426743452879e-03,7.132531555142281217e-03,7.036905986035972040e-03,7.182240669196015767e-03
6.707855048697649626e-03,6.740394476764096331e-03,6.727190491336493272e-03,6.666624087476442223e-03,6.695879732782127579e-03,6.733366011948753796e-03,6.659751052439760212e-03,6.794988966443137393e-03,6.839482080573148874e-03,6.685149476646529143e-03,6.745782994493421288e-03,6.694611030854486985e-03,6.726811805740313087e-03,6.726679478328023189e-03,6.657365018678377579e-03,6.669173647245500713e-03,6.719227540003814593e-03,6.745952682449378630e-03,6.743735962916773928e-03,6.823094910722124484e-03,6.652888230497807504e-03,6.694879754417289858e-03,6.662651138717942852e-03,6.813447928530168805e-03,6.719391276932110829e-03,6.694927314475883524e-03,6.668073894791058144e-03,6.728537762761744971e-03,6.802856361250548059e-03,6.725671371189187800e-03,6.672153305433446875e-03,6.678765015292733795e-03,6.702835015778834706e-03,6.670524792162523670e-03,6.679495940251085895e-03,6.765062430344036086e-03,6.769063048510244943e-03,6.714434694155185616e-03,6.707251937039060072e-03,6.727076360915731565e-03,6.709696323807089018e-03,6.677537309199602436e-03,6.741835821930857418e-03,6.634633071136750160e-03,6.638571129487784439e-03,6.694472281942752054e-03,6.676587856552196679e-03,6.697080939345743771e-03,6.675266566447071552e-03,6.652466658536990672e-03
6.314057044626910330e-03,6.247990599478603184e-03,6.277374557848067714e-03,6.327326003535872420e-03,6.259425889145842775e-03,6.308480178594377125e-03,6.321361271016504545e-03,6.279052128119819685e-03,6.249788097909229380e-03,6.328584361225256250e-03,6.275286394826860153e-03,6.220466212329566272e-03,6.272704623877909010e-03,6.282038835664948036e-03,6.308569972926230014e-03,6.205050138433297092e-03,6.338565583749701353e-03,6.200716788774640435e-03,6.308444267775249747e-03,6.226092323914778591e-03,6.282927494699456529e-03,6.239169818572263930e-03,6.297333085619226563e-03,6.356080211803435097e-03,6.257531573228114485e-03,6.297244070632463005e-03,6.258847669904519552e-03,6.272507821179289580e-03,6.278733738566845586e-03,6.249256791619346371e-03,6.345883407995679855e-03,6.195343994022868214e-03,6.260193826232195342e-03,6.356989843726289745e-03,6.321849604774739881e-03,6.280297152115796311e-03,6.294499745540290368e-03,6.287252551271291755e-03,6.196279258152190446e-03,6.306229450485897718e-03,6.208543358611036227e-03,6.280525404085740039e-03,6.305573765606821077e-03,6.253221286198541208e-03,6.232648705584245899e-03,6.316468167353319133e-03,6.266996750231535254e-03,6.199408445518563883e-03,6.208052708407336626e-03,6.310287344611016300e-03
5.865707368819693922e-03,5.833316268777478421e-03,5.829719184014391098e-03,5.867469139516160934e-03,5.948186348233103216e-03,5.879746905662817241e-03,5.940389932631685334e-03,5.799063489285234858e-03,5.854886310008940511e-03,5.836825955512436881e-03,5.891857230071471767e-03,5.861643689285273538e-03,5.823294242826263997e-03,5.880299367918881415e-03,5.812871010874773141e-03,5.878666423009356982e-03,5.817949341729403666e-03,5.857885461706535159e-03,5.940514248468321476e-03,5.817571216353763577e-03,5.850934210732378939e-03,5.817308893719593324e-03,5.908649945374173235e-03,5.829366884170485846e-03,5.795867389277093752e-03,5.866569401798949444e-03,5.783402465380785111e-03,5.876145747267988093e-03,5.810629675726269525e-03,5.740883103116804602e-03,5.899075707617186352e-03,5.937412079606417363e-03,5.850649335874394570e-03,5.889526521562197039e-03,5.825560830517360206e-03,5.792725046680661377e-03,5.824810782560943707e-03,5.919618501344313909e-03,5.881771041209389247e-03,5.886573552359648451e-03,5.896729990874290464e-03,5.805011092865800665e-03,5.783294901400551878e-03,5.805749292524533915e-03,5.856728799109659801e-03,5.783643844292438684e-03,5.847011822109153371e-03,5.899636632910215325e-03,5.787068351699039062e-03,5.858134952485502880e-03
5.339627448524052536e-03,5.351711874324331999e-03,5.380383395254918939e-03,5.434366441292371071e-03,5.425543393548600511e-03,5.403069791217760508e-03,5.372353994712965493e-03,5.408344047406238482e-03,5.364275245625748853e-03,5.392457310319854688e-03,5.405020883023552679e-03,5.461754687798437216e-03,5.353216822263455292e-03,5.394750159364551309e-03,5.330563300166684011e-03,5.411584180574880235e-03,5.367792955178693655e-03,5.356357220299397606e-03,5.418935175299895851e-03,5.444421879954480445e-03,5.282464902785620302e-03,5.312838512166702561e-03,5.350678142595122547e-03,5.428750796981164639e-03,5.387684333516465536e-03,5.366674001759095571e-03,5.469999732438287667e-03,5.371478950439234103e-03,5.374058873570623091e-03,5.376985864938075080e-03,5.428836573822387428e-03,5.296246786596570111e-03,5.327268844186783432e-03,5.450215698120510627e-03,5.366403001667157356e-03,5.437018143640245590e-03,5.325937359181917054e-03,5.257709384296268586e-03,5.291402048716208756e-03,5.396400001838985543e-03,5.402050543346975306e-03,5.383077949250800361e-03,5.449505824630892538e-03,5.270760992187505968e-03,5.493004644351750891e-03,5.311969997526416222e-03,5.381969282702827630e-03,5.405863264223273804e-03,5.379547955903568254e-03,5.424817915868737801e-03
4.906788335704535819e-03,4.855760534413919999e-03,4.915656856589943093e-03,4.928534883875040906e-03,4.880714810025074332e-03,4.902895589003770233e-03,4.922581524892674122e-03,4.818353164022754626e-03,4.924640477382354227e-03,4.943355049260237354e-03,4.876555923088974481e-03,4.929966365314719483e-03,4.912139725878041964e-03,4.868280757250622454e-03,4.946864981170950512e-03,4.933808688682277468e-03,4.997248073469244718e-03,4.965146066098403803e-03,4.914085450545857894e-03,4.896607724134730347e-03,4.993847952004924588e-03,4.947822616782290329e-03,4.959734150234243813e-03,4.990928003893693038e-03,4.957112958894777446e-03,4.878402358909685391e-03,4.959997605467576093e-03,4.955220688796097180e-03,4.950778845206454601e-03,4.861665565720514962e-03,4.920461853697004687e-03,4.940526719238692681e-03,4.850483250684978903e-03,4.986938135932169822e-03,4.948118565710709661e-03,4.813214806710304147e-03,4.900155505170900559e-03,4.949361954646205181e-03,4.945816902806551320e-03,4.941751002920586819e-03,4.889044186024223311e-03,4.939722116972779242e-03,4.929650127724301452e-03,4.827747857398009650e-03,4.842957848836980904e-03,4.951311892214216477e-03,4.961407247109369568e-03,4.872073924860892066e-03,4.869429380821591914e-03,4.981818545107014919e-03
4.354380922466007803e-03,4.440972901679066977e-03,4.333322928359637990e-03,4.431453146928108697e-03,4.414844589939477711e-03,4.405125702222782713e-03,4.348247547397704818e-03,4.477696852758670729e-03,4.385514664044004758e-03,4.407196436215857216e-03,4.474064120590768093e-03,4.497898079999896638e-03,4.392917048019607043e-03,4.385445732437264453e-03,4.439437232837574812e-03,4.410022571331309073e-03,4.412770836884526843e-03,4.398152162403852310e-03,4.412603679584103586e-03,4.443096412765641656e-03,4.473393631386820418e-03,4.476817642197605980e-03,4.409127451151564556e-03,4.449416346148454826e-03,4.371098495479351469e-03,4.412610046576647023e-03,4.427820411765096692e-03,4.418447949618904171e-03,4.487593422750449888e-03,4.391138875754665126e-03,4.488981026418154517e-03,4.294786791842528269e-03,4.486601592503302281e-03,4.465460171857438959e-03,4.421061288027467763e-03,4.521929725396988189e-03,4.413451490473278838e-03,4.464435709507252534e-03,4.444786729143497366e-03,4.475415461938855172e-03,4.386662980920447673e-03,4.489384135890509692e-03,4.541740147339425222e-03,4.415340907983949549e-03,4.413975439908368950e-03,4.455682212090692970e-03,4.406806237700133105e-03,4.483255146764830550e-03,4.425105335912862120e-03,4.376642783918895975e-03
3.896848093229483660e-03,3.891381313705428134e-03,3.886903161466665271e-03,3.884676446414981471e-03,3.946569568749294654e-03,3.892987051699146363e-03,3.932791928918055041e-03,3.961727181677114282e-03,3.883915030273149809e-03,3.817370229933387052e-03,3.913186760848726825e-03,3.853941639142302502e-03,3.862224510354556831e-03,3.941866044279341078e-03,3.931420086972314473e-03,3.866197553439892909e-03,3.858213390072127904e-03,3.910382122663915057e-03,3.783483270639577400e-03,4.005086101476785024e-03,3.953389093918641822e-03,3.902164857823217908e-03,3.934867228627660085e-03,3.921068216918547136e-03,3.831652960029964441e-03,3.943181946610353067e-03,3.874554392281293492e-03,3.874633482222608356e-03,3.874518242327464491e-03,3.921840974058014156e-03,4.021421908685395008e-03,3.991126279180939006e-03,3.966931374102989835e-03,3.928823149594934221e-03,3.873326771180785316e-03,3.906413378784082298e-03,3.880472406361405724e-03,3.825939991205907272e-03,3.933968202930356907e-03,3.938107048679295556e-03,3.940901867757560378e-03,3.890904066260193663e-03,3.963013725483787233e-03,3.908052352274252704e-03,3.903847908322263978e-03,3.901125951721869361e-03,3.891086569902697280e-03,3.982110196185756519e-03,3.896803462569503433e-03,3.922078075505599018e-03
3.305357751358534504e-03,3.370862486713552784e-03,3.318919312633238344e-03,3.312020299553372280e-03,3.374504942762594512e-03,3.364489239164456490e-03,3.478959716875862709e-03,3.356652028611947780e-03,3.344236272261930879e-03,3.324889668331779385e-03,3.385462026993070646e-03,3.323844335444089450e-03,3.382583147735331117e-03,3.355924642953732068e-03,3.310508882658227525e-03,3.395143964679668384e-03,3.470844981314765397e-03,3.411593288972941153e-03,3.388025964995691232e-03,3.392177166812444626e-03,3.348934663792157550e-03,3.391839649434940512e-03,3.403736440431104435e-03,3.337715479419927581e-03,3.439613030574277270e-03,3.410990640868234378e-03,3.382807944719622671e-03,3.452683147461886246e-03,3.372414921048920954e-03,3.478404458260935320e-03,3.325225642316968939e-03,3.327678583880540417e-03,3.330132130678818865e-03,3.392671740849699611e-03,3.494321888519993577e-03,3.401785680854615360e-03,3.386263977465685249e-03,3.419661481160532045e-03,3.412115276508318699e-03,3.339668674631228983e-03,3.305485485401601226e-03,3.294990772439688846e-03,3.179462134674808718e-03,3.347634336548114837e-03,3.470574540255418668e-03,3.421881475362808893e-03,3.316776736741700645e-03,3.366401082968303871e-03,3.411302267500532313e-03,3.404006485443453016e-03
