9.341564508606472431e-05,9.319354427420736896e-05,9.329292584412836038e-05,9.313097572364087873e-05,9.355222928079740669e-05,9.295025746269705916e-05,9.437720822526490577e-05,9.450280872932082714e-05,9.229165767377237658e-05,9.324693344774431986e-05,9.379136048109200862e-05,9.406865895146855334e-05,9.359124413449177587e-05,9.339119726824413970e-05,9.396637061580143655e-05,9.337209309077831756e-05,9.304404201756736215e-05,9.275765990986926902e-05,9.407656924324452670e-05,9.384098838642752200e-05,9.363266682425720288e-05,9.369152707375868333e-05,9.322822160779610143e-05,9.415394690387706312e-05,9.343052047501403112e-05,9.331196880204339146e-05,9.394744434268489344e-05,9.402480609877409540e-05,9.289127248249750505e-05,9.341834010057627452e-05,9.361382835558490359e-05,9.336292080539558742e-05,9.398821067562976880e-05,9.359806287913837277e-05,9.315272031721524967e-05,9.336556763839505351e-05,9.488273442496801546e-05,9.369309899609826447e-05,9.410697759429002092e-05,9.334263985758397902e-05,9.425702894783470512e-05,9.377688285963875318e-05,9.364006439259210679e-05,9.284642124318372505e-05,9.367903676797062148e-05,9.378543436395215247e-05,9.367061138919777576e-05,9.399196468719633814e-05,9.371392012432939208e-05,9.363379710725739996e-05
9.313697390052215529e-05,9.383848530052161640e-05,9.425197378081099427e-05,9.376676296554830735e-05,9.373351249974184183e-05,9.431046863666975018e-05,9.383148275632808037e-05,9.389275359818317977e-05,9.423576916436396356e-05,9.395388933552185115e-05,9.368530582119113351e-05,9.346291703017349799e-05,9.378229819077623405e-05,9.399222756758558858e-05,9.306011280568771713e-05,9.332106193646670753e-05,9.395587223251390793e-05,9.302273423196504053e-05,9.258689400303345173e-05,9.367833030927969059e-05,9.265633384899536621e-05,9.399973097220475483e-05,9.363428313843082411e-05,9.362279078359295116e-05,9.381781933247168733e-05,9.284603129904240356e-05,9.332903099250475980e-05,9.370963884651474474e-05,9.330040064930205583e-05,9.401446220230878662e-05,9.350557131681207614e-05,9.381755438587561211e-05,9.365790758874585815e-05,9.271446936778961017e-05,9.397006638349792470e-05,9.420276829177662401e-05,9.365756028886745410e-05,9.378786360761945991e-05,9.332443552984591494e-05,9.383899963582114615e-05,9.445640483736730190e-05,9.348483420361299468e-05,9.353759017934054750e-05,9.384416207439843539e-05,9.346258936028588272e-05,9.335445549741944670e-05,9.332768506033512911e-05,9.343233150074443970e-05,9.397135337079540586e-05,9.428318219167201896e-05
9.282049828871223509e-05,9.352464883313620656e-05,9.380877039493784630e-05,9.294340409697192948e-05,9.367785494959591868e-05,9.330958302271697509e-05,9.307833499549138115e-05,9.367740391705165208e-05,9.340193162646482489e-05,9.357960189142785871e-05,9.341732531167346325e-05,9.334503686547442666e-05,9.314315540229656677e-05,9.342469949401546367e-05,9.241318112135344081e-05,9.373529861067077305e-05,9.339518346124418510e-05,9.367899362030737698e-05,9.323169167848398124e-05,9.386928211422223374e-05,9.400499223538561454e-05,9.353801198418841979e-05,9.336611224460102446e-05,9.317025745589592120e-05,9.367343587811430533e-05,9.384457485968245754e-05,9.349553235252017821e-05,9.355785606834128175e-05,9.339069055450437888e-05,9.316930927669565907e-05,9.375375994978827384e-05,9.380264938901990092e-05,9.338239891673285253e-05,9.265586276951166291e-05,9.356125661444817721e-05,9.418591882598947569e-05,9.318166540394131204e-05,9.417829536141206421e-05,9.397835929559204458e-05,9.343408379109209344e-05,9.359250625496009373e-05,9.293855911169460204e-05,9.375209317427524061e-05,9.315371058262773970e-05,9.367497079437491273e-05,9.355250474297969999e-05,9.321688638534399900e-05,9.347220316981493134e-05,9.314483150564076427e-05,9.325641108695567106e-05
9.348563162702065526e-05,9.327502962029313356e-05,9.436876421510093885e-05,9.365788519000285510e-05,9.350873638528391346e-05,9.360741691357076465e-05,9.380693606435622483e-05,9.377228101999414975e-05,9.282737414873366670e-05,9.311037355300499723e-05,9.332185635925268502e-05,9.370306195891292891e-05,9.390135310205927760e-05,9.353086556653529679e-05,9.262595091138252855e-05,9.384046753390464001e-05,9.332338448823081862e-05,9.314220009339145134e-05,9.399461629913956513e-05,9.337792519401423921e-05,9.328476998343020220e-05,9.398508297300745462e-05,9.347558042365381012e-05,9.378906586989141597e-05,9.341857408271790630e-05,9.316683139920128355e-05,9.349265679795064040e-05,9.396781983978184081e-05,9.335277893915873567e-05,9.300597442492302856e-05,9.298731785455232614e-05,9.409331066617547849e-05,9.396306314503943065e-05,9.420792077231221137e-05,9.274629527012853388e-05,9.375054281533416007e-05,9.308260016088779835e-05,9.371587420529121199e-05,9.401024975514507564e-05,9.396920345985457636e-05,9.314783226668481709e-05,9.371257322339656510e-05,9.270583783517432730e-05,9.357632655068017305e-05,9.285648048834603053e-05,9.315486352403047545e-05,9.389246174867335636e-05,9.378906171172438696e-05,9.376930942672237967e-05,9.392094812148686113e-05
9.270108780956989663e-05,9.338926031669071226e-05,9.430963642399196498e-05,9.368563669496585557e-05,9.353456654796476761e-05,9.385372902773815888e-05,9.288500227871531855e-05,9.242933320163198142e-05,9.187804976065291787e-05,9.293055539799484018e-05,9.356593121255056794e-05,9.313239815979291200e-05,9.243803948153223179e-05,9.292535132586685867e-05,9.310981059620640151e-05,9.264863777168626355e-05,9.341895867638066336e-05,9.357173876258478688e-05,9.288573742688670113e-05,9.315379135267484376e-05,9.344211912806890457e-05,9.388893532559035489e-05,9.307667852375510063e-05,9.287294668672303321e-05,9.348831232694795174e-05,9.365132874870675278e-05,9.279788181742043421e-05,9.321407667682564760e-05,9.345681806759471182e-05,9.282480559089458828e-05,9.277695714381093968e-05,9.278008957993671936e-05,9.269527710632812422e-05,9.386634595852252991e-05,9.298842448382420094e-05,9.247015559222608843e-05,9.363222044211836324e-05,9.236190886974895737e-05,9.293943185083779017e-05,9.271748477417461967e-05,9.300650889075709959e-05,9.301293282473128738e-05,9.317292068169144342e-05,9.247850637859556736e-05,9.305246987012921734e-05,9.392968774594859845e-05,9.316968856317444324e-05,9.254793725272105159e-05,9.302105207246483232e-05,9.239169212767486502e-05
9.272091214104251355e-05,9.291032002388359000e-05,9.318955043211322401e-05,9.321677131799819703e-05,9.283577781307185937e-05,9.304644688064710070e-05,9.285199202757076268e-05,9.396922431858790959e-05,9.281505664808633932e-05,9.263331419452279470e-05,9.254120628652232224e-05,9.327158692225230368e-05,9.332362884191071405e-05,9.366475798049475219e-05,9.322944110264006206e-05,9.293129802321986696e-05,9.217913416276784957e-05,9.311294663736567568e-05,9.324032714606376028e-05,9.324474632102303844e-05,9.206173792691054727e-05,9.241192632435158187e-05,9.310780139199942046e-05,9.274734734257431088e-05,9.262086689041657873e-05,9.359194168068605733e-05,9.328957521214277656e-05,9.294276734334758715e-05,9.346970910040526136e-05,9.268463722100841746e-05,9.251877449677709333e-05,9.237010507752785381e-05,9.286060822553071994e-05,9.314862249719792296e-05,9.360886268751542028e-05,9.231715608185687505e-05,9.358077618452654558e-05,9.395136927304316942e-05,9.259098919858477206e-05,9.219397782145556327e-05,9.343329770715192448e-05,9.319096768440902402e-05,9.301195591042080027e-05,9.350481620100007480e-05,9.273273332138181441e-05,9.353271451246243250e-05,9.280127912816465475e-05,9.289866832083312710e-05,9.356127992315286146e-05,9.341048965034461863e-05
9.318107058105700488e-05,9.320002543755710571e-05,9.244371957756800497e-05,9.246951523235845817e-05,9.232247050276425992e-05,9.325514424840891333e-05,9.259403315498014630e-05,9.231588876512875292e-05,9.241908155420300395e-05,9.238213698995555016e-05,9.241163159459688772e-05,9.306715068881173840e-05,9.303991021222170351e-05,9.258814491316567051e-05,9.208262892591075749e-05,9.231150154497357973e-05,9.209777993000611309e-05,9.291371257236422901e-05,9.297021310586902373e-05,9.279069381621106493e-05,9.286888113783089104e-05,9.254159327792911061e-05,9.306418419866283509e-05,9.241023001898185287e-05,9.259612339406416456e-05,9.305587115370147230e-05,9.252506581753418844e-05,9.312245736204087954e-05,9.210956403260647709e-05,9.225191638194913193e-05,9.298611305869785475e-05,9.346961999375525136e-05,9.308571728747578797e-05,9.227683902379038117e-05,9.266242463470862275e-05,9.252306335385638983e-05,9.279621140202820432e-05,9.275258114712488461e-05,9.217423892915695193e-05,9.281964209128191134e-05,9.305922996975878969e-05,9.245242409618034890e-05,9.238871527168747086e-05,9.291452573898495145e-05,9.209748719067646920e-05,9.265014908299955558e-05,9.296623690702554945e-05,9.220466508070491898e-05,9.233819738121623925e-05,9.260178745681189145e-05
9.223533174881139206e-05,9.314454047490937621e-05,9.213517123128243339e-05,9.266973579585060248e-05,9.211672577795251816e-05,9.188696620310613742e-05,9.263284405586077140e-05,9.207601555798906455e-05,9.234019855395187186e-05,9.321519384357090921e-05,9.255058229222240128e-05,9.295657884603846638e-05,9.170422500808262929e-05,9.229010599758473194e-05,9.263501697632022132e-05,9.216932788118027328e-05,9.284121116669764070e-05,9.242066467253161300e-05,9.229792612348714496e-05,9.277647875155691979e-05,9.187580506970481370e-05,9.215835443983197070e-05,9.191732386384701670e-05,9.226463251027196494e-05,9.292384506369076819e-05,9.215370282282181534e-05,9.220359075816163914e-05,9.242920514967377073e-05,9.207849252504119982e-05,9.192282414192251756e-05,9.270589058880342908e-05,9.246784259829551943e-05,9.148046476689503906e-05,9.143189224238709657e-05,9.244866990412142619e-05,9.229959870761051191e-05,9.245642449528288875e-05,9.211998197584708899e-05,9.309033603014876617e-05,9.142895266018207033e-05,9.173959187521463503e-05,9.187127008241654331e-05,9.268555574762180223e-05,9.228784461896320855e-05,9.283814660781638975e-05,9.209453323705099387e-05,9.230278849472963072e-05,9.239896444017318240e-05,9.196054659340250476e-05,9.254443720230570388e-05
9.195466966610569756e-05,9.220348425221503959e-05,9.204692320157324584e-05,9.246341429369005129e-05,9.175137909844162669e-05,9.136269040332791554e-05,9.221300856704534065e-05,9.164096601351907879e-05,9.195285258209799607e-05,9.152345782818754958e-05,9.237015421588440486e-05,9.238105498869009669e-05,9.275347044276427769e-05,9.311743160194165534e-05,9.218397027785416411e-05,9.208739628480038593e-05,9.200971073916594588e-05,9.197131566187313658e-05,9.222920370216771042e-05,9.274841766506510422e-05,9.188884806569905836e-05,9.217665911188290396e-05,9.268815566181074319e-05,9.236034799403772353e-05,9.244896350803416052e-05,9.257036766768181183e-05,9.216347630907520785e-05,9.181393853403022011e-05,9.171124719982156964e-05,9.191415642967918850e-05,9.213257527680487609e-05,9.270487220165431023e-05,9.165811200098544016e-05,9.224241397225225905e-05,9.238793028670953171e-05,9.154772944595513230e-05,9.224738015288611211e-05,9.153450193599651813e-05,9.172203597801811825e-05,9.162995173882014586e-05,9.203227635897123229e-05,9.245454108518283670e-05,9.206316182828149083e-05,9.122535145479916392e-05,9.198519085050603386e-05,9.169501478692218392e-05,9.184780103206252925e-05,9.137975523878497010e-05,9.268497861549814887e-05,9.143530584346681205e-05
9.102012000623381103e-05,9.116822023933245968e-05,9.118101269614512666e-05,9.156738891946245744e-05,9.181894775829538161e-05,9.066316600132658565e-05,9.156585145335710172e-05,9.129493406997019880e-05,9.128632810449263766e-05,9.136756556186624101e-05,9.146400474125743934e-05,9.176319150532979150e-05,9.230929055646147272e-05,9.094081594571829224e-05,9.213419986510044480e-05,9.215250189357228328e-05,9.159250118223400598e-05,9.170150784256008672e-05,9.255753538270342280e-05,9.163102325507380120e-05,9.090248264306786410e-05,9.197817662867791694e-05,9.139323956183865246e-05,9.150174506313452387e-05,9.195524847820277204e-05,9.121022170810913596e-05,9.166802395323296929e-05,9.149009466211909241e-05,9.130920080696436185e-05,9.135042446177776268e-05,9.106071172331652508e-05,9.114333908029746841e-05,9.141418469984216100e-05,9.056193744481612568e-05,9.078377902501916349e-05,9.184522981852831546e-05,9.166929883595425219e-05,9.168144423308014976e-05,9.077595703789540903e-05,9.127832064132489524e-05,9.153846900558914321e-05,9.171062812261624451e-05,9.087222834234388706e-05,9.078605255621478637e-05,9.141193991764417321e-05,9.118243065784287845e-05,9.249222328580853855e-05,9.114784410084878830e-05,9.152054262991848801e-05,9.139249136954883149e-05
9.103708050547727369e-05,9.120779323172640695e-05,9.139898757519393979e-05,9.116767408718302109e-05,9.119639448305955260e-05,9.087702261135295265e-05,9.049405414212823115e-05,9.082752744869060238e-05,9.101343794312512811e-05,9.123167635397614304e-05,9.048401690332391102e-05,9.083184378366935771e-05,9.106518387273425483e-05,9.094142223296215819e-05,9.101314286798220586e-05,9.090591077848488206e-05,9.003674463932287582e-05,9.074277387292820215e-05,9.118715929523593027e-05,9.110028375099575473e-05,9.104474262771330235e-05,9.056643285335007321e-05,9.101298725087371888e-05,9.034497478251501555e-05,9.044702518886989370e-05,9.088963125060040590e-05,9.144224165445680381e-05,9.129002622246315394e-05,9.029616009642794016e-05,9.096852719715919238e-05,9.153864044997421262e-05,9.095320303580803670e-05,9.137466733192865862e-05,9.105092332531163860e-05,9.128360644066969485e-05,9.112104315968060629e-05,9.176737978448687655e-05,9.155552109293828994e-05,9.125650911909319232e-05,9.094353851945016982e-05,9.052954451703233458e-05,9.169963737625476592e-05,9.031467668302688959e-05,9.070723101380804242e-05,9.079890450072893417e-05,8.976202338642670512e-05,9.049778282913933242e-05,9.100579412445234078e-05,9.079398927881362211e-05,9.047888362568937950e-05
9.013555759644906521e-05,9.040272935403527606e-05,9.022347234808728619e-05,9.076675084242284133e-05,9.023332420828250947e-05,9.008491313166666137e-05,9.031262792470988053e-05,9.014596325274504913e-05,9.033348021083884385e-05,9.027660808766111767e-05,9.053423132535729086e-05,9.002409355522716797e-05,9.100395069727582270e-05,8.977140238457941045e-05,9.174431731656856393e-05,9.047383866557333473e-05,8.972884362712062732e-05,9.088445269682306768e-05,9.036510336906201436e-05,9.041404328370339556e-05,9.020253631612235978e-05,8.993081670174200252e-05,8.992561040027301450e-05,9.097531562044431947e-05,9.054316117637158285e-05,9.014004450354336174e-05,9.044316046934132089e-05,8.993588488239122314e-05,9.008025469404862544e-05,9.050331075663503512e-05,9.021854948796390137e-05,9.067407063414762575e-05,9.065691883928317710e-05,9.066632433146632202e-05,9.068333785263977089e-05,9.026282279666208595e-05,9.011350159364026264e-05,9.105901994648980975e-05,9.060212002106581019e-05,9.081704818068698734e-05,9.088081981863205890e-05,9.023052943388965464e-05,9.048365691002691156e-05,9.090973906617686275e-05,9.159410342259383044e-05,9.069364616031062214e-05,9.079258271032012145e-05,8.998098217440181584e-05,9.059149708082000108e-05,9.039324949138238764e-05
9.023476185950076952e-05,8.953068196320169438e-05,9.038098848989366979e-05,9.047829345751009274e-05,8.895810749989173068e-05,8.952728298278076141e-05,8.928478830759062617e-05,8.957860996413040833e-05,8.932841896491423048e-05,9.031522237099120067e-05,9.002625191459502759e-05,9.014242546564460033e-05,9.027663532877430502e-05,9.001230686908354779e-05,8.998701596891501024e-05,8.972319238433564318e-05,8.957968238936626307e-05,8.954655578788271654e-05,9.022616505985105444e-05,8.985545185956220421e-05,8.990418739494837998e-05,9.007986144474041345e-05,8.976767184759137756e-05,8.903332095952844487e-05,9.046796627419073362e-05,9.015889923958119454e-05,9.000288419211107185e-05,8.996454586241953665e-05,8.993607363316225825e-05,8.947395227271580267e-05,8.998990891431182457e-05,8.924138879120212199e-05,9.021985332510972205e-05,9.040681018804637328e-05,9.036850960080827419e-05,9.038114071930831767e-05,8.963561332792313553e-05,8.979096224422080579e-05,8.939172806162006457e-05,9.019516401907681660e-05,8.861550412224951053e-05,9.066635156747583093e-05,8.986842662059509360e-05,8.982660487438288467e-05,9.013455180308816838e-05,9.013023809142338687e-05,8.969002843892758090e-05,8.918386403678873467e-05,9.070743414275559693e-05,9.041652108064079073e-05
8.934364915785793584e-05,8.941509143818998368e-05,8.949620580323954726e-05,8.970370201344512865e-05,9.019417613768078630e-05,8.932477088328237981e-05,8.864214556136436308e-05,8.930430163449304219e-05,8.940678111621813869e-05,8.951236416993829767e-05,8.920482031211437329e-05,8.917525760521145340e-05,8.925686238012943885e-05,8.907021887240483223e-05,8.954441621710563018e-05,8.874288416199768367e-05,8.934573759808987119e-05,8.995182711465541867e-05,8.889874910753399430e-05,8.874641923431225753e-05,8.926161512091496325e-05,8.862340446562845151e-05,8.971614491788322836e-05,8.957404478248599442e-05,9.007863329940349253e-05,8.931850049961113068e-05,8.948287112236594123e-05,8.857897485821421822e-05,8.901236796771311072e-05,8.913778450648699152e-05,8.956171530707278871e-05,8.894805953066928315e-05,8.992467157843522568e-05,8.988452224482782263e-05,8.978237291447089792e-05,8.934550616912094630e-05,8.959332353564244424e-05,8.888764554109351238e-05,8.868805383552612689e-05,8.909418307560565777e-05,8.944251681779617530e-05,8.968139519664156296e-05,8.949552574869255655e-05,8.933794268639357451e-05,8.910320013063013022e-05,8.894936444621843455e-05,8.905071771838423225e-05,8.909123849098442565e-05,8.865713808695398245e-05,9.014566707118627819e-05
8.805705480263791940e-05,8.843936061361372955e-05,8.864939235686750672e-05,8.902000689413719608e-05,8.851406883932101644e-05,8.863989309056875972e-05,8.826628350264078150e-05,8.838063736608803961e-05,8.782117189679315749e-05,8.890770315364965304e-05,8.838547083381463284e-05,8.829644472028462857e-05,8.867591077081677005e-05,8.845832096260297075e-05,8.844840197678089961e-05,8.726353467818842374e-05,8.899288726254192517e-05,8.841722621566600862e-05,8.883521735919418683e-05,8.811488055377482409e-05,8.783926617390905550e-05,8.852822030937725789e-05,8.800702436296065014e-05,8.922996236508188021e-05,8.858179692327652606e-05,8.829144767424536983e-05,8.837388949071794085e-05,8.843348569005349518e-05,8.834120772164282432e-05,8.803815959395426267e-05,8.790744434821620517e-05,8.814791701743104695e-05,8.828434090454376757e-05,8.755282951462988231e-05,8.865398986346802765e-05,8.878995242846720909e-05,8.859308880262428145e-05,8.877711732259793318e-05,8.821094889026282956e-05,8.791724439494941960e-05,8.814642884779670348e-05,8.867393277788703117e-05,8.880944290914999872e-05,8.879574624448645836e-05,8.747361540587100521e-05,8.870097240215439084e-05,8.844491610948511514e-05,8.832856837581142125e-05,8.861382194851521858e-05,8.863194536289592887e-05
8.697266698896216933e-05,8.780563372985250722e-05,8.737746303255220154e-05,8.790086174574256270e-05,8.750520179410472448e-05,8.786641940759287240e-05,8.729291157725116033e-05,8.786829061714733762e-05,8.788892685155210100e-05,8.723185993926460503e-05,8.760317865187879397e-05,8.706567951198541065e-05,8.703942383837556080e-05,8.729396260301913756e-05,8.770503177722604776e-05,8.749297180062388132e-05,8.759186573181290702e-05,8.778089052690791496e-05,8.692797972077407492e-05,8.762325481034685182e-05,8.758698738551841086e-05,8.779348547766326950e-05,8.806084360970229774e-05,8.821922189371990040e-05,8.705328981660515758e-05,8.725242050920334271e-05,8.794553043068795151e-05,8.756941022147693313e-05,8.785843504207969696e-05,8.829724992036619305e-05,8.830994934115935207e-05,8.791283319063074135e-05,8.712721167585019578e-05,8.791505757528873528e-05,8.783532079469388409e-05,8.756301985773767545e-05,8.760876304094522636e-05,8.762569597010748835e-05,8.743214597337607241e-05,8.729665837600459211e-05,8.773780044799733054e-05,8.689743781854120553e-05,8.728317148536789561e-05,8.804521013612495999e-05,8.814010018685174120e-05,8.770397495582636866e-05,8.827536786366207587e-05,8.810391781914432823e-05,8.787730396612014985e-05,8.778305751567587977e-05
8.624633201240404750e-05,8.659913932605736654e-05,8.728474472936522581e-05,8.704688920536584002e-05,8.707328203631750261e-05,8.756804713327566154e-05,8.690642090272875163e-05,8.741389209718205329e-05,8.633101638981697753e-05,8.716974580450196914e-05,8.722347530437658781e-05,8.744338218598603403e-05,8.731619369902107188e-05,8.689404964815849411e-05,8.615486443355644894e-05,8.690128391112337104e-05,8.690068541379828023e-05,8.656092969297684377e-05,8.758058851087872692e-05,8.679567160500693043e-05,8.673130582351761301e-05,8.675794640609948137e-05,8.741319662884882130e-05,8.661467439562076304e-05,8.682926604433116938e-05,8.667876993793956176e-05,8.743268634672200920e-05,8.756739371031509265e-05,8.715784421239343828e-05,8.688547473561534032e-05,8.676570862052403513e-05,8.706084695465642921e-05,8.734015297291517876e-05,8.740218955349532404e-05,8.676420656379114861e-05,8.651768814233242193e-05,8.622102098826601611e-05,8.705659530869059573e-05,8.656514016333500823e-05,8.697239656440730929e-05,8.648656520274434654e-05,8.662200110322943109e-05,8.671022160686924992e-05,8.714209258693852306e-05,8.700826966984917261e-05,8.708587752696145268e-05,8.712955894364275223e-05,8.680967566179875598e-05,8.727556849904464056e-05,8.720210017003129639e-05
8.648521700777860488e-05,8.589461976180254852e-05,8.587114076420301965e-05,8.609680089087650974e-05,8.570885133485951497e-05,8.633941541668399056e-05,8.583061887612844130e-05,8.612847053823671024e-05,8.672271367095330810e-05,8.576336311596492094e-05,8.635582335588661235e-05,8.574479744438379895e-05,8.629616216954388158e-05,8.704672479076471143e-05,8.533136265380772726e-05,8.633809174021627993e-05,8.595848784384388667e-05,8.644144265796455844e-05,8.597338294388184399e-05,8.559740914121977855e-05,8.597301080674839811e-05,8.568079425918442968e-05,8.621343240259217585e-05,8.666302265002121560e-05,8.603221356658565942e-05,8.556755401868405397e-05,8.563838383311013459e-05,8.661550562541567863e-05,8.650070070704513688e-05,8.641865952641210585e-05,8.606808476175270084e-05,8.651943309714128305e-05,8.557519561118821034e-05,8.566489482043206452e-05,8.557385909821279115e-05,8.688335606079642195e-05,8.585350961246882115e-05,8.660970448727806743e-05,8.648525183639746211e-05,8.576439337553513616e-05,8.628526737508999587e-05,8.647168046426474805e-05,8.486902602469035433e-05,8.559672347243512964e-05,8.621487556332197051e-05,8.624695927748795687e-05,8.616211468314132621e-05,8.555096220467156348e-05,8.603484906457462640e-05,8.544575980276407356e-05
8.477409426650432309e-05,8.578223962251742534e-05,8.503975919309358770e-05,8.489494220478035992e-05,8.596577695324590217e-05,8.498073508072243650e-05,8.464640553158478279e-05,8.536325997336949452e-05,8.508059928371961879e-05,8.503694031925127319e-05,8.535726124767308780e-05,8.532742776356972857e-05,8.436107854699424063e-05,8.620961044792200287e-05,8.492566433950901367e-05,8.548699404644574402e-05,8.543731315720821549e-05,8.521153065886061153e-05,8.543442586523312878e-05,8.528016141445406519e-05,8.493692233427212353e-05,8.632733556017502621e-05,8.564772079621138848e-05,8.453956446150338833e-05,8.474456398649692253e-05,8.520334613667725372e-05,8.528297202228057817e-05,8.483203555183018731e-05,8.469516401845517757e-05,8.529111735782353963e-05,8.526628398415512730e-05,8.547828400473148612e-05,8.488477628552942465e-05,8.520730103677172222e-05,8.452495816429636489e-05,8.601278717822515311e-05,8.527698978865300399e-05,8.511497273048112308e-05,8.510015025301647176e-05,8.481024638052013498e-05,8.474836969995200341e-05,8.520960977808280799e-05,8.473598994048289366e-05,8.531449538354142872e-05,8.522509701971281828e-05,8.488079251482964110e-05,8.517094220793415028e-05,8.484367060124273598e-05,8.570496959000891270e-05,8.405806589714172068e-05
8.490870563733931198e-05,8.449924963758805876e-05,8.417255060858672600e-05,8.455810876853783612e-05,8.492642541992775321e-05,8.411801326006010653e-05,8.448101738483865166e-05,8.396035354515016236e-05,8.431190944672090689e-05,8.349968801633567074e-05,8.492589542511985192e-05,8.457950221474788807e-05,8.451881450651169548e-05,8.380673209471787297e-05,8.377594054882482166e-05,8.468758134392933255e-05,8.376201760325139168e-05,8.451669301819885957e-05,8.485009446273760196e-05,8.455140317909140134e-05,8.417361149053197893e-05,8.399733846640652923e-05,8.423547342392749765e-05,8.411478671305512166e-05,8.425890056322424542e-05,8.460199577184427918e-05,8.366467309831874448e-05,8.440083460038662246e-05,8.436122362047367455e-05,8.465382786205090208e-05,8.416284867962856540e-05,8.486568584966400295e-05,8.416518323200406436e-05,8.357316435144592610e-05,8.427883259757199094e-05,8.398971707195258222e-05,8.423403230192198137e-05,8.469761876731756822e-05,8.437575926320365087e-05,8.400353243938815380e-05,8.370976292701571935e-05,8.432476942626128521e-05,8.487378392359872252e-05,8.469634521837816584e-05,8.482827600497979813e-05,8.466131411491003493e-05,8.452653085799723305e-05,8.422733651764924159e-05,8.361385284703823058e-05,8.433997926020610713e-05
8.374101428323493758e-05,8.365410412930879530e-05,8.306419031708551256e-05,8.308524601689902674e-05,8.261824321443229154e-05,8.281478566479748575e-05,8.355091875798920076e-05,8.274050965172939913e-05,8.349181545387543565e-05,8.286344835418976251e-05,8.324747655535017887e-05,8.223165765450837208e-05,8.355733751659416792e-05,8.310386562996304805e-05,8.272017035750539951e-05,8.283518536655680962e-05,8.298229596079313090e-05,8.305219412666206894e-05,8.332191807284457783e-05,8.310248028476976425e-05,8.389938892733360756e-05,8.405911881136705172e-05,8.304904776731490809e-05,8.308907275650961508e-05,8.308980611243756067e-05,8.359666593877351673e-05,8.322985497834469912e-05,8.376468875569133504e-05,8.344626913677593552e-05,8.264862448228029823e-05,8.299060955908139567e-05,8.341767103791780929e-05,8.265292310305007476e-05,8.292325560259774088e-05,8.303323160295068763e-05,8.329632131178744904e-05,8.360398198756490437e-05,8.363021253057688841e-05,8.299409351180567858e-05,8.306831411608017724e-05,8.372418427250338422e-05,8.323327553461216954e-05,8.267203068802906013e-05,8.379421412571853053e-05,8.286411799776058134e-05,8.334909006643401099e-05,8.332571627699891456e-05,8.372774377014579369e-05,8.375114355093630678e-05,8.268057189850686484e-05
8.209923189172218844e-05,8.240073215830319322e-05,8.234013553511377291e-05,8.231200952328807650e-05,8.265178092484767435e-05,8.306816057785447829e-05,8.183958069863848071e-05,8.255253813826380033e-05,8.177932289138273010e-05,8.223234107462575840e-05,8.186817011558296625e-05,8.297975125659633980e-05,8.272862338881486425e-05,8.217376003540028491e-05,8.211145646588254878e-05,8.226376124525740393e-05,8.219796832983217042e-05,8.133758910859442335e-05,8.291112042024909598e-05,8.195763700175966420e-05,8.210121144102075779e-05,8.290754134699584662e-05,8.240513267183530437e-05,8.203705225928327308e-05,8.208054549827107943e-05,8.251292570659189197e-05,8.217840985240963160e-05,8.258538402727164877e-05,8.223260857056481318e-05,8.166622850699552531e-05,8.270375616775697467e-05,8.211306891232437869e-05,8.145757419371368359e-05,8.212653554452370506e-05,8.252133971825445459e-05,8.213548159514741354e-05,8.254486740600012313e-05,8.238869786406606620e-05,8.188615408394825932e-05,8.156057413970963660e-05,8.224920564550774820e-05,8.196452702171622888e-05,8.239261799424004427e-05,8.167080747921921346e-05,8.192376712863129711e-05,8.203999175898024296e-05,8.259511339164396580e-05,8.166766340073364162e-05,8.214288417014213128e-05,8.198407544177236967e-05
8.070670528919870307e-05,8.156779999316608591e-05,8.162635128397663278e-05,8.067703475067628156e-05,8.105513158679838537e-05,8.120164769169297347e-05,8.165515365949347140e-05,8.000227607405377894e-05,8.102661095104571505e-05,8.052581304455623317e-05,8.098065228024340940e-05,8.117504357892626934e-05,8.116822462505752004e-05,8.107225403936154024e-05,8.050666842428077380e-05,8.126106921083025680e-05,8.092453577825926912e-05,8.101485779655177399e-05,8.174655653620671331e-05,8.079815458171599304e-05,8.079081412832878886e-05,8.093739994316476887e-05,8.003955492673356311e-05,8.109370578340658968e-05,8.109253049657542207e-05,8.092621814031546689e-05,8.068421504210889124e-05,8.010508307835613126e-05,8.185296474859026178e-05,8.125260807681958350e-05,8.115971070248441215e-05,8.097952542560067732e-05,8.122601059844064780e-05,8.191598185980333206e-05,8.115527199508160031e-05,8.160956315161595415e-05,8.105853775584772724e-05,8.112879828763969973e-05,8.080040180030124085e-05,8.140918175860230213e-05,8.086755741637950321e-05,8.106197727534422887e-05,8.134516400993292826e-05,8.116114143017824211e-05,7.990828762110613933e-05,8.072524670948764784e-05,8.076001800196807277e-05,8.170565227765200765e-05,8.121969778513205332e-05,8.105551016942194186e-05
7.935646351538650433e-05,7.983025963682663221e-05,8.046685379341892460e-05,7.904222313340654720e-05,7.993620399827400410e-05,7.921822124457753532e-05,7.972920740328743770e-05,7.985887199997563810e-05,7.993325546334035050e-05,8.011126972816683687e-05,8.002046251229633469e-05,7.972484049882312587e-05,8.016993724929157537e-05,7.993930314084700037e-05,7.918378649755790789e-05,7.955109932880066194e-05,7.956309996924937409e-05,7.946944534523561808e-05,8.016471020861069873e-05,7.923091923142903806e-05,7.941520257348284753e-05,8.004707886950764636e-05,7.988041390571369983e-05,7.978610880473862731e-05,8.009653476013683427e-05,7.980215906371749873e-05,7.998650266831276582e-05,8.017931481053926950e-05,7.925513378765361655e-05,7.963931027399826759e-05,8.028285096385003245e-05,8.030137471671703556e-05,7.949444729010516351e-05,8.007269590305977512e-05,7.979157381172996555e-05,8.019439137745927517e-05,8.001006006805792381e-05,7.960733390624970794e-05,8.004581457479403406e-05,8.033598003549482407e-05,8.018390154563079372e-05,8.057282011244304453e-05,7.999008139823774409e-05,7.963956316772298721e-05,7.986502178834342278e-05,7.936210559796929643e-05,8.010848170738798038e-05,7.931825747884030679e-05,8.023613546560430564e-05,7.989070568224264433e-05
7.856578541088527249e-05,7.853965551056576479e-05,7.874202292421227816e-05,7.890926450194940881e-05,7.901850280981260642e-05,7.862008770912994656e-05,7.864236551871004984e-05,7.891670998735222280e-05,7.801335998809335757e-05,7.874046873163665662e-05,7.858452560272022010e-05,7.797100033320116148e-05,7.828807650289510355e-05,7.940893528527879965e-05,7.895426757666942951e-05,7.865109271174808530e-05,7.910362246352880525e-05,7.833834055598630540e-05,7.891805993445436429e-05,7.837787342658928552e-05,7.844403863124843797e-05,7.875418431418552165e-05,7.852696341297046715e-05,7.858697698274437558e-05,7.878952302451366679e-05,7.892078929397757176e-05,7.882014620073871114e-05,7.864129342522874352e-05,7.893821463479569044e-05,7.899208423427255725e-05,7.834727109068379642e-05,7.827107812831475444e-05,7.866276593974038420e-05,7.979508761082221996e-05,7.890418346167447038e-05,7.898452992750717766e-05,7.869099661907607776e-05,7.895589956562802062e-05,7.910421429107499045e-05,7.896067838897352566e-05,7.826478077400322528e-05,7.815463732607762519e-05,7.880304529733031017e-05,7.958262987034809698e-05,7.886362560641223555e-05,7.871740370981504748e-05,7.833390865165981145e-05,7.911162752413237033e-05,7.827914633190466963e-05,7.893338411030904151e-05
7.732566060493540098e-05,7.717947072321652369e-05,7.738499248070398778e-05,7.788866931960142172e-05,7.761812378253306647e-05,7.665230955448002815e-05,7.683160484115147135e-05,7.746694197241092749e-05,7.780433793122003738e-05,7.756677661005422831e-05,7.795912600857002339e-05,7.732470163616103002e-05,7.750171801428476297e-05,7.733390129152683048e-05,7.658710367536655404e-05,7.823355988690342206e-05,7.814507045083896085e-05,7.738967605763554685e-05,7.716045067986803134e-05,7.692103641155392498e-05,7.778082952558390149e-05,7.753591761913197408e-05,7.773436593092448955e-05,7.797447845323716238e-05,7.709890953221962631e-05,7.745055138910982527e-05,7.740742802051915985e-05,7.773804749108991136e-05,7.756766929195963399e-05,7.706782862343607404e-05,7.755806779815412673e-05,7.709968193126905025e-05,7.759265115576147068e-05,7.779591030857734750e-05,7.732015172998552130e-05,7.719598262364150737e-05,7.770582187435126555e-05,7.711753642694378576e-05,7.758301810899946745e-05,7.774976922087464988e-05,7.722558337492739240e-05,7.804485531295198811e-05,7.794808320893569279e-05,7.685970891607444753e-05,7.686145234469945271e-05,7.760392323371165745e-05,7.685150340321841584e-05,7.783542397414497914e-05,7.842420392083780981e-05,7.745272694636882668e-05
7.643938577762047863e-05,7.630758460776637078e-05,7.670319026657765392e-05,7.623023876571652867e-05,7.611408745358295980e-05,7.649123905264902396e-05,7.608912006242977500e-05,7.623680950273627990e-05,7.628732781019982568e-05,7.561206332629989962e-05,7.646184020569207459e-05,7.552140747763172555e-05,7.655778478440303670e-05,7.612718441918108262e-05,7.635587775269879539e-05,7.562498260897757571e-05,7.536685797631496333e-05,7.674191522072542119e-05,7.611454482924836379e-05,7.574367453559087242e-05,7.607758178917684922e-05,7.649429148959219161e-05,7.602907809351235611e-05,7.648444202313441184e-05,7.551861977247767400e-05,7.618784627611979992e-05,7.543615644749787456e-05,7.623105191690504265e-05,7.610837347608517887e-05,7.673494692105171618e-05,7.547373096107794861e-05,7.589873027565037348e-05,7.707031298930518777e-05,7.659751129465307198e-05,7.639682334053740902e-05,7.691942436757814654e-05,7.580664789014958274e-05,7.616697191494915863e-05,7.629206159420306630e-05,7.623958011962373869e-05,7.588834705081331513e-05,7.559122370104694600e-05,7.657402649093588505e-05,7.617365311037561340e-05,7.601332197256852594e-05,7.663136191656597627e-05,7.603311874810788609e-05,7.574152925642884944e-05,7.525812453277594058e-05,7.648599611453137863e-05
7.451122511957691591e-05,7.545275037002843711e-05,7.508474358559897980e-05,7.449974203896158687e-05,7.456042124057691602e-05,7.503248745454376627e-05,7.474372764738269523e-05,7.552715327291088050e-05,7.463211350560698557e-05,7.542911261439022412e-05,7.441998182235191525e-05,7.562976036895091212e-05,7.544615193311038901e-05,7.492694767552478545e-05,7.480239737989452661e-05,7.441098688925599938e-05,7.511335886894172204e-05,7.491170088800226028e-05,7.448705557126307942e-05,7.528157274705030752e-05,7.524773091646859164e-05,7.446059914365897711e-05,7.575377836761319305e-05,7.459795712538241322e-05,7.522669815150955961e-05,7.493849956732436348e-05,7.489354491457985135e-05,7.434121230448400945e-05,7.508138487514512242e-05,7.540503310065526038e-05,7.543440900348689102e-05,7.453096576408378259e-05,7.476559688877887485e-05,7.451186094811629843e-05,7.427199523653662313e-05,7.533382198500988901e-05,7.507391804596999139e-05,7.430597133829240652e-05,7.507034050071826291e-05,7.565500659634332413e-05,7.464888987779640399e-05,7.488721448915868287e-05,7.528440235906103313e-05,7.528561856174201055e-05,7.454585988118098746e-05,7.473427714434136406e-05,7.454434892168663833e-05,7.513126626422969557e-05,7.474075785983928929e-05,7.479068003549718636e-05
7.301493502599279190e-05,7.338664445108706409e-05,7.317791929687315715e-05,7.361473794702789683e-05,7.342371722437066538e-05,7.302042731055575684e-05,7.393691463737601466e-05,7.385658451001602353e-05,7.293270484631554911e-05,7.393211365178006768e-05,7.289270974842167530e-05,7.352893833759254069e-05,7.292398447703364627e-05,7.306515569795216352e-05,7.277586382449157201e-05,7.427624091621539478e-05,7.440280715405142478e-05,7.395787207908784122e-05,7.364952200292077325e-05,7.336206594847546067e-05,7.344026307097451119e-05,7.344865243838393713e-05,7.375489103404565881e-05,7.327549312410215902e-05,7.360785566833375653e-05,7.332820551354173131e-05,7.379505437684203946e-05,7.323713661152119847e-05,7.387627037190143073e-05,7.368301551538839129e-05,7.423317430773821151e-05,7.400995453897202324e-05,7.342203966568549320e-05,7.398927344711694540e-05,7.394807286521449022e-05,7.422704235752203695e-05,7.287793405017613994e-05,7.361285607809633696e-05,7.363628560778003181e-05,7.279469619947135837e-05,7.402607820384641960e-05,7.348243008505995837e-05,7.326583171107424952e-05,7.386852833226482398e-05,7.398446697455664061e-05,7.383182375179974180e-05,7.401298720730001995e-05,7.357072033854223498e-05,7.262421306293686944e-05,7.309872509660066565e-05
7.177467834279981291e-05,7.191339073625658347e-05,7.244334466233182113e-05,7.229225927389069223e-05,7.065837437905880065e-05,7.212537845244724186e-05,7.250288670074121105e-05,7.287366840873408754e-05,7.248890816127875100e-05,7.162839328037362574e-05,7.092578793239636076e-05,7.154060254726355849e-05,7.145674117509299463e-05,7.219713922307919164e-05,7.189903175681736070e-05,7.240722365313913994e-05,7.150636484489966953e-05,7.161630604370913334e-05,7.219423826794027000e-05,7.223731565702266226e-05,7.267819638391524446e-05,7.258813543453330216e-05,7.163191814822721191e-05,7.158146040160734598e-05,7.197664507933378456e-05,7.167469525993959152e-05,7.255802949255406157e-05,7.160161941209005438e-05,7.179206017228643088e-05,7.172478308140640697e-05,7.219403669190306301e-05,7.234532680427244503e-05,7.288085008238999896e-05,7.137322831714142037e-05,7.202006296587145414e-05,7.243589787200467177e-05,7.206029121491527151e-05,7.214570580723639489e-05,7.236387777292659432e-05,7.183110473414321671e-05,7.218920259589590690e-05,7.175186308811218089e-05,7.272337869348641497e-05,7.249507745524516936e-05,7.163857467682008175e-05,7.292990532534658306e-05,7.180057564442044696e-05,7.252408407725977448e-05,7.156780344935888402e-05,7.210488698440973437e-05
7.106849614255633760e-05,7.049441020737458503e-05,7.100946148934532474e-05,7.066717652892146463e-05,7.083818977376548373e-05,7.122067096920065010e-05,7.078712850117004378e-05,7.068101961983697427e-05,7.060409835855474374e-05,7.072070730096379745e-05,7.050549822445259659e-05,7.009497643377274149e-05,7.105074997983147199e-05,7.108097506242273432e-05,7.070685981160389699e-05,7.081980779988933123e-05,7.030633361352119505e-05,7.031668712806144925e-05,7.076705770005791579e-05,7.131927662883051871e-05,7.031559815942689062e-05,7.057973566996846872e-05,7.083456105362718840e-05,7.025704530751712565e-05,7.098642947859209529e-05,7.006619575061912703e-05,7.085250118256893504e-05,7.030602075317606101e-05,7.084758212026321495e-05,7.074846474238260618e-05,7.103006973585134637e-05,7.078956053142330886e-05,7.016106801094435072e-05,7.123377609365785931e-05,7.003767840450202912e-05,7.070401395034629603e-05,7.025837175980398873e-05,7.052562790848046622e-05,7.070484314139534408e-05,7.051227426966427680e-05,7.046378179574686669e-05,7.113278004660232600e-05,7.070488353917258988e-05,7.096650423287519159e-05,7.028009182204585504e-05,6.973136462957280589e-05,7.035920972942171794e-05,7.191799418182065874e-05,7.063379864875612318e-05,7.045891437065844869e-05
6.975373044086573249e-05,6.917933007350922467e-05,6.862488495913762613e-05,6.959302613579189086e-05,6.886436970336966713e-05,7.026325893747782474e-05,6.902449234166218542e-05,6.896727466079578101e-05,6.902734904180618828e-05,6.939053172006607348e-05,6.883532613532683466e-05,6.899883518471247807e-05,6.882656983955012049e-05,6.936162261893126762e-05,6.967619390815803259e-05,6.948001460385411525e-05,6.980320115898558256e-05,6.881315053338014714e-05,6.908497442496547151e-05,6.890960072584397433e-05,6.897472541911950242e-05,6.957534151958764501e-05,6.935450825432319080e-05,6.896039317825331883e-05,6.893270634034954212e-05,6.917574542539853223e-05,6.918256818211553593e-05,6.982148115613135743e-05,7.034372442156405021e-05,6.971646826781550900e-05,6.957059665239417130e-05,6.892933571259039381e-05,6.888070643015320287e-05,6.858656150782966384e-05,6.933656247701457879e-05,6.848773312466451533e-05,6.915090980051548364e-05,6.957662743670106436e-05,6.949502462410379281e-05,6.931661790445305278e-05,6.990615355178731089e-05,6.896172903633622953e-05,7.002232173347635561e-05,6.918675240912396259e-05,6.940852876254328225e-05,6.980303001031715714e-05,6.955860333010717433e-05,6.942990629701642675e-05,6.932176442742721029e-05,6.963319248783548761e-05
6.763288525927661559e-05,6.899136152058036242e-05,6.765403193946761774e-05,6.745570733587663537e-05,6.828000364572544873e-05,6.775915315958150678e-05,6.794892504691566176e-05,6.769557830862762428e-05,6.724467014020505545e-05,6.707449558329528266e-05,6.690019944514566071e-05,6.878840950951519838e-05,6.895916821736163200e-05,6.781989432688492335e-05,6.783718202013071957e-05,6.789694566956994300e-05,6.702654415772245410e-05,6.752535135628411598e-05,6.757714836443752321e-05,6.732922174165953107e-05,6.720424083401729549e-05,6.785561804959192630e-05,6.843190675128962256e-05,6.808988888663617658e-05,6.737524272770803447e-05,6.762851154507352287e-05,6.784602578919278980e-05,6.824775108760561585e-05,6.777177443690571594e-05,6.790702537883818997e-05,6.810401908417462670e-05,6.791637175166899052e-05,6.698305544932210080e-05,6.762360000101993692e-05,6.725540768814742079e-05,6.781141610713273705e-05,6.770660276908446111e-05,6.698255395311028776e-05,6.807517473164629456e-05,6.712893298252490789e-05,6.740495582360570947e-05,6.788302717076697952e-05,6.756157392038631207e-05,6.684465774204923372e-05,6.728289386373708075e-05,6.864661353656564791e-05,6.740821897903713543e-05,6.751536669052398049e-05,6.797655742725317442e-05,6.813483274782506489e-05
6.559716402343307592e-05,6.576631403485507963e-05,6.641018430679616641e-05,6.583548236798189774e-05,6.610185063960487978e-05,6.561699435983954769e-05,6.519417834483794789e-05,6.600557652225956789e-05,6.618603880526803302e-05,6.636157040826460489e-05,6.554632363526414877e-05,6.661839773929945432e-05,6.618711692745963941e-05,6.556154190352430993e-05,6.667759345376927948e-05,6.596283650419406796e-05,6.601124733759123329e-05,6.540649138317143380e-05,6.598253041861245369e-05,6.642084529146851204e-05,6.581453901960323399e-05,6.641244130213903765e-05,6.605844832955072685e-05,6.607164344866541417e-05,6.630152133510861542e-05,6.618060826273302157e-05,6.614403273269065832e-05,6.566567573420023258e-05,6.602699809152260562e-05,6.557172140289057607e-05,6.609153994005527346e-05,6.565733006616820239e-05,6.631951096303135304e-05,6.641721163579151750e-05,6.572267732447317930e-05,6.516544851796707370e-05,6.597489413230540228e-05,6.641008600162675527e-05,6.645585241462791028e-05,6.606658526030800469e-05,6.618109571969854729e-05,6.617634981845950306e-05,6.620549404769855153e-05,6.605928270351833591e-05,6.655599249651085502e-05,6.584495183442429591e-05,6.593336218893991192e-05,6.625929749355545571e-05,6.584057568954286392e-05,6.579446453196668586e-05
6.458956787104402615e-05,6.440172070734473755e-05,6.461184393825579486e-05,6.483192282552990317e-05,6.436905824015211460e-05,6.466529728653090117e-05,6.428861881142483646e-05,6.403070077867198439e-05,6.462199033622969277e-05,6.401107625744399774e-05,6.404098667885807310e-05,6.403861418192902837e-05,6.487685683570052918e-05,6.498186815140164494e-05,6.439036239326856325e-05,6.385278440692547920e-05,6.471778644980235966e-05,6.485706937771400183e-05,6.403837490284861923e-05,6.435067400750136028e-05,6.496105618490662504e-05,6.447164838375568912e-05,6.486568121466613416e-05,6.397807331243117500e-05,6.441280321104124972e-05,6.464514722552228913e-05,6.397975852767044886e-05,6.455998045968267018e-05,6.477047896472063241e-05,6.479598263039830627e-05,6.399149681905576194e-05,6.456281711152783655e-05,6.432469729558031512e-05,6.419459852691230639e-05,6.426226822765760305e-05,6.481686354595801844e-05,6.409574555229552082e-05,6.438034218957350112e-05,6.492354385521757624e-05,6.447181571549838940e-05,6.375118971299629578e-05,6.438020497267039151e-05,6.537374350198149760e-05,6.519752933886747688e-05,6.429480489909071539e-05,6.411008265778652066e-05,6.446316431801639695e-05,6.413215078276867840e-05,6.387446829080898139e-05,6.426722451206673371e-05
6.241999263061263447e-05,6.316805542599470173e-05,6.295546304652349743e-05,6.319481983803650743e-05,6.281017207356780034e-05,6.268096762582498198e-05,6.284038051389234214e-05,6.250042697415033254e-05,6.370744215973657757e-05,6.241510261641345877e-05,6.298973309741582401e-05,6.198600907335530675e-05,6.260283814006728617e-05,6.246003863873935194e-05,6.254065555911104534e-05,6.398906874838990199e-05,6.333937321606113527e-05,6.311456028651609524e-05,6.293061286988728160e-05,6.318508387997421379e-05,6.248638835507182635e-05,6.288366865631570153e-05,6.366076766177623867e-05,6.274871689664116134e-05,6.171736970481375207e-05,6.276417291951507575e-05,6.364391899177444367e-05,6.305268930485290755e-05,6.274524245047294324e-05,6.261011374216131798e-05,6.302862391770709736e-05,6.253381996121996759e-05,6.253232869117634476e-05,6.286410356072648180e-05,6.162767024951276273e-05,6.312902281395105740e-05,6.210299866049533266e-05,6.268968229589154742e-05,6.296618830935947248e-05,6.238516992594976909e-05,6.266637767015282754e-05,6.314648719962266741e-05,6.228756777016205724e-05,6.293862875740948619e-05,6.281154842357959916e-05,6.334179523847237889e-05,6.274707747141402322e-05,6.211335976348489210e-05,6.354979123802311034e-05,6.265484283520763220e-05
6.087006301986067693e-05,6.105105519004561706e-05,6.049839144816914263e-05,6.154300885118347512e-05,6.133822383105983498e-05,6.079693540449662969e-05,6.053815413294336270e-05,6.075632230815904963e-05,6.096587787569923467e-05,6.086368082967948172e-05,6.133444412951728091e-05,6.056321824680792386e-05,6.154083816571827867e-05,6.151904302554176622e-05,6.020358471209453767e-05,6.051496313662146562e-05,6.141732476483416424e-05,6.057132739219615761e-05,6.120533657049874682e-05,6.138151739338567692e-05,6.041852428894652305e-05,6.114952091631890331e-05,6.165424597781221845e-05,6.097250554909543007e-05,6.187306155875070014e-05,6.047023871131091988e-05,6.151726588859551120e-05,6.185732066883953230e-05,6.082790237656780866e-05,6.074907084823164330e-05,6.107531821311429972e-05,6.132339130142300850e-05,6.065954809984246588e-05,6.202465834436144906e-05,6.116955736209621082e-05,6.152398719110856314e-05,6.031326815576356173e-05,6.162692707011327247e-05,6.079998336847528418e-05,6.151881627860130146e-05,6.144395009663910004e-05,6.083432015440912166e-05,6.105519826160966197e-05,6.066025350345062458e-05,6.159093389531752210e-05,6.138041650043889977e-05,6.108090659357337060e-05,6.134504795973293558e-05,6.148501959225679745e-05,6.144069159141180535e-05
5.943037519713120873e-05,5.904548587845531634e-05,5.954260034762287189e-05,5.975604784278639537e-05,5.927246163492848953e-05,5.935148312456413263e-05,5.907081627211257412e-05,5.909694227415873544e-05,5.932825728087615395e-05,6.011047699367561524e-05,5.941172114478689565e-05,6.022616648515156105e-05,5.946270356809106296e-05,5.961311986987602197e-05,5.881122093550336850e-05,5.886128761294924229e-05,5.932935851708202331e-05,5.905617090284492741e-05,5.944743351853517242e-05,5.917432886409260096e-05,5.848514872471703740e-05,5.984479473743121758e-05,5.944388569647476617e-05,5.867852707866939578e-05,6.045832354548168257e-05,5.901492482226307676e-05,5.850034680161024178e-05,5.871129407189861469e-05,5.922473141894912335e-05,5.945397430051432586e-05,5.952848554863605045e-05,5.969120681087714100e-05,5.901129328154884173e-05,5.879176591836123196e-05,5.946675948082016250e-05,5.849861263385589173e-05,5.913664175229257409e-05,5.912137036987157051e-05,5.944091511895955996e-05,6.007610717773731923e-05,5.940218842229147330e-05,5.949133643285824677e-05,5.891544274717028012e-05,6.016066502469098916e-05,5.889198369377220653e-05,5.924644587156210548e-05,5.944578922895165296e-05,5.915466988094711631e-05,5.976700304626889732e-05,5.893411736965520223e-05
5.716868893443948413e-05,5.714272398513410751e-05,5.779030590139539472e-05,5.764376490494921816e-05,5.710072555018322598e-05,5.760650104789026115e-05,5.828198862835724564e-05,5.764018373442347885e-05,5.709783643117508724e-05,5.794786965185919184e-05,5.753619208478248680e-05,5.774967848492113123e-05,5.769018438655974335e-05,5.725307279681432130e-05,5.713599644165319615e-05,5.766483418645086109e-05,5.723304174630821869e-05,5.763978990200852959e-05,5.837845996329068382e-05,5.805883224369630667e-05,5.748142705325941454e-05,5.688177330947037289e-05,5.760549611926170198e-05,5.790157129378778944e-05,5.712224470603049679e-05,5.742011740111004916e-05,5.730726353639166215e-05,5.736971383877139058e-05,5.776483516653815848e-05,5.665097408881212187e-05,5.802516383847108417e-05,5.793847543660919668e-05,5.706892703258830405e-05,5.728519954072798038e-05,5.789257171473038803e-05,5.679472501854210883e-05,5.802543469857078713e-05,5.739634831459547963e-05,5.695943253750681651e-05,5.735734086953045739e-05,5.751928354720440911e-05,5.718362897122101053e-05,5.728409783627989898e-05,5.769843807183798267e-05,5.832856333063050317e-05,5.808025901776982431e-05,5.820277331021081832e-05,5.790451439632863975e-05,5.783107903973526951e-05,5.767051646774232025e-05
5.521229648696396000e-05,5.494506312474707778e-05,5.575599828120006527e-05,5.589986455074754242e-05,5.525400810884221423e-05,5.539536651651707464e-05,5.582692538860374148e-05,5.535729116114949689e-05,5.520266496375548403e-05,5.528224123113109617e-05,5.514155240774409276e-05,5.492958029635369613e-05,5.612376943580106169e-05,5.613168570973598999e-05,5.539667286469359211e-05,5.548871888471113310e-05,5.510909410206822319e-05,5.510048360613839546e-05,5.512113676579710893e-05,5.700219955611788750e-05,5.546014731924066971e-05,5.639816541542132803e-05,5.484247563441795400e-05,5.514289943482821997e-05,5.661712341664073449e-05,5.578689911417433235e-05,5.625819461667238945e-05,5.578828099183542622e-05,5.595222197535935373e-05,5.578482316151572320e-05,5.517885181855118707e-05,5.549758699535459330e-05,5.519318856284465805e-05,5.706430645429083219e-05,5.603939211993010306e-05,5.622196236338245455e-05,5.579985363689150552e-05,5.600175110463650991e-05,5.686510685370017583e-05,5.571727845633476768e-05,5.624072685185001300e-05,5.552012202883434061e-05,5.570882090593598333e-05,5.658742050541602260e-05,5.639177292298850019e-05,5.568266916285534852e-05,5.504820752947683780e-05,5.571413775263482204e-05,5.458487738965826639e-05,5.618487092497409605e-05
5.390946425793407968e-05,5.456816463759580970e-05,5.420571979353602722e-05,5.398134858052026013e-05,5.339430448886771737e-05,5.306475393988683209e-05,5.417270162107933268e-05,5.398483993273224286e-05,5.442994087126854007e-05,5.373987788142618543e-05,5.412076275676438992e-05,5.380780048382269537e-05,5.398448614798637943e-05,5.472798355434713825e-05,5.278782013671178621e-05,5.428218000065384717e-05,5.400185602152245845e-05,5.347621605239308588e-05,5.445876798070084919e-05,5.276031770572853609e-05,5.487140925983879740e-05,5.485373789417326577e-05,5.330551465391948255e-05,5.386939395555907458e-05,5.396672152421361077e-05,5.449679160599613413e-05,5.407746937848001005e-05,5.433137674426766488e-05,5.321399369177173003e-05,5.417076262527542808e-05,5.385797181214104352e-05,5.305485116674472928e-05,5.425384220062574419e-05,5.374381591670865745e-05,5.471984130780937724e-05,5.368561911337476884e-05,5.444403166239845433e-05,5.293730697707016555e-05,5.356935182861280811e-05,5.345146350592884938e-05,5.418768505471326167e-05,5.346334137244210033e-05,5.461036137935067290e-05,5.395866759282784165e-05,5.426721804771947506e-05,5.265744081581536954e-05,5.392483054600243650e-05,5.362576662193599923e-05,5.423875662545352551e-05,5.439210287961893765e-05
5.204528390986779072e-05,5.272509378249084789e-05,5.193206803126171892e-05,5.211570076073460795e-05,5.135672626048041919e-05,5.207377919481411379e-05,5.237948021879458777e-05,5.211585050210824617e-05,5.165480333049261201e-05,5.168835970936527102e-05,5.191697186927690503e-05,5.210089406970734696e-05,5.228301246033322165e-05,5.202377506589735384e-05,5.220812377933344798e-05,5.227501537945640600e-05,5.169129700435315579e-05,5.148089928409878849e-05,5.181747268663437013e-05,5.202609630663174319e-05,5.272657493126055490e-05,5.194628126225150628e-05,5.202901810810542794e-05,5.102326202810428816e-05,5.261713172357240597e-05,5.109322187149652401e-05,5.180841686435778710e-05,5.154652286911358378e-05,5.331215604558075437e-05,5.178609926697921422e-05,5.247728193924712151e-05,5.187285830220335217e-05,5.225792436357287914e-05,5.303011417022796475e-05,5.155125828516480966e-05,5.135862339305688029e-05,5.167293924648046655e-05,5.253522298873459156e-05,5.273981934059463633e-05,5.195199088651199346e-05,5.148068426694936493e-05,5.238873744980029553e-05,5.125585536611734885e-05,5.206473414344749899e-05,5.177403641765805609e-05,5.203863579170335502e-05,5.249037738804790935e-05,5.217892359650967064e-05,5.200574511281870238e-05,5.233726168378222512e-05
5.016717165741979432e-05,4.955626136350424200e-05,4.997474590375065715e-05,5.059144529046048734e-05,4.969022753481654994e-05,4.994877181495829566e-05,4.946876925319434147e-05,4.937634032905660581e-05,5.007637304345128584e-05,4.961504600057482805e-05,5.011025552335095879e-05,5.044174834102205094e-05,5.030399979944079726e-05,4.940922264132102952e-05,4.906735251872267793e-05,4.900709421811377982e-05,4.986080078106011452e-05,4.992106905309210037e-05,5.097626183972718826e-05,4.883120995696418887e-05,5.090613855018678922e-05,5.012792228874068235e-05,5.023844037392047134e-05,4.969707049100075425e-05,4.951193827262021717e-05,4.980862419228583885e-05,5.056507055604339697e-05,4.993395206487991365e-05,4.970270843995369979e-05,4.972904781287600448e-05,4.989528898821621967e-05,5.011785607081704642e-05,5.027315168718755493e-05,5.074969899223670273e-05,4.989828011843948022e-05,5.062530530109373615e-05,5.023204083474800042e-05,5.048113065405367036e-05,5.022761876782786799e-05,5.003881712884167260e-05,4.947627276970798985e-05,4.921556830831761705e-05,5.021597371418194959e-05,4.981770146977423561e-05,5.020805714622848863e-05,5.011802913021178940e-05,4.935023142674001544e-05,5.177884444303831982e-05,4.959615071328148583e-05,4.994293372528281271e-05
4.828620978467911478e-05,4.820930522864772113e-05,4.725348632882300044e-05,4.717908518266549699e-05,4.867551859712974818e-05,4.824751662218587509e-05,4.806789875198235449e-05,4.852846252790083369e-05,4.847308137535486107e-05,4.729378017339978368e-05,4.843841215891933198e-05,4.827738111741280112e-05,4.821683606326052085e-05,4.778034014428176603e-05,4.775104696882456539e-05,4.777554225924247536e-05,4.888826126725054745e-05,4.785982445510997355e-05,4.814652224535891990e-05,4.798976322585337122e-05,4.821177037334157172e-05,4.860434746678921855e-05,4.922620126158420029e-05,4.762081747492014153e-05,4.820780723873367674e-05,4.801139740010318624e-05,4.790146546606228090e-05,4.839660225649341683e-05,4.800603811447977381e-05,4.788810672325059781e-05,4.868916284104498406e-05,4.761004313424500243e-05,4.809407804904292035e-05,4.797326946261755968e-05,4.755020713482635081e-05,4.861858514817525594e-05,4.848684404045261139e-05,4.809998498525647258e-05,4.842959844005481477e-05,4.808568726508539542e-05,4.854439622973689533e-05,4.835790178982789548e-05,4.826598789863415997e-05,4.837189167147726336e-05,4.761826731824083655e-05,4.773010398473846180e-05,4.832648391398858327e-05,4.804450250625946577e-05,4.865194972373092512e-05,4.776982722878080566e-05
4.624742639565477311e-05,4.561542433840747995e-05,4.557407871586614920e-05,4.570609261507469325e-05,4.562351324297721840e-05,4.576475190835912056e-05,4.665671735017427922e-05,4.614186717498969790e-05,4.624765820078021497e-05,4.603171785942230328e-05,4.596813435835173963e-05,4.568771047176131581e-05,4.603557814275613093e-05,4.555761686004663552e-05,4.578966607392217808e-05,4.644912414750185784e-05,4.658507268187341385e-05,4.602918243050041659e-05,4.681240614743740320e-05,4.658971002321848041e-05,4.599656854453331611e-05,4.670003729371215542e-05,4.643029890393850055e-05,4.606080977596263001e-05,4.557939831294662963e-05,4.618122794062237463e-05,4.600557015616917554e-05,4.566825334453431310e-05,4.617050959910081229e-05,4.630751758366097792e-05,4.624885475329262868e-05,4.614649941735979094e-05,4.610242300148922336e-05,4.622192072957524093e-05,4.676849166753352648e-05,4.590983716271065848e-05,4.654125293193133378e-05,4.566467716014334274e-05,4.616557227571451051e-05,4.588770988339186606e-05,4.584193337481223086e-05,4.540062499988170884e-05,4.637327088512360887e-05,4.574289639893035415e-05,4.588680114330603345e-05,4.624627815951753859e-05,4.625276071998468924e-05,4.648732532763048017e-05,4.615673501238060674e-05,4.605047940257087167e-05
4.362785038741889002e-05,4.434928953899987058e-05,4.403426567669083071e-05,4.349651328951347775e-05,4.362160160789976972e-05,4.467512625306268009e-05,4.377370418302450243e-05,4.373809424950567479e-05,4.398784231562562566e-05,4.341872354574072019e-05,4.370064748692362692e-05,4.344396320063143404e-05,4.400353394488371462e-05,4.408211705147205343e-05,4.406343967172371960e-05,4.456810505239394607e-05,4.422447380357170975e-05,4.440334962492737249e-05,4.489801879836809092e-05,4.356087855981093728e-05,4.442428480839501464e-05,4.450837720475803064e-05,4.422437639911940124e-05,4.445799769074654446e-05,4.414004922588213336e-05,4.381217766429838670e-05,4.413617637638002562e-05,4.404429937877751985e-05,4.468564922170601393e-05,4.339809968000985196e-05,4.404997229034090888e-05,4.431916140510475642e-05,4.476776125572954859e-05,4.442814890741253253e-05,4.388418808329331308e-05,4.404366315407577957e-05,4.312382267569803195e-05,4.416057954768025633e-05,4.327144948299645649e-05,4.346786120928268238e-05,4.361264355146553771e-05,4.316655775441658610e-05,4.420033403234437049e-05,4.377063635231025841e-05,4.391983416352038017e-05,4.397275933177464822e-05,4.402198653048140835e-05,4.392135331535891189e-05,4.348021045062218343e-05,4.343226590287201387e-05
4.181233100773056234e-05,4.179059674674495277e-05,4.228542871823972753e-05,4.122794005002028542e-05,4.117765349818464570e-05,4.106340391651198225e-05,4.168743984079913378e-05,4.191058489358666519e-05,4.170688707562650646e-05,4.142330081229506929e-05,4.114831472132532154e-05,4.266294602589035511e-05,4.250117856016242949e-05,4.161223152741537056e-05,4.118780598111290882e-05,4.214998674181810902e-05,4.176779669006292162e-05,4.171073706212522647e-05,4.200496674710509808e-05,4.159490161334981136e-05,4.207868781184051580e-05,4.263032276363760449e-05,4.202940154920994633e-05,4.140004980329099770e-05,4.282072226750809041e-05,4.207483353821834415e-05,4.175554988664698173e-05,4.158001590883004454e-05,4.253606681001978387e-05,4.202466996642825801e-05,4.202799280668152032e-05,4.115454283824774716e-05,4.143835726715884880e-05,4.218973977993265766e-05,4.286052266641804604e-05,4.237931497084000682e-05,4.203305771888118372e-05,4.210647651188719924e-05,4.197840687063851632e-05,4.205982707497371922e-05,4.176581653601439854e-05,4.175772053516818566e-05,4.228075700984007578e-05,4.242852990115937047e-05,4.153439837335823299e-05,4.183434153043461592e-05,4.201123803663708113e-05,4.116309118771108768e-05,4.212228387710145988e-05,4.239156354320717705e-05
3.972124209212037939e-05,3.967056684817188769e-05,4.027368752984314876e-05,4.039720705409873317e-05,4.072663000234354305e-05,3.983304967246852719e-05,3.954078042645381235e-05,3.948144070808291199e-05,4.030593881825911647e-05,4.032155371860812428e-05,3.896039475640782578e-05,3.934399212187754418e-05,4.035499319777054129e-05,3.988699600455201792e-05,3.985053938749872932e-05,3.987293404216013867e-05,4.019471475821885412e-05,3.892733924504548898e-05,3.952974514392583103e-05,4.004913357737391604e-05,3.985739457025135128e-05,3.976261382657550236e-05,3.899488991225920543e-05,3.847265505009443519e-05,3.960465935824756211e-05,4.091468550263668494e-05,4.002700790146385427e-05,3.956324939625847394e-05,3.983784781791425359e-05,4.021541721301862969e-05,3.868725572122439887e-05,3.996185881935838811e-05,4.045731896779479264e-05,4.026263767295921059e-05,3.921472234038612178e-05,3.925108022311488148e-05,4.005538581862632351e-05,3.956656870837260421e-05,4.043192713766784017e-05,3.963746439037661051e-05,3.993301341078175432e-05,3.954617778667630137e-05,3.866401514662865598e-05,3.945012440931143559e-05,3.969622850699133115e-05,4.000928402691912670e-05,3.931112225134858788e-05,3.965450233840392988e-05,3.972469423558470399e-05,3.992343013521484419e-05
3.786177984443557136e-05,3.717503370709264785e-05,3.772579405884590720e-05,3.753286554133302929e-05,3.810208138899861760e-05,3.744772222063608819e-05,3.833410774713353106e-05,3.707891701450182902e-05,3.747709695546636781e-05,3.672709530133114674e-05,3.855777161801438063e-05,3.742765522267703805e-05,3.799695292824892360e-05,3.777500775804851338e-05,3.851527169779686961e-05,3.775584661539270020e-05,3.739185109387370323e-05,3.849371822353695128e-05,3.796445952175741482e-05,3.786040460707795790e-05,3.752192779479229649e-05,3.717191117419477766e-05,3.704177450693394238e-05,3.667894086234660655e-05,3.715434757882475489e-05,3.724967516608901390e-05,3.744450072309984034e-05,3.794001913403442371e-05,3.732501695169137228e-05,3.777082607191987220e-05,3.680034631999970284e-05,3.778442956440004473e-05,3.766057304220501854e-05,3.727885238214946666e-05,3.745785948292231670e-05,3.739834984021039307e-05,3.758058481910808723e-05,3.814973402745562906e-05,3.814904882395334058e-05,3.740102702258159723e-05,3.712590843995814034e-05,3.819518699633313433e-05,3.742271218924145444e-05,3.759455227962857067e-05,3.781145491120903844e-05,3.781952836290595631e-05,3.814796404934860997e-05,3.703623804234668055e-05,3.735841257155985958e-05,3.761746356299768961e-05
3.532020351592682892e-05,3.528706596544592449e-05,3.552646652196707897e-05,3.543930189343893550e-05,3.596931818552834769e-05,3.567588628287276842e-05,3.540966457056274412e-05,3.464016626155800189e-05,3.539818989181977969e-05,3.550119578800746769e-05,3.530177647669537966e-05,3.525416254123325837e-05,3.571206820284548403e-05,3.495481433265495573e-05,3.512235979333970038e-05,3.514783563893745529e-05,3.492117892171853931e-05,3.557683865337026008e-05,3.592779079387112436e-05,3.521739280272927935e-05,3.528112757632439935e-05,3.546913970247282482e-05,3.518221240491788951e-05,3.507233023980916437e-05,3.601184360027247385e-05,3.542058678904850660e-05,3.546452964616884674e-05,3.509828481036190122e-05,3.505003365279978327e-05,3.480429813173828484e-05,3.489070259296553670e-05,3.515939789318185617e-05,3.497170253127868323e-05,3.528634759998181876e-05,3.508613127265156501e-05,3.564292943130483642e-05,3.536049235586971140e-05,3.570411070698034211e-05,3.543836568322368736e-05,3.537076422843865174e-05,3.570022230510021152e-05,3.536972427476394929e-05,3.533554767150933926e-05,3.485038086043576596e-05,3.530225958748079199e-05,3.507475570840460293e-05,3.548871223140226991e-05,3.506529471578565433e-05,3.434270740564136608e-05,3.534488847578714263e-05
3.262714791660040691e-05,3.382242361130251881e-05,3.271034174925635258e-05,3.366664061177900914e-05,3.343621047267777546e-05,3.350357524379843761e-05,3.195032557445954706e-05,3.244551238607720989e-05,3.344128465396659718e-05,3.406312207616002830e-05,3.263135706207667610e-05,3.234733691741386311e-05,3.238196965733562037e-05,3.295332437355416144e-05,3.281488736601655099e-05,3.245508752843128037e-05,3.365377079522218227e-05,3.268660848159124965e-05,3.356702557840654538e-05,3.288810900290139858e-05,3.325892306392487578e-05,3.292974154620753889e-05,3.270457931623779366e-05,3.294014461825692437e-05,3.299444028070484830e-05,3.326951943501666283e-05,3.347833007727279953e-05,3.343705802072780817e-05,3.313685799388899230e-05,3.356411515520987723e-05,3.382114499591613253e-05,3.333656788368744256e-05,3.335877419429209766e-05,3.301132408135348188e-05,3.332602828186816591e-05,3.338022468008268050e-05,3.261445801903901297e-05,3.328024272491974633e-05,3.301616310927825779e-05,3.329406518795989192e-05,3.369796067100434790e-05,3.290789843204342387e-05,3.275803485321506815e-05,3.355043025707371199e-05,3.298004889287634630e-05,3.239028122048816011e-05,3.343367250432994386e-05,3.342006375462333411e-05,3.227419409304734210e-05,3.363146277421324781e-05
3.140311239569954275e-05,3.075447620659887044e-05,3.129943744341962192e-05,3.120796426277203431e-05,3.088556813910624260e-05,3.018175074686230185e-05,3.109014958041915228e-05,3.020953289911688483e-05,3.049740720725808925e-05,3.092860631455387446e-05,3.047491356270367271e-05,3.118124270978210063e-05,3.048123227249752580e-05,3.066399577687838138e-05,3.091638729492215292e-05,3.105148149023272602e-05,3.124607899179314668e-05,3.091901748485649878e-05,2.944707080922660331e-05,3.055714726084256396e-05,3.081064810413821232e-05,3.113687390287138131e-05,3.126825141535695721e-05,3.036328319557839774e-05,3.009937591217912549e-05,3.113454250694789048e-05,3.099470648169979660e-05,3.033180173354925100e-05,3.082133667130932937e-05,2.952201588812134047e-05,3.007734787223460612e-05,3.093523940867808428e-05,3.135850774185860144e-05,3.082900042979357639e-05,2.985137654347272179e-05,3.027727577882171324e-05,2.935826304340629001e-05,3.110957231359455624e-05,3.041272152525965059e-05,3.066326696432017845e-05,3.149909184461348240e-05,3.100496178145158269e-05,3.137195285665346533e-05,3.079200512221789569e-05,3.101596948062204347e-05,3.066417529503180959e-05,3.020662446087841804e-05,3.027908779842732083e-05,3.047049217551617086e-05,3.084078834780913474e-05
2.824684761955622236e-05,2.915387834281495081e-05,2.925617109687966120e-05,2.824811881176910968e-05,2.770747625069842131e-05,2.810795142354179842e-05,2.846352986357354793e-05,2.908882533993757121e-05,2.910204366380725362e-05,2.862068726767907724e-05,2.893457462805650027e-05,2.758169645078332777e-05,2.899795752477161366e-05,2.850058051831160159e-05,2.784349683510767647e-05,2.715122419188798991e-05,2.733961493757972906e-05,2.847881670975641771e-05,2.754218914593902520e-05,2.776203754851062254e-05,2.841760858169251310e-05,2.785620549356465812e-05,2.840725270459685273e-05,2.902946323182010300e-05,2.790035724789721304e-05,2.752757388478539204e-05,2.864935636392746199e-05,2.842181497674705558e-05,2.796321183099362314e-05,2.825499387290506773e-05,2.815879617152778141e-05,2.801398216793397241e-05,2.708313009110914098e-05,2.820744703031081540e-05,2.765058014415500362e-05,2.799371994793300742e-05,2.832481212642995349e-05,2.824018495937685895e-05,2.830045554167984125e-05,2.775168164754805044e-05,2.885614213414950841e-05,2.733103028217299217e-05,2.805868182391930285e-05,2.787139750558466304e-05,2.817822381785049408e-05,2.821719916108825368e-05,2.912147738784929792e-05,2.718353194840591441e-05,2.833502603502293540e-05,2.844700011646427625e-05
2.673685559264414699e-05,2.524178880212580824e-05,2.582365734522091248e-05,2.519892064215031570e-05,2.580448204006499801e-05,2.611397354487721351e-05,2.576608257402427871e-05,2.573947981916713777e-05,2.615798131138865828e-05,2.621555468839905940e-05,2.542255877082463196e-05,2.559492829912121274e-05,2.573887700020035946e-05,2.563543711679482160e-05,2.600491521920887417e-05,2.575577502971185232e-05,2.479648294753627918e-05,2.538278947418972186e-05,2.514550219162019844e-05,2.585190001979125238e-05,2.499242345593514624e-05,2.644304243173486397e-05,2.516138201533830990e-05,2.613195522194638307e-05,2.573162087724497344e-05,2.500890444547010529e-05,2.542992354315788334e-05,2.525909475767116144e-05,2.604968234428130824e-05,2.612978216063678558e-05,2.638013537446060196e-05,2.539431993427045657e-05,2.519854598602044480e-05,2.642591000602794848e-05,2.520324777560542837e-05,2.547440940329824020e-05,2.555120241318733278e-05,2.620420272901676938e-05,2.654930666284176005e-05,2.595764438608140257e-05,2.594984132723994645e-05,2.549723427389392441e-05,2.615045057593458707e-05,2.654440995578251881e-05,2.568920389058747237e-05,2.530818040308225236e-05,2.611187517281090103e-05,2.608152398256941370e-05,2.589354196533471270e-05,2.590746171164617459e-05
2.284728168071873818e-05,2.358705558907187204e-05,2.359680432201177055e-05,2.309475517901212409e-05,2.334181372973893800e-05,2.322460114924539666e-05,2.286860338047128053e-05,2.294532085981132024e-05,2.225989674087595715e-05,2.373908200419202555e-05,2.336931581652455629e-05,2.355381981190026017e-05,2.282402008622913146e-05,2.301559956478460580e-05,2.307392556907148043e-05,2.269284540547543460e-05,2.306650127080424919e-05,2.284405649493239979e-05,2.338603452271523534e-05,2.251064036322325256e-05,2.359940256441854284e-05,2.289894548729858143e-05,2.293661226503280033e-05,2.258800272111551285e-05,2.369780420386266624e-05,2.309400326353397377e-05,2.323864803576120862e-05,2.309598983325589235e-05,2.349026724152772214e-05,2.232108991555620375e-05,2.342201961931973596e-05,2.268354226121732626e-05,2.289299103072031078e-05,2.344746506485366678e-05,2.273931654316860328e-05,2.387992484194370276e-05,2.371135524346200063e-05,2.232416639140649388e-05,2.303999271868808690e-05,2.295949940193777388e-05,2.359753405904136973e-05,2.306283982106230605e-05,2.307170907410791474e-05,2.299503122398797365e-05,2.268819688918383064e-05,2.386078978703206762e-05,2.366809274460114729e-05,2.228631477717218920e-05,2.409453250498453143e-05,2.353718211258426813e-05
1.966836028015555118e-05,2.013673773145831472e-05,2.008698152648178580e-05,2.098536166771567321e-05,2.034965672652370872e-05,2.030605303440329013e-05,2.098918573398778564e-05,2.061756141269669896e-05,1.920146944281847162e-05,2.045866586305306305e-05,1.995130623532860193e-05,1.998729494308684038e-05,2.125096791274367966e-05,2.070395323178582440e-05,2.047723686714959641e-05,1.980415624417276353e-05,2.107844408092636297e-05,1.931214690314459416e-05,2.044564445881851979e-05,2.095360024179998359e-05,1.926061442171790234e-05,1.912038995402641950e-05,1.994279982290145511e-05,2.038307294550329357e-05,2.118369752362613920e-05,2.044962622734155524e-05,1.984098015208878119e-05,1.984069652334607292e-05,2.081502091316895906e-05,2.068964539578412943e-05,2.109129992503319567e-05,2.039609767034827249e-05,2.043780763976602323e-05,2.036237314993053681e-05,2.042282234962620554e-05,2.063121549042200114e-05,2.061293362099622596e-05,2.064370500742897081e-05,2.101284098079149364e-05,2.049875499199467591e-05,2.038207114330804057e-05,2.072091691397082082e-05,2.036208812619124962e-05,2.039093106418363326e-05,2.068620102511665597e-05,2.078779153329345789e-05,2.026151658985719293e-05,2.107042564866759809e-05,2.004293243717095139e-05,2.022764677900504627e-05
1.707148017738745863e-05,1.881364591735419379e-05,1.792101910594063536e-05,1.773591958502093960e-05,1.717132426393728077e-05,1.676232232820385468e-05,1.824191878369187583e-05,1.818892690538629966e-05,1.765336263247156888e-05,1.742411141414465192e-05,1.798173370390650832e-05,1.813278725153641652e-05,1.770503569901602322e-05,1.722868605075209486e-05,1.768729347731282027e-05,1.742688797869288754e-05,1.707042969650928132e-05,1.781863136033125532e-05,1.776270963221733806e-05,1.774272939948615371e-05,1.730844567618234104e-05,1.713865849697777515e-05,1.748255826390830310e-05,1.731942910383735384e-05,1.726497122746880627e-05,1.717359863645940009e-05,1.772400353334867778e-05,1.763659324056438809e-05,1.716309462457253924e-05,1.771176384533202126e-05,1.756453968377441532e-05,1.778736536920942318e-05,1.735568812444065388e-05,1.761148720360243114e-05,1.698049580774076676e-05,1.813898095555780587e-05,1.720328416127090711e-05,1.785903353249317785e-05,1.668472895568244577e-05,1.708093617248765099e-05,1.794543250189552580e-05,1.740504683016162919e-05,1.702052131608354938e-05,1.829006709122561375e-05,1.842854925535068465e-05,1.751563670511813072e-05,1.733539849964664425e-05,1.785979148664250193e-05,1.768975025850457689e-05,1.721414978035476685e-05
1.518114243305567493e-05,1.464620582098582437e-05,1.496374019968300270e-05,1.499393057848633444e-05,1.447467757598612524e-05,1.482294486604892198e-05,1.501770435876484973e-05,1.469013704352424731e-05,1.383027443579664981e-05,1.480225597913782604e-05,1.378672538881058072e-05,1.433393923006793151e-05,1.453877262600268345e-05,1.436020889061945385e-05,1.338301190493672146e-05,1.399039816791377040e-05,1.501376360971470243e-05,1.406251196137376527e-05,1.510994099568308772e-05,1.453405790979272288e-05,1.474647514584575490e-05,1.398951252627017934e-05,1.379058894351988168e-05,1.462639324766767543e-05,1.497695108716655976e-05,1.471931381233917948e-05,1.460770381796554694e-05,1.415947360465228068e-05,1.478558418713640435e-05,1.401874835674229796e-05,1.515134331828762010e-05,1.434316956421767252e-05,1.470585939132284223e-05,1.521649078075129105e-05,1.424423277802839766e-05,1.504385456258671791e-05,1.474062552402724037e-05,1.461649516691515662e-05,1.473869071208144327e-05,1.406109199243511627e-05,1.393704131851353394e-05,1.460642000842447720e-05,1.464460182215203689e-05,1.473490068119301888e-05,1.422182153222650054e-05,1.417150654091592571e-05,1.411604751838850927e-05,1.494420714728891848e-05,1.451618453349091291e-05,1.445215202647584673e-05
1.097597230496431391e-05,1.150787754239968650e-05,1.117708358622812679e-05,1.124239982237650415e-05,1.160337062580376842e-05,1.070040225893220254e-05,1.139475649234647362e-05,1.160153846214923088e-05,1.124586954866122976e-05,1.150204375461708579e-05,1.162071975696005050e-05,1.098860847808242961e-05,1.221035083671366589e-05,1.089691541350364126e-05,1.188512128925674709e-05,1.165998817020505930e-05,1.164201308463496481e-05,1.151389071162528551e-05,1.193972776376522505e-05,1.188468275376710725e-05,1.071569980643036568e-05,1.162393183537156727e-05,1.088732368236086491e-05,1.124420938375137466e-05,1.103828028817164648e-05,1.138477509309650501e-05,1.158391974409068484e-05,1.065036112724610102e-05,1.172384944612479960e-05,1.212230220368757435e-05,1.201275502863330824e-05,1.077180508198542124e-05,1.062826008205952883e-05,1.160657999849491928e-05,1.109060938569303708e-05,1.100284991181682715e-05,1.126810460233429439e-05,1.161158248389921612e-05,1.116867998243603384e-05,1.184249541434700505e-05,1.143195383797167991e-05,1.077838992713827262e-05,1.169168217772988347e-05,1.100983599327222669e-05,1.123618444537438464e-05,1.051213531456033823e-05,1.122143276020705220e-05,1.070893529633156364e-05,1.185657682670110750e-05,1.111609817531938057e-05
8.324500947892222820e-06,7.899586149792794230e-06,8.448930500801533520e-06,7.190364320470575050e-06,7.390994378688682450e-06,7.050475683855031980e-06,8.038493195680752095e-06,7.812952660243927065e-06,8.203556987493886742e-06,7.437588178495283721e-06,8.012820149402224499e-06,7.570741129679040698e-06,7.883537343203480641e-06,6.858481683036024528e-06,7.724145383121812090e-06,8.081932083804932115e-06,7.911178433813898466e-06,7.292305215285143910e-06,7.867764977727490961e-06,8.662479666908607374e-06,7.096233470478862874e-06,7.799499738213485478e-06,7.678768105905214679e-06,8.370744025618790703e-06,7.983094469908007471e-06,7.186437111292565998e-06,7.530706599467946387e-06,8.042523707967605753e-06,6.844357460859563439e-06,7.802961004094311270e-06,7.907964885042145737e-06,8.040442233216815360e-06,8.017472193929630657e-06,7.992940309306537577e-06,7.822797464002118425e-06,7.737611493657884894e-06,7.573493596411383208e-06,7.271326382125513700e-06,7.932068649467510443e-06,8.147470614398013842e-06,7.322266439336098531e-06,7.746284580721138680e-06,8.553523889764332968e-06,7.994306900140138100e-06,8.246395213799509149e-06,8.694937355933647622e-06,7.819876553861197294e-06,8.332607480923218146e-06,8.311033552241872246e-06,7.979444342377090932e-06
