9.492752599528059276e-02,9.584353382237613406e-02,9.543331644140855274e-02,9.628044815448347227e-02,9.555363877493035230e-02,9.498095652198643157e-02,9.442242608113431135e-02,9.484496731132324721e-02,9.560167807853368893e-02,9.634477936069278659e-02,9.472096596010905201e-02,9.437600220041636456e-02,9.491350829513228726e-02,9.571929786693725295e-02,9.520079707945189318e-02,9.452870657007912680e-02,9.556808181748957520e-02,9.590958803573601532e-02,9.529903399787610641e-02,9.535630336660498585e-02,9.499566859323931023e-02,9.572583890530540762e-02,9.554888070934706990e-02,9.503743898867811346e-02,9.507955934431520928e-02,9.629787795643683646e-02,9.553206858056755013e-02,9.542747250037025841e-02,9.582444646954355050e-02,9.539189040265906583e-02,9.456499596363929228e-02,9.406927642983418936e-02,9.547383545999843513e-02,9.539601812317927143e-02,9.631584607224392969e-02,9.616749346526280717e-02,9.507989744530956355e-02,9.485521347436479123e-02,9.561389920118588959e-02,9.429788060035118602e-02,9.579166752912986194e-02,9.606146549918395672e-02,9.517957254924058752e-02,9.490090359994118874e-02,9.513064417147436280e-02,9.545175646405011649e-02,9.487513295180326212e-02,9.535634209711607578e-02,9.520318051310096286e-02,9.581532713185775263e-02
9.558079483885359440e-02,9.414453762336261189e-02,9.513430401888459120e-02,9.520947887571923340e-02,9.492997025848236292e-02,9.570269342643011878e-02,9.592126337841097583e-02,9.466607746345416519e-02,9.617950728956287110e-02,9.565481898135710925e-02,9.575788150263801757e-02,9.608835424191027041e-02,9.466951750911943575e-02,9.361951314041294658e-02,9.549254311079435897e-02,9.586914049459857590e-02,9.468955944838162997e-02,9.472324196718703848e-02,9.528670213082514329e-02,9.548831084561869298e-02,9.526705424901188435e-02,9.533102376743234074e-02,9.487123511770395590e-02,9.500130440359497164e-02,9.484941652627616737e-02,9.627939904793979264e-02,9.518081115666210401e-02,9.584091756995724576e-02,9.492853675691254045e-02,9.599361396147283731e-02,9.623263647740022686e-02,9.458098566836059540e-02,9.513556753274943212e-02,9.650078119646120223e-02,9.420847176272297008e-02,9.478988993380334238e-02,9.590209218863848806e-02,9.610859060043534796e-02,9.494610529549894762e-02,9.505992539429639065e-02,9.551240690732283600e-02,9.460772543047765715e-02,9.512549689543997600e-02,9.541314020598666568e-02,9.540207738116669722e-02,9.514062142823369317e-02,9.564794726387625123e-02,9.536937899505035232e-02,9.482966522472290050e-02,9.616687344425443873e-02
9.494064441360261508e-02,9.626224345035599983e-02,9.521945002138436365e-02,9.434016621255439383e-02,9.445603289598214491e-02,9.562059983595623536e-02,9.601407150816033964e-02,9.554587964605518180e-02,9.541106885949252048e-02,9.530812164812033083e-02,9.554434503151301716e-02,9.661880512522050268e-02,9.554061572389853374e-02,9.488706854081213615e-02,9.471961358979186230e-02,9.544859138050169889e-02,9.575623307915531734e-02,9.519697466529949970e-02,9.507122674611574731e-02,9.545117572637340508e-02,9.435338607810871137e-02,9.485719036950258920e-02,9.546799529867909528e-02,9.506589597211853593e-02,9.467174605872194504e-02,9.575442453267220266e-02,9.505807423669528078e-02,9.620123623737338037e-02,9.465711877664730045e-02,9.511744612812055022e-02,9.453576896857217304e-02,9.457419734509929510e-02,9.560470279971644558e-02,9.610448448617793515e-02,9.629428703990011718e-02,9.492635750380819248e-02,9.556161246534228271e-02,9.561795636833929357e-02,9.466972040693034940e-02,9.514851527396309128e-02,9.496209922671321191e-02,9.658098914704513205e-02,9.535014334045896489e-02,9.605112446775936064e-02,9.478096966781182631e-02,9.535862731895114464e-02,9.557977481966388467e-02,9.468043414218550724e-02,9.520533342126535903e-02,9.492668384990586572e-02
9.575585284389021012e-02,9.479733423830333239e-02,9.539839420631332501e-02,9.553428911488986985e-02,9.526970798284940811e-02,9.438439539152677915e-02,9.609499624952036467e-02,9.483525579855679732e-02,9.471582626442490160e-02,9.584510818244540431e-02,9.431995602514610388e-02,9.416505930417738701e-02,9.538676022485861883e-02,9.589728654713070011e-02,9.551807805172646271e-02,9.543945859427294121e-02,9.537792268894698666e-02,9.555108826285695078e-02,9.558393008808850622e-02,9.486862754666115782e-02,9.539493641888510678e-02,9.490564151424843442e-02,9.549666584454931384e-02,9.493941732158336921e-02,9.501782851808393549e-02,9.519646879860493849e-02,9.495396603999203822e-02,9.457780013793333496e-02,9.528044633807772334e-02,9.477153552723338592e-02,9.564279990134337550e-02,9.592066749502360656e-02,9.517450930818009691e-02,9.537712198630085569e-02,9.445008984055588974e-02,9.581587347681980171e-02,9.611070979213699739e-02,9.541450402455321778e-02,9.469653660105345483e-02,9.589545939026090926e-02,9.457697017462816935e-02,9.429534189582311487e-02,9.451619468933504520e-02,9.549126255054078694e-02,9.515446309220036702e-02,9.556239003550472122e-02,9.555042078102894687e-02,9.431073876013201795e-02,9.567447878861536081e-02,9.471773646359853138e-02
9.527882063754831987e-02,9.521275785193561436e-02,9.523440952803248483e-02,9.470962971835759914e-02,9.525735208924118735e-02,9.494335211698047561e-02,9.448606393792084723e-02,9.439943390302600601e-02,9.571661730619299147e-02,9.525549867168719986e-02,9.499932083795720184e-02,9.439650652108666495e-02,9.504971564786854343e-02,9.506035158088961545e-02,9.549325284080559251e-02,9.494799381812156491e-02,9.481298575010320417e-02,9.533100513873436765e-02,9.444219331199865675e-02,9.421085651798567773e-02,9.525648114768449359e-02,9.478442936653586059e-02,9.522273781228386691e-02,9.506931818299635406e-02,9.542048181807948060e-02,9.539884247196384059e-02,9.435467471898452418e-02,9.451608113958308299e-02,9.545568499888947012e-02,9.511411671731777318e-02,9.520600151685192081e-02,9.495730571602560566e-02,9.463092333686985713e-02,9.353017369575332418e-02,9.539156649667444865e-02,9.414629392819452713e-02,9.523116486639975065e-02,9.527389064017943721e-02,9.500987348574299607e-02,9.482696049323663390e-02,9.469315435465804065e-02,9.547579286548991961e-02,9.461417299918666035e-02,9.450738083243394316e-02,9.577421583565588759e-02,9.476778916084278859e-02,9.554582718340846881e-02,9.374028713267910928e-02,9.390769969966515640e-02,9.459985541059855174e-02
9.495360441149569564e-02,9.502775294106796666e-02,9.464543660851569562e-02,9.420209737770839087e-02,9.459335994650738821e-02,9.489921301081954974e-02,9.480661549019053780e-02,9.358851216287793207e-02,9.516327645071516461e-02,9.527615585172449775e-02,9.389361261476897313e-02,9.498652485761271969e-02,9.544127082120767991e-02,9.409836233214288748e-02,9.462488175789787737e-02,9.517754216467905204e-02,9.485906978692815184e-02,9.481279519119913124e-02,9.483948964019257855e-02,9.539590807196997313e-02,9.452470319317694825e-02,9.392470424601061241e-02,9.454190352420259458e-02,9.350895860244136382e-02,9.474377802970096463e-02,9.472609273874402214e-02,9.531055887688200112e-02,9.445622037029494100e-02,9.419363458177831827e-02,9.382845009329177088e-02,9.426987495727666422e-02,9.473972167786033627e-02,9.415453490390235380e-02,9.356315487627982208e-02,9.429012514734771977e-02,9.476774809812413269e-02,9.523551375336415659e-02,9.453286410206451773e-02,9.484869327418411766e-02,9.505254244067332103e-02,9.434602791249332987e-02,9.558967278747930452e-02,9.533456880064694605e-02,9.465117031504198530e-02,9.541917782484163335e-02,9.437258726801754649e-02,9.368401362374421948e-02,9.395615067699514267e-02,9.517845751989313652e-02,9.458018116818107945e-02
9.484582796581668418e-02,9.385096734408769625e-02,9.535212306336482424e-02,9.455914721755481755e-02,9.441855384481645519e-02,9.527219095882369371e-02,9.431983924626781424e-02,9.456671359013947564e-02,9.442769736624528898e-02,9.559015889459289428e-02,9.387005046373424200e-02,9.516147604732567988e-02,9.426674129156881188e-02,9.436690994957203094e-02,9.453053911978584467e-02,9.463741319432610044e-02,9.385301733232748189e-02,9.476357132888219015e-02,9.390067895290681033e-02,9.409275094941436934e-02,9.391642382806192346e-02,9.494353941663058460e-02,9.572456652503573415e-02,9.414250753477296230e-02,9.326604321558698563e-02,9.423167613989796854e-02,9.547546542165528949e-02,9.402675372140141541e-02,9.476880218586015980e-02,9.303144949958101761e-02,9.445696703177274001e-02,9.438272778765822990e-02,9.462497518594793766e-02,9.422150466519157996e-02,9.305429090617196863e-02,9.547657630789486982e-02,9.445449487153871615e-02,9.455389808904385296e-02,9.457691172070793739e-02,9.445346730015226344e-02,9.487735044526535155e-02,9.440092629403008806e-02,9.468072327074386618e-02,9.504557055092870133e-02,9.478384922188146100e-02,9.442713400017320458e-02,9.386619965452577818e-02,9.404245537278528577e-02,9.469011552667586096e-02,9.455790719532666810e-02
9.352106894315358188e-02,9.459342948571579368e-02,9.383489722200125116e-02,9.394987361336831766e-02,9.474844908639008800e-02,9.383526575053612040e-02,9.304332896061213998e-02,9.393560988754164065e-02,9.431380567895683575e-02,9.424271648047649608e-02,9.394288268739969805e-02,9.477976873634372246e-02,9.364241211240220686e-02,9.416850630763844154e-02,9.348990521286203170e-02,9.466789792849496232e-02,9.382606299405739370e-02,9.479963180905583153e-02,9.391745942011998916e-02,9.359397915817128932e-02,9.361428230360978320e-02,9.448587876977432298e-02,9.411137913490262574e-02,9.236066962643968425e-02,9.289288233944308082e-02,9.430125485807723529e-02,9.440255346439170581e-02,9.460056290730607664e-02,9.383930053346029032e-02,9.343118849493289857e-02,9.515448328200737382e-02,9.380328799053420930e-02,9.558508200372237140e-02,9.372012100752859232e-02,9.427681146863423067e-02,9.406648804782535844e-02,9.481908917340862997e-02,9.391284913009720348e-02,9.460800609019834329e-02,9.451464527582287278e-02,9.353854033556102676e-02,9.374069199274628894e-02,9.347585924914406097e-02,9.377983262609311532e-02,9.451985088996067708e-02,9.493505618823944170e-02,9.382055994100892138e-02,9.405486438378743430e-02,9.322312993284009863e-02,9.409403105267548362e-02
9.472506026694099690e-02,9.338333845464009964e-02,9.250399945335162355e-02,9.397079836107871675e-02,9.306155033377561114e-02,9.389445003471127982e-02,9.249403805416731017e-02,9.413762531959977975e-02,9.330659861113810294e-02,9.368044801110413100e-02,9.428903795575428737e-02,9.401738002639034586e-02,9.295704379971167497e-02,9.326858616669461699e-02,9.368732094133505606e-02,9.390522193269400242e-02,9.417944409351187984e-02,9.457434663039261669e-02,9.359149941521301141e-02,9.397554419643992796e-02,9.355814867132045132e-02,9.287897742440431870e-02,9.313581734402366641e-02,9.412111096238531815e-02,9.359921834083470560e-02,9.387083557303470271e-02,9.388996997535410671e-02,9.336773010169643894e-02,9.366317431663680193e-02,9.253132571034267118e-02,9.360539252276137145e-02,9.342268242270390655e-02,9.429871256229782617e-02,9.452778631057122405e-02,9.396978069960715274e-02,9.362011422579409603e-02,9.374034841978319543e-02,9.377150468366417246e-02,9.330857485241811355e-02,9.314323163733172206e-02,9.319390368542819492e-02,9.388673306825801035e-02,9.323194874162021861e-02,9.413779053556729781e-02,9.330407665287832053e-02,9.408035231823938527e-02,9.405854162984544908e-02,9.326276923633684823e-02,9.326393403767886670e-02,9.438610731109550733e-02
9.323882758548472649e-02,9.210818001969119095e-02,9.289741821018260293e-02,9.388649612416276324e-02,9.363181997927674804e-02,9.393172273259448035e-02,9.192796968561947613e-02,9.328482654105270389e-02,9.448063682333233959e-02,9.384007794894304311e-02,9.325514140951184083e-02,9.280181858961761288e-02,9.267018888292452572e-02,9.316483819319369697e-02,9.299782264386004249e-02,9.268149754328557088e-02,9.271123305376220702e-02,9.344996657013660002e-02,9.236844016285768177e-02,9.432786355438080306e-02,9.265868524279186058e-02,9.354164243774019949e-02,9.277836874354242203e-02,9.407030521895992647e-02,9.328513033651140984e-02,9.306927219100256943e-02,9.351066077863588732e-02,9.272580756904719168e-02,9.255999612237665597e-02,9.269181905323260751e-02,9.243731026960631814e-02,9.314708223537837561e-02,9.360282209035154788e-02,9.344198207422081681e-02,9.317054174441878611e-02,9.258021016469816789e-02,9.273635475660398086e-02,9.372038523506899532e-02,9.339911500991265880e-02,9.437883490967544087e-02,9.366871043225973026e-02,9.301253446203873454e-02,9.333718920341539660e-02,9.352513167046624942e-02,9.369870814258152159e-02,9.361024834975026354e-02,9.434053719117450887e-02,9.290409601625486402e-02,9.407437169655415155e-02,9.301564844487390793e-02
9.321357360071573506e-02,9.402596351922032358e-02,9.322749546050233815e-02,9.330991541795886912e-02,9.335139423976222817e-02,9.329882807326254912e-02,9.257217115326749068e-02,9.267009813248279493e-02,9.240204759749645613e-02,9.187690260897447836e-02,9.242047593177524223e-02,9.245895212858760981e-02,9.228550191455356377e-02,9.308558613127837500e-02,9.354186417913018525e-02,9.292599122604844331e-02,9.268001899699311597e-02,9.409157113047246501e-02,9.306603924463678623e-02,9.265874554207248481e-02,9.273892890744064865e-02,9.258314156613388357e-02,9.424022614009276710e-02,9.316573532275071456e-02,9.319213344203897131e-02,9.315322221687726001e-02,9.267120744528341281e-02,9.238920693527542805e-02,9.251266452178213973e-02,9.304879410406263762e-02,9.322117004728003309e-02,9.263216094402870748e-02,9.325842198911160619e-02,9.295111491413853011e-02,9.299891951886660180e-02,9.261550543602384278e-02,9.218001069845782602e-02,9.380705887923633524e-02,9.256665406265718321e-02,9.232487180138816696e-02,9.227657325380565767e-02,9.333047051174735154e-02,9.386279111987429202e-02,9.254465089117716592e-02,9.140390509739290681e-02,9.299392731658109867e-02,9.306310802668657511e-02,9.321765775108892260e-02,9.248844931714091111e-02,9.265837478073028766e-02
9.219139190996553102e-02,9.244079408845258528e-02,9.219676364899025145e-02,9.147938079129293298e-02,9.178266081084306138e-02,9.069403715442614367e-02,9.241712560749650029e-02,9.280893596691028313e-02,9.340914726785891353e-02,9.210340268804172170e-02,9.191281879550852740e-02,9.167540952210768979e-02,9.237074214382134940e-02,9.318391938018703857e-02,9.250354696360008067e-02,9.185945024112165957e-02,9.185589725978605957e-02,9.286806657508468732e-02,9.196542799796594836e-02,9.280117240404202328e-02,9.161917615819042959e-02,9.240039493582717645e-02,9.167755302713193055e-02,9.167232252245391400e-02,9.277974740004378551e-02,9.217526537028147837e-02,9.147379672714403553e-02,9.139895850486721984e-02,9.137813098236870213e-02,9.256952554939747169e-02,9.234456630051436632e-02,9.298101834573251068e-02,9.276379965118612680e-02,9.197933861504581365e-02,9.310283416850424765e-02,9.251912537461512431e-02,9.247527272982908331e-02,9.287804581066007314e-02,9.212904670947091867e-02,9.243463078942538991e-02,9.142466128339832299e-02,9.148842878420077041e-02,9.121564648084426463e-02,9.200018227720213604e-02,9.329990798934018059e-02,9.244586493431398988e-02,9.308436488175458878e-02,9.228475869567566436e-02,9.233608168543125383e-02,9.269659223985950158e-02
9.181558884883168903e-02,9.207892575373891053e-02,9.168126052742060772e-02,9.006405667083038080e-02,9.129190677692732014e-02,9.146502445092610789e-02,9.209854176510964829e-02,9.214688337687000630e-02,9.136540567666445734e-02,9.191412214123000080e-02,9.103860858807311107e-02,9.089838472292594007e-02,9.089578725129404679e-02,9.120905527214145936e-02,9.187732319249974910e-02,9.289437366906908022e-02,9.234628499150937531e-02,9.327798462632921894e-02,9.243178090209108744e-02,9.090145094694535022e-02,9.209846117781995967e-02,9.157959174231844468e-02,9.159142118255990395e-02,9.129099381890559695e-02,9.211857845209832363e-02,9.300912326570193178e-02,9.205401817203824610e-02,9.152221584284166156e-02,9.206555075842685898e-02,9.208796933429475029e-02,9.138239863013468411e-02,9.278819244852533343e-02,9.182927138484218987e-02,9.080464849217434464e-02,9.209820690164038925e-02,9.083036758398276012e-02,9.191240822836614643e-02,9.066908997396350145e-02,9.182244653060446515e-02,9.181349706949380740e-02,9.154730084401917212e-02,9.196041437597332613e-02,9.234950253689502842e-02,9.188635580428555771e-02,9.219321270833008564e-02,9.178176114890190807e-02,9.168707848445746544e-02,9.223314963456238913e-02,9.267090852343749796e-02,9.194453277154920889e-02
9.152452352546136538e-02,9.125781807741176199e-02,9.170446323784245402e-02,9.135811605414437264e-02,9.057265270898634535e-02,9.185863812329413125e-02,9.044333568956890168e-02,9.124969692665194088e-02,9.079591557868273155e-02,9.169124981443983746e-02,9.069382563981084888e-02,9.144992305459719029e-02,9.159496579191081511e-02,9.086325177261225794e-02,9.199283692983351024e-02,9.186223056221261285e-02,9.137725544351862905e-02,9.107622728045161598e-02,9.038439064892389574e-02,9.175422218458291479e-02,9.175717720747930684e-02,9.047415501105469937e-02,9.155539284654418131e-02,9.122418713618993258e-02,9.044008576255622989e-02,9.064062336023567812e-02,9.062491122853745529e-02,9.151524023655721596e-02,9.146927824247370886e-02,9.158845558689225619e-02,9.119516762776803953e-02,9.108117353194801480e-02,9.121963557401881195e-02,9.080142789508009737e-02,9.086086287828688823e-02,9.122687934272216692e-02,9.096690886631060569e-02,8.996768278745503888e-02,9.149840934234096390e-02,9.117916457489294579e-02,9.079793383993331468e-02,9.128291516353381763e-02,9.127856319595287204e-02,9.149257165185356588e-02,9.197197546369552390e-02,9.013253868240439504e-02,9.124770187067013372e-02,9.049488597771826459e-02,9.014940467358942278e-02,9.064304566918497674e-02
9.030910118170440426e-02,9.012644282332048229e-02,8.978185480256235806e-02,9.163011390640540821e-02,9.002092886833892860e-02,9.038308671781952741e-02,9.020126409976496340e-02,8.997007131246607947e-02,9.015475346314044680e-02,9.106642199432737894e-02,8.955238158498324275e-02,9.037600363367463696e-02,9.034865994363079633e-02,9.112488768700999220e-02,9.056990522567268109e-02,9.063863554519778487e-02,9.014962333777983006e-02,9.030936616323145816e-02,9.060978322661458750e-02,9.008713205757598597e-02,9.015345562878016028e-02,8.964730977580973037e-02,9.117186489103436264e-02,9.031528058868242004e-02,9.061037789166807854e-02,9.057560928020547131e-02,9.052947990628668062e-02,9.086039006362983672e-02,9.090282409163466526e-02,8.961391946065468128e-02,9.125476288151163073e-02,9.008833019967797673e-02,9.109637306355503061e-02,8.983187993126695581e-02,8.997625252740590329e-02,9.041584635760765987e-02,8.991338071841595281e-02,9.045350310252492365e-02,9.014489768158365224e-02,8.910269773336351729e-02,9.103381516511450944e-02,9.025442870594753419e-02,9.012748580868411297e-02,8.891799158356501753e-02,9.032269729555184035e-02,9.072070416448649310e-02,8.948853319383241745e-02,8.994654065855688108e-02,9.063526374728943236e-02,9.127064320131059172e-02
8.956967891241943147e-02,8.984258162173730522e-02,8.987064643893380445e-02,8.931394698840793012e-02,9.000862684541732772e-02,8.979094265791114082e-02,8.883788557774408012e-02,8.977806603131245622e-02,8.889658452232807040e-02,8.920919778145058876e-02,8.921940721651876183e-02,9.001778375543138810e-02,8.912797632865869513e-02,8.992635697644353610e-02,8.999230422528090023e-02,8.902954676607489903e-02,8.995019877382885720e-02,9.006554004649196254e-02,8.993151106141414330e-02,9.097750722860663275e-02,8.966090137062550369e-02,8.940993398859106711e-02,8.980333600426879115e-02,8.973664360725731870e-02,8.993901690028796581e-02,8.987166334195220707e-02,8.934316859353472196e-02,8.994179687658540590e-02,9.050076715782959247e-02,8.977257564534724121e-02,8.958189866116214595e-02,9.069393631668022648e-02,8.926590731103145604e-02,9.058427007723600377e-02,8.982145024338689110e-02,8.978747242445274390e-02,9.011827505534300564e-02,9.032587082145165924e-02,8.807506930991694516e-02,8.905778064873531852e-02,8.955552178074406566e-02,8.957830511109728111e-02,8.909907582239490198e-02,8.918394573221669064e-02,8.996718239247492033e-02,9.058871170775101289e-02,8.981147383890625280e-02,8.958319860220527453e-02,8.841837585636930230e-02,8.924770845376561734e-02
8.845868143244557669e-02,8.897875059789844832e-02,8.962427242072967815e-02,8.916558106525319938e-02,8.840233794067552109e-02,8.913490878064338208e-02,8.906208036466339850e-02,8.864600635589772737e-02,8.911114774405702599e-02,8.852533848209921674e-02,8.849967576301816241e-02,8.845035317550130338e-02,8.888706375615904043e-02,8.866088233337011959e-02,8.875272581692990326e-02,8.722991614577896291e-02,8.804746012332061167e-02,8.870198569189689797e-02,8.832278833730890233e-02,8.864328202809620971e-02,8.823922991595718746e-02,8.867813629410821463e-02,9.003408400292563230e-02,8.889517532027382818e-02,8.957854752664233533e-02,8.894109972957320309e-02,8.860501179793510429e-02,8.813579526310003076e-02,8.943784902399799785e-02,8.936142601014816778e-02,8.833029327585818768e-02,8.941423129156357563e-02,8.970299524065827868e-02,8.954054129721965294e-02,8.831513978328157932e-02,8.944529558485179999e-02,8.846867787536659422e-02,8.878237306582217880e-02,8.858339729411338070e-02,8.947337159172384646e-02,8.865886452010940388e-02,8.889578276675481894e-02,8.893632390219520512e-02,8.809746076720373353e-02,8.951503447897192489e-02,8.826936886270331240e-02,8.902968176324009553e-02,8.844459924412262364e-02,9.019435109417502094e-02,8.965537622577895993e-02
8.811294348893616846e-02,8.650825411498427875e-02,8.840740093061498495e-02,8.943048730986903616e-02,8.836120962594638806e-02,8.894924924251060294e-02,8.749814455265250701e-02,8.853950518772969736e-02,8.738984051858678104e-02,8.769631752856278661e-02,8.750443972521139424e-02,8.789815148048904514e-02,8.808865025778528368e-02,8.837729429050333874e-02,8.797433452289446509e-02,8.756234245790694981e-02,8.835124065487738598e-02,8.837898057262627560e-02,8.952370200503899367e-02,8.780768087717694126e-02,8.777782334028848277e-02,8.824773899797032362e-02,8.753074507087567346e-02,8.794724228818480427e-02,8.673806057529943880e-02,8.785582510587570948e-02,8.757485227404865347e-02,8.882487116312517972e-02,8.796871394775690467e-02,8.775561597429806793e-02,8.870413987978985337e-02,8.848693705544240229e-02,8.786563623602866580e-02,8.723566544923735955e-02,8.715869713302379362e-02,8.799727862789463728e-02,8.698568667406109123e-02,8.784133164441072783e-02,8.778738687654952244e-02,8.809540407383970040e-02,8.830567789358127750e-02,8.808000065423710057e-02,8.892330159920162902e-02,8.892140871495171628e-02,8.887391522160729973e-02,8.882145544551615923e-02,8.777801945412803952e-02,8.732199155343986496e-02,8.791323023301082784e-02,8.880437838348284596e-02
8.765886075872524053e-02,8.587831053834035777e-02,8.696966243900536297e-02,8.632415937691868824e-02,8.711462102930249418e-02,8.705850796021628868e-02,8.656556389448498423e-02,8.710258458627720413e-02,8.678005694728260777e-02,8.730802182019645197e-02,8.746707386248969707e-02,8.771083196594503528e-02,8.692426647596857014e-02,8.692570082840646306e-02,8.703267367285047462e-02,8.659020417468936415e-02,8.707604488519206376e-02,8.718889912902387518e-02,8.693987315463602705e-02,8.685489708452244495e-02,8.728652015605135872e-02,8.695616449854166874e-02,8.766500809125961358e-02,8.786585186188787533e-02,8.781363383761009445e-02,8.669437234852346574e-02,8.724599383738916580e-02,8.780453031446337764e-02,8.675082590414871786e-02,8.732379677184587408e-02,8.687195778336224972e-02,8.685332451463001480e-02,8.714770038165237098e-02,8.722030458494724192e-02,8.764484044793269257e-02,8.674788737163130481e-02,8.670032514843953320e-02,8.777232136287685393e-02,8.832159130262859370e-02,8.703449120074407963e-02,8.728500493793787951e-02,8.767101193116128011e-02,8.753123255798624103e-02,8.724818890271560101e-02,8.764117407427143847e-02,8.715993771789121158e-02,8.765895869930973028e-02,8.850871264318137255e-02,8.656231283816231969e-02,8.807129442784805695e-02
8.659625533818510190e-02,8.656770911712774463e-02,8.573305136675223037e-02,8.741653973785373788e-02,8.648939325177520954e-02,8.660659964364765540e-02,8.556255050408706486e-02,8.562735983398971074e-02,8.627482131478936278e-02,8.580683953143887488e-02,8.726933981718716649e-02,8.638151230470915432e-02,8.632833924342803167e-02,8.653247994848922708e-02,8.667926020576076362e-02,8.570507516860635666e-02,8.582466663626550640e-02,8.569097155641147712e-02,8.591393481045903058e-02,8.588393502570217108e-02,8.611213484661869866e-02,8.558818770638883244e-02,8.620500715177738249e-02,8.597098762737219457e-02,8.485498337935142021e-02,8.615493676197899520e-02,8.639694948832891963e-02,8.547981712762860174e-02,8.603083288832384656e-02,8.760643123402586663e-02,8.598338151118718742e-02,8.603339067330874335e-02,8.577298540162281437e-02,8.594465075619144023e-02,8.648040582211746763e-02,8.716425615133525928e-02,8.711423844671736805e-02,8.611170505109087825e-02,8.601318048991704601e-02,8.634202093128962030e-02,8.665464707854990400e-02,8.539988401871465018e-02,8.618492383193120110e-02,8.637547503875997457e-02,8.563202661203409005e-02,8.622027715911520507e-02,8.546669982986371261e-02,8.583442166846222410e-02,8.568723969679852004e-02,8.663308163211555502e-02
8.550711042352253377e-02,8.508301327632816768e-02,8.482613236056772699e-02,8.575156516491458381e-02,8.481173557396520790e-02,8.508320510913225387e-02,8.503978458420285991e-02,8.592217099148798110e-02,8.480355879375370276e-02,8.526132705215343222e-02,8.656597484803205123e-02,8.530725052465010227e-02,8.532864433845034624e-02,8.476130924282475332e-02,8.508735108783374579e-02,8.529929049410645003e-02,8.419333672425041715e-02,8.537218597065406034e-02,8.508861694199183756e-02,8.528342896386521821e-02,8.496955541791399724e-02,8.548974375907514300e-02,8.603277700824862873e-02,8.601866754777674762e-02,8.528170209288460368e-02,8.537749051699063119e-02,8.403631884866356871e-02,8.482725155825235341e-02,8.513640661636319440e-02,8.477885081588852623e-02,8.570180566549477630e-02,8.542456515705623699e-02,8.573190734885535735e-02,8.483138152967931167e-02,8.548852818594124270e-02,8.471956523513521353e-02,8.534377971009876607e-02,8.519897606083089159e-02,8.591952083453158195e-02,8.518128667943301868e-02,8.608798652004331919e-02,8.451041744216651608e-02,8.540816096981289351e-02,8.471748969302178578e-02,8.507949781418176760e-02,8.578787064183923672e-02,8.560281742009911987e-02,8.540856849600315936e-02,8.568404751272709619e-02,8.531153605781413574e-02
8.496307514452115794e-02,8.466509949170067384e-02,8.351421211674432687e-02,8.429257436723838759e-02,8.456219012109464361e-02,8.400757335075065280e-02,8.371485797315740551e-02,8.461993876329125530e-02,8.464476438484191956e-02,8.437762981595058054e-02,8.337264533070455619e-02,8.322496786873981311e-02,8.379863922189094427e-02,8.480545775168253642e-02,8.492194721776628874e-02,8.485106273037500146e-02,8.455477120144475056e-02,8.465533415844217480e-02,8.353516446877903845e-02,8.391821084320925939e-02,8.395617304033241302e-02,8.400425039446834941e-02,8.363919455309182238e-02,8.489321359607444883e-02,8.378693778829153505e-02,8.517249019884477745e-02,8.507334431334877267e-02,8.421180034989282637e-02,8.356281136916843266e-02,8.490822485450366663e-02,8.442651476093293583e-02,8.355700580290172097e-02,8.377627152543705435e-02,8.379561716429044516e-02,8.422568513020611825e-02,8.544597821676108707e-02,8.486957178387012635e-02,8.502455992757362857e-02,8.439211135625014626e-02,8.397261357502149026e-02,8.387068975031519713e-02,8.381931236228398752e-02,8.297716645548289249e-02,8.416782611983367191e-02,8.460601892281162384e-02,8.541624500870453884e-02,8.522057088795657875e-02,8.489516134945593318e-02,8.503902571011509592e-02,8.432783850210494314e-02
8.247033279096455116e-02,8.311080182712088371e-02,8.175234028453202961e-02,8.294394692132815716e-02,8.326823832582862239e-02,8.316828601908601848e-02,8.383748347042645210e-02,8.275187522143291619e-02,8.294392848986510691e-02,8.323657154070346342e-02,8.342600354535990859e-02,8.343339187630405274e-02,8.353437287388279509e-02,8.276051426127076227e-02,8.287475800956797811e-02,8.181480407802710353e-02,8.336811372374677842e-02,8.320835283300503926e-02,8.375064746527134674e-02,8.143244107008773547e-02,8.255610518933947928e-02,8.304635467610706201e-02,8.404444967947227729e-02,8.359724309129080988e-02,8.273552897845294629e-02,8.360376683273458565e-02,8.273756039202402601e-02,8.315106386303620922e-02,8.288871764938413045e-02,8.242989090511432249e-02,8.321561874961198868e-02,8.375796044777798766e-02,8.190524175192290257e-02,8.316816478432133286e-02,8.288974473419769007e-02,8.374229396809865222e-02,8.239044792520132388e-02,8.151180909921408591e-02,8.340753429818151266e-02,8.300145583039693353e-02,8.249514082435149831e-02,8.348272947573177893e-02,8.318976724626687969e-02,8.316038077972780218e-02,8.248588856226975186e-02,8.296727247556381912e-02,8.331845555554373561e-02,8.299048704139970478e-02,8.317444163077486463e-02,8.341840234657613151e-02
8.252203789102253995e-02,8.272638992995362539e-02,8.136716659820694697e-02,8.107730072611697703e-02,8.208089931670692341e-02,8.180368362268666815e-02,8.170984980064685543e-02,8.197669669267315662e-02,8.184368982474572729e-02,8.201077184555298494e-02,8.141420513836543360e-02,8.139861119487142027e-02,8.189684749908052175e-02,8.107114674087161077e-02,8.162961249500845506e-02,8.105135308641263359e-02,8.236311658288082704e-02,8.196764339319478898e-02,8.216445516177166286e-02,8.193835532198209815e-02,8.144819971126737723e-02,8.240882257706816372e-02,8.145648419973254561e-02,8.189496360578686629e-02,8.070190010447669815e-02,8.215811325836774870e-02,8.176686433100911755e-02,8.215994929034751981e-02,8.210639887916817981e-02,8.113738736032376220e-02,8.210490463521145921e-02,8.271350284013608001e-02,8.227712539512586909e-02,8.188177268118400354e-02,8.064927744592892411e-02,8.088079666908794263e-02,8.260059160847792181e-02,8.178128228832855229e-02,8.200382305969293462e-02,8.084074610799023286e-02,8.133378448052802634e-02,8.317390371191453469e-02,8.155681325223104738e-02,8.188599693252748835e-02,8.260023484968816165e-02,8.158845072731156500e-02,8.120405239592740076e-02,8.213614262607009386e-02,8.114063044572951411e-02,8.245841548580594427e-02
8.088451475559575721e-02,8.107892094655824722e-02,8.135599791992348395e-02,7.985231775954226840e-02,8.144754071151238950e-02,7.996311548869397545e-02,8.053703185942404086e-02,7.932221190895680230e-02,8.053029767600719535e-02,8.031770157342550676e-02,8.112711820915098626e-02,8.232139778341693304e-02,8.231009330447283667e-02,8.107993350846856573e-02,8.038210913831812798e-02,8.105022508390988256e-02,8.008930892819475511e-02,7.997741310630390732e-02,7.971076007106903116e-02,8.060754440847192615e-02,8.072707958180494470e-02,8.028472148919803264e-02,8.092114811015327369e-02,8.282989022912549959e-02,8.164675157818479523e-02,8.190149402129176526e-02,7.965552438645524813e-02,8.170638896558836406e-02,8.074734315958913278e-02,8.003911720466760915e-02,8.060966700921186334e-02,8.042814511983671644e-02,8.045397105671640847e-02,8.114454529369542757e-02,8.041471060389528136e-02,8.024298391296261213e-02,8.001003256395644581e-02,8.065468336504713620e-02,8.087445225555360551e-02,8.107057278859788885e-02,8.113810512613636727e-02,8.023688987022802033e-02,8.010585239881713726e-02,8.037732933101671140e-02,8.059421184922818671e-02,8.120476616848278095e-02,8.073004062632714584e-02,8.036541438135101634e-02,8.198636708290435449e-02,8.083538369513060262e-02
7.895114578136995520e-02,7.895468585243525794e-02,8.023892288294379171e-02,8.040303880650816193e-02,8.020582723307090323e-02,7.998787948298070882e-02,7.925228727792082983e-02,7.901284727364642213e-02,7.973431881572357049e-02,7.936801683271069163e-02,7.942743761621653964e-02,7.876235072598708475e-02,7.997219195787728940e-02,7.927037228887925946e-02,7.906662548244294819e-02,7.881118349165787407e-02,7.896629681899486330e-02,7.888441262191853154e-02,7.914813747303295344e-02,7.990768312122271955e-02,7.992249427801501049e-02,7.864552487055202767e-02,7.933914077765413797e-02,7.942082228745044048e-02,7.978778579450485076e-02,7.900633585477014054e-02,7.804660244811925662e-02,8.006838825722006892e-02,7.879552631816767738e-02,7.961739674431364544e-02,7.816952726330304857e-02,7.948116965519429200e-02,7.877668072048008008e-02,7.815049277140599659e-02,7.910403838091137341e-02,7.938419132719251592e-02,7.899957143519974190e-02,7.954575157608813341e-02,8.074034674203994788e-02,8.003908101599037372e-02,7.917728786083023940e-02,7.944475269268920503e-02,7.960360458407844675e-02,7.925611834319810922e-02,7.956367059235010253e-02,7.992336718311551791e-02,8.026560881331008812e-02,7.952515594680410749e-02,7.857703780064347054e-02,8.008135271671891486e-02
7.772733255457420221e-02,7.871959957179490430e-02,7.803722232901168232e-02,7.881063332442420077e-02,7.827636771209836586e-02,7.757421338806894107e-02,7.786489730805558340e-02,7.816687452292880867e-02,7.798712422857373427e-02,7.802365484137468998e-02,7.752706527271475967e-02,7.799917415638854545e-02,7.900946611898085337e-02,7.766328179689220568e-02,7.826269330580254424e-02,7.826453116772144614e-02,7.822884085620183947e-02,7.817933816603189756e-02,7.957858431046049841e-02,7.795019374545554547e-02,7.885171869818682899e-02,7.847183647725008981e-02,7.845869512673460389e-02,7.746212100046498406e-02,7.972070071940125235e-02,7.727979330640555311e-02,7.853684916495420887e-02,7.783519205797150009e-02,7.850591974079387803e-02,7.811602327949331015e-02,7.872718773449963181e-02,7.812318592937031458e-02,7.894429003471675754e-02,7.810149234045017652e-02,7.883520187164692883e-02,7.761348620424327049e-02,7.785606419981881687e-02,7.878625202410402539e-02,7.820805862122309771e-02,7.795716489503512481e-02,7.758226799011548602e-02,7.659148743805153925e-02,7.792556601413105910e-02,7.838102575879901668e-02,7.816339473093299184e-02,7.764844184911050273e-02,7.824799325657633142e-02,7.812679971563352144e-02,7.787192754973627784e-02,7.835048230406972680e-02
7.650364760002120734e-02,7.637614859172973947e-02,7.678240058408107582e-02,7.704914656197865697e-02,7.648211271594106131e-02,7.843226902604799600e-02,7.666741053931230843e-02,7.805138893435348280e-02,7.673856450414605346e-02,7.758446357775650171e-02,7.692035097115813846e-02,7.732618375739569450e-02,7.737881044359463945e-02,7.639801055594304391e-02,7.714577283399255692e-02,7.694189454905127346e-02,7.704439359306031188e-02,7.632139951954829138e-02,7.778181619592734741e-02,7.722777334948947858e-02,7.728521410785398060e-02,7.677175079416333203e-02,7.659971969722811913e-02,7.653676624947203244e-02,7.760475312208670040e-02,7.737726418535771644e-02,7.687180384131050981e-02,7.680624889214707207e-02,7.657431808714774968e-02,7.623898962662487011e-02,7.674313898878691587e-02,7.698117657196404395e-02,7.651175868084349185e-02,7.695286508766878419e-02,7.665741925934578538e-02,7.770242689180266449e-02,7.673539781355344369e-02,7.728483513919219561e-02,7.747367421536022203e-02,7.732523130484814100e-02,7.647396892394150991e-02,7.645569480392723494e-02,7.587968233882373681e-02,7.652643464029129650e-02,7.776606288812321077e-02,7.607656438543594635e-02,7.650825880888377506e-02,7.735922545978399234e-02,7.717296225207898042e-02,7.810294696720915253e-02
7.519981233094018280e-02,7.588082734302140087e-02,7.484217884463324755e-02,7.594945716538119285e-02,7.570637740070015886e-02,7.538580486551132998e-02,7.504567661456115757e-02,7.516392145541468672e-02,7.499814619735237220e-02,7.458287467010212002e-02,7.522689282850048009e-02,7.516364695128184559e-02,7.624119731809009259e-02,7.585658387320487472e-02,7.500965233180863223e-02,7.544876737425421087e-02,7.518502270222274242e-02,7.625864056914230527e-02,7.588675726912794128e-02,7.633994291387681541e-02,7.556600816074293681e-02,7.618901286046120269e-02,7.601373212982678873e-02,7.569625198294571700e-02,7.578349710125666105e-02,7.472245598490792617e-02,7.533122074661698087e-02,7.521873533685459468e-02,7.542191464520037192e-02,7.453982474816556181e-02,7.577284385045543469e-02,7.592012779819688750e-02,7.493704386046576293e-02,7.526566726339904700e-02,7.545265535165870951e-02,7.506088032352763173e-02,7.460653587150579968e-02,7.575363864189361973e-02,7.579302692432050848e-02,7.502907035686948167e-02,7.620661392297072012e-02,7.581544520282794408e-02,7.577887123832126315e-02,7.557972423870606971e-02,7.589200226550364692e-02,7.610333150456552453e-02,7.566826004509347170e-02,7.562754457595997903e-02,7.545717551809227874e-02,7.656858095609594961e-02
7.409676272498544325e-02,7.306043106504549189e-02,7.374855919505987623e-02,7.320680223929516839e-02,7.279276864769088085e-02,7.374786102250531494e-02,7.349071810750379408e-02,7.358091690000136131e-02,7.484513888855226504e-02,7.354981913779258529e-02,7.338851910991540939e-02,7.400297749136942882e-02,7.360554178693116956e-02,7.411839610152202995e-02,7.461450855217260925e-02,7.397580913055383511e-02,7.401547347502616947e-02,7.358911570442877581e-02,7.466369181256830856e-02,7.344942102013629626e-02,7.353498213097704739e-02,7.381898883295080760e-02,7.401107802328389662e-02,7.332835425671112295e-02,7.430034304581430160e-02,7.457782042284449853e-02,7.382824712210073193e-02,7.333550949632920701e-02,7.396939912185371280e-02,7.472261631719752384e-02,7.295731096181864994e-02,7.323001470447877692e-02,7.340802410824048829e-02,7.489347802446660873e-02,7.437196410579512140e-02,7.372352685475884460e-02,7.367358225689278617e-02,7.399963082657610991e-02,7.284300881607874700e-02,7.355856156467045770e-02,7.483064402328903908e-02,7.291770379282885850e-02,7.400448026651565425e-02,7.389747983363462169e-02,7.481520962887915072e-02,7.430720162331447276e-02,7.478552493091474018e-02,7.413186677951251469e-02,7.383789910520925648e-02,7.336746621322610962e-02
7.343910371186075647e-02,7.172141604885430566e-02,7.286392839064949334e-02,7.180149490551940294e-02,7.263352600742405130e-02,7.368965079595313217e-02,7.317984639000403579e-02,7.278059106589486460e-02,7.279136351160993279e-02,7.288978047058056187e-02,7.180849462063056132e-02,7.256354591553504374e-02,7.361553808972341739e-02,7.330064873918562540e-02,7.204437107038852428e-02,7.114455939231709158e-02,7.171649026474402611e-02,7.233173667903683435e-02,7.172618171121161734e-02,7.200006912796147462e-02,7.269348281951888702e-02,7.245033742802321763e-02,7.348605925707800413e-02,7.186816469127753348e-02,7.187145769269114026e-02,7.256156872188039564e-02,7.271279623596976771e-02,7.312166781578287311e-02,7.199562626553138167e-02,7.298426690800921546e-02,7.252255179600640422e-02,7.195562395211724249e-02,7.304243205555041585e-02,7.370570638460927082e-02,7.191498526650742795e-02,7.174895731790846554e-02,7.252964547916547489e-02,7.276472992202072387e-02,7.237357480550203614e-02,7.271832385554428957e-02,7.277036628217437020e-02,7.324502791085694964e-02,7.234899511291274787e-02,7.217969644537107488e-02,7.224828962907375862e-02,7.243765955841649506e-02,7.228231495076205271e-02,7.175790256509677334e-02,7.200296510936460281e-02,7.298291089296052303e-02
7.164812294900764489e-02,7.010451939522446829e-02,7.138919363784593242e-02,7.093966173908175521e-02,7.107191157995826347e-02,7.133918615131598640e-02,7.107448753969319855e-02,7.115580924070566415e-02,7.078630424588937264e-02,6.943194260683641095e-02,7.100022579475845363e-02,7.185813111185170021e-02,7.076324892516767939e-02,7.120091271317909032e-02,7.023972115097243396e-02,7.109354408463186559e-02,7.071937461651374435e-02,7.037114048103701447e-02,6.987819347561548267e-02,7.002476767172936822e-02,7.125106231954554670e-02,7.138352105246109636e-02,7.053524034619845784e-02,7.016166204954021879e-02,7.185151195921865575e-02,7.146560695914204453e-02,7.129716314498754648e-02,7.126605445502595670e-02,7.066050138270472958e-02,7.173462525283363922e-02,7.210701950983275377e-02,7.211543575641542192e-02,7.132871714774700889e-02,7.091071554244010589e-02,7.008147792234964424e-02,7.160227105727562380e-02,7.143679165541361176e-02,7.148239403907556688e-02,6.998062027835719179e-02,7.129543266815466240e-02,7.146765981891031738e-02,7.125442810637969138e-02,7.152643068670307136e-02,7.093179329805635036e-02,7.133713926493603918e-02,7.197295514673138217e-02,7.099819027480652744e-02,7.055554119311745198e-02,7.029017468670176183e-02,7.110490836502342260e-02
6.960770785084087475e-02,6.936379036656677155e-02,6.887138606330386881e-02,7.015330225558742694e-02,6.898071122899945840e-02,6.914593230078226738e-02,6.908466427797604892e-02,6.903552830384841743e-02,6.981766814826367851e-02,7.000518422985446687e-02,6.956622087328868942e-02,7.107580610863023507e-02,6.885647551731544080e-02,6.947086174420465110e-02,6.960037108299108044e-02,6.908633349495013620e-02,6.793248748515191837e-02,6.930364908770572652e-02,6.883275712513679812e-02,6.975376114625883583e-02,6.859808290097132999e-02,7.063899150600180810e-02,7.071129171813315961e-02,6.902576423567886865e-02,6.968694379118869908e-02,6.926800244130769391e-02,7.035241459406225972e-02,6.899147136142473602e-02,6.954765073130106390e-02,7.002228774056637461e-02,6.864102117752982068e-02,6.946941129398130632e-02,6.853618643909120678e-02,7.018870219193044935e-02,7.017558540173408910e-02,6.926368046917637245e-02,6.900892231868709092e-02,6.961341275061951051e-02,6.955041125979792571e-02,6.967061288426645849e-02,6.789391556593139809e-02,6.931756819368553590e-02,6.952421591889185182e-02,6.898704791692165939e-02,6.866605316783105928e-02,6.892195557087521518e-02,6.891577485615621446e-02,6.988476987175805399e-02,6.943166563405811509e-02,6.961300140994781949e-02
6.818714270922249243e-02,6.750808040860728498e-02,6.807099753080478322e-02,6.704796804383006403e-02,6.660189788358067409e-02,6.711325037265877813e-02,6.747228692430913555e-02,6.774199508088958599e-02,6.753803165291534516e-02,6.810724131027284800e-02,6.793637501009622270e-02,6.713092421045421809e-02,6.745739227683344996e-02,6.833098307634356827e-02,6.778202612050696074e-02,6.753566507583683154e-02,6.804290813987370901e-02,6.824279788637274691e-02,6.747270606098161594e-02,6.735770045414191110e-02,6.868650470046760992e-02,6.818579196930510400e-02,6.672084785231066628e-02,6.780732173846884536e-02,6.759085621165805691e-02,6.754729567037667803e-02,6.817208835691404567e-02,6.790234644081549753e-02,6.715244187826985289e-02,6.817825202747052060e-02,6.806953077973529331e-02,6.793048483527364123e-02,6.788821688084260841e-02,6.745775538725208575e-02,6.728325505239074467e-02,6.682771120312704094e-02,6.803489538479334797e-02,6.769061163701313444e-02,6.863436932007527247e-02,6.756229755670012382e-02,6.720304192361689632e-02,6.682806724967041423e-02,6.735786479119146297e-02,6.697599360548883718e-02,6.723463554589892421e-02,6.753936976269149517e-02,6.730791496193379297e-02,6.758086424186578178e-02,6.686727819827102681e-02,6.909790817336119995e-02
6.635090834331415499e-02,6.530159717527371510e-02,6.617353751103276227e-02,6.589790637773507154e-02,6.548824294399858970e-02,6.679135244466995192e-02,6.479453397355146305e-02,6.669925720207406372e-02,6.500320081759906887e-02,6.624955730796686093e-02,6.677479813930915775e-02,6.521044532822535544e-02,6.566890643991059318e-02,6.547508568851964639e-02,6.604423655569642559e-02,6.610834978917876081e-02,6.513078070418006071e-02,6.620635646551226161e-02,6.595749186935055686e-02,6.641005439438699143e-02,6.717302448135017978e-02,6.560891160127406418e-02,6.553438194403088390e-02,6.673989473200807321e-02,6.588320942941773561e-02,6.604652957209490582e-02,6.630634584746081250e-02,6.603393090703983670e-02,6.564730698543524978e-02,6.650160213319908364e-02,6.559998052025257931e-02,6.511352293975553041e-02,6.576595452534650388e-02,6.656405625258496328e-02,6.607241659829445057e-02,6.634358963889809557e-02,6.587977833787146686e-02,6.714037681738481422e-02,6.593774330699257724e-02,6.614337906365128084e-02,6.606994243132151279e-02,6.567403412671131424e-02,6.593363198790846980e-02,6.736350853765298019e-02,6.633715225617091427e-02,6.570636114302581821e-02,6.637991502078964545e-02,6.565719221956228813e-02,6.630141515731320656e-02,6.525036401103978534e-02
6.346146369175326152e-02,6.291628813462619985e-02,6.401238858238392226e-02,6.375063692576278529e-02,6.491897366024748650e-02,6.464795149230374849e-02,6.438115967554650099e-02,6.527346630909773573e-02,6.441313432144279982e-02,6.464784423650317413e-02,6.393391845202080204e-02,6.352905526871360786e-02,6.436466704222253143e-02,6.454847292688145610e-02,6.337717023585708043e-02,6.394126248715287231e-02,6.388981695928794280e-02,6.446746836747548060e-02,6.421718714354852919e-02,6.404462529605156607e-02,6.479494479836271636e-02,6.355354781801325625e-02,6.366352841219349856e-02,6.411001520362810679e-02,6.286466078678151770e-02,6.458786614740333332e-02,6.451888062912769506e-02,6.402760184195981086e-02,6.372501340398643854e-02,6.500398420941423672e-02,6.529537611466325331e-02,6.399538541648870649e-02,6.391066561570167559e-02,6.520373594933509542e-02,6.462833842646804883e-02,6.484271491210107097e-02,6.435767764693781090e-02,6.390070014114546115e-02,6.378425393433796720e-02,6.401985520632740012e-02,6.416322329581421180e-02,6.445964315648851362e-02,6.410604987552244449e-02,6.419418045917828219e-02,6.418797057503559944e-02,6.400004622944754917e-02,6.381748580756962941e-02,6.404406937996921789e-02,6.389974574420434483e-02,6.407536520822743054e-02
6.370215789514986626e-02,6.230870961519619639e-02,6.164025645320411056e-02,6.184193527821581216e-02,6.297669747082551561e-02,6.215334394523364114e-02,6.249309241122377734e-02,6.133374788596703681e-02,6.277920274395802636e-02,6.357294277403065241e-02,6.248030889417935385e-02,6.316329125559869140e-02,6.236770088180458582e-02,6.319301990553584381e-02,6.338299201599313648e-02,6.210316834717190260e-02,6.241723152907425326e-02,6.250668870404166300e-02,6.233569612092550172e-02,6.236784240045564753e-02,6.307081031639559521e-02,6.245451362973559323e-02,6.199060299009659381e-02,6.286170862873638465e-02,6.205878517697369090e-02,6.266826859252090653e-02,6.217717399396757022e-02,6.234591353901494659e-02,6.125109047761993775e-02,6.254587565998803722e-02,6.232679370226092141e-02,6.173252210752933067e-02,6.234078248084824053e-02,6.264065756668976692e-02,6.239966439725116998e-02,6.303388598164627599e-02,6.274104847546567443e-02,6.286887532125935707e-02,6.207354935257947820e-02,6.254541417163338168e-02,6.246805065495348447e-02,6.213238981732478045e-02,6.165985657531254660e-02,6.176867586724023307e-02,6.184834740909764955e-02,6.173084786561959525e-02,6.326254213898546697e-02,6.299582301095248138e-02,6.263969982919644075e-02,6.230714619945887378e-02
6.075318927746649333e-02,6.034854507654156819e-02,5.999033794342557152e-02,5.990570276153939222e-02,5.933112566998048620e-02,6.083663236971111749e-02,6.103347110641608314e-02,6.154845583869256176e-02,6.046510095918351119e-02,6.138898493121304478e-02,5.973729065254132498e-02,6.057979015670836992e-02,6.063374086066534996e-02,6.112635896140735520e-02,6.100504879138448494e-02,6.099560299267584723e-02,6.065530118219152750e-02,6.088629658606617423e-02,6.062672239032926291e-02,6.152588338558081377e-02,6.057443397142927427e-02,6.021553967941004754e-02,6.075225189853422636e-02,6.088794829221180066e-02,6.122405482255618980e-02,6.079029301480227271e-02,6.105473683319909833e-02,5.996253604993616315e-02,6.068781970450469465e-02,5.994479195776958314e-02,6.052624746067703648e-02,6.142576800761230527e-02,6.042674496807281387e-02,6.078256831793595050e-02,6.087425763400160228e-02,6.108917509406099761e-02,6.063868298912677285e-02,6.059934287397235331e-02,5.984449357683616078e-02,6.010588075773815736e-02,6.066448750271595525e-02,6.061409476954025127e-02,6.121143281771479483e-02,6.084790004783525996e-02,6.059684802748156740e-02,6.118066840224625769e-02,6.026696351958602677e-02,6.003672044948506897e-02,6.128610548177275408e-02,6.025242912170054171e-02
5.841873499159898342e-02,5.922014566583610334e-02,5.873882130511832306e-02,5.866999069495724972e-02,5.891808438228018224e-02,5.908563017642962795e-02,5.912124419521926771e-02,5.843972253040346371e-02,5.939099523067819381e-02,5.862329098098204710e-02,5.798839242003500649e-02,5.788297817427622699e-02,5.849707281463976949e-02,5.892220849928034299e-02,5.745492897547287842e-02,5.950121901496933235e-02,5.847937610481977744e-02,5.906270329187578161e-02,5.895529805881797453e-02,5.871639921948744456e-02,5.872656179582556868e-02,5.986240129259369491e-02,5.864830918564882534e-02,5.803248718275751117e-02,5.839076986569390060e-02,5.868728581659189009e-02,5.819083934790206247e-02,5.970489112234424883e-02,5.819332255942482462e-02,5.939248393415980098e-02,5.810181383262427030e-02,5.950662379548030123e-02,5.793518362965647400e-02,5.919277947276421759e-02,5.908585744727491706e-02,5.855769672870034248e-02,5.800568708399421458e-02,5.880323715280630359e-02,5.939904491923381213e-02,5.748683633267864107e-02,5.943275456553308994e-02,5.861961369414658840e-02,5.909001924752101120e-02,5.942903827772019060e-02,5.957828220908378131e-02,5.867602354220016053e-02,5.920883616867198690e-02,5.876630211468418519e-02,5.946297820327368228e-02,5.812876889217417214e-02
5.667319379333299323e-02,5.630800145775188142e-02,5.641104849430017554e-02,5.622922201441352824e-02,5.661861082576041815e-02,5.682118319354671071e-02,5.678859811740608055e-02,5.759420103443827627e-02,5.686326522720278748e-02,5.749969318726127349e-02,5.618385008099962413e-02,5.695777578080078035e-02,5.787427226630334487e-02,5.601944109361930296e-02,5.695114647154258386e-02,5.590857701622911624e-02,5.669057537372342026e-02,5.659423239611496154e-02,5.570681073316251924e-02,5.692386599357578125e-02,5.647538966177090280e-02,5.668407080061637487e-02,5.635141082174264376e-02,5.762644493959934860e-02,5.709333957938390186e-02,5.714157147368852108e-02,5.572000792969715455e-02,5.698846365305448858e-02,5.707066850655937579e-02,5.564193307035347064e-02,5.557617226079847317e-02,5.677399936920169560e-02,5.696169882862028855e-02,5.771311547354835564e-02,5.644078028318438855e-02,5.753570752503479185e-02,5.635075089655427333e-02,5.655455342110045358e-02,5.668144013910258322e-02,5.675673612547732505e-02,5.769525869399694945e-02,5.715327553332532479e-02,5.726403971558770983e-02,5.574719638132414473e-02,5.670065681730431656e-02,5.677795845535496544e-02,5.636444679653337952e-02,5.593557264681797009e-02,5.715381420848691940e-02,5.629426517059477053e-02
5.433731741744184107e-02,5.504311568831329882e-02,5.513612764643927716e-02,5.419260075645006280e-02,5.436903612472324121e-02,5.465587593554346868e-02,5.386585423862518679e-02,5.529213506951659307e-02,5.530883889824842609e-02,5.459627432185743673e-02,5.424183648836401750e-02,5.443386715142531362e-02,5.344857262888122462e-02,5.517653523457021619e-02,5.565566460952583311e-02,5.533383641129273334e-02,5.407026244991195579e-02,5.486050666942417914e-02,5.341801464101825214e-02,5.543505647169096051e-02,5.414254620135956070e-02,5.484146787537103052e-02,5.476153694649093379e-02,5.456944735824070108e-02,5.484417132772422682e-02,5.446514639313462802e-02,5.470082986595192071e-02,5.421341809538189616e-02,5.413051628566823564e-02,5.484100342343197626e-02,5.543738135314526388e-02,5.405933823747439970e-02,5.494485327130779057e-02,5.440860886783646655e-02,5.408552893350254687e-02,5.444836175027276820e-02,5.569488488446566049e-02,5.443334035132867121e-02,5.423818384981429069e-02,5.374312478738686727e-02,5.422917832130218219e-02,5.544838163784726603e-02,5.539581290441265848e-02,5.461893545004610495e-02,5.544294391646192866e-02,5.432971534267125313e-02,5.524533516172361325e-02,5.481847524815804118e-02,5.501605499148750494e-02,5.605190659863142078e-02
5.296174469161431947e-02,5.303273348939745863e-02,5.299323682379825096e-02,5.287080723033457663e-02,5.310315779094024191e-02,5.298873606698299710e-02,5.314170238023468301e-02,5.212869916870853382e-02,5.296930158071690847e-02,5.301392984441870987e-02,5.293085066435510022e-02,5.283721781164216202e-02,5.228818356747667873e-02,5.305075633325162521e-02,5.229617585012274333e-02,5.324732287351623822e-02,5.248198264918889355e-02,5.217091500801569748e-02,5.148389626529393387e-02,5.397209486422082508e-02,5.282877691518775287e-02,5.194798972913430846e-02,5.273494568653241260e-02,5.155914367016406485e-02,5.158352978539107458e-02,5.326280600655224767e-02,5.167540920669906612e-02,5.168764181675726543e-02,5.244814330580910983e-02,5.278344764879881051e-02,5.144018653875891828e-02,5.300701267937295985e-02,5.192079931913878149e-02,5.164828534367897628e-02,5.305824538766781145e-02,5.129748999104139645e-02,5.276590664473040232e-02,5.389358594408465847e-02,5.223791924775211121e-02,5.312799281536763341e-02,5.258229836763936293e-02,5.349161195889085008e-02,5.252637344576598089e-02,5.232784070581391472e-02,5.333001151120612959e-02,5.447338663056101871e-02,5.308472644784277550e-02,5.374783498645706314e-02,5.216264189199337764e-02,5.338893731477749316e-02
5.065018938041487145e-02,5.085751117950272626e-02,5.035917157978973130e-02,5.085946654653709931e-02,5.106394125689397295e-02,4.998497028409650683e-02,5.009259535441491773e-02,5.091297885902917875e-02,5.052956148516853790e-02,5.025910853506315723e-02,5.042776269431110958e-02,4.974713071525246888e-02,5.119626294870201905e-02,5.016381764354493900e-02,4.964762150303726751e-02,5.035909720736950895e-02,5.086980217680040633e-02,4.966729350034250479e-02,5.097016800807185888e-02,5.060987190635562322e-02,5.033617980002889208e-02,5.028114555858402557e-02,5.019485287801587342e-02,5.051225660810514800e-02,5.079605392003754688e-02,5.079204526668432140e-02,5.058251635012665781e-02,5.016914981997513262e-02,5.038889428269757720e-02,5.030624465398115391e-02,5.082903992898755302e-02,4.945812692125718668e-02,5.079769586136086840e-02,4.987464718617919818e-02,5.065362006156427094e-02,5.107133015231497125e-02,5.036017452352635482e-02,5.159381756574772659e-02,5.138739533850278374e-02,5.054631514140214832e-02,5.094978049739663090e-02,5.131600400612499474e-02,5.115107392581754592e-02,5.006020693569594032e-02,5.049138956961446434e-02,5.142585416549869809e-02,5.072595766755179370e-02,5.093143218964499286e-02,5.055953038019538742e-02,5.098397169867731338e-02
4.801220276215462102e-02,4.802825768329593153e-02,4.864079664423996002e-02,4.917340707503045638e-02,4.848621365828474639e-02,4.813735137672977421e-02,4.798454756589834447e-02,4.865413634537475024e-02,4.802604659279301191e-02,4.860818377060941581e-02,4.736729802689143565e-02,4.808149666867098798e-02,4.927279928166299755e-02,4.793086571268550394e-02,4.855600181488375217e-02,4.816242584361011408e-02,4.860897997759091455e-02,4.732550060197796005e-02,4.890402288862141095e-02,4.767189920206506282e-02,4.802060244353531515e-02,4.790826827546947053e-02,4.819737872659025923e-02,4.825355519040055996e-02,4.821525713904207394e-02,4.870154983758859246e-02,4.817800436880334547e-02,4.849558908155859882e-02,4.876403337231034751e-02,4.936933691833396420e-02,4.907911686434116710e-02,4.797267789764556728e-02,4.775441251730859482e-02,4.816648224929009209e-02,4.819929318333935481e-02,4.850214758510242724e-02,4.843464005029355507e-02,4.803509605030934632e-02,4.951671588138237962e-02,4.829981236021103214e-02,4.920028238804544790e-02,4.879179058440160505e-02,4.938761522810641846e-02,4.801319909157220067e-02,4.922230863287203884e-02,4.803405817383404885e-02,4.878478071396095267e-02,4.861269637003721306e-02,4.785765578300139877e-02,4.874134955974682160e-02
4.536148733892977208e-02,4.526484129986339117e-02,4.672991152670988996e-02,4.604896217501302375e-02,4.575207730501940767e-02,4.648219195824498939e-02,4.582190557811565562e-02,4.747495281363271064e-02,4.562222281692539932e-02,4.591508711972244750e-02,4.641339584115873607e-02,4.605817151306394047e-02,4.604529422400345517e-02,4.618238739335690096e-02,4.623216360277569714e-02,4.699035433505525938e-02,4.562624882534627863e-02,4.576857547138931531e-02,4.684917558269584281e-02,4.573549584690061315e-02,4.692921555698095770e-02,4.576509290933285928e-02,4.554051389607970818e-02,4.676899140940860011e-02,4.576587370725786197e-02,4.721873847675558261e-02,4.610996689626473827e-02,4.626186520189740775e-02,4.730359401246997386e-02,4.750039020460289363e-02,4.552305260925511299e-02,4.407634191001640750e-02,4.590694360342368469e-02,4.561948377515986225e-02,4.640985613219387323e-02,4.511226668250134519e-02,4.719139392166993296e-02,4.611242702149780798e-02,4.621320835714426423e-02,4.617098186312231650e-02,4.603049902122956921e-02,4.641345157825602780e-02,4.519669407425696422e-02,4.622068759673290256e-02,4.562889488690741180e-02,4.695148706021309848e-02,4.644078993169002689e-02,4.508609557455193345e-02,4.584114776352858633e-02,4.588980066121842866e-02
4.355515177484264172e-02,4.514563324270306349e-02,4.356647498904915594e-02,4.322064651736570728e-02,4.426679474275960896e-02,4.388655976255529528e-02,4.345808941633328565e-02,4.306173484163518944e-02,4.426288485887738822e-02,4.341338373705836556e-02,4.454301819984319427e-02,4.416664648215518768e-02,4.399364996025736940e-02,4.405418420598737617e-02,4.362007596823656158e-02,4.392651363597131070e-02,4.374083374706736610e-02,4.378205109786059701e-02,4.392595751236968299e-02,4.406669031148729293e-02,4.414904474198356327e-02,4.410951426548032767e-02,4.287056603796761400e-02,4.436072570820084882e-02,4.342299798171595643e-02,4.386328129790935393e-02,4.392142719245200472e-02,4.441271549739583824e-02,4.353654693678445098e-02,4.328849594063111789e-02,4.433713106494434342e-02,4.470131253717384012e-02,4.394481060528351857e-02,4.389111907077349745e-02,4.480493694681872419e-02,4.354419517623073221e-02,4.464411513993892661e-02,4.439585001262593561e-02,4.371718097819711490e-02,4.268205170871496729e-02,4.354151234284180105e-02,4.341757814968499191e-02,4.395968608423148766e-02,4.315655063502259192e-02,4.339396519795726131e-02,4.414344755048716512e-02,4.390084442459081526e-02,4.405989870800040842e-02,4.406140462897942256e-02,4.445934174613300205e-02
4.151800576261885367e-02,4.142521323247779635e-02,4.154819923027699285e-02,4.158386658966532756e-02,4.096704582128148781e-02,4.161484593342961585e-02,4.130903876078993037e-02,4.145231373212551751e-02,4.229086291399118680e-02,4.170957791589852137e-02,4.151993886962938168e-02,4.180563576599211073e-02,4.173938813464556780e-02,4.147406700874833874e-02,4.038566567548990127e-02,4.188212805357483665e-02,4.125194804387084108e-02,4.234571538530718104e-02,4.178709263188685324e-02,4.141235422866403754e-02,4.046107232332534637e-02,4.106146574113187647e-02,4.155814152073400436e-02,4.196977726349830629e-02,4.235817189586944115e-02,4.158647341228730726e-02,4.161343018529162913e-02,4.052485794316418311e-02,4.089094421005694258e-02,4.204165284598689045e-02,4.127881064227494068e-02,4.312193198911128816e-02,4.218425486432043903e-02,4.178939590714197960e-02,4.260901988010885877e-02,4.274918925351353649e-02,4.167192478588827020e-02,4.160830812300092552e-02,4.155755282717105148e-02,4.192393396599269906e-02,4.114773973420660785e-02,4.179218516280115009e-02,4.178617260784520115e-02,4.212332264872015869e-02,4.147795615390275498e-02,4.119877233986952991e-02,4.094253831244899083e-02,4.180419730680856594e-02,4.285527757812718913e-02,4.252855295789088885e-02
3.899471346888229439e-02,4.020814174141165709e-02,3.848748949504719047e-02,3.983488351854286985e-02,3.856104674348169448e-02,3.938011421377039106e-02,3.934589102809502026e-02,3.870849301894668804e-02,3.888109260876752848e-02,3.959203090185275248e-02,3.941089473791443282e-02,3.902725155576950572e-02,3.990842174359181260e-02,3.922861607812766493e-02,3.991863441511862148e-02,3.959479492646483106e-02,3.784265601094970871e-02,3.948260976021173568e-02,3.907923237484842161e-02,3.944307832400668901e-02,3.917711549431547591e-02,3.955616614758954153e-02,3.934979996762232035e-02,3.884997253226589453e-02,3.935606456379323742e-02,4.023369351042080377e-02,3.928212761072765596e-02,3.873409473477842924e-02,3.957203839903765397e-02,3.903810558654914609e-02,3.855575617146515116e-02,3.913147509976157984e-02,4.038409310035746130e-02,3.905767912997241964e-02,3.893515343874439510e-02,3.825581664718332581e-02,3.873394207439036230e-02,3.986505890580600842e-02,3.881294061086101171e-02,3.885154549165542592e-02,3.917115640130513360e-02,3.868894360910070385e-02,4.008220581173203151e-02,3.941944626645475097e-02,3.981695871621887539e-02,4.002003172915037654e-02,3.949319629058831160e-02,3.864558030406987921e-02,3.964419019274517675e-02,3.914017265335186652e-02
3.730371779630019952e-02,3.632377040987518763e-02,3.731210490139396513e-02,3.675104574667695245e-02,3.611646900308122105e-02,3.649901022675272610e-02,3.632792226938077323e-02,3.734809401059768080e-02,3.716463119681028687e-02,3.781835870627938551e-02,3.644498096219291050e-02,3.555422138554433648e-02,3.680996597592377240e-02,3.660076395902228663e-02,3.623873866693590184e-02,3.673264478189457866e-02,3.715943898932056594e-02,3.731211286698152274e-02,3.731355263956577517e-02,3.715597476078768419e-02,3.688629889618424279e-02,3.626578782762753667e-02,3.712807391770486798e-02,3.705373375341390607e-02,3.642824891171584506e-02,3.633438997933746695e-02,3.680816499188421798e-02,3.662221889427918348e-02,3.711736244621273439e-02,3.739024350864248586e-02,3.646353114489783026e-02,3.736207686044964310e-02,3.696342763719052960e-02,3.532579335939318999e-02,3.716927002259807350e-02,3.706881979294977120e-02,3.673347261675159042e-02,3.758609954034186629e-02,3.760872707390761072e-02,3.628064939601386568e-02,3.643760306302012281e-02,3.623126940929719680e-02,3.648324553222852262e-02,3.618499174378542182e-02,3.641228168217706257e-02,3.662180948081493470e-02,3.655616350898804184e-02,3.785149392141499286e-02,3.760404201284547193e-02,3.617499339563495092e-02
3.482656126695957838e-02,3.450608696143520060e-02,3.362838829124655676e-02,3.475693417028150045e-02,3.413691953440976118e-02,3.412483405639137740e-02,3.492192665623868042e-02,3.358676063013090601e-02,3.516583706120670477e-02,3.398466380040637835e-02,3.528019006108834565e-02,3.501240692560186191e-02,3.469597642918942348e-02,3.481001546201122065e-02,3.508356566703219742e-02,3.388423775017227607e-02,3.466729105030536690e-02,3.431677200073771083e-02,3.374726654176365970e-02,3.456449131205211606e-02,3.495993946648897482e-02,3.407974015796885747e-02,3.303252859406452524e-02,3.492440524152330694e-02,3.423591701448112923e-02,3.455615387542211592e-02,3.425673755656445663e-02,3.361993622688853878e-02,3.424760670982182620e-02,3.363778078955057677e-02,3.345655697293942188e-02,3.397095724743591505e-02,3.369579956986727687e-02,3.465856285124583464e-02,3.363872987101595990e-02,3.431400829535452557e-02,3.411954750061751973e-02,3.445125540076693360e-02,3.475929620526542474e-02,3.390381197733454560e-02,3.333420214617440619e-02,3.376219330557642118e-02,3.467772647266519070e-02,3.295375058570521043e-02,3.355517176514206945e-02,3.388232001653888187e-02,3.406169882964030921e-02,3.291569251219464420e-02,3.424489478412231364e-02,3.394288242028654923e-02
3.160289133839417480e-02,3.098128681196989781e-02,3.144555015773405071e-02,3.324546175297281303e-02,3.182497446153485787e-02,3.258811933051037474e-02,3.167763591996206052e-02,3.045490912838895795e-02,3.114012107614929498e-02,3.229301468783490892e-02,3.192802917781855515e-02,3.087423962959608831e-02,3.180616783396585101e-02,3.194041298847076493e-02,3.121693194707826635e-02,3.170081638995948803e-02,3.141218261096403314e-02,3.046272464901817953e-02,3.156416049465132767e-02,3.189938475339856166e-02,3.192633491306860749e-02,3.185961141826353094e-02,3.257837480465738955e-02,3.148978212488298678e-02,3.134547105280932611e-02,3.095282125750500879e-02,3.101560263741103690e-02,3.207065809050642369e-02,3.141554619881441190e-02,3.126764356667788985e-02,3.128350934454028620e-02,3.171438397577428653e-02,3.205761384814004994e-02,3.026197231556702547e-02,3.192161005104860588e-02,3.253130274385526710e-02,3.209670973974713265e-02,3.087636996021277114e-02,3.117995670669172423e-02,3.171380041371510417e-02,3.164101787967913554e-02,3.247823047150356912e-02,3.082996899135674596e-02,3.184627734231862406e-02,3.239735677362636651e-02,3.244305805675181537e-02,3.087465351831109039e-02,3.199899114342822509e-02,3.103069867070702356e-02,3.158079940234171518e-02
2.903861863140049654e-02,2.816379287046752444e-02,2.963567766937242817e-02,2.849439164422130216e-02,2.967920977664371962e-02,2.916229436300481551e-02,2.872177779761584185e-02,2.864077030631299869e-02,2.950639965793195110e-02,3.009994088925928638e-02,2.993403875232093087e-02,2.914223922181596524e-02,2.933432393332315036e-02,2.953504597124006689e-02,2.891643402810500571e-02,2.878177309942120746e-02,2.859575692138532216e-02,2.948319050800054381e-02,2.908113867690452839e-02,2.898451110141085640e-02,2.893178761233878432e-02,2.830319162024836840e-02,2.859920734424812108e-02,2.908599050098018002e-02,2.826877986766065942e-02,2.814608277967518141e-02,2.994489824825803670e-02,2.918665063932809889e-02,2.841793997196848456e-02,2.890731536990467573e-02,2.864160569494455383e-02,2.955661883659585487e-02,2.962947046972467038e-02,2.839335952823838008e-02,2.919681829145114038e-02,2.771088274994801259e-02,2.856229390752123426e-02,3.007695402168993754e-02,3.022071483093905289e-02,2.874889085376908585e-02,2.777074297953571400e-02,2.892904944181683147e-02,2.891142056279817629e-02,2.869358776396492214e-02,2.863506598233275108e-02,2.773990148362044314e-02,2.796541534383274047e-02,2.885810028502661106e-02,3.023989306001979155e-02,2.917878709762938491e-02
2.520039116402057744e-02,2.632654253266377559e-02,2.532065041792029916e-02,2.728440966612641350e-02,2.535844918238411641e-02,2.648289952432670777e-02,2.598670335181780741e-02,2.573487785356077390e-02,2.738942651289123092e-02,2.573651712518684395e-02,2.694705658985570296e-02,2.661293668441527469e-02,2.544529678814102386e-02,2.548417044770148049e-02,2.643791427843544470e-02,2.560580442295003895e-02,2.597722902507817316e-02,2.560723284118770343e-02,2.642467867129784723e-02,2.558388092720462886e-02,2.663026168073226105e-02,2.655162709471823451e-02,2.724430493088950828e-02,2.596322914406202012e-02,2.635141871887832637e-02,2.571075316566216046e-02,2.656828543583313398e-02,2.533912743585720398e-02,2.671828185799129257e-02,2.534876448525041209e-02,2.638485101478769967e-02,2.566892494403962346e-02,2.654465000519062867e-02,2.601329607999879057e-02,2.628842988145734319e-02,2.601529395450157683e-02,2.583450214955667137e-02,2.589340868880198390e-02,2.673561583028280161e-02,2.665689797195040789e-02,2.661042719847109619e-02,2.670768740532787275e-02,2.664177390418730543e-02,2.642343722185663824e-02,2.641054263131236909e-02,2.666458063421104502e-02,2.774719509768660761e-02,2.694296123859999531e-02,2.631722579977652243e-02,2.674117472162705622e-02
2.325123298471230490e-02,2.378771889508667428e-02,2.302707892153925059e-02,2.330642106698175425e-02,2.240227519957732269e-02,2.421592260127702553e-02,2.317001800088503566e-02,2.371199120819493175e-02,2.323920861696434498e-02,2.147668158523051776e-02,2.292307831161206899e-02,2.342199859667114595e-02,2.376645874873581019e-02,2.266540957158749009e-02,2.393407615277123868e-02,2.380185920464910829e-02,2.402874004201784042e-02,2.360609897308653740e-02,2.345355591924674563e-02,2.302806050192080997e-02,2.371491845300518347e-02,2.261516058039636512e-02,2.282486320309144723e-02,2.226038656484679440e-02,2.297860271267239407e-02,2.402099430723728807e-02,2.444320045584251824e-02,2.354286364554685276e-02,2.407196622516725310e-02,2.267510156369502428e-02,2.260090581427466605e-02,2.368626137386842939e-02,2.358842693720490311e-02,2.372863544129119248e-02,2.365871368573745775e-02,2.292111396918106517e-02,2.306152121749088443e-02,2.341815446019353611e-02,2.349702758477751827e-02,2.325438452785407242e-02,2.243544413840705548e-02,2.192441427921754463e-02,2.346935537264270566e-02,2.321926723308473037e-02,2.465308192358359532e-02,2.327612190437003056e-02,2.389503870028910834e-02,2.377426648012116728e-02,2.370456505398541025e-02,2.196323535711058872e-02
2.089420028879721003e-02,2.110971547271649554e-02,2.034427465817490593e-02,2.006664694445688124e-02,1.974242362761741143e-02,2.072408933665607564e-02,2.073955009676036604e-02,2.113919232785838737e-02,2.009079731596534815e-02,1.978571612171647898e-02,2.066783989981966010e-02,2.056889882408267922e-02,1.950892493438914979e-02,2.148384145656347111e-02,2.038195418952313057e-02,2.067797167339116213e-02,2.067236005074871499e-02,2.155635192848954010e-02,2.006452106354814427e-02,2.078625417435949613e-02,2.033769965507580338e-02,2.007992620332382447e-02,2.112164775733652716e-02,2.111282246741378460e-02,1.997931622169028809e-02,2.090631146622504502e-02,2.076228250464856942e-02,1.998932311368125520e-02,2.053887543660900053e-02,2.092851261383920844e-02,2.129336810177523062e-02,2.073456838310291234e-02,2.070876913460757002e-02,1.926068934629904597e-02,2.167156067441994988e-02,2.212276462122614654e-02,2.105524252655278233e-02,2.026608679535492688e-02,2.048886183916527257e-02,2.079244163807758561e-02,2.075584627634823737e-02,1.978409687350508525e-02,2.056722557971870161e-02,2.012782643947260905e-02,2.114382328588614024e-02,1.924801917434980011e-02,1.883963882463353390e-02,1.971830214028551242e-02,2.089632516395928050e-02,2.138196061714625271e-02
1.817598776168562538e-02,1.741724518383297102e-02,1.719844075577062203e-02,1.781477355830708015e-02,1.788723921661725808e-02,1.634921452030256919e-02,1.735832933055715677e-02,1.776011436339398897e-02,1.766223271851343965e-02,1.823926621118457381e-02,1.668617574611167345e-02,1.611038697244140602e-02,1.741192284061602799e-02,1.714015077178489277e-02,1.689789773668967654e-02,1.747256142398082718e-02,1.764425743015802031e-02,1.770846579176179464e-02,1.687013141541048034e-02,1.706304705036445352e-02,1.661781130773743592e-02,1.729099006570064892e-02,1.664675418361548365e-02,1.744273580410454771e-02,1.744190394893542495e-02,1.749496855183788405e-02,1.797556816105332425e-02,1.863294128002284528e-02,1.790876147084800515e-02,1.690489064308388009e-02,1.725417593800370256e-02,1.775097260184064010e-02,1.672763798100479829e-02,1.732496927247915985e-02,1.730585635205046310e-02,1.834598933652498501e-02,1.680255318666793590e-02,1.704433871855611307e-02,1.776662750970783855e-02,1.718956616737405893e-02,1.736867376051775061e-02,1.806284235795976509e-02,1.753030290028973273e-02,1.720831650537564886e-02,1.698585265919228329e-02,1.663308143958662846e-02,1.720263492132164188e-02,1.773041027051542456e-02,1.657985555161069907e-02,1.772286179671936010e-02
1.493382860573062333e-02,1.420451248193309313e-02,1.415028699299703159e-02,1.379896602516896865e-02,1.481565673988722090e-02,1.270085031363353024e-02,1.477838056626812335e-02,1.440342599252573616e-02,1.452690100762774050e-02,1.448219884349522500e-02,1.343665637536731183e-02,1.416938106906701078e-02,1.426138187922035630e-02,1.381144559617638289e-02,1.451960014130361520e-02,1.490989251529195071e-02,1.454705592440622489e-02,1.371056466581171626e-02,1.400526879024862476e-02,1.430871660798829423e-02,1.377605433097585722e-02,1.447672223206741653e-02,1.424126851297697477e-02,1.439327907570302385e-02,1.451808300415009974e-02,1.530285890330682422e-02,1.481178527113918841e-02,1.494514946700324989e-02,1.459297935059319061e-02,1.422251990346095306e-02,1.389187045648340550e-02,1.482311477669492374e-02,1.418281897870635709e-02,1.433166521749094403e-02,1.407105928098899110e-02,1.326493510803772834e-02,1.467335316533457251e-02,1.348925868704216671e-02,1.440550678780022284e-02,1.556630928346576341e-02,1.530936407867952535e-02,1.395780840010186867e-02,1.444422731620704191e-02,1.403956036593397884e-02,1.464742017348128617e-02,1.367923905210476597e-02,1.509262216941498723e-02,1.337768684901505592e-02,1.515546153412219467e-02,1.435724012389751232e-02
1.092837578910004111e-02,1.094309184394110131e-02,1.156676117130137418e-02,1.028476442067107095e-02,1.001516451597299004e-02,1.076885045441281115e-02,1.074594236472698958e-02,1.091009712026797147e-02,1.079205494659115847e-02,1.118376547563364881e-02,1.107765361623731272e-02,1.097064807409688959e-02,1.133762159576605366e-02,1.155580105160432768e-02,1.156488710674128187e-02,1.027702722552457752e-02,1.076267208991981035e-02,1.064103523305966539e-02,1.099386306310518729e-02,1.176472643382359129e-02,1.186589119842249192e-02,9.842936117016769584e-03,1.151019162022567759e-02,1.017715725300973560e-02,1.039164596160650766e-02,1.014089338523930899e-02,1.065211443516011873e-02,1.187088592545638109e-02,1.125421551449514758e-02,1.058139484824395168e-02,9.978272059153643625e-03,1.043454206047451753e-02,1.013441845054155292e-02,1.083451114118812869e-02,1.056135758392966369e-02,1.052950982831131130e-02,1.024829577363468337e-02,1.075437017400567193e-02,1.180231173263311152e-02,9.595231863502608899e-03,1.064332002754618013e-02,1.108611721293932366e-02,1.062569817682145444e-02,1.116223477550537871e-02,1.133638005242043265e-02,1.108281580253583573e-02,1.048790894175929099e-02,1.222612827622302639e-02,1.020397529808666874e-02,1.141348655021856735e-02
6.736897767315065157e-03,6.911183322759505317e-03,7.258589282720892891e-03,6.515472731749134827e-03,6.270614737011418784e-03,7.089850273212212374e-03,7.816431349308218188e-03,6.862821892551891623e-03,6.969635773103802397e-03,6.338017213653518965e-03,6.371417276005844794e-03,6.148742293663340616e-03,6.696709139109248768e-03,6.951240230941907981e-03,6.074813944730008720e-03,6.469469284197447087e-03,7.378650161977513486e-03,6.766787399083091896e-03,7.526261213156750299e-03,5.961602679285686601e-03,7.029606043804111255e-03,6.684655480834555616e-03,7.398550775166282123e-03,6.187616313577463424e-03,6.892593251050628880e-03,6.036897844453339122e-03,6.547489649518818157e-03,7.296342313590116480e-03,7.784825253274474735e-03,6.792260964661712974e-03,6.696076731818608775e-03,6.553654871359402070e-03,6.262807361470134650e-03,7.471615647895280855e-03,6.813953924089983551e-03,6.355301172941193316e-03,6.827419280546052904e-03,5.411412898374283811e-03,7.240631178692310058e-03,7.759267377516179155e-03,6.773545276555003464e-03,7.704782898733483765e-03,5.981817526034986787e-03,6.662276698819896877e-03,6.526154712821136475e-03,7.235421991817061332e-03,6.683082988232101097e-03,6.858005425870991600e-03,7.959335755616584601e-03,6.961090527108604667e-03
1.567250415019353586e-03,2.305660551807240267e-03,2.024192774748984763e-03,2.635665881544525021e-03,2.620548609545145582e-03,2.126159887486978733e-03,2.835789041780896035e-03,2.859977368337988674e-03,2.317812550044324148e-03,2.540945688829499265e-03,2.968657083978937065e-03,2.576658270674467982e-03,1.824915382575022964e-03,2.525896674743907146e-03,2.712583272481677160e-03,2.589140490271621669e-03,1.607919189494359845e-03,1.835965994982508660e-03,2.168581870271525137e-03,2.385719547423682026e-03,2.440037941697614354e-03,2.796067220449055448e-03,2.150734934164904785e-03,2.324095146202162336e-03,2.008337177725015923e-03,2.541630519403744425e-03,2.369414194298422212e-03,3.108039142961485039e-03,2.861822337716356593e-03,2.664084917298991696e-03,2.237651862225382027e-03,2.232362458497682851e-03,2.493473755052081579e-03,2.131142920119493984e-03,2.115700610743178559e-03,2.018040460039718150e-03,1.861824584904121001e-03,1.872145883240707324e-03,1.760437230625174019e-03,1.660858281751462955e-03,2.311567550621269982e-03,1.880165374301395048e-03,1.916526497334577377e-03,2.014191714531047422e-03,2.783646752579041483e-03,2.098354548717802290e-03,2.214252801684488646e-03,2.342348507697835334e-03,2.799372018504568595e-03,2.045192413726545141e-03
