1.305654498610202448e-02,1.304741538997810681e-02,1.300729462918271892e-02,1.307044115336354964e-02,1.302077819913647488e-02,1.304138700799157245e-02,1.304657527814328567e-02,1.301459429399496118e-02,1.304488686707829664e-02,1.299648128294892541e-02,1.300532064844218960e-02,1.302066632077750370e-02,1.300631408728576861e-02,1.306368899155247766e-02,1.300999765556486512e-02,1.303368551625278850e-02,1.299309640234603061e-02,1.309291178277802344e-02,1.303042138836392992e-02,1.305664732722270314e-02,1.302267594896414256e-02,1.304234182124390344e-02,1.297520444586004219e-02,1.303619588800537799e-02,1.308685808847559993e-02,1.305750804272290226e-02,1.306871479485595226e-02,1.306039005025948392e-02,1.303555139746945951e-02,1.300181037212201282e-02,1.306653502711046036e-02,1.304776539927102533e-02,1.306422745931990793e-02,1.301290899728822434e-02,1.297914934035062848e-02,1.303142313444479242e-02,1.304710227848799448e-02,1.303394092021815075e-02,1.305273864940906942e-02,1.306686498941348439e-02,1.307003446815196805e-02,1.301595619374532574e-02,1.304713855160472176e-02,1.294319608535526855e-02,1.305695659870680612e-02,1.309534878413815689e-02,1.302342757730633183e-02,1.302817920358556071e-02,1.304752762857569123e-02,1.302076809202542575e-02
1.306189591659533480e-02,1.299655285837329408e-02,1.301907589364812573e-02,1.306210385991876492e-02,1.301213781988830656e-02,1.303114095875773301e-02,1.304538622912434880e-02,1.300986720169711695e-02,1.309333713310231219e-02,1.303296135785316466e-02,1.299616421981911185e-02,1.301387258922218418e-02,1.300249308557427201e-02,1.302762961910612118e-02,1.303871573676630008e-02,1.301724087839329323e-02,1.303433013025299958e-02,1.304180880609769923e-02,1.303641817284987431e-02,1.307825949685250712e-02,1.308097215993283928e-02,1.305862067595814878e-02,1.308709391554327070e-02,1.306297306385006442e-02,1.302588035115002756e-02,1.303612285610367648e-02,1.304278193503372735e-02,1.301674953517453596e-02,1.306637281873801286e-02,1.304471716140424321e-02,1.303183786939794697e-02,1.306137727632832035e-02,1.304920187683092717e-02,1.300105708355781160e-02,1.303153367265291740e-02,1.306210036235343382e-02,1.309912778427885054e-02,1.303154422903089228e-02,1.307585594359855774e-02,1.304141583175017979e-02,1.305146131108516488e-02,1.299599040513547098e-02,1.303702393895888635e-02,1.303615876775336517e-02,1.309920887558277923e-02,1.297441924158401413e-02,1.301101721404377375e-02,1.301670029132087972e-02,1.299439877111639025e-02,1.304802758921738692e-02
1.302057602253156587e-02,1.305001483457257812e-02,1.302032447349228336e-02,1.301392997910540833e-02,1.301474197361325927e-02,1.304647113168349269e-02,1.304274203269372920e-02,1.305524039224550438e-02,1.302749096892769250e-02,1.304422006713358041e-02,1.306957471377717325e-02,1.303097545254383940e-02,1.304684244189167203e-02,1.308678670273880247e-02,1.302471496492285143e-02,1.302298311861961773e-02,1.305993578806336972e-02,1.302012687980473246e-02,1.307731538414646545e-02,1.303598425557075252e-02,1.301444488334516959e-02,1.308435099763980737e-02,1.299642204410306374e-02,1.305149772917958001e-02,1.305853304217650772e-02,1.307613953343592442e-02,1.302386734846413402e-02,1.300031940479549029e-02,1.299775824703677113e-02,1.304664012377374123e-02,1.299396189726802556e-02,1.302120931381600157e-02,1.303142851576293525e-02,1.300132417458803660e-02,1.302623847491005994e-02,1.297688442971582819e-02,1.304512378827214075e-02,1.301280570992981861e-02,1.304293218416443037e-02,1.307601922112634936e-02,1.295659068344402233e-02,1.307229030248322453e-02,1.308179024317482689e-02,1.299677900718934978e-02,1.303545447959898740e-02,1.302404303945850668e-02,1.299291998969962295e-02,1.301984615175334585e-02,1.301415662450989934e-02,1.305843544931395254e-02
1.300554924467386096e-02,1.307034708361423658e-02,1.307993388282942607e-02,1.305574342518116271e-02,1.295468514893179969e-02,1.306142453966849942e-02,1.297874684803070576e-02,1.299914961219061048e-02,1.307645728759229513e-02,1.300521210159614159e-02,1.305768798241265134e-02,1.302009300698432105e-02,1.301652532003369500e-02,1.302645532924013444e-02,1.301723300632313778e-02,1.301673634362454993e-02,1.301039734156993373e-02,1.308422598364749126e-02,1.306256223838364594e-02,1.301336226781585857e-02,1.303709140936776430e-02,1.304322446699282198e-02,1.301972836202986740e-02,1.303248198812090655e-02,1.299690785820876472e-02,1.304154996983663758e-02,1.305604311674266570e-02,1.303479964718675874e-02,1.295808802913631270e-02,1.303220292487059298e-02,1.298787607966095034e-02,1.302184014697165861e-02,1.302680265606663557e-02,1.300490704922796156e-02,1.299301040997425175e-02,1.303338695844314353e-02,1.297835194993574200e-02,1.304289736600014807e-02,1.305894938305570546e-02,1.302346683440459146e-02,1.300912213839851631e-02,1.301723888912229878e-02,1.306289198856036733e-02,1.303772317009593493e-02,1.301543035676084974e-02,1.303064957386381589e-02,1.298051109896767273e-02,1.303229717267375028e-02,1.299645157863389515e-02,1.305971053847459692e-02
1.293262862953231673e-02,1.301710566479355458e-02,1.297900271766192978e-02,1.294020030732902053e-02,1.304788487568050298e-02,1.303252286679320270e-02,1.305134676202670575e-02,1.297978264156517472e-02,1.299530712645807773e-02,1.298292034783163178e-02,1.294385748859817019e-02,1.303440983086769263e-02,1.300060106171812592e-02,1.299765712114207827e-02,1.298380741128042637e-02,1.302786442774856238e-02,1.301145536335788361e-02,1.299119560971336192e-02,1.299829702718910927e-02,1.302128625599678798e-02,1.301452314401940237e-02,1.303651470918212006e-02,1.300048442927032380e-02,1.299737648890454678e-02,1.295990550740184870e-02,1.301587680793700637e-02,1.301894559345919550e-02,1.304292250100274990e-02,1.298301756067857769e-02,1.296645816912990294e-02,1.298566624714186761e-02,1.303838364744521784e-02,1.302540894400018925e-02,1.297572802619144372e-02,1.303217087222747518e-02,1.300300463884515069e-02,1.302006287563733065e-02,1.295285642670118004e-02,1.297451716640527462e-02,1.301297640795750707e-02,1.295109519910623598e-02,1.294829545002136768e-02,1.297370463806890931e-02,1.301092689973985632e-02,1.298463661179165805e-02,1.301272068554297848e-02,1.301202189333434608e-02,1.300681587675948415e-02,1.300604271362816415e-02,1.302850337372853280e-02
1.301489466622344354e-02,1.298369695021145756e-02,1.300841069172335371e-02,1.297031812779270328e-02,1.294903412394977395e-02,1.295706936786643511e-02,1.294730664006277059e-02,1.302314440298866019e-02,1.294458527731952302e-02,1.299133455034619244e-02,1.301653015590263120e-02,1.293825169958137331e-02,1.302108333591577190e-02,1.296721016645063784e-02,1.300114446605398974e-02,1.301756239145647129e-02,1.299445703236538213e-02,1.296496467879374066e-02,1.294715151141802474e-02,1.296108769127227861e-02,1.298192493165700387e-02,1.299740145305982968e-02,1.297083482135027999e-02,1.292484164076393958e-02,1.304682790068688487e-02,1.302123206594723269e-02,1.294550869693503539e-02,1.293882668814957948e-02,1.295528069773596927e-02,1.297367244838686443e-02,1.302930818486459745e-02,1.294024507348684461e-02,1.295279817797254443e-02,1.299455445261028970e-02,1.298233774770002173e-02,1.293492538160271807e-02,1.302120959786813408e-02,1.293658469735468365e-02,1.297149418568573076e-02,1.299651667274217583e-02,1.301204086499858394e-02,1.294791695208145042e-02,1.298968933658588461e-02,1.301725996720466856e-02,1.296241300484985565e-02,1.295885305750876966e-02,1.294767984996417903e-02,1.298974054840656110e-02,1.298812783688356454e-02,1.300128452010935673e-02
1.294067711492025846e-02,1.293966384442438861e-02,1.301023332663692016e-02,1.293165216570237377e-02,1.292713528060565435e-02,1.294843649474287581e-02,1.298424108197811580e-02,1.298130502299775155e-02,1.298655832882654459e-02,1.294176477536602109e-02,1.290925919836568084e-02,1.300815027714312747e-02,1.295705514900510023e-02,1.297841047333463463e-02,1.294477195918559281e-02,1.301211725286259384e-02,1.299595319608840352e-02,1.295226270567629082e-02,1.288473638670365601e-02,1.301918041688390065e-02,1.299019212035689569e-02,1.291705680174735221e-02,1.299199026990946644e-02,1.292917720050306037e-02,1.297452239518698432e-02,1.293231228220870048e-02,1.293340037233528701e-02,1.293212388125439261e-02,1.297402774718627375e-02,1.293708226873284232e-02,1.293783040198731929e-02,1.286320245263537949e-02,1.297923587805570669e-02,1.298832499781837208e-02,1.301419734037176021e-02,1.299026301250558353e-02,1.292771214822077165e-02,1.298142192377328349e-02,1.293629522441042297e-02,1.295742675818028003e-02,1.295151194639739857e-02,1.298927419366464366e-02,1.303086514091058613e-02,1.296221692747487157e-02,1.295146687834546236e-02,1.297085612783639361e-02,1.298077660091390660e-02,1.295561398228209544e-02,1.293162908066052344e-02,1.298341693614095231e-02
1.288065320588008614e-02,1.296661018005424229e-02,1.288142306454547262e-02,1.294932254613879140e-02,1.292689030297138053e-02,1.294010437445352463e-02,1.293854541499619287e-02,1.292917371631324176e-02,1.292314719637474053e-02,1.293522848611444558e-02,1.297350055298652008e-02,1.291821388843186584e-02,1.294818698508018971e-02,1.289334405751645964e-02,1.294067258023606781e-02,1.294283587735792738e-02,1.291338423110909017e-02,1.295851016719349637e-02,1.291983673625462375e-02,1.299882521378315295e-02,1.290283566449319970e-02,1.295954760046430163e-02,1.297585784758800015e-02,1.299283418731382068e-02,1.288672223656938710e-02,1.291027527190601910e-02,1.295150905853251211e-02,1.291119505824254131e-02,1.291299933857673402e-02,1.291502988784913597e-02,1.293171720425974856e-02,1.293548070149432537e-02,1.297618884016856107e-02,1.290750727286559332e-02,1.292862358713386256e-02,1.292513247806969558e-02,1.292587470204571709e-02,1.294036376107010784e-02,1.292375472757546079e-02,1.289312039762486629e-02,1.290141353999165255e-02,1.292353389644161632e-02,1.299849893289561735e-02,1.289464689139498479e-02,1.290107152011018415e-02,1.301432042394705738e-02,1.293382929569226666e-02,1.294275841409476754e-02,1.293381117226865586e-02,1.293983861836833088e-02
1.290020846297415709e-02,1.283005938694531042e-02,1.288774880987340714e-02,1.282275092618952519e-02,1.290381784773242391e-02,1.288945526599436127e-02,1.292878247678120110e-02,1.288459527794882584e-02,1.290290232411167581e-02,1.293943736098771523e-02,1.289753953145980625e-02,1.291871498608534487e-02,1.285671972615241333e-02,1.286546491027920278e-02,1.291082165347015760e-02,1.291483070420244676e-02,1.292604616699410264e-02,1.291510202737337215e-02,1.292302758051331463e-02,1.284945761459418447e-02,1.281882238594357799e-02,1.289374131115970934e-02,1.288330156358326491e-02,1.292034934293996573e-02,1.284972375041968165e-02,1.292606720542592916e-02,1.289738395625427032e-02,1.288889574031530129e-02,1.290197498585400095e-02,1.290276559371530789e-02,1.290561271714577192e-02,1.292366059064138477e-02,1.286067612198584821e-02,1.295909180270536469e-02,1.290273648280110610e-02,1.297139498661804315e-02,1.287922119914978319e-02,1.291435247046121906e-02,1.291827137787904950e-02,1.290039825849986603e-02,1.286159001303237813e-02,1.288362326394039241e-02,1.290876324731316319e-02,1.289422710186887214e-02,1.290836657560173913e-02,1.291675527146411359e-02,1.289098829951856873e-02,1.295544670546381477e-02,1.288890390992003011e-02,1.290118894974482712e-02
1.282289243164535901e-02,1.281981646806211635e-02,1.280096041777670050e-02,1.287028330993810095e-02,1.286622166403961209e-02,1.287310658259162646e-02,1.284214472526317222e-02,1.288196398568866412e-02,1.279752535794717594e-02,1.284904402947331485e-02,1.289281639494046540e-02,1.279028913966352536e-02,1.286291760454396499e-02,1.287316194108999862e-02,1.285765663759849166e-02,1.282658694390525003e-02,1.284568655442692130e-02,1.287683549440489170e-02,1.291993643434848418e-02,1.284241559946020309e-02,1.280074512014779675e-02,1.282092668759544050e-02,1.285356147023667718e-02,1.282664532781596818e-02,1.286104391553411289e-02,1.285598993869100683e-02,1.281037492236920643e-02,1.285402934398507252e-02,1.287978096391867618e-02,1.285568035765755936e-02,1.287399460511933630e-02,1.280956280995055804e-02,1.286614303988387574e-02,1.284898266552291120e-02,1.291675129283361215e-02,1.279426804275372344e-02,1.285068592740990986e-02,1.291029404670033208e-02,1.287508251209926180e-02,1.291767849466949128e-02,1.290368890395870299e-02,1.291172624295826646e-02,1.278266093245726195e-02,1.287929391917260954e-02,1.288922960933231755e-02,1.278041172393041061e-02,1.294213281924865185e-02,1.290050403813656522e-02,1.285595867936301789e-02,1.284484371237951117e-02
1.278094742663609187e-02,1.281043234975495597e-02,1.280670238905152331e-02,1.282292119480111896e-02,1.282290275434697958e-02,1.286251127408351465e-02,1.278615651331601807e-02,1.283427862986949441e-02,1.280393813310028682e-02,1.277597014034994108e-02,1.277065599152978070e-02,1.279145123592548457e-02,1.281904565216980540e-02,1.284388067234611304e-02,1.284019038340542332e-02,1.278505959998023356e-02,1.283828981136138359e-02,1.286690739270514999e-02,1.277924209267258804e-02,1.283122978302293077e-02,1.283972798059839458e-02,1.286824121973741478e-02,1.285546256289531349e-02,1.278946016508956778e-02,1.283521509952690980e-02,1.286500708115488265e-02,1.280968119391608269e-02,1.280846267022544942e-02,1.286022060134810879e-02,1.282904176141638763e-02,1.284082952660845107e-02,1.280876238045846986e-02,1.280897183830309420e-02,1.279570728020680039e-02,1.281516100571127199e-02,1.277004808736357556e-02,1.281325582844368600e-02,1.281575276878285478e-02,1.278556645886938341e-02,1.283174331246318516e-02,1.278873933203934950e-02,1.282155080175140585e-02,1.277187438282293905e-02,1.281181593661573706e-02,1.285506785438918914e-02,1.277489814155794053e-02,1.280843831641305212e-02,1.284823684206154622e-02,1.281446779167063135e-02,1.280478050460932479e-02
1.284047215092470190e-02,1.268640324909488248e-02,1.278447458139508192e-02,1.280167640294216196e-02,1.277049595759902414e-02,1.274213969013458271e-02,1.280495533001851406e-02,1.278500061802400126e-02,1.278880890452925925e-02,1.278171517006819469e-02,1.278890059799433002e-02,1.277526121205740071e-02,1.272650048838592021e-02,1.277820593919918625e-02,1.269669476271606361e-02,1.276617834632219270e-02,1.274493864360442576e-02,1.277651334988841487e-02,1.276543486177830235e-02,1.276657677183208606e-02,1.270269216830814327e-02,1.278718325097034231e-02,1.279813026748169089e-02,1.276901011759362485e-02,1.272664025751860627e-02,1.275981168178354740e-02,1.280606440411929947e-02,1.272481437110991459e-02,1.275379068624649982e-02,1.273780897129549866e-02,1.281678227165984965e-02,1.282113322854175688e-02,1.274887413798118409e-02,1.276793645570956787e-02,1.277554584757989789e-02,1.270066361062419276e-02,1.276485095274041033e-02,1.279445000545700005e-02,1.273567887379755889e-02,1.268328643539005408e-02,1.275286947058067513e-02,1.281255318893300375e-02,1.277287628366122717e-02,1.271967455429788389e-02,1.273351699532298230e-02,1.277167446871556138e-02,1.281303554746078543e-02,1.279237819809274888e-02,1.272658488911593798e-02,1.278215840144420433e-02
1.269050854065515918e-02,1.271669396005864656e-02,1.266970335122014069e-02,1.271228368335240028e-02,1.266893424362612250e-02,1.267674842408555297e-02,1.272822986630694174e-02,1.263782973595873986e-02,1.272136176394332054e-02,1.269369225217561320e-02,1.270027736615940255e-02,1.269750796464195856e-02,1.267948187339752904e-02,1.272877866733081349e-02,1.274252402212923234e-02,1.273614869569036391e-02,1.271936369546366151e-02,1.269137556853961769e-02,1.270280345437399191e-02,1.270556024365811221e-02,1.270670873960388393e-02,1.272991145533731300e-02,1.271959911601930684e-02,1.271253875436160162e-02,1.269632995228283344e-02,1.268926691908981927e-02,1.269471595643420839e-02,1.274510301730161395e-02,1.264895924509932754e-02,1.273527876686555114e-02,1.269780212543777584e-02,1.269635534866317417e-02,1.271983140701412121e-02,1.269155846350379299e-02,1.270577489169801184e-02,1.264287522342477828e-02,1.276626635451016262e-02,1.267167759284210105e-02,1.273196456859287430e-02,1.274842425811174504e-02,1.269052796779110252e-02,1.273621444456333671e-02,1.266009507178799884e-02,1.274406169699176389e-02,1.275759687606696675e-02,1.268577409439702007e-02,1.272689938402294524e-02,1.274150218087522803e-02,1.271220095958400936e-02,1.269270397453838364e-02
1.265558823325080642e-02,1.265331977508758060e-02,1.268503275842434129e-02,1.267365516208096218e-02,1.265893008826780679e-02,1.269761582266058265e-02,1.265616163405779149e-02,1.265233033732845493e-02,1.261580787496061236e-02,1.265490150878957436e-02,1.259199955874982721e-02,1.262526977163529011e-02,1.266545185278773744e-02,1.264038059012274721e-02,1.263623976235251495e-02,1.267079954991873030e-02,1.275177723356929298e-02,1.265226873870005549e-02,1.268950571377240946e-02,1.265810600880089461e-02,1.265690994088006574e-02,1.268337369099867794e-02,1.270189896339811615e-02,1.266751510157124172e-02,1.268468393252963726e-02,1.264320067014128648e-02,1.267289916391416832e-02,1.265434828371922275e-02,1.268066492162139326e-02,1.266383099809503462e-02,1.262772069858598446e-02,1.271237669524078774e-02,1.262495448997849601e-02,1.268388002868079539e-02,1.263210797624511085e-02,1.267787736293705773e-02,1.271634623204073895e-02,1.268878190126148872e-02,1.265144966675652537e-02,1.266793627719970013e-02,1.269200936261874815e-02,1.267139996312328237e-02,1.264257007749808662e-02,1.264261771296066976e-02,1.270213464715763511e-02,1.267044309145749781e-02,1.265672028084986918e-02,1.267856882614616307e-02,1.265770366174632199e-02,1.267128231745719320e-02
1.253847934371931511e-02,1.256570333489844503e-02,1.258589611064081168e-02,1.253163046277156085e-02,1.254749950699936799e-02,1.257987625342019307e-02,1.258704063407164835e-02,1.258605260998636732e-02,1.251361878143971221e-02,1.261485872556177348e-02,1.256893596870601627e-02,1.258961151407957807e-02,1.255416985299235948e-02,1.258589969426792549e-02,1.257292031943108013e-02,1.256741531062901401e-02,1.258479627780426449e-02,1.261866691794774273e-02,1.258656004975794787e-02,1.256519791520487733e-02,1.254417299519064270e-02,1.260501321877431982e-02,1.259270024678982303e-02,1.257742788043245998e-02,1.259176135961271800e-02,1.258768461611090191e-02,1.257657258118168551e-02,1.254771955382759201e-02,1.253629554507296358e-02,1.256633584135773661e-02,1.265165348006873879e-02,1.261969619730651457e-02,1.264550044704862083e-02,1.253546176124970338e-02,1.257715651928488151e-02,1.260295352552437409e-02,1.259356427109156219e-02,1.257622117861679698e-02,1.259645687298494368e-02,1.255971372796935506e-02,1.257465526663902045e-02,1.255734783132334345e-02,1.261326369384935947e-02,1.255982873192071879e-02,1.264387949621947199e-02,1.258388624407261354e-02,1.258291952540751060e-02,1.254925279093990070e-02,1.257615854565047840e-02,1.254324362261470018e-02
1.249921824432817345e-02,1.254260599497691343e-02,1.247796330665853007e-02,1.253674455443039640e-02,1.247154827147759285e-02,1.253602418035131179e-02,1.250415091864813533e-02,1.249395358309563289e-02,1.247377925686315656e-02,1.251896148986980130e-02,1.251001635989074101e-02,1.250226898974609278e-02,1.248935677566336867e-02,1.249302048185556291e-02,1.247444747621397933e-02,1.248830842127005882e-02,1.251112285272178160e-02,1.252741546059868427e-02,1.249372816381997056e-02,1.256152063998609326e-02,1.250302875175169845e-02,1.253477602297092992e-02,1.248795886161924336e-02,1.253522430279404437e-02,1.253244138283221391e-02,1.253564072720718750e-02,1.254789396813088022e-02,1.249356352952288481e-02,1.253985882520168051e-02,1.252737666147853493e-02,1.250515507790007919e-02,1.254763875699776640e-02,1.253256017798213759e-02,1.253075585308990880e-02,1.253928675844694085e-02,1.257890946788863158e-02,1.252789732694775844e-02,1.254129518278091285e-02,1.251488122173851844e-02,1.245596981359342083e-02,1.247925763659041114e-02,1.256803522920106088e-02,1.251330663645289741e-02,1.254747698856647879e-02,1.249643551759314387e-02,1.246530768889412243e-02,1.252038583659389331e-02,1.248007892510935926e-02,1.252012370475851476e-02,1.250888573225243487e-02
1.242020336571087423e-02,1.239709127364639618e-02,1.247404127306720248e-02,1.247573131044555153e-02,1.243301278174797214e-02,1.239904091861754667e-02,1.243780268777983956e-02,1.243907979739256910e-02,1.246359152326519462e-02,1.242631864281631103e-02,1.245314999106795183e-02,1.248332917497334618e-02,1.244141504098935508e-02,1.248048443867265378e-02,1.240642006695780175e-02,1.247819905749386615e-02,1.248903829797440995e-02,1.249814883869588937e-02,1.240655765775706271e-02,1.243134420542148406e-02,1.245936226183867908e-02,1.243290718253779216e-02,1.246093093700424183e-02,1.246644009781001754e-02,1.239462839647618476e-02,1.242661632606329586e-02,1.238134211892235985e-02,1.247921664281131764e-02,1.244596335437510998e-02,1.247535246965090182e-02,1.247168214594336459e-02,1.241250329975065320e-02,1.240611748025080389e-02,1.247571725126880166e-02,1.245905486430211491e-02,1.246192890223817365e-02,1.242436984204861421e-02,1.237644505435439232e-02,1.242975683639645570e-02,1.245391603103328422e-02,1.246085401177192409e-02,1.244686374858965106e-02,1.249591043196060687e-02,1.244867504918715541e-02,1.247397560716308890e-02,1.243137030989165982e-02,1.243312535672652652e-02,1.245278814841621444e-02,1.244003597366647243e-02,1.246623438990762146e-02
1.242507187660163784e-02,1.231764204710814915e-02,1.227947594927198197e-02,1.233864980743398787e-02,1.236582077459296228e-02,1.237554076816220310e-02,1.235491168794271288e-02,1.237280452946792897e-02,1.234274306629329701e-02,1.236395961617645090e-02,1.241481388185885354e-02,1.232461406452341028e-02,1.237244233002136352e-02,1.236864649522169575e-02,1.237900525517095403e-02,1.237112599807638560e-02,1.230409648171128939e-02,1.235222255365589841e-02,1.242604557519697700e-02,1.235151884895306293e-02,1.239433545721111210e-02,1.234573839636935594e-02,1.230621359751651878e-02,1.235986779415493113e-02,1.233168017841674603e-02,1.235339491532840006e-02,1.239115228538935527e-02,1.237047618208794025e-02,1.237984482022517173e-02,1.231331254968411233e-02,1.244116819439856393e-02,1.234240268148962053e-02,1.237791430246857650e-02,1.236421308715480658e-02,1.235893398792383205e-02,1.237161575818936099e-02,1.235685744004203640e-02,1.240200710128173955e-02,1.236870015825694558e-02,1.236442884474788645e-02,1.240047021457241910e-02,1.235974977681919031e-02,1.239330808596654857e-02,1.239939126091407426e-02,1.236915393600130676e-02,1.243003386252897365e-02,1.235495256388389682e-02,1.241660644421684577e-02,1.235482603182473833e-02,1.237344246928577009e-02
1.228105793691307290e-02,1.230179668590531371e-02,1.226365112068754717e-02,1.230183912389349807e-02,1.226128628973633013e-02,1.229426311213139590e-02,1.225676529322372761e-02,1.228915704116159691e-02,1.233541915383501095e-02,1.223743366001140906e-02,1.229958204423911572e-02,1.226940279805403475e-02,1.222848584113137536e-02,1.227731131308076352e-02,1.218687439296944550e-02,1.226115596153306772e-02,1.227632309923931166e-02,1.226410734212471723e-02,1.228802110909238930e-02,1.231299271568913126e-02,1.225077198237317470e-02,1.229836467860956697e-02,1.231748332393355939e-02,1.225219822859344165e-02,1.224527705426401922e-02,1.224925067966497853e-02,1.222272534849003049e-02,1.228139300841343817e-02,1.229745214287784189e-02,1.226087380973838944e-02,1.231902585498098612e-02,1.230212085328393976e-02,1.229077098727005164e-02,1.226113555523804938e-02,1.226898025067070866e-02,1.229832300305671103e-02,1.227029800157923393e-02,1.231185926716893246e-02,1.226668218900162609e-02,1.227229513976254259e-02,1.225494170864317896e-02,1.231394757650361264e-02,1.231166599693325932e-02,1.225697233874699366e-02,1.227436172125904307e-02,1.227807093552167259e-02,1.226610509731393232e-02,1.233059395438646649e-02,1.228383058662265402e-02,1.225443768295834436e-02
1.218026117555082513e-02,1.219012101785311997e-02,1.220266978258216679e-02,1.219820172159161165e-02,1.223524507173720695e-02,1.216991066933660603e-02,1.217564790599893858e-02,1.221186397600020242e-02,1.215344881507035395e-02,1.216754788412906067e-02,1.215712617666321604e-02,1.217046327732182118e-02,1.219025497027637767e-02,1.218957705266564967e-02,1.218094032373132074e-02,1.216703847972409186e-02,1.223757967450708924e-02,1.222072822351888063e-02,1.221651698253516799e-02,1.222597125692943994e-02,1.217458402327099495e-02,1.222624687557291590e-02,1.218641867976148763e-02,1.218967641006232089e-02,1.219823621497751268e-02,1.217088899958444249e-02,1.215056686720065136e-02,1.216001703729391314e-02,1.220047101098650083e-02,1.220161152307309982e-02,1.215147890099066777e-02,1.213071487906443313e-02,1.221081966387813945e-02,1.214366210819573660e-02,1.221444875533825823e-02,1.209070126120449437e-02,1.217631565783443455e-02,1.212507184095490409e-02,1.216381941356563939e-02,1.220225869956685291e-02,1.223544721993784917e-02,1.213941947267352904e-02,1.211364042698095597e-02,1.216272664766696737e-02,1.217135266460385792e-02,1.217330340963641323e-02,1.219222254861727570e-02,1.219894037775881047e-02,1.222961845468605903e-02,1.210202398168844576e-02
1.214820284414672505e-02,1.208185540050115900e-02,1.218104596815699874e-02,1.207998456060951215e-02,1.213363414040410405e-02,1.211628658053188166e-02,1.208579831164620019e-02,1.208699793568842468e-02,1.211483936014349019e-02,1.204811638272759028e-02,1.214517188514800845e-02,1.210096014804104905e-02,1.209410314146830596e-02,1.210353763949899818e-02,1.206914535664122858e-02,1.211268261663845172e-02,1.203650380711260466e-02,1.209735761874155234e-02,1.206124104910112106e-02,1.206938048312858336e-02,1.205190730670675954e-02,1.210009858110916610e-02,1.207963992013780068e-02,1.209821941550021096e-02,1.207637586476654340e-02,1.213359249601478687e-02,1.208998169496333305e-02,1.205231161728034968e-02,1.207073420444532835e-02,1.210323490488807337e-02,1.204924093199468381e-02,1.208927765248392003e-02,1.211185491200622404e-02,1.214576267670075538e-02,1.209114327701388963e-02,1.210963999222214142e-02,1.205530359106823067e-02,1.210419049984511920e-02,1.211343732873461192e-02,1.207416363296931298e-02,1.203245153070073986e-02,1.216602070353218178e-02,1.206340425043836775e-02,1.212158488548159205e-02,1.211243696294224577e-02,1.204491412110059168e-02,1.205975561124356284e-02,1.207877465438730522e-02,1.210975606774043062e-02,1.216472981903558327e-02
1.202347218508629904e-02,1.199124077309533971e-02,1.197071304494050532e-02,1.199122121849560511e-02,1.196527887300471993e-02,1.197633817442322543e-02,1.202882623443886183e-02,1.204219035576747747e-02,1.200585156356187913e-02,1.194348687437640777e-02,1.197331394990303055e-02,1.198590876335137688e-02,1.202482095069475759e-02,1.199284003622533984e-02,1.200388809511639815e-02,1.200223125934416456e-02,1.204741541310214679e-02,1.200019701278869609e-02,1.199283966955218099e-02,1.198171316892464658e-02,1.199472675181671201e-02,1.193426284397025063e-02,1.203276892298120286e-02,1.198645514721581595e-02,1.196893500724703803e-02,1.197228765624401906e-02,1.194111938018502933e-02,1.194684288981480609e-02,1.203383759589185531e-02,1.200769489182431336e-02,1.201484342196101375e-02,1.204238298125401285e-02,1.206826694532394870e-02,1.200991451620473695e-02,1.197830933581181360e-02,1.203465039100299304e-02,1.199588206212848403e-02,1.197539087670300081e-02,1.202114872868661165e-02,1.202166731723950874e-02,1.196498639213367313e-02,1.196106328436891131e-02,1.199250631576975756e-02,1.200362576353496136e-02,1.203147108776833271e-02,1.197278750581272019e-02,1.198198882626421227e-02,1.194321205912131367e-02,1.201476870751416043e-02,1.202830551951118883e-02
1.190841596969513527e-02,1.184417817068322311e-02,1.190933550495863746e-02,1.190053685869592488e-02,1.187317175037885982e-02,1.187952422884326620e-02,1.191376555297887080e-02,1.190502114183022118e-02,1.190822018752599881e-02,1.185366336426313047e-02,1.185774606287396706e-02,1.186316025307151099e-02,1.191464767094469607e-02,1.188414225885112314e-02,1.188659232878596511e-02,1.181659058849258634e-02,1.186002776712234176e-02,1.183606847974259975e-02,1.186192323201596711e-02,1.188813268837072418e-02,1.184310150931913545e-02,1.186104686531118564e-02,1.183168011130916741e-02,1.192105926170993965e-02,1.191195495461991154e-02,1.185745812084498113e-02,1.184164821599952011e-02,1.187666476690272220e-02,1.187411201603003237e-02,1.189307634352509101e-02,1.186441108454568821e-02,1.193807747277525130e-02,1.186065469734307216e-02,1.184971672329820230e-02,1.187592043143215551e-02,1.193280640270217609e-02,1.183122822434087493e-02,1.183894227123610463e-02,1.189112938475665043e-02,1.183967293783967124e-02,1.181785279058491719e-02,1.189974591098204304e-02,1.185499096276418710e-02,1.191711744330786402e-02,1.188091376670497717e-02,1.186501215911239630e-02,1.178992891516301121e-02,1.188289822086227576e-02,1.188647113236557772e-02,1.183895302006397407e-02
1.173124911926033166e-02,1.177930352382562662e-02,1.170165972314768030e-02,1.172282925284280457e-02,1.177602834069948513e-02,1.174030026887369280e-02,1.176700099992145782e-02,1.175308963030486341e-02,1.179328971719100470e-02,1.175096039323022742e-02,1.183290194435436191e-02,1.176824744819328881e-02,1.171426290761327753e-02,1.174012015999604565e-02,1.175296186214815249e-02,1.176039582837213639e-02,1.166669686551295194e-02,1.173510058130006542e-02,1.175103134480082190e-02,1.175701337231880445e-02,1.172264403268136711e-02,1.175143948352375817e-02,1.172219953983928177e-02,1.177966696539817573e-02,1.176147117550758667e-02,1.171781123321494894e-02,1.174761836684476771e-02,1.179020215608075732e-02,1.171727548260448164e-02,1.173994320169431324e-02,1.174323146344389245e-02,1.168597941085895361e-02,1.177557277479407416e-02,1.182066575200816164e-02,1.175339256969666277e-02,1.172762265394258416e-02,1.178723060679150170e-02,1.177330134698026734e-02,1.174656743008003872e-02,1.174349810754751235e-02,1.176348672344940983e-02,1.173236693797690550e-02,1.171769897084309030e-02,1.173127995592858352e-02,1.174406047536188241e-02,1.170954261961391733e-02,1.168710725479341767e-02,1.171658259135913149e-02,1.181408099341177236e-02,1.181727256066785955e-02
1.167955547226901154e-02,1.168313835947116033e-02,1.161582531275416261e-02,1.164083192132419481e-02,1.161986301807983388e-02,1.164759375225410919e-02,1.165443961679274096e-02,1.164352043645839642e-02,1.169100874312599056e-02,1.158226109594533322e-02,1.168238007690433448e-02,1.162983661138958062e-02,1.166999242840168101e-02,1.165535249933251707e-02,1.156937988452727377e-02,1.168657881023191757e-02,1.161737361940159627e-02,1.162066676710797261e-02,1.165404272253914644e-02,1.171228533062367884e-02,1.159629812610857118e-02,1.161955185255370004e-02,1.165437880825562905e-02,1.163754590299043851e-02,1.162653609398927104e-02,1.163049263515960469e-02,1.172138059802909152e-02,1.160609715274121649e-02,1.168998879602904314e-02,1.160830740683528942e-02,1.157557329130543683e-02,1.161218302197159630e-02,1.162224743875740762e-02,1.162691272462642797e-02,1.160333168176084020e-02,1.166242210638167298e-02,1.163891015104332079e-02,1.165715799564576681e-02,1.168629672912400823e-02,1.166021573155363693e-02,1.165832595497857949e-02,1.162746052473314327e-02,1.165560871870647067e-02,1.167188773018878328e-02,1.166526302002427774e-02,1.164373495637691103e-02,1.164598191515466702e-02,1.160686206294546038e-02,1.161820829570033714e-02,1.167974267969157376e-02
1.147935045898842467e-02,1.151454108933035701e-02,1.151569869626425588e-02,1.147808386141310408e-02,1.151364310041020494e-02,1.152415810509226785e-02,1.155934264525047134e-02,1.146817082185224920e-02,1.152142057303228405e-02,1.157861138520066037e-02,1.157501736468816156e-02,1.153008374321383943e-02,1.150649319833077500e-02,1.147705235157302564e-02,1.150472913949320865e-02,1.152998024728708361e-02,1.153581616021785716e-02,1.151721261132043761e-02,1.147614261555469049e-02,1.147883078219419893e-02,1.157273751994651774e-02,1.155706766722894990e-02,1.150362700533285286e-02,1.150798326139130211e-02,1.156691250695257404e-02,1.149933691838200302e-02,1.145062652710231339e-02,1.155661405346035571e-02,1.147968816679412890e-02,1.149643900405324971e-02,1.152813282433422931e-02,1.145906561180270837e-02,1.152213874312911501e-02,1.148521109586022292e-02,1.150016650541933055e-02,1.143958152735197534e-02,1.158540859318249114e-02,1.153787108650147601e-02,1.152019089355806741e-02,1.153257528979085775e-02,1.147885775399033748e-02,1.145379386197541843e-02,1.149650017045479762e-02,1.154578936745408700e-02,1.149894722617843430e-02,1.156484865687238371e-02,1.151868636613254983e-02,1.147318619459087273e-02,1.156009371388974118e-02,1.148826896592185232e-02
1.136769827767449351e-02,1.140426710532757397e-02,1.136425540686553624e-02,1.141261436389423567e-02,1.140472034115615554e-02,1.142575719486384894e-02,1.134571325563531186e-02,1.128311291827973316e-02,1.136659924773818220e-02,1.137251634460183236e-02,1.138578339626845556e-02,1.141098296768416377e-02,1.134941403177858882e-02,1.138524209187782334e-02,1.143567779648507581e-02,1.143462201327670111e-02,1.139594074104951713e-02,1.139366312274046888e-02,1.139817803756934533e-02,1.140170695129169229e-02,1.141006633198189679e-02,1.137212156719320452e-02,1.135668566884184480e-02,1.140225203880306654e-02,1.143321020730877005e-02,1.136737158421125514e-02,1.130273026447828170e-02,1.144147988679955832e-02,1.138806943894358874e-02,1.138009985949552105e-02,1.142112277249222006e-02,1.140086913403764307e-02,1.136864514126897062e-02,1.139898758503975207e-02,1.137308755197019225e-02,1.135568622289538469e-02,1.132889121577432961e-02,1.145183705998168051e-02,1.133100580231338923e-02,1.133979832962733574e-02,1.139391788274650430e-02,1.144027669532072036e-02,1.137825128567790389e-02,1.137582871249401273e-02,1.139389563195763663e-02,1.137252240098007329e-02,1.137301595126927016e-02,1.140561609218820362e-02,1.135054414852882179e-02,1.141158945085387830e-02
1.119451783647382702e-02,1.124625594009653028e-02,1.127540632763129880e-02,1.129704935581819260e-02,1.126873887190400075e-02,1.123545995125384625e-02,1.122453482536278115e-02,1.130276043956249948e-02,1.123938971211650359e-02,1.114933389841968499e-02,1.126148404093694176e-02,1.118546777503045923e-02,1.121954421636061142e-02,1.117533054045880513e-02,1.125873479691832761e-02,1.124887941184616290e-02,1.118633513869982977e-02,1.118715749443881420e-02,1.125732904729639938e-02,1.116428207583513264e-02,1.119292393276987915e-02,1.121755958048101069e-02,1.123937164500331438e-02,1.124994604258585523e-02,1.124973780660950065e-02,1.124325168065282501e-02,1.115937658640258658e-02,1.121979385569076698e-02,1.120281529048986098e-02,1.130045187031718766e-02,1.124248381563098392e-02,1.122544587509441590e-02,1.127410548898633881e-02,1.116056565428641227e-02,1.120266296661533503e-02,1.120373052515286245e-02,1.128501955273447308e-02,1.125961105914712566e-02,1.129437183977357456e-02,1.127291872063718170e-02,1.123987507423565221e-02,1.123449976645855136e-02,1.120744437609741059e-02,1.125250022348051222e-02,1.129311864808159489e-02,1.126405068631857777e-02,1.122378211804271782e-02,1.121309257443792867e-02,1.126454778990632760e-02,1.123212522790366028e-02
1.108304311577557391e-02,1.109670159289906886e-02,1.104559497640094506e-02,1.104445552486215884e-02,1.106670190418645831e-02,1.109756211132914214e-02,1.111102952863763683e-02,1.110380459450721440e-02,1.106996606627500511e-02,1.102551433879075948e-02,1.103810988923234482e-02,1.112953251231909961e-02,1.110774467708301738e-02,1.113304134327731780e-02,1.105081032631932692e-02,1.102893763105493134e-02,1.104364444878803107e-02,1.107515191897655467e-02,1.109244611937139878e-02,1.104819674286128782e-02,1.110434117733762223e-02,1.107337404244441818e-02,1.109131129158539772e-02,1.108690638251766565e-02,1.105944128792082579e-02,1.110987043497427620e-02,1.109002707885953926e-02,1.104632744375572129e-02,1.106149036261782660e-02,1.104817249240484106e-02,1.113037923714669045e-02,1.096621202401886971e-02,1.108072780377254013e-02,1.102515656041240001e-02,1.110694241195231934e-02,1.107210777614771151e-02,1.106807875953248234e-02,1.106439725902763800e-02,1.101526309709400901e-02,1.105127123319671507e-02,1.105416617725018744e-02,1.103347951028523649e-02,1.116656953418537768e-02,1.108255950400440643e-02,1.108165722981774293e-02,1.107409496191116664e-02,1.103972403017301242e-02,1.110864941325359796e-02,1.111165503895538732e-02,1.110416041938556454e-02
1.094700675826359992e-02,1.095140683729947835e-02,1.093024271882625346e-02,1.092283022547601429e-02,1.089695326387136488e-02,1.094779167403639626e-02,1.093717226710897057e-02,1.088858168569450773e-02,1.094914633646162233e-02,1.086457005421692656e-02,1.094685167266097776e-02,1.095123481328829501e-02,1.096961088966422193e-02,1.098948637213642381e-02,1.094439670027917179e-02,1.090758129275457532e-02,1.092503548856483750e-02,1.091456106795253393e-02,1.091676131430903765e-02,1.093834794204494656e-02,1.098810653789378776e-02,1.094815257517047641e-02,1.094974220951509293e-02,1.091475284817915344e-02,1.091167930688567884e-02,1.095354813264546971e-02,1.096618568996329986e-02,1.089521946281063643e-02,1.094672365439951917e-02,1.093632545076202514e-02,1.094167214224987458e-02,1.093013511200185105e-02,1.095561151225251523e-02,1.088864090875940778e-02,1.091071357287466681e-02,1.096103109624762574e-02,1.089085131449041809e-02,1.094977434928954066e-02,1.094702070848974085e-02,1.090524724217874220e-02,1.093635244589878999e-02,1.087966794799027741e-02,1.089897518198896728e-02,1.099447744064350856e-02,1.089216923740470022e-02,1.099043579785744136e-02,1.092276587466135644e-02,1.098812515139507319e-02,1.092021615070279741e-02,1.097294808797083521e-02
1.074576941981407810e-02,1.072527801312123802e-02,1.082427345985773753e-02,1.078448713056335412e-02,1.068578957642771048e-02,1.081388250122450150e-02,1.083091706764167245e-02,1.079958639169082205e-02,1.078211533252381414e-02,1.076050138970214946e-02,1.080190788766322539e-02,1.064597043989993358e-02,1.074105492213244840e-02,1.082264624914725144e-02,1.090270828392453026e-02,1.076281082884303700e-02,1.082160970524972086e-02,1.072337590152974696e-02,1.070831320671184785e-02,1.071465246521589344e-02,1.077885705624105454e-02,1.074020918336786486e-02,1.084874832702966557e-02,1.075725114187281624e-02,1.075478580356344083e-02,1.082207613431426796e-02,1.079178043845843704e-02,1.079157405059171654e-02,1.078068312554710841e-02,1.079354169239034496e-02,1.073393745197080869e-02,1.074453895830552834e-02,1.077349031603987324e-02,1.078523343761167951e-02,1.080480734053809733e-02,1.073547092540348170e-02,1.078673853167378197e-02,1.082180815316578087e-02,1.078757550472823033e-02,1.079296192652578340e-02,1.072513749412193698e-02,1.071572182669429385e-02,1.083289121796851898e-02,1.071677340103522821e-02,1.074657227839075427e-02,1.073499774452739246e-02,1.085380601228827166e-02,1.081344771715457738e-02,1.080847180814350356e-02,1.077394374708267460e-02
1.058241203172763031e-02,1.060162270727024389e-02,1.053719872282260321e-02,1.069073074835504532e-02,1.057481979293873990e-02,1.058908342617595130e-02,1.059837931043709942e-02,1.062475351057673087e-02,1.067202382603395054e-02,1.057981039962202843e-02,1.056080248678590086e-02,1.061513148540213329e-02,1.060638845179274342e-02,1.057321786076813146e-02,1.056873285524122935e-02,1.057148986337996810e-02,1.055574999066215096e-02,1.060219217142823432e-02,1.057448962028960902e-02,1.063129175522713882e-02,1.060325650498113344e-02,1.058957202146803764e-02,1.060917220782184485e-02,1.061678038735108277e-02,1.059985006497331413e-02,1.060190716480152208e-02,1.063244936322126771e-02,1.065029752741187240e-02,1.054482688819771176e-02,1.053222585773632911e-02,1.063351268046698953e-02,1.055422776637668716e-02,1.064437859028874792e-02,1.055018611609980297e-02,1.057309493381342058e-02,1.062346097639869924e-02,1.059725730323680774e-02,1.055089184373405112e-02,1.054028980757196372e-02,1.061246638578059766e-02,1.051607720485023961e-02,1.062131385842750297e-02,1.061239909325518115e-02,1.058955299439302833e-02,1.054674985151174763e-02,1.054379699965413489e-02,1.055567491921071549e-02,1.067258114277589917e-02,1.051941714853914418e-02,1.059348237016496941e-02
1.040560744670744261e-02,1.045520124610503643e-02,1.042236123845209465e-02,1.041200913330703887e-02,1.044153628420096437e-02,1.038594810678353415e-02,1.044116238516640434e-02,1.042655846521449957e-02,1.039681037285178876e-02,1.044190625550056595e-02,1.042374788716446572e-02,1.034290973005771302e-02,1.037665108762907476e-02,1.041326486063334604e-02,1.037903843824889739e-02,1.043989849461185102e-02,1.038895308323493048e-02,1.039607835466892748e-02,1.051347102994181978e-02,1.040286886903865095e-02,1.046190090536224665e-02,1.040826828346749083e-02,1.044070773279122052e-02,1.041026424417829284e-02,1.044036324930959318e-02,1.038509029492677010e-02,1.048238989417402643e-02,1.041173802641882744e-02,1.045375221603191997e-02,1.039807885545877310e-02,1.045394903121985887e-02,1.043293673450706831e-02,1.038402388800215709e-02,1.050962101136065745e-02,1.043969016369729330e-02,1.036708071861193459e-02,1.046105973192116775e-02,1.042660988886403087e-02,1.042462617384422308e-02,1.042629975437019997e-02,1.045431966437899464e-02,1.040554818195668640e-02,1.040112315828202287e-02,1.045267779432476445e-02,1.039920795046924036e-02,1.042396331140811767e-02,1.041030621291607824e-02,1.037544259036124114e-02,1.042168314834855496e-02,1.040129651970856176e-02
1.017047299455600164e-02,1.022328699639775060e-02,1.021685339527233366e-02,1.022025077012072777e-02,1.025194489922717951e-02,1.022012002700273953e-02,1.020065964990438459e-02,1.024714791929679479e-02,1.019851797998696900e-02,1.026136022814448656e-02,1.023429969984532804e-02,1.025235610521421648e-02,1.021984242203735106e-02,1.018563868079187286e-02,1.024160875542436816e-02,1.023862593867870541e-02,1.027192444003176448e-02,1.014994304610145753e-02,1.019644661829887701e-02,1.024705221736057180e-02,1.030368465423032315e-02,1.021898887935476612e-02,1.027780903529478505e-02,1.015203632997660130e-02,1.020494078666410107e-02,1.021789216989201811e-02,1.026219565108618496e-02,1.019346749033644799e-02,1.022986983007987197e-02,1.026925747593524473e-02,1.022768366852432054e-02,1.021720940740828386e-02,1.018936419108325796e-02,1.025801442449146214e-02,1.023618097076463111e-02,1.021361264043109916e-02,1.018741936363945846e-02,1.020091498648031253e-02,1.026865500397858288e-02,1.026337234498052482e-02,1.020690366368578843e-02,1.026651221121773969e-02,1.023478562257230245e-02,1.018849963674805202e-02,1.023959251099602376e-02,1.013098350940126735e-02,1.027376584719529376e-02,1.016539093319034776e-02,1.021647227276968606e-02,1.019804057908366320e-02
9.977295713070901545e-03,1.003986085530335186e-02,1.004197742811128828e-02,9.998503456089149685e-03,1.001923657959644109e-02,1.001436859251973212e-02,1.003602487154068440e-02,1.002943838553360494e-02,1.005502539672338026e-02,1.002486005629136916e-02,1.004899602402299121e-02,1.006383176284597440e-02,9.992790681568322272e-03,1.007076408571022826e-02,1.000919807357178275e-02,9.999980890043501033e-03,9.978743318495462630e-03,1.003218597421520406e-02,1.007741630752389574e-02,1.005972140016716566e-02,1.007160032514420149e-02,9.966047797690183452e-03,1.000483062679955078e-02,9.994282006519757122e-03,1.001501422595815934e-02,1.002947878753944824e-02,1.004323781741136602e-02,1.000539834365971742e-02,1.006074737294337072e-02,1.004208220558651388e-02,1.005416049551518046e-02,9.992377593262503563e-03,1.004745006641093001e-02,1.004633136044688624e-02,1.001768024167569437e-02,1.002178338023166325e-02,1.000918618361298397e-02,1.002837820391942747e-02,9.971092372343963797e-03,1.000303044236311792e-02,1.002870226516355823e-02,9.982226211127639970e-03,9.986200743880731950e-03,1.009164804239550198e-02,1.005045424763044946e-02,1.000449979269336237e-02,1.004568980046934359e-02,9.994253851606033773e-03,1.004561256535954454e-02,1.001233888554332006e-02
9.770484253633974353e-03,9.814918188143922917e-03,9.804385226614770882e-03,9.878417507564577621e-03,9.832170284058186147e-03,9.781715442928627657e-03,9.815571896612253558e-03,9.848770730507664523e-03,9.774569551340298382e-03,9.887534628593800182e-03,9.870436357585962370e-03,9.851918452793670053e-03,9.820100067277581085e-03,9.859020050856441911e-03,9.786839660970008195e-03,9.817491985880310787e-03,9.810825288865116303e-03,9.837874573177007517e-03,9.814920757792560888e-03,9.826220374315812814e-03,9.806173808986516291e-03,9.817833235369485823e-03,9.841040841664995195e-03,9.887528780674116960e-03,9.832096445028987858e-03,9.838562174634541552e-03,9.840722187165843252e-03,9.831482378600186686e-03,9.785019375037262365e-03,9.823019403168058508e-03,9.822800976012194263e-03,9.806058066411198898e-03,9.847498151919405543e-03,9.799071175660355529e-03,9.828785555877623051e-03,9.818892365967158559e-03,9.872083628879774891e-03,9.840636415050844216e-03,9.815742377150195319e-03,9.890808757952829905e-03,9.908223719181841541e-03,9.823951691656299112e-03,9.836411159374929686e-03,9.777010168797046694e-03,9.849617927183680274e-03,9.825783108328970186e-03,9.825278426815737057e-03,9.895374141897403733e-03,9.842485399240871041e-03,9.848109290309797759e-03
9.693641125823066612e-03,9.626156967010593424e-03,9.591138027787588990e-03,9.627639223237090607e-03,9.646531326416227237e-03,9.575258655557365023e-03,9.620485922944748206e-03,9.606648455529805467e-03,9.609933163137714465e-03,9.570361970898668205e-03,9.629146533431016258e-03,9.584083403345976596e-03,9.619622993385918211e-03,9.607487989591883756e-03,9.581803670354669192e-03,9.557938359910233758e-03,9.640975760062751865e-03,9.638990916777752729e-03,9.623314290487719816e-03,9.596900472300324073e-03,9.581745212359191882e-03,9.603036226914172038e-03,9.608753067979329890e-03,9.621421043959941383e-03,9.578037749416682539e-03,9.640819130641973059e-03,9.615379045338186617e-03,9.641392065355030780e-03,9.583526080607782799e-03,9.643576359693831201e-03,9.544988240450646283e-03,9.585841210864897918e-03,9.627691635654606062e-03,9.714119235834406049e-03,9.629905095416490049e-03,9.572192512009447193e-03,9.631864288158063780e-03,9.650661234023923118e-03,9.643408979039699153e-03,9.602590778544320416e-03,9.648376506287355964e-03,9.606608355089685941e-03,9.629877737857341427e-03,9.665856309223102433e-03,9.658168446935677665e-03,9.626123539064069742e-03,9.640922828696016009e-03,9.623254692490734383e-03,9.621822609342739821e-03,9.688692618643834562e-03
9.422673936935065456e-03,9.420490935288869036e-03,9.343064041472972509e-03,9.426596815343727190e-03,9.506183550597794435e-03,9.371570642368371243e-03,9.371662693592016508e-03,9.441038687044352520e-03,9.402217105186953805e-03,9.401648430092307551e-03,9.415873294811772168e-03,9.443329752083989143e-03,9.379855361835779531e-03,9.413319279113353810e-03,9.465798466780762574e-03,9.374096236680140928e-03,9.335063868238657400e-03,9.407082004569966571e-03,9.407616986682975496e-03,9.395270948236875141e-03,9.462642497894547047e-03,9.436276652078641469e-03,9.382302215676671317e-03,9.371969150863725118e-03,9.468665948002396443e-03,9.382831806835304628e-03,9.418508540423503606e-03,9.403771732429845945e-03,9.383159171379995556e-03,9.360330767649509970e-03,9.364911737596780597e-03,9.368916929661772613e-03,9.431315479530130025e-03,9.401692088684746734e-03,9.413933853369835930e-03,9.402730763716298304e-03,9.417425456406515114e-03,9.398139713618372526e-03,9.442854317633166822e-03,9.380249031233646104e-03,9.411814427185534460e-03,9.408224568374428873e-03,9.319378554669254661e-03,9.447538152685048748e-03,9.462806985223979478e-03,9.322152525658610606e-03,9.418848356641015829e-03,9.381066216020184784e-03,9.416142745837508682e-03,9.460075165271201320e-03
9.169924248582640020e-03,9.222112830039935413e-03,9.165519559290298546e-03,9.212020029404464558e-03,9.089219059716041951e-03,9.191879570889920428e-03,9.142732382009790756e-03,9.151009097514394008e-03,9.167496528530836089e-03,9.179176960175870065e-03,9.171719079936494975e-03,9.229444876999618602e-03,9.156555941203656929e-03,9.197102463634776806e-03,9.102822120912013037e-03,9.179674797511276282e-03,9.136376567522468128e-03,9.225615956982380003e-03,9.151270183971566691e-03,9.166116278936873793e-03,9.182087613693858119e-03,9.130052268053561598e-03,9.224022325333904038e-03,9.209669492752734637e-03,9.162279504290020068e-03,9.150966598932389756e-03,9.149633879980351506e-03,9.137619926537846049e-03,9.203294221631439648e-03,9.194891872160330243e-03,9.148977228495169811e-03,9.136719507850077707e-03,9.183227303347848980e-03,9.149102576361872394e-03,9.169931345747400417e-03,9.163592983683323950e-03,9.259573108438256747e-03,9.124463511562968393e-03,9.151191471924639484e-03,9.152094049199742745e-03,9.182044280977911394e-03,9.215245050086164763e-03,9.121257265406109219e-03,9.187020262570287296e-03,9.185166624048267739e-03,9.183417897313538719e-03,9.098849277550224990e-03,9.081009244529390789e-03,9.204824323333672675e-03,9.200865737077642756e-03
8.944710114444517912e-03,8.996226124080864903e-03,8.951249910615476785e-03,8.947474867922041927e-03,8.901750835113270144e-03,8.900531258346444652e-03,8.932681940581988639e-03,8.935888054629857399e-03,8.979358461137346842e-03,8.977071292164082519e-03,8.883773021379831256e-03,8.947918153931247107e-03,8.936111261097931524e-03,8.959744191215561135e-03,8.884650264836736755e-03,8.903949653846394974e-03,8.879157406556859727e-03,8.988812999086470343e-03,8.880944543490587595e-03,8.970947985738973035e-03,8.901084762458386437e-03,8.871931633017185112e-03,8.981097270877471880e-03,8.964813644831589462e-03,8.884620766130797015e-03,8.966234772322874066e-03,9.019245023547745738e-03,9.021269915657425045e-03,8.903115340271673325e-03,8.880434511256155017e-03,8.932306335937225186e-03,8.921435218985716842e-03,8.955186842836977690e-03,8.984142473321682712e-03,8.934433135023647082e-03,8.977718687312298204e-03,8.909894494900309769e-03,8.853674106714781722e-03,8.912481484894966069e-03,8.960375929661907810e-03,8.945622444473739360e-03,8.981009455241592554e-03,8.962000040382936059e-03,8.938821736726965464e-03,8.902641546302898085e-03,8.919601848995343737e-03,8.900012989160968960e-03,8.912584482384942192e-03,8.920381781202760263e-03,8.940735546038868636e-03
8.680988169893941522e-03,8.664869747028231331e-03,8.686764357374462953e-03,8.692219716507462030e-03,8.732970570853947068e-03,8.741679798193955839e-03,8.680328612370129607e-03,8.717180473423100789e-03,8.637051497129719091e-03,8.731722856933550950e-03,8.709035496605821089e-03,8.726534014039935214e-03,8.654555506295433936e-03,8.663694306208453988e-03,8.687861557021935369e-03,8.639138665081312271e-03,8.678222978764143711e-03,8.705707403359628713e-03,8.654945331104956646e-03,8.651529993575485591e-03,8.661207039908472988e-03,8.663219665048144807e-03,8.700647411756754282e-03,8.718930754676751382e-03,8.674093107033731612e-03,8.676565660531229338e-03,8.569738349183148030e-03,8.752224994293688470e-03,8.665736168326070368e-03,8.668248561352816586e-03,8.685298811392634655e-03,8.665403845215699855e-03,8.713241150678485356e-03,8.701842127940787736e-03,8.701272168421253853e-03,8.661223423959651252e-03,8.735315087269485482e-03,8.681791828767514152e-03,8.677116732467092530e-03,8.673537923186192683e-03,8.640966362527709166e-03,8.787451939497229955e-03,8.671183621048470305e-03,8.717124734942573519e-03,8.718987713516758789e-03,8.549970201984165991e-03,8.615637474087700295e-03,8.568834551179753747e-03,8.683569446358757604e-03,8.685674798103041119e-03
8.476766770237191898e-03,8.426618993112946349e-03,8.416536963077099476e-03,8.432515893263889742e-03,8.459950377112968392e-03,8.441437239351298749e-03,8.431019877734527088e-03,8.374860732172318897e-03,8.414845532187834390e-03,8.400265294203951641e-03,8.410604946290230546e-03,8.468709112047983351e-03,8.368865200783863131e-03,8.422004633721251118e-03,8.420847483841135961e-03,8.382806666347379643e-03,8.409156784126382844e-03,8.423795791635818944e-03,8.451810840262988234e-03,8.400416733111358905e-03,8.489756367726095446e-03,8.440976507916374966e-03,8.378979317260833865e-03,8.440246660706239926e-03,8.436917894822201086e-03,8.478766356273500712e-03,8.431729808661936679e-03,8.397514615235742580e-03,8.406386307932752280e-03,8.443571884777140851e-03,8.451374614062855464e-03,8.418306027082957804e-03,8.451159367108268886e-03,8.489933480563831639e-03,8.424478422413863438e-03,8.522727763931923703e-03,8.472122808083504958e-03,8.428108326170248923e-03,8.398134189162943797e-03,8.472209059344515056e-03,8.426482407260280083e-03,8.418268931167590535e-03,8.481056587566896884e-03,8.389391003313649217e-03,8.311392167577156057e-03,8.461718689755419465e-03,8.461604000953883847e-03,8.432253069523351283e-03,8.403115167405909511e-03,8.353844801834223177e-03
8.215020137926123608e-03,8.063754124993187042e-03,8.145451364619280682e-03,8.149811787540645405e-03,8.173577067787660480e-03,8.147989031649680719e-03,8.208271809577486269e-03,8.078950285293821226e-03,8.256810931878888135e-03,8.122907905824516481e-03,8.215525005009457690e-03,8.187601568031183802e-03,8.130278391928187284e-03,8.107413595865123682e-03,8.158662008612302396e-03,8.195192313206648566e-03,8.176780382493479410e-03,8.167736380868585028e-03,8.150973964580730119e-03,8.151690624740925289e-03,8.148644588878359296e-03,8.152939462846172519e-03,8.177198126051323998e-03,8.188179178364379113e-03,8.174181165263838186e-03,8.147029180859525349e-03,8.139377821117590311e-03,8.208798506969806202e-03,8.213878337858634276e-03,8.215562776370531270e-03,8.209727895255080135e-03,8.193525694846390608e-03,8.159287311945965029e-03,8.189586069662010970e-03,8.178019803935312332e-03,8.143783216827510732e-03,8.158136613746643645e-03,8.067433886064328402e-03,8.217150882915580379e-03,8.123383787143509741e-03,8.150491343820115767e-03,8.177891880632158841e-03,8.221457090862997405e-03,8.139527743784812086e-03,8.196271120713935140e-03,8.214375667854963495e-03,8.124769338144571806e-03,8.176723665700777813e-03,8.190322034276484309e-03,8.185007663210923032e-03
7.892998073734792605e-03,7.870385433201156078e-03,7.922631488728173674e-03,7.856532944590342848e-03,7.894335259374574490e-03,7.873489232253848974e-03,7.969556619023423702e-03,7.864322989596219185e-03,7.738309645065522338e-03,7.873016438842037404e-03,7.815517250900520102e-03,7.876754343183718990e-03,7.909439753048884414e-03,7.817251717916504777e-03,7.851297281921536600e-03,7.850594461075650551e-03,7.823557490860114788e-03,7.874056913928713028e-03,7.848314412086372302e-03,7.939506469193101726e-03,7.929437355923333458e-03,7.979309965744630501e-03,7.828089556247509739e-03,7.856688866758549175e-03,7.885562232741531383e-03,7.794063293440350523e-03,7.858245638193860419e-03,7.855739590759655208e-03,7.879789142569761443e-03,7.858067727438137334e-03,7.892293173207496834e-03,7.924147817061815216e-03,7.906109859203659315e-03,7.842388647473434726e-03,7.967755156632018096e-03,7.858417215164762229e-03,7.881208143128327556e-03,7.957513081858288637e-03,7.938689277400150235e-03,7.881971587180607725e-03,7.832588559570769632e-03,7.889978950208719616e-03,7.893377099673082320e-03,7.796704688627530654e-03,7.912377471180748884e-03,7.887546644278729813e-03,7.920384113137085569e-03,7.854869641069470512e-03,7.914492275776728245e-03,7.871343633068043563e-03
7.572961551648300406e-03,7.523784058966877762e-03,7.558911139268085534e-03,7.615692980406544438e-03,7.623456079865414438e-03,7.607112927397473995e-03,7.634781777521150968e-03,7.595548478405917021e-03,7.615094348561380483e-03,7.558808453700624139e-03,7.617577402374925422e-03,7.529482270102170333e-03,7.597130915256208178e-03,7.625242107063333850e-03,7.625814639841440971e-03,7.604993924884604663e-03,7.555466066694860837e-03,7.622953654151600096e-03,7.580280067202060761e-03,7.461674252884886380e-03,7.578377680469077643e-03,7.606144994734324004e-03,7.512657642544618916e-03,7.588131647254475406e-03,7.587328870971954235e-03,7.654844532136460822e-03,7.589452301107199941e-03,7.513160220602161168e-03,7.620927263649634673e-03,7.569442847837074863e-03,7.613752970200443095e-03,7.614271160746841766e-03,7.617548799446463917e-03,7.599095513612403631e-03,7.646546810669839142e-03,7.565995603227378477e-03,7.548657568398797063e-03,7.598286169734049834e-03,7.573018303130101686e-03,7.637383542007119067e-03,7.633187989092057001e-03,7.584435460209814316e-03,7.524777387761256986e-03,7.610385051334577107e-03,7.609709450629514697e-03,7.645226272174409504e-03,7.592402516984161909e-03,7.583154668787494071e-03,7.597983242640217807e-03,7.573628219228645438e-03
7.268402036973974426e-03,7.309671493172773676e-03,7.319338858826194075e-03,7.289168487138199953e-03,7.271377552567076172e-03,7.280143186021358244e-03,7.320731944216053028e-03,7.332949379139607794e-03,7.308831040083025449e-03,7.322038093212648868e-03,7.272750837122493421e-03,7.305120262934956810e-03,7.258859934297322118e-03,7.241818531904949466e-03,7.180821803198510732e-03,7.316575547082978387e-03,7.331550942226506065e-03,7.331414536491051744e-03,7.293476728216527136e-03,7.301204234978140618e-03,7.229751286343778956e-03,7.322207672355732569e-03,7.264332442510040844e-03,7.334121569098611855e-03,7.308114691892434074e-03,7.268479623926907100e-03,7.214207851990803687e-03,7.281885611031811180e-03,7.221715485824372997e-03,7.385942101625925932e-03,7.299325350169309085e-03,7.308052408399533587e-03,7.365500638676214865e-03,7.272986512087933203e-03,7.295770097402700521e-03,7.258606489426200001e-03,7.329146381876126132e-03,7.271394914072729435e-03,7.297454857220624438e-03,7.273751216032907016e-03,7.345493834563518801e-03,7.319027305410393675e-03,7.341420665763416162e-03,7.339088521613751880e-03,7.254271000463492595e-03,7.343879696280052050e-03,7.281783320261485740e-03,7.296491682665273704e-03,7.206131313263689463e-03,7.263432911367695942e-03
7.010675893783588873e-03,6.999090708828161443e-03,6.994516855203246862e-03,6.992720774914814620e-03,6.940032147776909258e-03,7.043549331278912799e-03,6.963064127184033850e-03,6.949882583390219054e-03,6.957166889256649091e-03,7.004818160320787357e-03,7.015285749592250694e-03,7.007541578697483106e-03,6.987145072775523616e-03,6.983503117451579124e-03,6.940707551232857056e-03,6.995439315461814654e-03,7.041158167125989749e-03,6.963752270290681466e-03,6.887178732356207672e-03,7.007852014960997897e-03,6.905050980673735177e-03,6.905797537078837110e-03,6.985344941612703709e-03,6.995047750643955745e-03,7.005960285859649632e-03,6.995016807351199517e-03,7.014174243672188953e-03,6.961669942600355598e-03,7.004469687464813521e-03,6.975950557857984492e-03,6.860848826587298728e-03,7.007221123316811733e-03,7.003895314287857457e-03,7.045716404139427264e-03,7.012958048131180157e-03,7.016713154678516466e-03,7.051151525090672625e-03,7.006040091205405045e-03,7.026070551721988987e-03,6.913212984111488657e-03,6.931938684041074120e-03,7.009835139537312111e-03,6.976657178283200526e-03,7.013066772037545096e-03,7.015478032776613360e-03,7.093116069747426589e-03,7.029524212104504635e-03,7.062765656489976458e-03,7.022166057935964878e-03,6.992038543607347403e-03
6.726730238068229402e-03,6.691814500395788096e-03,6.620597221014885847e-03,6.657311063548027909e-03,6.647491636651105262e-03,6.626432995802049135e-03,6.702060348799769585e-03,6.670577589832793301e-03,6.692769087818943412e-03,6.664191714698361121e-03,6.628754813408395050e-03,6.690671484265464999e-03,6.645631976134475268e-03,6.683648739011662128e-03,6.631617050725504767e-03,6.606558516928197518e-03,6.696289156114154824e-03,6.654118350798719599e-03,6.689769432135142697e-03,6.700389712778231574e-03,6.713085093537422311e-03,6.805110870696277729e-03,6.603271801732889246e-03,6.776767036848000726e-03,6.684455857196545253e-03,6.660284935297289960e-03,6.723430781214284092e-03,6.681825372071164421e-03,6.719347648266871253e-03,6.719268175046940947e-03,6.637770426118211331e-03,6.667935657157062976e-03,6.609263044929196418e-03,6.660419332072931541e-03,6.625918728562668267e-03,6.641272878573196981e-03,6.725064383879036413e-03,6.593929006658440402e-03,6.643232296051054114e-03,6.633194870854549306e-03,6.630245106772119680e-03,6.690087220564972480e-03,6.667804279700304849e-03,6.647153808243973748e-03,6.652554810629681195e-03,6.688503053628181046e-03,6.602369713094782301e-03,6.676843851190749843e-03,6.555165894496585259e-03,6.739426904829131509e-03
6.408485950432635594e-03,6.383208254574898946e-03,6.339256314912293869e-03,6.390091174586100438e-03,6.351059301843486014e-03,6.340710479035309086e-03,6.311380602813324546e-03,6.306081184228742344e-03,6.356649523666722638e-03,6.364831842646879838e-03,6.294689307158500037e-03,6.273909765209305898e-03,6.264043104025461377e-03,6.345955301511723920e-03,6.310288573812278777e-03,6.374925340136851012e-03,6.294963194149397721e-03,6.291689693496652948e-03,6.370113965474362948e-03,6.263458697377633465e-03,6.373484143936528068e-03,6.333993612396325926e-03,6.284883827043043214e-03,6.349035583360693354e-03,6.315616875347945629e-03,6.315806244058914769e-03,6.328148021056699372e-03,6.280439872051352644e-03,6.350569208090109732e-03,6.402537862425589955e-03,6.348238105327972877e-03,6.373106866111581670e-03,6.285235139767631624e-03,6.366164163218871255e-03,6.355496844565873375e-03,6.304686224436344827e-03,6.365950442324164703e-03,6.287254302930284089e-03,6.382128382001895327e-03,6.393672598211100865e-03,6.422655673184615027e-03,6.372447739349088730e-03,6.276218686335374893e-03,6.345169683480591898e-03,6.402328697920884812e-03,6.380425018890682753e-03,6.340017647704020501e-03,6.269998536238562820e-03,6.394678369513850935e-03,6.283278704428440706e-03
5.931256195608570342e-03,5.908869284334298047e-03,6.042478032529038055e-03,6.012027564041254324e-03,5.975531491414755314e-03,5.989674656775342831e-03,6.023656571566731940e-03,5.984098673741376252e-03,5.965173484162195408e-03,5.923280461995685149e-03,6.033571228172022669e-03,5.899952396210753416e-03,5.952254860881949633e-03,6.000211795142717380e-03,6.000268520871856505e-03,5.944494710071617644e-03,5.982505548665173131e-03,5.960068220999733060e-03,6.007739967299992496e-03,5.968184729962133783e-03,6.024834731267601773e-03,5.970391805724744975e-03,5.990445318949477564e-03,5.925901048737398577e-03,5.891745258479653795e-03,5.903527871626981956e-03,5.870907514707551615e-03,5.990022776298108489e-03,5.901692718252118421e-03,6.074595224738212756e-03,6.007614453379257410e-03,5.945789147280234818e-03,5.928418062926473463e-03,5.948259657828202512e-03,6.100806489629548995e-03,6.018064848633329460e-03,5.897240672963629041e-03,6.029373086401578798e-03,5.885034270764283315e-03,6.036615865450936126e-03,5.934324558682689023e-03,6.010410738579374627e-03,6.016371085753825440e-03,6.012136291617740762e-03,5.868300732598628368e-03,5.984025386868803073e-03,6.109999693679034859e-03,5.938310418932933078e-03,6.001559104415150198e-03,5.909242025369871448e-03
5.528100055597059276e-03,5.662256095812026775e-03,5.655747005879346520e-03,5.682612593839575683e-03,5.619806367265315142e-03,5.631885708501150646e-03,5.606698553582359010e-03,5.682011476779186276e-03,5.605653851469896698e-03,5.621953018290903360e-03,5.629448794466109657e-03,5.652353702273328617e-03,5.693900106242806222e-03,5.557749837189179809e-03,5.592385672783074108e-03,5.622997456667880832e-03,5.590789174478092219e-03,5.585157048751183094e-03,5.580517459745031224e-03,5.594804912147021206e-03,5.661998875407229029e-03,5.616068562631759860e-03,5.635933471202989042e-03,5.605065636374101205e-03,5.619537525575594300e-03,5.605596176008993854e-03,5.695880579342098120e-03,5.639707242370640798e-03,5.637200932435649722e-03,5.566686159149217619e-03,5.587361066862229185e-03,5.607119790143944883e-03,5.689795304331259941e-03,5.622443043736019552e-03,5.569341218666529550e-03,5.596564881191474009e-03,5.607002276861601173e-03,5.703397841718431741e-03,5.553377089665972530e-03,5.684819096184752681e-03,5.690051987182482250e-03,5.605493766744999544e-03,5.695720937342907755e-03,5.669661196481071315e-03,5.660478373279729213e-03,5.579416360589842076e-03,5.618221205928123144e-03,5.681984626479695544e-03,5.583041754032533853e-03,5.611325986051144722e-03
5.276858577046747781e-03,5.222715571099582725e-03,5.272533278995207399e-03,5.242331589665861526e-03,5.395282831610128359e-03,5.300227120937009775e-03,5.232392772442385868e-03,5.183841241542817661e-03,5.349189607917297085e-03,5.230959133068499231e-03,5.196252333167946519e-03,5.318966879123868813e-03,5.283862257624121102e-03,5.317086794658701203e-03,5.240309773410655250e-03,5.270593013671220906e-03,5.280525879113945158e-03,5.205207573393273723e-03,5.230114248523687857e-03,5.278499697129697583e-03,5.239678679177003917e-03,5.251469999189942520e-03,5.156340114622862125e-03,5.326149106729215384e-03,5.243943465502776992e-03,5.149075684143990077e-03,5.202685115028896426e-03,5.246999171994017573e-03,5.207714393995708027e-03,5.309176318310387249e-03,5.278416535561214484e-03,5.283590736837855822e-03,5.288627394999645577e-03,5.195814855409499299e-03,5.326528759613113374e-03,5.276093164326756992e-03,5.274864172736572210e-03,5.263688887066644839e-03,5.323114140477075602e-03,5.250515786065758361e-03,5.278831770445781280e-03,5.326247318529480669e-03,5.287451845691612529e-03,5.263104753001610937e-03,5.285816557179812310e-03,5.273682695976012087e-03,5.259675655920291286e-03,5.228729524487040273e-03,5.260703723706587100e-03,5.250543993450997558e-03
4.922553612493984869e-03,4.950486425013436373e-03,4.939538127013230057e-03,4.851578321093360721e-03,4.884703297028000941e-03,4.891636977840604916e-03,4.893353532248279764e-03,4.899124251644917070e-03,4.925978274748056898e-03,4.852101659573213044e-03,4.918818729778832131e-03,4.919796471595745679e-03,4.907175646353849514e-03,4.947727796901734559e-03,4.906769723036640170e-03,4.910566435335611199e-03,4.837032658219645245e-03,4.896566489428579895e-03,4.867018890895832665e-03,4.859648793867626416e-03,4.783570669538818494e-03,4.857472639449776815e-03,4.894832861299655731e-03,4.873187824836918564e-03,4.917200086615171675e-03,4.808114973417132974e-03,4.815871111197320663e-03,4.783814176701863159e-03,4.828659233785578472e-03,4.806732485342976938e-03,4.862118689303356923e-03,4.839227145430543241e-03,4.834013002121484263e-03,4.863758162379374847e-03,4.850006540824691910e-03,4.930239251373512606e-03,4.844053113966750174e-03,4.760943615178643389e-03,4.810890766738438323e-03,4.828436651717440617e-03,4.927420908919572483e-03,4.861109452900739224e-03,4.870954550921970626e-03,4.778509729720927142e-03,4.891822163328497959e-03,4.907782851090379019e-03,4.893403034184274497e-03,4.818522924905684589e-03,4.926001062716798932e-03,4.838791688807612783e-03
4.460701970031705210e-03,4.464696012174191111e-03,4.522253567613658716e-03,4.444562139868333053e-03,4.523285208195861745e-03,4.456098638441839677e-03,4.469853599443665906e-03,4.419699127996118936e-03,4.539365079888725910e-03,4.481023662552807534e-03,4.371400806490034589e-03,4.390918956896190488e-03,4.509032671123543515e-03,4.452007127594008289e-03,4.437448736797254371e-03,4.472216556169026844e-03,4.353600049032172424e-03,4.458915188531574827e-03,4.417770164419344142e-03,4.488075604716536618e-03,4.503741627271018455e-03,4.421859799546271411e-03,4.480663183998984632e-03,4.446589738866119253e-03,4.510760135297581241e-03,4.448835813254362233e-03,4.473254243378338608e-03,4.505705879026786730e-03,4.426719859340119863e-03,4.405108295295044954e-03,4.508289594522030957e-03,4.487078582050812309e-03,4.501179898940912277e-03,4.538604078734067779e-03,4.399449973290527754e-03,4.473267301128061244e-03,4.439981094949383388e-03,4.452107236731235596e-03,4.547117801634447017e-03,4.375039605527467415e-03,4.388823696280114324e-03,4.416778945070125133e-03,4.465851746264805876e-03,4.466802784213096990e-03,4.464116821539293803e-03,4.474841535191832059e-03,4.443917964797523476e-03,4.496184045559588512e-03,4.456537692179469989e-03,4.495719823805334296e-03
4.086737955360117414e-03,4.039766434287946940e-03,4.058633436794761677e-03,4.157984727777253378e-03,4.140916896623004703e-03,4.051932839092158012e-03,4.024534300109846446e-03,4.031600416874844307e-03,4.054329530625610904e-03,4.056794653761837920e-03,4.054251478906576757e-03,3.999848352170916853e-03,4.103115407711283198e-03,4.078572167573030031e-03,4.059232368884340900e-03,4.026077095425161130e-03,4.025264487870949121e-03,4.061126988681899343e-03,4.028238301843528428e-03,4.096520263138372399e-03,4.028470047020756353e-03,4.071857905581950481e-03,4.139099371788188160e-03,3.983440447704632466e-03,4.009374161304352265e-03,4.072783612370078216e-03,4.038266058359238006e-03,4.025993655847162449e-03,4.012958372318451740e-03,4.026954292457246044e-03,4.075698809650864576e-03,4.032239933753570954e-03,4.051011692509667861e-03,4.081242581845323340e-03,4.007917906584718484e-03,4.077342080835805356e-03,3.992483904361451841e-03,4.110473331020142625e-03,4.098640309097586684e-03,4.028483125139636738e-03,4.101784579718726828e-03,3.997616242121463347e-03,4.084578065346516559e-03,4.099141942642715343e-03,4.084633785425301027e-03,4.079327140717842540e-03,4.039860786376169195e-03,4.044073707025517585e-03,4.084454076384199696e-03,4.052243709886904112e-03
3.603964533214615122e-03,3.664087190473066472e-03,3.716577134873966584e-03,3.624658146865805328e-03,3.632637590192001800e-03,3.667453011739055680e-03,3.583769016799366255e-03,3.634603472712802635e-03,3.598813752205201524e-03,3.664918845138287560e-03,3.542043306751953193e-03,3.622885303699455509e-03,3.695404067811067748e-03,3.691844716573670308e-03,3.622274879312381134e-03,3.656398092441172712e-03,3.593205722740726998e-03,3.518404505312276980e-03,3.606205786230705888e-03,3.580076273340403008e-03,3.701879897281020685e-03,3.568177668071063381e-03,3.591958658457215531e-03,3.556038801071634888e-03,3.560707963771890180e-03,3.642273480190511611e-03,3.639398674026787361e-03,3.602089262606622804e-03,3.681325823024357048e-03,3.616154723209454459e-03,3.599302941068573732e-03,3.653682489951354338e-03,3.695994760155045869e-03,3.613503400061906894e-03,3.615394959857138289e-03,3.578102473770581465e-03,3.597676236708792497e-03,3.590376217568506338e-03,3.591952527899639185e-03,3.583534415637435258e-03,3.612428488763041751e-03,3.601154836153488970e-03,3.659493084641281171e-03,3.696915482263652460e-03,3.543583588434650721e-03,3.611422314467669335e-03,3.628651936970114442e-03,3.611499887502318384e-03,3.531782041094511711e-03,3.657337310543031048e-03
3.146210299077201351e-03,3.194458472246621428e-03,3.130958242525152830e-03,3.210393474245664194e-03,3.171311893358924171e-03,3.202388631209679599e-03,3.190208046758483303e-03,3.153711195532814780e-03,3.227124471942062305e-03,3.167163142534304421e-03,3.175694368766694003e-03,3.214848462232539322e-03,3.201622642535924962e-03,3.151805502122191193e-03,3.140135414277199846e-03,3.171250223490383342e-03,3.149255739482988842e-03,3.270024191294336122e-03,3.178524665022356907e-03,3.103076608490007698e-03,3.156392861968898653e-03,3.168392772232487935e-03,3.146922311376432364e-03,3.247325482421670878e-03,3.086837021906846824e-03,3.129334613528969491e-03,3.169270094233734604e-03,3.146433677386889331e-03,3.126535639145357030e-03,3.097096878410890604e-03,3.212022891990019315e-03,3.192437648654130634e-03,3.229427328532569197e-03,3.171020261020654832e-03,3.149832419148019223e-03,3.198172950495675650e-03,3.197224546466385410e-03,3.125454477416507101e-03,3.209461918031566389e-03,3.143317275092605886e-03,3.158226062565484566e-03,3.148680797811780237e-03,3.140909069730680753e-03,3.159324232836534588e-03,3.213975126214182760e-03,3.213829747113972329e-03,3.216876802243187269e-03,3.137159201263309445e-03,3.181501203289579822e-03,3.116703560001141127e-03
2.625590676783773683e-03,2.690575493916995149e-03,2.670284175541496902e-03,2.729962448917755240e-03,2.657219667067801765e-03,2.648787034135696109e-03,2.683554680933787542e-03,2.684227478533066438e-03,2.650919563646326072e-03,2.628854897996896374e-03,2.605403343486759060e-03,2.697414633813143003e-03,2.682768078539194984e-03,2.685012090228265039e-03,2.689826924562827536e-03,2.614874404755968863e-03,2.696186257544538802e-03,2.729218569713151490e-03,2.689666775637564004e-03,2.747047789043855718e-03,2.640559795476950591e-03,2.598758714270410237e-03,2.674665105885109823e-03,2.646805567085812674e-03,2.669556401816781249e-03,2.760417513901383072e-03,2.676655525938894872e-03,2.668660209772477816e-03,2.578872955821235810e-03,2.726676735949834420e-03,2.758844527734405101e-03,2.607135575699355817e-03,2.628555884917694544e-03,2.632857719280437894e-03,2.620754595965381958e-03,2.702707600432742528e-03,2.716162760257121844e-03,2.721832017935255695e-03,2.640011774991302303e-03,2.692568692724139987e-03,2.676723748896543079e-03,2.686672115520782368e-03,2.613663572007569793e-03,2.742420754716486109e-03,2.578859013305755555e-03,2.650135090036616695e-03,2.696856469553940948e-03,2.727388427937412364e-03,2.641562158613503051e-03,2.688563866935874801e-03
2.170324723600530140e-03,2.179995147597753140e-03,2.158407468175130815e-03,2.162849350305537724e-03,2.068791089742074395e-03,2.222579634275596155e-03,2.237824513929366314e-03,2.133463649569621989e-03,2.228206285053994668e-03,2.173705741778344646e-03,2.211394348332831102e-03,2.167239675244659724e-03,2.131467030653228824e-03,2.097030467498210878e-03,2.164999600453573932e-03,2.231451749309462749e-03,2.100195520795055532e-03,2.096396963123859682e-03,2.157628349511278836e-03,2.065512616077020379e-03,2.126569719382866239e-03,2.178856486086989085e-03,2.237399991911324069e-03,2.170182561226046639e-03,2.178366120695600806e-03,2.099518803092358544e-03,2.180927438830963794e-03,2.219035859551157092e-03,2.171724514499437722e-03,2.123103119046006876e-03,2.133338782902735511e-03,2.183266830660801541e-03,2.095045064975142694e-03,2.113823475048900308e-03,2.237936120483742606e-03,2.143238068674845759e-03,2.217067710098365174e-03,2.098808913756427044e-03,2.134485110029935885e-03,2.187180777642315933e-03,2.137039258479265635e-03,2.128710332496990681e-03,2.171326183008226093e-03,2.157659912179869972e-03,2.195607986978532350e-03,2.113376209680813654e-03,2.211614938572345045e-03,2.171567208380764582e-03,2.243577854577125715e-03,2.155766597797883610e-03
1.561717276494951944e-03,1.729958728932122318e-03,1.612126466558860740e-03,1.743318263807261620e-03,1.675432071501697711e-03,1.562778752628509555e-03,1.553961390055580904e-03,1.552325728282973657e-03,1.601147503793576331e-03,1.660685761868004517e-03,1.552817344437977662e-03,1.684599885383236944e-03,1.611720877143698683e-03,1.763604249907381677e-03,1.566450930124714926e-03,1.550902703096715017e-03,1.547039236005868981e-03,1.693328661115066792e-03,1.700359652375421290e-03,1.631222527572320780e-03,1.629604991000223281e-03,1.647956063904142945e-03,1.576641576870397958e-03,1.673674551066328198e-03,1.586324864058682961e-03,1.663669163451976562e-03,1.654836120349663419e-03,1.620932632229268129e-03,1.588890644172583034e-03,1.630591492780656803e-03,1.622532307522753237e-03,1.595246071434223154e-03,1.632759517532683929e-03,1.538748665764401230e-03,1.724248877824772564e-03,1.587170710211257369e-03,1.605346843773849085e-03,1.616692753336028193e-03,1.634607229473121221e-03,1.641048788967782801e-03,1.586860543782689717e-03,1.666286798059233177e-03,1.648330635088340358e-03,1.598144603826118140e-03,1.627013853351865370e-03,1.593334164156700889e-03,1.581070253432672809e-03,1.607418749749041495e-03,1.605307530746646763e-03,1.645911687044958587e-03
