2.756244712231239458e-01,2.772260100824492923e-01,2.732049238794179158e-01,2.734346640736373679e-01,2.766926801216873510e-01,2.793575583088031000e-01,2.739892179251466331e-01,2.768218688738232069e-01,2.745402418183716664e-01,2.772318325442592046e-01,2.780006260763521198e-01,2.766043736251073693e-01,2.741780097003040928e-01,2.766076793212339235e-01,2.760131093165399951e-01,2.748549772819169901e-01,2.755291556809735809e-01,2.744181753501372389e-01,2.756690652619465109e-01,2.743590834288438529e-01,2.739559698864016957e-01,2.772254626980881209e-01,2.742759880138262996e-01,2.725370259007361962e-01,2.781708530165729609e-01,2.795760943550114619e-01,2.789270350801734133e-01,2.765044317812349051e-01,2.726043800542002349e-01,2.765325143324265378e-01,2.790463521220634679e-01,2.789562542393336786e-01,2.761072073135175664e-01,2.729439698155009530e-01,2.748716911737930646e-01,2.771891408814158297e-01,2.779219079381846091e-01,2.761181639713943814e-01,2.754436470452756303e-01,2.792027652889723655e-01,2.757978828089806544e-01,2.752085322960742819e-01,2.742092808200923826e-01,2.753171907761693404e-01,2.748775372287161622e-01,2.784137662718412787e-01,2.747109502783537938e-01,2.741660131087441110e-01,2.758772248560831253e-01,2.733100679933241350e-01
2.737553762611204533e-01,2.778591149870307531e-01,2.744492283571575153e-01,2.773968629045817091e-01,2.763579685206977166e-01,2.714200539599806450e-01,2.734673618067591794e-01,2.748034435935320374e-01,2.742235338404296341e-01,2.784795719895002408e-01,2.761856879709879142e-01,2.747492426669217447e-01,2.730607023617123708e-01,2.771367630630105494e-01,2.760721762179945138e-01,2.758415426987549934e-01,2.761928325657472816e-01,2.734054315151511760e-01,2.746695996698296782e-01,2.762073408555119070e-01,2.769181791457239195e-01,2.755775515369093265e-01,2.755123188610869023e-01,2.763296188653889818e-01,2.743779929718671573e-01,2.762079423060478933e-01,2.751444508504469755e-01,2.743008037914280717e-01,2.729691139744963579e-01,2.746123776381386716e-01,2.771519722015130527e-01,2.744922065370364872e-01,2.765161716596927222e-01,2.763328437556543116e-01,2.735523236427092053e-01,2.743222496336871208e-01,2.716235623006021949e-01,2.743993342672914615e-01,2.749454269151100916e-01,2.760790685638135344e-01,2.754721363424323943e-01,2.749915399331514521e-01,2.765112416719231470e-01,2.764608322221402958e-01,2.762985654855980577e-01,2.768962581449788685e-01,2.748138713725446491e-01,2.765657040346818363e-01,2.762927366447553434e-01,2.758891745737882539e-01
2.738842233576805341e-01,2.747770811332533314e-01,2.766919181126040184e-01,2.762518557140175024e-01,2.758120701227431137e-01,2.734701407585460875e-01,2.768820420394164095e-01,2.785941561150664936e-01,2.757770168010195699e-01,2.741265365710480739e-01,2.748561273646417114e-01,2.736895419397518681e-01,2.736113063739241680e-01,2.730899142901591636e-01,2.726411104852856093e-01,2.789307478604820534e-01,2.760277360032455940e-01,2.729968574445815754e-01,2.756763594466856149e-01,2.732214453174375279e-01,2.733802087426009386e-01,2.723061607097941317e-01,2.743557027346564814e-01,2.721223211002282150e-01,2.792205113200435518e-01,2.757288494353926089e-01,2.746188096997995709e-01,2.750061981736034444e-01,2.748183818116592403e-01,2.763320281707972170e-01,2.743825039400997201e-01,2.768567544316217766e-01,2.760027620463971765e-01,2.748662133600671131e-01,2.762761602976757103e-01,2.727319865377860197e-01,2.762047075052265765e-01,2.742965799163671337e-01,2.748062214811566317e-01,2.740818166540013312e-01,2.765744214952904345e-01,2.737099627020622150e-01,2.742610021815512500e-01,2.759601094606816685e-01,2.727577150491566349e-01,2.774802485357296122e-01,2.753914988643434425e-01,2.755427826705819094e-01,2.760115843189062113e-01,2.771288972529343253e-01
2.706264339483584469e-01,2.733505197564606859e-01,2.757111154438763312e-01,2.740245456872282270e-01,2.767259015328827898e-01,2.734043773254499210e-01,2.742385611429043468e-01,2.728544380513936440e-01,2.750256751531891530e-01,2.759987206117130998e-01,2.745013469390280014e-01,2.730970417274221074e-01,2.746942902990980873e-01,2.725339656207364514e-01,2.749755145785094945e-01,2.703106732381767574e-01,2.732846240143301797e-01,2.783893733581924157e-01,2.768592568252525310e-01,2.748474435134800054e-01,2.758546709729632340e-01,2.723266730069037189e-01,2.770946095058122727e-01,2.742682511497036568e-01,2.744050903099942151e-01,2.749835270405613374e-01,2.749058026659105258e-01,2.765860452165230798e-01,2.713530254795925023e-01,2.760884230648132931e-01,2.758910090742136556e-01,2.743098029029720220e-01,2.751483700011337352e-01,2.770806105263682317e-01,2.737379089542315569e-01,2.762202961925941946e-01,2.725337892528011952e-01,2.725947111589456795e-01,2.753137086302323011e-01,2.731229087886591911e-01,2.750750177497572890e-01,2.754445764328308233e-01,2.773795906134219891e-01,2.745062720878315154e-01,2.728727754919672566e-01,2.742757850449267232e-01,2.735229518204056465e-01,2.731233539024914836e-01,2.748889515143163043e-01,2.769901709917547694e-01
2.742669333694217615e-01,2.740811957711236646e-01,2.746757634199878950e-01,2.735205646675722413e-01,2.719267446879931605e-01,2.744882311120471763e-01,2.730664017630911600e-01,2.720448707564636082e-01,2.758133707632839937e-01,2.749862523761855138e-01,2.709717790421682371e-01,2.732860798155292703e-01,2.777588351705201353e-01,2.730287402605070524e-01,2.723027325782058639e-01,2.768373046409536298e-01,2.751865745385472239e-01,2.720660953155206729e-01,2.743528559776641784e-01,2.734560307423417602e-01,2.758864225400863290e-01,2.709770375760127137e-01,2.760873681132383073e-01,2.740108094575079978e-01,2.757245843106130856e-01,2.769870404864666624e-01,2.738870168567870689e-01,2.697899288633331949e-01,2.739625311374621064e-01,2.749315621297898082e-01,2.759369401335245442e-01,2.772333994600440499e-01,2.748443239455037324e-01,2.726349124226765119e-01,2.739620184632902689e-01,2.753300475601365704e-01,2.767597168755188686e-01,2.737296996573295726e-01,2.747900716740389049e-01,2.729668360627215962e-01,2.724763093485209065e-01,2.749487509023679777e-01,2.716225313862321022e-01,2.754453021499637111e-01,2.766291896217150659e-01,2.782640338168200778e-01,2.743485007413126175e-01,2.724164795762433755e-01,2.718526927160700435e-01,2.754832198875744598e-01
2.727998202799354899e-01,2.715473568812422078e-01,2.757189666566430830e-01,2.732247255556944920e-01,2.717467290003959812e-01,2.761705382837854605e-01,2.745382659458285857e-01,2.730534987361353805e-01,2.730342962949089958e-01,2.707876409894265368e-01,2.751902692283846319e-01,2.752678843698872502e-01,2.745219511453175221e-01,2.756157734116571056e-01,2.729589847091165589e-01,2.729203061488382209e-01,2.719844092346628273e-01,2.737102088511768616e-01,2.715567172247367322e-01,2.718514297403353819e-01,2.707167866949422019e-01,2.734148974734033621e-01,2.731000331710622953e-01,2.716774522948230408e-01,2.750902487370402993e-01,2.738693110484944349e-01,2.729920032396352947e-01,2.737910124699426406e-01,2.782241653579918816e-01,2.738991573639151800e-01,2.744255393509127394e-01,2.724612223618816387e-01,2.750738004674314618e-01,2.747754218993727626e-01,2.716639139484829379e-01,2.712490009288078818e-01,2.745362102858269759e-01,2.745048694575515369e-01,2.761976350838979410e-01,2.745150936513238160e-01,2.725427665158252633e-01,2.717462677743767152e-01,2.730159106931699942e-01,2.739711380398180407e-01,2.738813059811265327e-01,2.733685368687307493e-01,2.724331769179411111e-01,2.734776602652294053e-01,2.735062964827255638e-01,2.727298741299098439e-01
2.737988117174512404e-01,2.731849693258310841e-01,2.715382858300462443e-01,2.720137491842707367e-01,2.709508212449889819e-01,2.741342043927592065e-01,2.742105850667465039e-01,2.727450761502401844e-01,2.726003614944805253e-01,2.727350447929396404e-01,2.736704468802768631e-01,2.751726378522899585e-01,2.705472579468380934e-01,2.750689730274014644e-01,2.748108871465989034e-01,2.747959153405689636e-01,2.712800680389022556e-01,2.760508639654078999e-01,2.731194352339615383e-01,2.720190593546907842e-01,2.743971139762604872e-01,2.728743454154443082e-01,2.716345291148647978e-01,2.692940789533359580e-01,2.724015321855876026e-01,2.741515169825210485e-01,2.740252037685487196e-01,2.736650681164201071e-01,2.732339199037953081e-01,2.704577482598300442e-01,2.743728533640272804e-01,2.705436698558210673e-01,2.752555399163314487e-01,2.748886813025014919e-01,2.726375340790515023e-01,2.717109938773568101e-01,2.747874423157610213e-01,2.714507774226958547e-01,2.729819076023266011e-01,2.748518404294297834e-01,2.703313616221162952e-01,2.721375913471417163e-01,2.713818294966336420e-01,2.719924323965765001e-01,2.725399870050041473e-01,2.724964127384701396e-01,2.746220861234986987e-01,2.726219103490825080e-01,2.732268368237760758e-01,2.726994273017200876e-01
2.726180831196239329e-01,2.701130006975393516e-01,2.713615721840797468e-01,2.745951205078083213e-01,2.713366056759911604e-01,2.733086290130652407e-01,2.724050649515180056e-01,2.714544148005846314e-01,2.742898252785024305e-01,2.700043433305082119e-01,2.725161192920751985e-01,2.730647789084070798e-01,2.705991157701997940e-01,2.696336593820777838e-01,2.722093775346846045e-01,2.700714854942766752e-01,2.719725895188065956e-01,2.734493115610543978e-01,2.733681340169800134e-01,2.716269578231748083e-01,2.732552838509936799e-01,2.758929873142292877e-01,2.715568317206181748e-01,2.735617499111135387e-01,2.718061496008529199e-01,2.730370909011426428e-01,2.719411942450664643e-01,2.697613409469060697e-01,2.724438224969673028e-01,2.713257408344076360e-01,2.733292304603596179e-01,2.702487224581270886e-01,2.712056077613927974e-01,2.718525468156633984e-01,2.724262632020055808e-01,2.721089249612572147e-01,2.745827681521800789e-01,2.694460339887992939e-01,2.706992358854831693e-01,2.771714894222097048e-01,2.739900609078722016e-01,2.722650767368233748e-01,2.738031016647523574e-01,2.723194295225352390e-01,2.718642403640034733e-01,2.716309662574614703e-01,2.735782060667023008e-01,2.724266586783783972e-01,2.720980307391528963e-01,2.699224001854718669e-01
2.717132776314631348e-01,2.721514142822509807e-01,2.701774347815740773e-01,2.699741218792873765e-01,2.717864018235387480e-01,2.676485234241675615e-01,2.717815132501063546e-01,2.726127627010362930e-01,2.721975872040494626e-01,2.703215030811678687e-01,2.695285994694578413e-01,2.694449576059899099e-01,2.700013555118470632e-01,2.715989561987979806e-01,2.693056580218304297e-01,2.706282755660940897e-01,2.699800692957035619e-01,2.727966893320437625e-01,2.737954718067702742e-01,2.739402073277514282e-01,2.729009817217432632e-01,2.705704407212126683e-01,2.716066775201365635e-01,2.712879856885270224e-01,2.695944357175870110e-01,2.693201144907517719e-01,2.715952856070970034e-01,2.694344976592127905e-01,2.703318038181777294e-01,2.701577093302466315e-01,2.730218809663106372e-01,2.711523875428358266e-01,2.689811793949790086e-01,2.721947497920176873e-01,2.704425099479488281e-01,2.711151707395638155e-01,2.721948038514422352e-01,2.721018804512098654e-01,2.680969042157094751e-01,2.739457114177740737e-01,2.699280103942303111e-01,2.694151458222311391e-01,2.700867201994254785e-01,2.721569460633624926e-01,2.701589777729080377e-01,2.742795681463262025e-01,2.708419693191623234e-01,2.699691705457255564e-01,2.691203582988699883e-01,2.708509179479498541e-01
2.682055538452452481e-01,2.688135860235931762e-01,2.724829401404987306e-01,2.691916163403018647e-01,2.714584447220078633e-01,2.738536246258589379e-01,2.684243582582170884e-01,2.691936716686328390e-01,2.716577461162822393e-01,2.708436130250656548e-01,2.687454777949588869e-01,2.705316908980270885e-01,2.677579943290376852e-01,2.684979407924814598e-01,2.709775746286335329e-01,2.709913403389313524e-01,2.688417071322549146e-01,2.671769953714943635e-01,2.686236925402186171e-01,2.710214856036796682e-01,2.699092637332957123e-01,2.709499306356810133e-01,2.706653828768187386e-01,2.690991061524007910e-01,2.674305130876847292e-01,2.668864727508923895e-01,2.697358218059482393e-01,2.690879118817253723e-01,2.677517371598390206e-01,2.698532304804713289e-01,2.683356507868218666e-01,2.725477228150802733e-01,2.698380304662287843e-01,2.684406808771525599e-01,2.687250052717229942e-01,2.685846298463921977e-01,2.697098259669518105e-01,2.669201268101125679e-01,2.680217016971798150e-01,2.677804435525983906e-01,2.712863655163927912e-01,2.714564823112690095e-01,2.706480747743628679e-01,2.712527928082492656e-01,2.693191190074157859e-01,2.690399731214358492e-01,2.722150442487021871e-01,2.715398085732035338e-01,2.696521446251154419e-01,2.683173544276113986e-01
2.662706592499255454e-01,2.655328151675370729e-01,2.659193477624117730e-01,2.700799716442955356e-01,2.677896710290740279e-01,2.671457368156124335e-01,2.697583482753359574e-01,2.691197865932451472e-01,2.690652175916843913e-01,2.689252550337054015e-01,2.710066878471091290e-01,2.681810920128550602e-01,2.664096228141400458e-01,2.663679277301405079e-01,2.658673250292050150e-01,2.690616978657064950e-01,2.681693713810266444e-01,2.706574568405299419e-01,2.682583061088660292e-01,2.688075967853145731e-01,2.697365884431033312e-01,2.695236599435414382e-01,2.673348366573280455e-01,2.696782861642680884e-01,2.681911666288666618e-01,2.699170741906691262e-01,2.706233233241126523e-01,2.669211334054076290e-01,2.690129902931573946e-01,2.664849189406084951e-01,2.632717763966657132e-01,2.709223415658633116e-01,2.693130822858542661e-01,2.672338647314051463e-01,2.668534862605342894e-01,2.680158936039839790e-01,2.702159201054550319e-01,2.682788768184375394e-01,2.671733611843921663e-01,2.707725766484521124e-01,2.691546348615881379e-01,2.664587563859832642e-01,2.671339110794399563e-01,2.692523068848741707e-01,2.668679704770930972e-01,2.698368501570598266e-01,2.699260908509081847e-01,2.672144227179504283e-01,2.686457351013978312e-01,2.659951047330162965e-01
2.661964344572115282e-01,2.671128183617846319e-01,2.679622256530732050e-01,2.668824073165088073e-01,2.670423441683357768e-01,2.690324139349453691e-01,2.681717064559575592e-01,2.648500616862523582e-01,2.654473995569678890e-01,2.671520612413016971e-01,2.678148053519930349e-01,2.668506070420533227e-01,2.651783817333732141e-01,2.683914620915637816e-01,2.666659454737843049e-01,2.635711641236159752e-01,2.657087804099629857e-01,2.676653700821006177e-01,2.689070998543267033e-01,2.688752327559282285e-01,2.673166495864962022e-01,2.688754036681797466e-01,2.658368397760020874e-01,2.677322742592080362e-01,2.663227244264633753e-01,2.681853110477931401e-01,2.679083279852572108e-01,2.697790633568781793e-01,2.681773805000099431e-01,2.672080786215712545e-01,2.702242760866058746e-01,2.646079739386356100e-01,2.669350108692197798e-01,2.643410997799489626e-01,2.680505880117879380e-01,2.641941555894954941e-01,2.674732113699551106e-01,2.658868018056058657e-01,2.648987053174247097e-01,2.664385106965641570e-01,2.643411890155443200e-01,2.641230444425949342e-01,2.662711308953888967e-01,2.658891068254521928e-01,2.703868828027717330e-01,2.676733249039950358e-01,2.652400348927474449e-01,2.701155730480659378e-01,2.638785150770737165e-01,2.651825226141772962e-01
2.630947385864797483e-01,2.655730002604792528e-01,2.650417402551703550e-01,2.628351907680184785e-01,2.648367104700843910e-01,2.652864092293950593e-01,2.665850348188487096e-01,2.639594563381638115e-01,2.646680332102453459e-01,2.662084554666482861e-01,2.625268774000673044e-01,2.656540948977130223e-01,2.648452144175388323e-01,2.677738376634549722e-01,2.650883181304820591e-01,2.659155494940241282e-01,2.652134810929422937e-01,2.655342515830435568e-01,2.651141621835704232e-01,2.614592966358575965e-01,2.630034190923292159e-01,2.627975166799479956e-01,2.639796093901278784e-01,2.668376808062825067e-01,2.659041558760064650e-01,2.650681680273188623e-01,2.675723396001089549e-01,2.655616707258706688e-01,2.664071340234218654e-01,2.662048716569022089e-01,2.662211210550925466e-01,2.639133576055908148e-01,2.653286265148842582e-01,2.672518188602334144e-01,2.653374535448264626e-01,2.664362773764337167e-01,2.645599847713048791e-01,2.652940312213004082e-01,2.651914305848295794e-01,2.653492445470456151e-01,2.633081868783161972e-01,2.636712818999683017e-01,2.678138074245725031e-01,2.649157640168176009e-01,2.621865636659587162e-01,2.659563625844649781e-01,2.675653956920562293e-01,2.660063124791463007e-01,2.647714955380677249e-01,2.652634376358317669e-01
2.622014967217937698e-01,2.620709558059364230e-01,2.670930260627933928e-01,2.660779790181483917e-01,2.636658686986949052e-01,2.639579457848409416e-01,2.621058872589994704e-01,2.622238955460080567e-01,2.656144747377138238e-01,2.647477556774807117e-01,2.635855007042425813e-01,2.626200187032448619e-01,2.635936267255008514e-01,2.633467858965047870e-01,2.647643747223757393e-01,2.625092827258457273e-01,2.644406007522019930e-01,2.609316639742327304e-01,2.654288907684328458e-01,2.635861185449156485e-01,2.621074349401976700e-01,2.622335976917305467e-01,2.640108503609053248e-01,2.641732462231885514e-01,2.626240725650206831e-01,2.630757339802013428e-01,2.637990440972990958e-01,2.666164834245165483e-01,2.649528337563351044e-01,2.619113813346582997e-01,2.656115176251634957e-01,2.649017316631027130e-01,2.636676136520514913e-01,2.636558960973178767e-01,2.636146384111946461e-01,2.645358525500662861e-01,2.640758649753042753e-01,2.647311182931584295e-01,2.641227143238770170e-01,2.626239653899282156e-01,2.633108038150498431e-01,2.623666001307687901e-01,2.623162619871712287e-01,2.625317982422476493e-01,2.640088141128798527e-01,2.651129964712473086e-01,2.631490806556903705e-01,2.617508789298178540e-01,2.626834365981623454e-01,2.643853908470182867e-01
2.591413291639305672e-01,2.581299711940349684e-01,2.624895761862302557e-01,2.610974473212395175e-01,2.632889477512141418e-01,2.622948055782603483e-01,2.614681243044508219e-01,2.603403409688683223e-01,2.595133861791337204e-01,2.610522698836582611e-01,2.624070899235902421e-01,2.632163840348833994e-01,2.600857964721993709e-01,2.634904315318524204e-01,2.624645882672821950e-01,2.601648688715834656e-01,2.589031577763941661e-01,2.618493355118283739e-01,2.615468096869803527e-01,2.620560895567690118e-01,2.646329467053514795e-01,2.661470087642963112e-01,2.629247060692908033e-01,2.604041965152946725e-01,2.621379604755478820e-01,2.611089307166461482e-01,2.612944510015088317e-01,2.630136727859843093e-01,2.600923968936108555e-01,2.628226988212370441e-01,2.620309386640731764e-01,2.594537851795241101e-01,2.612062561223835178e-01,2.605266330371669992e-01,2.610901184132474739e-01,2.616833759451084873e-01,2.605563478357881269e-01,2.575754351174692758e-01,2.627203590073716177e-01,2.622961921662848028e-01,2.636680267859568549e-01,2.586742896119454960e-01,2.613068348393300933e-01,2.614526580238883957e-01,2.628325543519459129e-01,2.625093487762359956e-01,2.624409522337800005e-01,2.640417134028362200e-01,2.614902312627946923e-01,2.603455550996661150e-01
2.614589021915933453e-01,2.583619356449535776e-01,2.605152353841649893e-01,2.606208893443840435e-01,2.579663290412371746e-01,2.588080563040578985e-01,2.609470402947424161e-01,2.582385452413811788e-01,2.623052883101839039e-01,2.571622673355248301e-01,2.591772745688207258e-01,2.599378902303444705e-01,2.594403443944852117e-01,2.585660457702984583e-01,2.582151122885446015e-01,2.598218792701011415e-01,2.604211884700034507e-01,2.585008841009537317e-01,2.598056224368503475e-01,2.617913434721954591e-01,2.599874723340199201e-01,2.594050747789589662e-01,2.581969773287967618e-01,2.582455934506227013e-01,2.580516186086088126e-01,2.553750769227065565e-01,2.610833948694990525e-01,2.600516614053281494e-01,2.580588605053956153e-01,2.595452824888986876e-01,2.599981436615674824e-01,2.603877650151936174e-01,2.587814962589355949e-01,2.588101238640543311e-01,2.601286651315909970e-01,2.604002031291420272e-01,2.575268252031211458e-01,2.563632417511024220e-01,2.594711152201342741e-01,2.570919409315218784e-01,2.586289223443669072e-01,2.580679509179464315e-01,2.585715899081913460e-01,2.588964594209998693e-01,2.610481294853113088e-01,2.568401958930892071e-01,2.604804385839403769e-01,2.580699272727297044e-01,2.564665193274052735e-01,2.575126398183673060e-01
2.552718554149265295e-01,2.567431532633573932e-01,2.586543476581629197e-01,2.566496078664485259e-01,2.546380611711884789e-01,2.574755099205911502e-01,2.573432251034990514e-01,2.594802659726815897e-01,2.578086886710391212e-01,2.559527533367663144e-01,2.561390959258774136e-01,2.559122270411043343e-01,2.577062798439739844e-01,2.592886753222158336e-01,2.576785700408891766e-01,2.568972094919437232e-01,2.597194556220731032e-01,2.569077689657513486e-01,2.574859844816156929e-01,2.574117758868869066e-01,2.570478277829640334e-01,2.586763327539843282e-01,2.564016384566940587e-01,2.559653421262539919e-01,2.566155887387588375e-01,2.569719150207842584e-01,2.576309626739269887e-01,2.573191821963180526e-01,2.560040457659283342e-01,2.549856066400387755e-01,2.585869736119011386e-01,2.565848750925110999e-01,2.542580981260059159e-01,2.517403302888542860e-01,2.564726348572872738e-01,2.564698343190144336e-01,2.581513245306572002e-01,2.568433888518411035e-01,2.553936877879917078e-01,2.559649657879529139e-01,2.601992770202068428e-01,2.573903393605611600e-01,2.560842803066978313e-01,2.553356447359164672e-01,2.556025914218104655e-01,2.541740232661440779e-01,2.541172021880116483e-01,2.552164595571462802e-01,2.569324909783329280e-01,2.555801465302700026e-01
2.562045214435679230e-01,2.555096898962500584e-01,2.557746339623815368e-01,2.537399179357474055e-01,2.543036875175583855e-01,2.579706230481844664e-01,2.546873739002695758e-01,2.527944627779208919e-01,2.521117022350418679e-01,2.537580050678109878e-01,2.538674506951097976e-01,2.508521388471700586e-01,2.507603229516264243e-01,2.549286269155062734e-01,2.525335611466775210e-01,2.565324972564332895e-01,2.571697200692507623e-01,2.532752420017889139e-01,2.535728000748045941e-01,2.532973188196712688e-01,2.539153020554673623e-01,2.562753478608708613e-01,2.540924698444201324e-01,2.552368962366684535e-01,2.541089882584435800e-01,2.556440108593031613e-01,2.572086080031664723e-01,2.570363645496073768e-01,2.565598945352787763e-01,2.525950149317209847e-01,2.529620669342276251e-01,2.521424161967376065e-01,2.550534548151818237e-01,2.549359683792517539e-01,2.543034385769369354e-01,2.557400183532083648e-01,2.544390907350730369e-01,2.549338298192087571e-01,2.511973932471923687e-01,2.516837433868337470e-01,2.571820939926792726e-01,2.557998167705110015e-01,2.539233167553307524e-01,2.538065534424779890e-01,2.567636125271568481e-01,2.514107542308788301e-01,2.545790579765698225e-01,2.564477840169656075e-01,2.532520271493705066e-01,2.542206238296379484e-01
2.519741643680748489e-01,2.508970082002474622e-01,2.536021127851407764e-01,2.526096200373709189e-01,2.518677611096751812e-01,2.496005424501030190e-01,2.485971404581517330e-01,2.499981451841387092e-01,2.513077278590871710e-01,2.515750648197605521e-01,2.521308531327612901e-01,2.525207665237221288e-01,2.488006147247288635e-01,2.518871640999987283e-01,2.517206638779146965e-01,2.509474749251062731e-01,2.533699966378425428e-01,2.530391081881683824e-01,2.537488869151068860e-01,2.510227945354535084e-01,2.507715952839889018e-01,2.536056421523619209e-01,2.468910247032871652e-01,2.480232173897991832e-01,2.499783948620110940e-01,2.526350053773597226e-01,2.517202958028373350e-01,2.510281240280444748e-01,2.534851134287892105e-01,2.528611982406925307e-01,2.538656816151786955e-01,2.532623707112628408e-01,2.499217963358955907e-01,2.540024958527856702e-01,2.494239989768426702e-01,2.526238719762484708e-01,2.532066194789421854e-01,2.535871111600891958e-01,2.503229550928693925e-01,2.521857164835662468e-01,2.537461641764947040e-01,2.493660259040786087e-01,2.501832716097708298e-01,2.506314006255812576e-01,2.540185321213786485e-01,2.500567932747631561e-01,2.511552426527252080e-01,2.507843229424469023e-01,2.511461192728371983e-01,2.520693010824676117e-01
2.476354632641583620e-01,2.473251006642944450e-01,2.515390144056764421e-01,2.518123451930466272e-01,2.512335391954624297e-01,2.473299336458047726e-01,2.470190128618608982e-01,2.465915378694798765e-01,2.489547550617210725e-01,2.472803597659343766e-01,2.490244372819931939e-01,2.446892217514294587e-01,2.486558561503181830e-01,2.478361493618458644e-01,2.459471018824276600e-01,2.492292866294530396e-01,2.494842256461876351e-01,2.489514732331172819e-01,2.493060068415565156e-01,2.491855342391341432e-01,2.488161765010346860e-01,2.476762212062950941e-01,2.485599458193814837e-01,2.476978320751645757e-01,2.500535337738609143e-01,2.486540981864500677e-01,2.487148746334272575e-01,2.481611030168454357e-01,2.489273758891683563e-01,2.475431484294723927e-01,2.476569354199356088e-01,2.481847575477642287e-01,2.453994511473392981e-01,2.503996570936347643e-01,2.522586598746122122e-01,2.504298347410252590e-01,2.509022515201524417e-01,2.490326338793700522e-01,2.496487123463312363e-01,2.500466147854368826e-01,2.454361510490096210e-01,2.481927386289785042e-01,2.480139406097980614e-01,2.493871974020819005e-01,2.505251385445202983e-01,2.477766597836120188e-01,2.507521240496088377e-01,2.510657990521550365e-01,2.482944118141196810e-01,2.507752297486005588e-01
2.452588141953355727e-01,2.457341583065827950e-01,2.448779070809158354e-01,2.439970855147730322e-01,2.487558548931071978e-01,2.453944520664700923e-01,2.458612225807423890e-01,2.463100821457558931e-01,2.452559088467950732e-01,2.471960104272748204e-01,2.445831890816691778e-01,2.473632525486162692e-01,2.481075218318704867e-01,2.457235150795794021e-01,2.455347591260291507e-01,2.459124696398542753e-01,2.456519672484747396e-01,2.446670931516529701e-01,2.440331362917289582e-01,2.470779089873607892e-01,2.442750839505971050e-01,2.471529708181600671e-01,2.473569824607886880e-01,2.457506896906034299e-01,2.447956340751079318e-01,2.469056379107344712e-01,2.474137634722513579e-01,2.468226735303260810e-01,2.457238490196438085e-01,2.443245049968368054e-01,2.470952726292099388e-01,2.459066229027724315e-01,2.454578912065031870e-01,2.484230261417965657e-01,2.473483119576849465e-01,2.462806311374299839e-01,2.453761870536859124e-01,2.470187484396924038e-01,2.438164554327421074e-01,2.480026404889673353e-01,2.480402274538982543e-01,2.483109230217618313e-01,2.467083173591876621e-01,2.448411961317905616e-01,2.457865711793616459e-01,2.492339104272816297e-01,2.405636129453617988e-01,2.448427460161650138e-01,2.458895977702771074e-01,2.442043281950916911e-01
2.445620353218128096e-01,2.401528162613956463e-01,2.420255755914927920e-01,2.410295889343479214e-01,2.429326345015255517e-01,2.461318944109907592e-01,2.439275691749341057e-01,2.459540148529111847e-01,2.458460512962491185e-01,2.406920870663737944e-01,2.418418763533151938e-01,2.435918430071775109e-01,2.444180732934483069e-01,2.449128477506427870e-01,2.491999628648033649e-01,2.433089777341622961e-01,2.450720473257055609e-01,2.447466508754679304e-01,2.410287132297939394e-01,2.464129078526994809e-01,2.406379220846731060e-01,2.437604643385167247e-01,2.444275821646459124e-01,2.413423498062461370e-01,2.439559495392800981e-01,2.442605354889441083e-01,2.428836780606941637e-01,2.435072754574183207e-01,2.437326809785620163e-01,2.436115833460697766e-01,2.419403397448093851e-01,2.418286102137045812e-01,2.430106489057164976e-01,2.447616261091895284e-01,2.409170429291450644e-01,2.426141463217141025e-01,2.449221235259208540e-01,2.428784351002100939e-01,2.446736103838518805e-01,2.445428939635827525e-01,2.440532731754434803e-01,2.428108704815521712e-01,2.413389010183027428e-01,2.462686592946244646e-01,2.447570475333159523e-01,2.441767214468077707e-01,2.432271184077429982e-01,2.456620515226129453e-01,2.435262902805401808e-01,2.438883012597586608e-01
2.431695237507215668e-01,2.409795567920970660e-01,2.388335943665666206e-01,2.392727266452205348e-01,2.394459740495193389e-01,2.395061691797053249e-01,2.372883064833068989e-01,2.382287645705264412e-01,2.401765218247099432e-01,2.358958383529149716e-01,2.434846186091028652e-01,2.428354223416127888e-01,2.425715849377317046e-01,2.417147981312211813e-01,2.398449691023277763e-01,2.377041872954709922e-01,2.411681969079084997e-01,2.400602401551963361e-01,2.401345333904020551e-01,2.431522812314291515e-01,2.386323821165114711e-01,2.403776692355642508e-01,2.424208177806231324e-01,2.389738399306394201e-01,2.395150906035553029e-01,2.403649908793978052e-01,2.388205975739046694e-01,2.427422202422608588e-01,2.399141853271220814e-01,2.388141858226966452e-01,2.379856737383635734e-01,2.395430970925740144e-01,2.394147040943906402e-01,2.388942445872960230e-01,2.394052060640630697e-01,2.395238868056983605e-01,2.402709335346924491e-01,2.402848064401508776e-01,2.393023922058987729e-01,2.410673788218094804e-01,2.438385606408070561e-01,2.410150948004491089e-01,2.403656966664553529e-01,2.421249027564077450e-01,2.390476949897972492e-01,2.379662633608375100e-01,2.429671929431100053e-01,2.420585026326254607e-01,2.414770765258487384e-01,2.388076489678724323e-01
2.362756274719655103e-01,2.376462379395621327e-01,2.401221759361528152e-01,2.375863738221693500e-01,2.352979671975232445e-01,2.359399904393262859e-01,2.357085649430384622e-01,2.385257412097693264e-01,2.384655245057425432e-01,2.377380625087580635e-01,2.359431200075537138e-01,2.387674560098125842e-01,2.383931131540672765e-01,2.383390992939651287e-01,2.390430242074710332e-01,2.314346820902104807e-01,2.392207985075918975e-01,2.333692504002539136e-01,2.389854558343159352e-01,2.356350254793387056e-01,2.335654111728382998e-01,2.373553753531000288e-01,2.395591543588120320e-01,2.369496267518898525e-01,2.396235356842663644e-01,2.385683124197384708e-01,2.366201291398009332e-01,2.370561116637706356e-01,2.352251571412167785e-01,2.329616147015690086e-01,2.397661211797443015e-01,2.348395343596889895e-01,2.375575141947493807e-01,2.380462167807997909e-01,2.369218068108423503e-01,2.353468781543521515e-01,2.387066301805446378e-01,2.376268123105459706e-01,2.374551607794299912e-01,2.374883013850750124e-01,2.352321866276252949e-01,2.354892209891725763e-01,2.380705167772870223e-01,2.358126048434210087e-01,2.383486755942175184e-01,2.385375765721325647e-01,2.357699300557039856e-01,2.355593733357182473e-01,2.360279104471008360e-01,2.392429677334924898e-01
2.334837528844010690e-01,2.309370346529492357e-01,2.319842239027569974e-01,2.328756327774395563e-01,2.354552906551101443e-01,2.335650950501749756e-01,2.335803376518466867e-01,2.319201060429721684e-01,2.324991597217509753e-01,2.324410030955776918e-01,2.314025295956936290e-01,2.322512428890475267e-01,2.319440022872773788e-01,2.359852883359517262e-01,2.349591201450435818e-01,2.302332406931944520e-01,2.336667351882807664e-01,2.344935538509285433e-01,2.337567697032023883e-01,2.329817126642412528e-01,2.350510473596392758e-01,2.345730624160746736e-01,2.316729011148879747e-01,2.329892011457425083e-01,2.329136331969347551e-01,2.336750822380198878e-01,2.296264884655759564e-01,2.343801155416461168e-01,2.342795292196172274e-01,2.351140868351995483e-01,2.314980644725588843e-01,2.314666391565519676e-01,2.333576397010897474e-01,2.342048160112356336e-01,2.339595239429125839e-01,2.336547603363438863e-01,2.328897587197968355e-01,2.310515861560996365e-01,2.319691642468380000e-01,2.326341010919654728e-01,2.356706366445770751e-01,2.333280878824126603e-01,2.359429492253761196e-01,2.333010754149285604e-01,2.340436402936015015e-01,2.312183478162468386e-01,2.352697799773847409e-01,2.321243450708041223e-01,2.335344865663241953e-01,2.300432197124301914e-01
2.283654384339281473e-01,2.314119346391382837e-01,2.296393854843493121e-01,2.290095161984969929e-01,2.290554264540450025e-01,2.290285268323758172e-01,2.306561994832118656e-01,2.295897767162192182e-01,2.283092379437492714e-01,2.295060114738632084e-01,2.291433327581615387e-01,2.310814641188374541e-01,2.309708352954283617e-01,2.279409581093260473e-01,2.326585036210610247e-01,2.322236461194699675e-01,2.292739231832096880e-01,2.304770167071214515e-01,2.299199950269432968e-01,2.294687297183315988e-01,2.305465381543393977e-01,2.302156714026755979e-01,2.288541193288948783e-01,2.298615182232721654e-01,2.313198862366335762e-01,2.292690552201425425e-01,2.301905380664435730e-01,2.278373642810380129e-01,2.288349244993837517e-01,2.309304453562571746e-01,2.283589145028822875e-01,2.303698826850716364e-01,2.294290718149230579e-01,2.296372386071443839e-01,2.301940693388609960e-01,2.292942209178772117e-01,2.297102311534977015e-01,2.281875234724144164e-01,2.303273639563584163e-01,2.300816812520773968e-01,2.295591500910441063e-01,2.300068129689165075e-01,2.289549395929735554e-01,2.290864731488658768e-01,2.345861771019606690e-01,2.297681096753315111e-01,2.313042285764472239e-01,2.282542557532116489e-01,2.280742286855925727e-01,2.323426374469718392e-01
2.267842919903673149e-01,2.252626731050439701e-01,2.252945268003856694e-01,2.268071515477270428e-01,2.262089929632213336e-01,2.251500133067548814e-01,2.267265110208410706e-01,2.271005267185249310e-01,2.219503241384650771e-01,2.270498375707920846e-01,2.253928630008225908e-01,2.280948174033250175e-01,2.287918643323787193e-01,2.252948925200254637e-01,2.247996357308326143e-01,2.252830033961148448e-01,2.273618110462496122e-01,2.259029681172795012e-01,2.252009894812151414e-01,2.252159655112197789e-01,2.266458487727092963e-01,2.252457731327288104e-01,2.260535940299635005e-01,2.264743535145305464e-01,2.302443043189375815e-01,2.252980462352049407e-01,2.249515027165232273e-01,2.257331750528500935e-01,2.260946614567602431e-01,2.293323582448733022e-01,2.243067006587407541e-01,2.250759471868881978e-01,2.259170675818351071e-01,2.269212274344550029e-01,2.278069357311825471e-01,2.261290538870570355e-01,2.262812486895674491e-01,2.251893871779706291e-01,2.268718194805882105e-01,2.269731747044606285e-01,2.264406961407088303e-01,2.282942594973368655e-01,2.253990254624494982e-01,2.290170014483626781e-01,2.261251817518468155e-01,2.255469506760384157e-01,2.268606602777437364e-01,2.242195267075075549e-01,2.258381546571202880e-01,2.242763058605563298e-01
2.215295218594322268e-01,2.227083437612042971e-01,2.216942565714923319e-01,2.230585534839696349e-01,2.239245729533574369e-01,2.181652393149463576e-01,2.220545139256853429e-01,2.231651266411961154e-01,2.235742547211712061e-01,2.223408471557851152e-01,2.221575062742847662e-01,2.223086265314839216e-01,2.206706881916368768e-01,2.189175767907341197e-01,2.230945050804256646e-01,2.217747051847053508e-01,2.221202624742759091e-01,2.227836814119812936e-01,2.218373641398016516e-01,2.217087711480649204e-01,2.219733399565487486e-01,2.230534320157909478e-01,2.219540353271166888e-01,2.234045826000647106e-01,2.209184150776584421e-01,2.216636516168216664e-01,2.219210629460248163e-01,2.209280111182566619e-01,2.238000834437929021e-01,2.216794377685419870e-01,2.198517149811361482e-01,2.219990802001558239e-01,2.225679004003298656e-01,2.212557831188493307e-01,2.237053614353501918e-01,2.208984881632305719e-01,2.204844195353909686e-01,2.209619102982823546e-01,2.208330222663112130e-01,2.220792375355590542e-01,2.198218772934396326e-01,2.235377281094077240e-01,2.201875208022003871e-01,2.218132436487473824e-01,2.219958619781475795e-01,2.241129235327830316e-01,2.213834523886881733e-01,2.216902265724561283e-01,2.232141296541106656e-01,2.220843739839920561e-01
2.176983257423107387e-01,2.167173630461489420e-01,2.176307172100860610e-01,2.175188296536375299e-01,2.164980416700315602e-01,2.177605231773977190e-01,2.183613139093188438e-01,2.161548732304189868e-01,2.168295340513593517e-01,2.163704172343651200e-01,2.181024841638360412e-01,2.170325986458414291e-01,2.161628227223005017e-01,2.166961982222388727e-01,2.170372487975524844e-01,2.176460657172065716e-01,2.169682163688075871e-01,2.185336233382992044e-01,2.190403977372885613e-01,2.157526494696980213e-01,2.183162046383121113e-01,2.177545790280028259e-01,2.180593613904025785e-01,2.217853245170889054e-01,2.213162148555340158e-01,2.155795143006048742e-01,2.199128995731841896e-01,2.174514493863515252e-01,2.186837863031926565e-01,2.194771999123269479e-01,2.186526232916453649e-01,2.174629091666275271e-01,2.202742741141245630e-01,2.186515057517398608e-01,2.174003599963551248e-01,2.178537659288233008e-01,2.149224994946860312e-01,2.195542348616826012e-01,2.190326335634808219e-01,2.197241630882525443e-01,2.185014459607349246e-01,2.173889350526958253e-01,2.172206189865684423e-01,2.197754391193246504e-01,2.185647186724093416e-01,2.170363828133721196e-01,2.166660753592689892e-01,2.178310882635988155e-01,2.185266119488457059e-01,2.165214291933738600e-01
2.170476195879297576e-01,2.128370869927578846e-01,2.129591550426421787e-01,2.143895931653840570e-01,2.134805508984543021e-01,2.167164624909877768e-01,2.151805160068597234e-01,2.165728301093850505e-01,2.128481173392168802e-01,2.105167715963771891e-01,2.122378183952998709e-01,2.122051717242645075e-01,2.151357169352505483e-01,2.148011257697912124e-01,2.122816802405075864e-01,2.161193247011055085e-01,2.125727376752077069e-01,2.141782675427908456e-01,2.145482220728589517e-01,2.159178085275738623e-01,2.161786725599764702e-01,2.102484940068037045e-01,2.145174143119703558e-01,2.136917655164355945e-01,2.121710722351791978e-01,2.142863528981967525e-01,2.155449864005667959e-01,2.150433039144862835e-01,2.154240214491827676e-01,2.129927662932717680e-01,2.113932425468034171e-01,2.129866785942517715e-01,2.106382491008287616e-01,2.127891308119536917e-01,2.117241701902860818e-01,2.126552587115120851e-01,2.130479024534061849e-01,2.155555948239369357e-01,2.124365323100730063e-01,2.129645602440644325e-01,2.148468376526275481e-01,2.138803704149117857e-01,2.152879105122796621e-01,2.153957288871965747e-01,2.146454942451850034e-01,2.135255593237613270e-01,2.139468132274834344e-01,2.137887918508063478e-01,2.093961931229255391e-01,2.146673058671901280e-01
2.098191534292802585e-01,2.080998440404878969e-01,2.132309374685080750e-01,2.098259028583160657e-01,2.100801516421225701e-01,2.099180258402961463e-01,2.099350648890846716e-01,2.086427748728412745e-01,2.089612850462404525e-01,2.073522884189908377e-01,2.094983588030214783e-01,2.088169777828220719e-01,2.112101193775240415e-01,2.083390394084775332e-01,2.124799060692183217e-01,2.134917308882660625e-01,2.102187392937869548e-01,2.107453709073396908e-01,2.096194846503623421e-01,2.113055833999280819e-01,2.108368869212717545e-01,2.086094229049276771e-01,2.142702740936636430e-01,2.101031861029050429e-01,2.075018127506066679e-01,2.138767013795498106e-01,2.088535144091809292e-01,2.107771447866424730e-01,2.096760551733557187e-01,2.098059146252856666e-01,2.109088014770989783e-01,2.126008426308026722e-01,2.105609726448085528e-01,2.084404642004804020e-01,2.092067220589356180e-01,2.091289905992729792e-01,2.103914321420743971e-01,2.086850029081763480e-01,2.123182254266383073e-01,2.080894698268779541e-01,2.111520960584000461e-01,2.112905813829148993e-01,2.117284540087960854e-01,2.102446165112268339e-01,2.080212626496881767e-01,2.081751170752736135e-01,2.117829133599394842e-01,2.095213488058256246e-01,2.095648961590491632e-01,2.080641205779128200e-01
2.062722067330107212e-01,2.067946420392556828e-01,2.020923440206472688e-01,2.042863307237857973e-01,2.067055202073379006e-01,2.045223037620467754e-01,2.071005139651058147e-01,2.038205777320201972e-01,2.056353870474043888e-01,2.049936164617939816e-01,2.012011478790984575e-01,2.052486959139974143e-01,2.054570371355600167e-01,2.060160294954398175e-01,2.061099613938823516e-01,2.035719051432919868e-01,2.044887605961009380e-01,2.094685580068942621e-01,2.041935143597319868e-01,2.044691917873187603e-01,2.047184853172288044e-01,2.057497673292467966e-01,2.067600529242523133e-01,2.048756123384985472e-01,2.045097530225530869e-01,2.006891762763748643e-01,2.051945316581748335e-01,2.055009001512910771e-01,2.051960873994251866e-01,2.059738573794900607e-01,2.033974723359433245e-01,2.034491287413384419e-01,2.038881692088408970e-01,2.048630410140926672e-01,2.023046817890155613e-01,2.043497454547013592e-01,2.051339757307265310e-01,2.029800827259602425e-01,2.048439479122880214e-01,2.024625132322218635e-01,2.038253012751336246e-01,2.061616783991097879e-01,2.038024701969248786e-01,2.056092135801161902e-01,2.042429146876662271e-01,2.036164806954033624e-01,2.032975643633846974e-01,2.074060055126442925e-01,2.051084464404250851e-01,2.053919052402323475e-01
2.003030345481323637e-01,1.983079143588740989e-01,1.952988179403805646e-01,2.004408755780214824e-01,2.020253263636442864e-01,2.005534973229731732e-01,2.021087343058634855e-01,2.015767617958708902e-01,2.046090297412471726e-01,1.999800440545770330e-01,2.010050988023241725e-01,1.987653567931566001e-01,2.029172863890338352e-01,2.018283474465385197e-01,2.019501579287988347e-01,1.994474872503417817e-01,2.019321221334564320e-01,2.003549210528198232e-01,2.001390029544891647e-01,2.001908013221683491e-01,2.001159607743269453e-01,1.975691980300464667e-01,2.011411796214728209e-01,2.001932391097314134e-01,2.002715605824491873e-01,2.020897659626646470e-01,1.990673858674009700e-01,2.017192120320862314e-01,2.030790003762138751e-01,2.010597614199310101e-01,2.011218967902353438e-01,1.976100492598455161e-01,1.979898408777527041e-01,2.009560605885688800e-01,1.996051931599584772e-01,1.997857466956317607e-01,1.999397628568598817e-01,2.029290339768602403e-01,2.024341942893469748e-01,1.996832899930252869e-01,1.985507197532972723e-01,1.976903741734825359e-01,2.008543043019253016e-01,2.030049935202341005e-01,1.999211101350304998e-01,2.011126273514045326e-01,2.009404954629616658e-01,2.000211956086404841e-01,2.006626429597776207e-01,1.987085360372694287e-01
1.960975070195800640e-01,1.967489823069309696e-01,1.948145278142791037e-01,1.961172143816320712e-01,1.973980405223699497e-01,1.914018208534195575e-01,1.953326736445470113e-01,1.932971976947012727e-01,1.935718511937105646e-01,1.962777169703865121e-01,1.974370803099190774e-01,1.971270787762995913e-01,1.990385233861551306e-01,1.938809517850183239e-01,1.951310068089284755e-01,1.964090038353940304e-01,1.967201538360470459e-01,1.973570832342568804e-01,1.950824367415624205e-01,1.930973479259879000e-01,1.944915819702597304e-01,1.971047669810869485e-01,1.958192444999426740e-01,1.923929980866012635e-01,1.979771162488088432e-01,1.944185115680918952e-01,1.954210184462143174e-01,1.935624356156139814e-01,1.942794035543370657e-01,1.939508309894238391e-01,1.961986767376587004e-01,1.957908913022640418e-01,1.924623918917197363e-01,1.961720142194813832e-01,1.953196552432070188e-01,1.973868266137110694e-01,1.934814800002725432e-01,1.966088477855931771e-01,1.939407169409612663e-01,1.976949397104799111e-01,1.942104240043659447e-01,1.940132419354028692e-01,1.961677932835578508e-01,1.952646992657811331e-01,1.969417591998622874e-01,1.956003607426321234e-01,1.963236882142282425e-01,1.962927169112556602e-01,1.931717326828846781e-01,1.955692665977057099e-01
1.928266248287680562e-01,1.928953503243554246e-01,1.925033004520474711e-01,1.890010481082511073e-01,1.921852238288287995e-01,1.919172609276061925e-01,1.895259133468087664e-01,1.900531384141507241e-01,1.926764698990381108e-01,1.918088709307172179e-01,1.866227028473026184e-01,1.893351549810304013e-01,1.906899119313546498e-01,1.890124507383764141e-01,1.914506667843589027e-01,1.913963541334340324e-01,1.917913897019140335e-01,1.904901842233525655e-01,1.905313651743839043e-01,1.889291721703177385e-01,1.900630772147428316e-01,1.931481758183177522e-01,1.896764051637478965e-01,1.897607730157663541e-01,1.908445847798592165e-01,1.908122733764598122e-01,1.903937355543879884e-01,1.889583890610803951e-01,1.871983073278598309e-01,1.891877176374604785e-01,1.909248654327879435e-01,1.888683010337247614e-01,1.874525779400750269e-01,1.902500825726616551e-01,1.875549457363952233e-01,1.892945605124030650e-01,1.922958429111044365e-01,1.900640524933970010e-01,1.933603262135054623e-01,1.904611702892646530e-01,1.914223270951704858e-01,1.913844895692535797e-01,1.879788751630590837e-01,1.934533096676956110e-01,1.910450791971413931e-01,1.911713662491798249e-01,1.920082784754994776e-01,1.888166969725622590e-01,1.894247141580300831e-01,1.901802443582187585e-01
1.866011382825144282e-01,1.867070329403610063e-01,1.866521140833880821e-01,1.869274552484341267e-01,1.846171603976167197e-01,1.867836120975667757e-01,1.813712440170965057e-01,1.868838884066425787e-01,1.863164642867829179e-01,1.859679247318844764e-01,1.860512778566285053e-01,1.839757331726882550e-01,1.843285742023182128e-01,1.853008900856444319e-01,1.852714504352004354e-01,1.846830494015122004e-01,1.852102754549450614e-01,1.856156466084478707e-01,1.859372598579185631e-01,1.855206088241709295e-01,1.882571437591504526e-01,1.850655484644044835e-01,1.872564199800324236e-01,1.881308506521864599e-01,1.844938411175347792e-01,1.843609534660712868e-01,1.852281946818272740e-01,1.866564337211391034e-01,1.851540924078485251e-01,1.819155715249457517e-01,1.844779096356344017e-01,1.832802835086917159e-01,1.840206179329932912e-01,1.852799851313647050e-01,1.832562090606052185e-01,1.857995356966229417e-01,1.824900979194402639e-01,1.883951607166011732e-01,1.809241275354028233e-01,1.845825854633604546e-01,1.867529559311413567e-01,1.845889369818430603e-01,1.848811167897767560e-01,1.857628005677345873e-01,1.842132090406227163e-01,1.843565799075650435e-01,1.855807342747877176e-01,1.871045997368902258e-01,1.886413709201683053e-01,1.867544730416774157e-01
1.806429588694281330e-01,1.791358878065558713e-01,1.788264268379776700e-01,1.805274086175375770e-01,1.795369878725089907e-01,1.806227469170545441e-01,1.807185360359318538e-01,1.820265999033378324e-01,1.802179340914006611e-01,1.815859999197250163e-01,1.792067562020302207e-01,1.832901307973036631e-01,1.825696939631043236e-01,1.782188446290552675e-01,1.818876444014891625e-01,1.805510999147783013e-01,1.804199425145971425e-01,1.800855619214528913e-01,1.789265894403620494e-01,1.807591947261789345e-01,1.829225376564625472e-01,1.818108448978997815e-01,1.802174393935278840e-01,1.784432498639166031e-01,1.781681037845245785e-01,1.772647242196697670e-01,1.803664946881411435e-01,1.789392214350834509e-01,1.804158668130785015e-01,1.785871692509863329e-01,1.796140952240135868e-01,1.830719020004275555e-01,1.800376950990023872e-01,1.811193692186796877e-01,1.832195768905922340e-01,1.797180412364622615e-01,1.802439139513487831e-01,1.797080030558182440e-01,1.796493491313498614e-01,1.773554118949195180e-01,1.793159639090492197e-01,1.809789777417211698e-01,1.799140158825497660e-01,1.811121407580354448e-01,1.789134679567551400e-01,1.813833176921225976e-01,1.788874916241311730e-01,1.816646496773107744e-01,1.803315422735662921e-01,1.806779834955600794e-01
1.791461601463222586e-01,1.751196046235588832e-01,1.771670943174753488e-01,1.712021537052597631e-01,1.773963579972167859e-01,1.755707398742902547e-01,1.762631091841418973e-01,1.755061071675752260e-01,1.722089280517305199e-01,1.733056279307390035e-01,1.743785865460177054e-01,1.735594200860450520e-01,1.770071177906385740e-01,1.768967377593618773e-01,1.775393736877032558e-01,1.751756587671579324e-01,1.735069499907817558e-01,1.728372232353708737e-01,1.686882784698920668e-01,1.749274720445550546e-01,1.744775597995863459e-01,1.754538135237349583e-01,1.724505012268486015e-01,1.754625387325813024e-01,1.773384329698762252e-01,1.714025975925093648e-01,1.735156914146634699e-01,1.722008099673862647e-01,1.756917821033737170e-01,1.752132719378249326e-01,1.732195257608132588e-01,1.745468056648141197e-01,1.727229320280356251e-01,1.785770541925472132e-01,1.745172712413025906e-01,1.784499208842774409e-01,1.728721855635677040e-01,1.751557258581299958e-01,1.769344538389070742e-01,1.737360726454333371e-01,1.754752980758596814e-01,1.731233571800630533e-01,1.732972266133415151e-01,1.750512680833988810e-01,1.729229211146360301e-01,1.733639035207744095e-01,1.714853166436083598e-01,1.725364323192213889e-01,1.750012426679821709e-01,1.735738800845651464e-01
1.692524309002109428e-01,1.712116854336123983e-01,1.713058876571480482e-01,1.694882277262390324e-01,1.716807465504229524e-01,1.720252374703128695e-01,1.680391488044236659e-01,1.711319389760043164e-01,1.695342530674126269e-01,1.681760107919463287e-01,1.704788796384581473e-01,1.717723966024717885e-01,1.686571196753036683e-01,1.704835661192945773e-01,1.722655057546857438e-01,1.706395492843910400e-01,1.696090743167998627e-01,1.690003386514385419e-01,1.690703590611826457e-01,1.650019978121540498e-01,1.692993020076223876e-01,1.695190166926356934e-01,1.685102360340715311e-01,1.698574263306998344e-01,1.698625676805016749e-01,1.682095876174895810e-01,1.674767630015030484e-01,1.670065529568986740e-01,1.690533268632064268e-01,1.669283205457169350e-01,1.689472892675234206e-01,1.665872197557035639e-01,1.682634424152378294e-01,1.701276278816266085e-01,1.696236785405236258e-01,1.697862981322585119e-01,1.692144055373573652e-01,1.709378389201337833e-01,1.734426808382971696e-01,1.707534066411358353e-01,1.690116828476439792e-01,1.684969152747502474e-01,1.674184615608263482e-01,1.692378658394659285e-01,1.685147356375325811e-01,1.698561713214267188e-01,1.712605746342216184e-01,1.699615443951786597e-01,1.703615746985684964e-01,1.704914191086572828e-01
1.644352851226238144e-01,1.605117130093230149e-01,1.612455912496696120e-01,1.641564308545395701e-01,1.631632702931379020e-01,1.620754921547390981e-01,1.634961154989419407e-01,1.642468667568925678e-01,1.628594365770595076e-01,1.656951566929441566e-01,1.620277035372104657e-01,1.617959850793652954e-01,1.648781758868674285e-01,1.641249439675170896e-01,1.602601686861406249e-01,1.643018015410835364e-01,1.642251073689560692e-01,1.628923471849689497e-01,1.636525717688408488e-01,1.640577321894013674e-01,1.649340945086357757e-01,1.615701612258692299e-01,1.655624935030833855e-01,1.633184382297871162e-01,1.633945205122556699e-01,1.632043377006428819e-01,1.619298248761685544e-01,1.635283904013813960e-01,1.631694201518158471e-01,1.642357958185291233e-01,1.626522132097840134e-01,1.609010152501076651e-01,1.651016539238978897e-01,1.611735390090168196e-01,1.615932080012930649e-01,1.631121545032155618e-01,1.628455527794566704e-01,1.630387073147186172e-01,1.628493768288266641e-01,1.636456611409274897e-01,1.641473269443128880e-01,1.645843686219468360e-01,1.618421329610406079e-01,1.673185505555385422e-01,1.623538135368643998e-01,1.624848262765347662e-01,1.629020183199116900e-01,1.615002411480072342e-01,1.639793661493219312e-01,1.628762380910416807e-01
1.571286731135494996e-01,1.555108817629086149e-01,1.572803117170442355e-01,1.583402639046983251e-01,1.595805409996778890e-01,1.555826203537019614e-01,1.557801216247743092e-01,1.616406648253118084e-01,1.587080244971467990e-01,1.566948180339348407e-01,1.587555971270100952e-01,1.595021750297523355e-01,1.578928528000819176e-01,1.594636330188808904e-01,1.595780068783742289e-01,1.585328635984750434e-01,1.558317107051210848e-01,1.584120676482732859e-01,1.583972893280339300e-01,1.568676722635991283e-01,1.581020087693983944e-01,1.563576801518988812e-01,1.596110059802499925e-01,1.575815097049548530e-01,1.553986957045448702e-01,1.588260128604254140e-01,1.575609639321506050e-01,1.579151662198871042e-01,1.592341997491541483e-01,1.580816666772539014e-01,1.570629560013708514e-01,1.589274582979506578e-01,1.575845660516203284e-01,1.608858179907854957e-01,1.567906759620934509e-01,1.587991005275636580e-01,1.558793446575606201e-01,1.585042726210707520e-01,1.556981232074579613e-01,1.592291861339770187e-01,1.606060189510795655e-01,1.565843286104492693e-01,1.580970577958183410e-01,1.583042239030049980e-01,1.557313728413334264e-01,1.552178759752868009e-01,1.603557853905812070e-01,1.582077121657320951e-01,1.554227852194998150e-01,1.569474943273856948e-01
1.511650686062288029e-01,1.537245311180893137e-01,1.524472615871173276e-01,1.508861784016766461e-01,1.496950280983724846e-01,1.524596595480273431e-01,1.488032128488623318e-01,1.493863219839785816e-01,1.514656355512313535e-01,1.505738506474446625e-01,1.516929994031827600e-01,1.511331941569183102e-01,1.532915684970195536e-01,1.528342638276979637e-01,1.528202236251863244e-01,1.530768198776433220e-01,1.517214771451501354e-01,1.494844260812571435e-01,1.535561913317859684e-01,1.516072927132328940e-01,1.524755426017411486e-01,1.534736533624333210e-01,1.527506853265121756e-01,1.486234485070535016e-01,1.525187637052798639e-01,1.512345666702226143e-01,1.536620489059223049e-01,1.525840601133216790e-01,1.513186584163763171e-01,1.552218028215033852e-01,1.535188451304578539e-01,1.515185607144342306e-01,1.511188613169163752e-01,1.531080515260644925e-01,1.519627519873248678e-01,1.501229470362055174e-01,1.528375001738732086e-01,1.501263009534850312e-01,1.518263291134164250e-01,1.533027170009443330e-01,1.531592653806163884e-01,1.491251656488483124e-01,1.517759822861095287e-01,1.542747092932274799e-01,1.517724566408158449e-01,1.507458230211630168e-01,1.521669327294246643e-01,1.519137911783021710e-01,1.517618650230362631e-01,1.498422378859648463e-01
1.468387025529563628e-01,1.423004493105183288e-01,1.467278885164599589e-01,1.441234096611142546e-01,1.450255950566395335e-01,1.444859223286155403e-01,1.454319617725324254e-01,1.479518665702579394e-01,1.459266329563858322e-01,1.459713372666414100e-01,1.449544294564863445e-01,1.464976078194751286e-01,1.454856643537353056e-01,1.465918417778260818e-01,1.445532515742214974e-01,1.475109816825022346e-01,1.474172672946623686e-01,1.470400540024894565e-01,1.446748501431208977e-01,1.441859529718841626e-01,1.446792411239070375e-01,1.444897915420063073e-01,1.448316845603179470e-01,1.475055398036486110e-01,1.456374808989510106e-01,1.471143162977774921e-01,1.473840097278468764e-01,1.439429826072363416e-01,1.472888831125303832e-01,1.439118404877307300e-01,1.445172027179580376e-01,1.464557076819269499e-01,1.487565101566751535e-01,1.467084771705005619e-01,1.460054429870924209e-01,1.476088049822712467e-01,1.443359756525540716e-01,1.439163110366346310e-01,1.441983767417827078e-01,1.458404784505241969e-01,1.477712531213663250e-01,1.480445458899347644e-01,1.479334035454482610e-01,1.438459369883383077e-01,1.455616955813731350e-01,1.459997892982033696e-01,1.455804319169921868e-01,1.485404669044069204e-01,1.469848223715061741e-01,1.449009416992955435e-01
1.406444212414311723e-01,1.398318267521785063e-01,1.405494213174706963e-01,1.383844293946871473e-01,1.406035413849652249e-01,1.385980194451414127e-01,1.396536778812609569e-01,1.405001446330223780e-01,1.379650733446134148e-01,1.405536229205174847e-01,1.398811233721203584e-01,1.384393213943767575e-01,1.395649415830501061e-01,1.429212747681128381e-01,1.367711465233871493e-01,1.400094067650813623e-01,1.419296157299179129e-01,1.403674061396333883e-01,1.386302686122761751e-01,1.402267876605998165e-01,1.375389311165614858e-01,1.409792456162680951e-01,1.422455218372980223e-01,1.414818441604649701e-01,1.416142501944463172e-01,1.390952198164526199e-01,1.385583677508142042e-01,1.433564668555522559e-01,1.393299662140209394e-01,1.405794606126849478e-01,1.370408575408990637e-01,1.400263629450667069e-01,1.364045909212374674e-01,1.359000902693231760e-01,1.373650891437997179e-01,1.401863344124215371e-01,1.419378830167641603e-01,1.394983433751751101e-01,1.362843206114287831e-01,1.351354829810065827e-01,1.365475213157661405e-01,1.369607004740708012e-01,1.410868275807701522e-01,1.411883927799838789e-01,1.380109668830934999e-01,1.382033458538638737e-01,1.412673531214736489e-01,1.348726788337008542e-01,1.391018075031635881e-01,1.386671918584899688e-01
1.330193394897615233e-01,1.323131926865089569e-01,1.294017327575562870e-01,1.350110485223137147e-01,1.358543865448190724e-01,1.327041693114466292e-01,1.309288189553732551e-01,1.354453287629323877e-01,1.351905780547029146e-01,1.323681757405742732e-01,1.332080630211985861e-01,1.335490935995176376e-01,1.305799102202988560e-01,1.340474568489907481e-01,1.330160464046618862e-01,1.363818299053971839e-01,1.351014607223193498e-01,1.308705721120040077e-01,1.329776206546558759e-01,1.361886253011885539e-01,1.332130013208039920e-01,1.326809201036103503e-01,1.334024344919515770e-01,1.350010070293025943e-01,1.279832743493065361e-01,1.334669017934696222e-01,1.306738087820994154e-01,1.323755979182033859e-01,1.348022902536794854e-01,1.320431562816578586e-01,1.325466287908650398e-01,1.345395078932602739e-01,1.329240798229432419e-01,1.322773891659117240e-01,1.307553963352463267e-01,1.359416347145394888e-01,1.317662282990081646e-01,1.336573444457592463e-01,1.339570943745731491e-01,1.339275404016840310e-01,1.332719297717850915e-01,1.335329476077711519e-01,1.316686087521139192e-01,1.338300409990255124e-01,1.330496336436495231e-01,1.341964070745983173e-01,1.306361834924911480e-01,1.335361825427408278e-01,1.334313018615370383e-01,1.321019077100855088e-01
1.266387472758351007e-01,1.281414465581777185e-01,1.259988114690726579e-01,1.283938505849415157e-01,1.276434495418040937e-01,1.271888954803864769e-01,1.275263018636628165e-01,1.244690363330247240e-01,1.286116929253053598e-01,1.260672516199014548e-01,1.227714456084263578e-01,1.280106626606451747e-01,1.266349876918147488e-01,1.260995700089729832e-01,1.258479015338046791e-01,1.257969053761234801e-01,1.243023409966236004e-01,1.253224065521258701e-01,1.279456226893289361e-01,1.260516142842163512e-01,1.242324463949071173e-01,1.257902942382849720e-01,1.263147723539085887e-01,1.240241875793581944e-01,1.265610334195311770e-01,1.262537164382427912e-01,1.280982835044497947e-01,1.264167271865243580e-01,1.269224791060888091e-01,1.257643210820583723e-01,1.261011484364714108e-01,1.252825887246154513e-01,1.233169320671456959e-01,1.282374129310776822e-01,1.264098160571468510e-01,1.297499792302074240e-01,1.258961856159260817e-01,1.269453985258106599e-01,1.257684783651127070e-01,1.260727725438064994e-01,1.275423643752804093e-01,1.296454059583620755e-01,1.263062630049049118e-01,1.256456488923816950e-01,1.258325131674466468e-01,1.255846403589588600e-01,1.287995772412825479e-01,1.266794839860965471e-01,1.264447871394205614e-01,1.263955168746290769e-01
1.186898121475826046e-01,1.165977245927012074e-01,1.190472923418876283e-01,1.218626784908353189e-01,1.195474983078795989e-01,1.210792682513505969e-01,1.212142711658732303e-01,1.229846439197786606e-01,1.231596417480095018e-01,1.201474456657842110e-01,1.186527740007829734e-01,1.225583415204363619e-01,1.168725868849658789e-01,1.197905916974941198e-01,1.213309961316737656e-01,1.190151370316062801e-01,1.217254572374121269e-01,1.209006040141145100e-01,1.197646475678757622e-01,1.185033793934177487e-01,1.201125124778675696e-01,1.224327944948139374e-01,1.180433565555596559e-01,1.195197737713054875e-01,1.193425272490587219e-01,1.249932567256313992e-01,1.205572553815700831e-01,1.198682979911061819e-01,1.193290820151350351e-01,1.186798365083061302e-01,1.201916534210784038e-01,1.209016160140917034e-01,1.200211313364976523e-01,1.195730883341754036e-01,1.204837871228427726e-01,1.202295686850049922e-01,1.197979557863686345e-01,1.212207234308977088e-01,1.204481093908992134e-01,1.175190661667611658e-01,1.221779720752187159e-01,1.183656788942661353e-01,1.191505340873810354e-01,1.190364111788438234e-01,1.191687174027783319e-01,1.196861392991890455e-01,1.227504099862087306e-01,1.213321951091166639e-01,1.172927671689171086e-01,1.167768586015106025e-01
1.150154824516900348e-01,1.128842444017598701e-01,1.137673403199834649e-01,1.091566436946588975e-01,1.133612203144801628e-01,1.146136913424988663e-01,1.129535624401655225e-01,1.119664816935749541e-01,1.164045279789924087e-01,1.122876769811662762e-01,1.140586451691635722e-01,1.129312312144832298e-01,1.120809676784375875e-01,1.174956737252766531e-01,1.156722982567431057e-01,1.156728937549098557e-01,1.126081301997809286e-01,1.140015261850798045e-01,1.115937973555767293e-01,1.144686746397619720e-01,1.128865486902647375e-01,1.103542886506858195e-01,1.145669814112967727e-01,1.122388494468256753e-01,1.117486864908299599e-01,1.148790601702335962e-01,1.128869385668209990e-01,1.144879585369554531e-01,1.142353755365186629e-01,1.167631193575224546e-01,1.121182416693410760e-01,1.158256886657123563e-01,1.136386526707096056e-01,1.089317812060735385e-01,1.103480863539029605e-01,1.137879862792600394e-01,1.150497252684506838e-01,1.124038768760488305e-01,1.119643056827816507e-01,1.128555813108287204e-01,1.114731832551540680e-01,1.156800941211788281e-01,1.107754624033534113e-01,1.119625137411016935e-01,1.106916457545577132e-01,1.155271471253698223e-01,1.129885434556909957e-01,1.138055311217113091e-01,1.151566252190825840e-01,1.134839967515451770e-01
1.051351505970634509e-01,1.056656804003011513e-01,1.072303660493508226e-01,1.041499474282920196e-01,1.068025551464387296e-01,1.041621167749441079e-01,1.024162208849125344e-01,1.086690433991240184e-01,1.048054230750662258e-01,1.044749998729829904e-01,1.069061372481410060e-01,1.082999328237312930e-01,1.095045794323312449e-01,1.073305195640482240e-01,1.043900114685859110e-01,1.055479628343311271e-01,1.046849917686772380e-01,1.080792645854784240e-01,1.068885912339038458e-01,1.064534271212146666e-01,1.046058448089896148e-01,1.038859628412736741e-01,1.057601011257967571e-01,1.025313744609901712e-01,1.027638067100974800e-01,1.059268736932381799e-01,1.049574702518094454e-01,1.072515247229306468e-01,1.047170907168626236e-01,1.046749360681857449e-01,1.044346696322245582e-01,1.069722992419171043e-01,1.068356204541377197e-01,1.053127995678117129e-01,1.073773636967001593e-01,1.060282077449813815e-01,1.055433315113885745e-01,1.036201429324647011e-01,1.035014712262539993e-01,1.059688671767950174e-01,1.057365247241754819e-01,1.050253227107130621e-01,1.046023228191798604e-01,1.087196581437414322e-01,1.072819392938437894e-01,1.058182138219520424e-01,1.077863233286935479e-01,1.047683185550395413e-01,1.089550094582942691e-01,1.055387185494639363e-01
9.685121285374086175e-02,9.812635199741687186e-02,9.647081354544642662e-02,9.772667379385573116e-02,9.767412282937083801e-02,9.882974255415193088e-02,9.816383303470252453e-02,1.017281329659347616e-01,1.021671876928721828e-01,1.001459068591009638e-01,9.842428875371796171e-02,1.010995465268745980e-01,9.827947096041408925e-02,1.003468276169009882e-01,9.970199025658652014e-02,9.731489319381460279e-02,1.016524646635020429e-01,9.617701993075980504e-02,9.542012528306978436e-02,9.991262234786926766e-02,9.758454397496826860e-02,9.725093251648861403e-02,9.551191111550345891e-02,9.910009811354379694e-02,9.742755676040276702e-02,9.682104332304294902e-02,9.730384438671885183e-02,1.006428591160439950e-01,1.000070964747657998e-01,9.810397653116059713e-02,9.971254821032748961e-02,1.012006293382931438e-01,9.846179232435964268e-02,9.541466609279009026e-02,9.646231063122337468e-02,9.731639135713653077e-02,9.802150925752778354e-02,9.700771292592939854e-02,9.554185816360594163e-02,9.959258871565040971e-02,9.967361566198960909e-02,9.540570848564153272e-02,9.838836345863592736e-02,9.761426329009904868e-02,9.778505405202393697e-02,9.983930149638690910e-02,9.450400162872510390e-02,9.809368111551562686e-02,9.982869699167154498e-02,9.866658650355357441e-02
8.945925390239818642e-02,8.931927387239672889e-02,8.967795186958937848e-02,9.172337880180858605e-02,8.851374400292492950e-02,9.031545390363798775e-02,8.850657720355652180e-02,9.212247020128780384e-02,9.113712733702951374e-02,8.852053791408351358e-02,9.229941238645415769e-02,9.223903396385757514e-02,8.803373637413264285e-02,9.301118317819130621e-02,8.816193189560922461e-02,8.793401919542265244e-02,9.170989686943782637e-02,9.038998897071966188e-02,8.958293943010754712e-02,8.990642433435101777e-02,9.092124920301170032e-02,9.466207608035390186e-02,9.015255406377915837e-02,9.156255498019817696e-02,9.155229681056883950e-02,9.094232983712868812e-02,9.038164225265853113e-02,9.040810205609979555e-02,9.273188023996130347e-02,9.254996191488712443e-02,9.064026834732590021e-02,8.999971311056231826e-02,8.950004821315184211e-02,9.137006340752469591e-02,9.298937865065029507e-02,8.970574183670107504e-02,9.321467266226976522e-02,8.914640666459656970e-02,8.906947120898917047e-02,9.018552607750232597e-02,8.934667833365192435e-02,9.136017531653461976e-02,9.332173282685427007e-02,8.903933705935135334e-02,9.032641944517653954e-02,9.187750125101355747e-02,9.086534533592179053e-02,9.127832586531564596e-02,9.023413142280148347e-02,9.293822852385917599e-02
8.641723250164663750e-02,8.431798060321817057e-02,8.664313002920279172e-02,8.586788752539406544e-02,8.446244328911003962e-02,8.216283086779246903e-02,8.050416241475837065e-02,8.485059051999163660e-02,8.129237449583216757e-02,8.680467331467518755e-02,8.543464600912489826e-02,8.647348371303668901e-02,8.731061976764488419e-02,8.105530509534701611e-02,8.593673107027748059e-02,8.319715244822389888e-02,8.026363694644376989e-02,8.406672250104858801e-02,8.441748246425047342e-02,8.278760684863030461e-02,8.611795723897459898e-02,8.151892148710833397e-02,8.252797646358453476e-02,8.499611844506456404e-02,8.629758074292565029e-02,8.208847234167100659e-02,8.714358155570371689e-02,8.431031633945249015e-02,8.119794218498244120e-02,8.456313853208194398e-02,8.379796574452166857e-02,8.212151409468995689e-02,8.342603119596730954e-02,8.417483532136560420e-02,8.093008290208102140e-02,8.190812857343757192e-02,8.199879619641517459e-02,8.096588735951973370e-02,8.179048895607671232e-02,8.418798534401508715e-02,8.512759833647363938e-02,8.116483886548729598e-02,8.398313353893610556e-02,8.411714168717500384e-02,8.326411714499115657e-02,8.296696163367833776e-02,8.326033839127630620e-02,8.194082254318665881e-02,8.249958170731412632e-02,8.095577351678794054e-02
7.776959332639378497e-02,7.382624721323968742e-02,7.452062197191015869e-02,7.792319248150107736e-02,7.417497140279051548e-02,7.615439590945166648e-02,7.457356199226812532e-02,7.807724361448131756e-02,7.450933688941058231e-02,7.656823854459023082e-02,7.545077862128247992e-02,7.656780173983443460e-02,7.270014293416200701e-02,7.743289918795280558e-02,7.463145175382723817e-02,7.504811826837941291e-02,7.413634041997847757e-02,7.143119061472062714e-02,7.879771322213953433e-02,7.671467450464583560e-02,7.658326213155687567e-02,8.040139547149162402e-02,7.358164840745685942e-02,7.752968769930899950e-02,7.432873331337699896e-02,7.458759282558598269e-02,7.761664399083161026e-02,7.635694732440147237e-02,7.482690297424426928e-02,7.469678366711089701e-02,7.264624331613520059e-02,7.685621481348518802e-02,7.687640507800226619e-02,7.372388705414160970e-02,7.630023803762762957e-02,7.439794779747246900e-02,7.602706307173213995e-02,7.768760014730197172e-02,7.462706932003403126e-02,7.875236783860611878e-02,7.651375156148215728e-02,7.629199081715680453e-02,7.005831760478013759e-02,7.625458542328465705e-02,7.599270723222831259e-02,7.642080733823336525e-02,7.612552222188664897e-02,7.554600541103377587e-02,7.711281691826969709e-02,7.780571858662459206e-02
6.694400351770303514e-02,6.564256928766694366e-02,7.015353071048051337e-02,6.816395892780002796e-02,6.679497667058524601e-02,6.564929588816788286e-02,6.749372901649453027e-02,6.378598297404863837e-02,6.799599231671622779e-02,7.080163789962944099e-02,6.697140302461468409e-02,6.638433194491223654e-02,7.009526228687072702e-02,6.716834249801802159e-02,6.853866998222418738e-02,6.779069346232360904e-02,6.578021395519449699e-02,6.733699530359278651e-02,6.657431390900958590e-02,6.562334384082676997e-02,6.631292978469136012e-02,6.477140233890672782e-02,6.465388434227944958e-02,6.696960442223585941e-02,6.994978528156316211e-02,6.859809787855786212e-02,6.665227220718505929e-02,6.977639140973808385e-02,6.875950672777150774e-02,7.028135449035756432e-02,6.865825178626736025e-02,6.787185449841492968e-02,6.816431413182116872e-02,6.726945318440476218e-02,6.805476133431476171e-02,6.570407345009846023e-02,6.762247064014879905e-02,6.831182762085293014e-02,6.973665655315444689e-02,6.675368758066237140e-02,7.079646695761730724e-02,6.826201646871696282e-02,6.891297919687609796e-02,6.590952158775688352e-02,6.643215622204781678e-02,7.024413012598700046e-02,6.586350669495683041e-02,7.085107655137655447e-02,6.761218262089147002e-02,6.692410666226089599e-02
5.955049516947497762e-02,6.033891101769296716e-02,5.891700082647851472e-02,5.988204326263645016e-02,5.881082346660766735e-02,5.749026808335982314e-02,5.857902536994096659e-02,6.003203768651616673e-02,6.070015358985793308e-02,6.113507967961949452e-02,5.944883039740420094e-02,6.017153557643679235e-02,6.052614828926119322e-02,5.986320012677653901e-02,5.991241265067427657e-02,5.652906459888860230e-02,5.444862059102028445e-02,5.900812957134334708e-02,5.476691915390346360e-02,6.018748686531296549e-02,5.735807915085786718e-02,5.750092210145481969e-02,5.938815598113381111e-02,5.605734936345765917e-02,5.864629441747541694e-02,5.911558129019096192e-02,5.578270698441417652e-02,6.080131330743006324e-02,5.852807246941464647e-02,5.665197388398859890e-02,6.040175558173019321e-02,5.943106552362328182e-02,5.705266330900299332e-02,5.805659310503395731e-02,5.853147699811058619e-02,5.887314316979620071e-02,5.814117566045833713e-02,6.104993211565983707e-02,5.841943938664395652e-02,5.809244221654771834e-02,5.703818960608592753e-02,5.566767588485325297e-02,5.815300694015961697e-02,5.890190284914041674e-02,5.858622984809635365e-02,5.863741904500850005e-02,5.588066133551720244e-02,5.813563772138521241e-02,5.832236832974087293e-02,5.829368887247761422e-02
4.855949853248184983e-02,5.275170728129793818e-02,4.882093447897159488e-02,4.772384435338285213e-02,4.931911764384792202e-02,4.751523859478627709e-02,4.953345294170463653e-02,5.060073022167022733e-02,5.164819212000359289e-02,5.096189496107100120e-02,4.834177933000721045e-02,5.129877724111774756e-02,4.814143237144874465e-02,4.941783411075405252e-02,4.860423256537574344e-02,4.931709875302299484e-02,5.312410305722772147e-02,5.196255818260015619e-02,4.937228916707714355e-02,5.053020867590504034e-02,5.031199812815201344e-02,4.797430168866286676e-02,5.226482244951886902e-02,5.070789428837254448e-02,5.136496810780936256e-02,5.008279616187531064e-02,5.282108670356656238e-02,4.897171159953837144e-02,5.051253669056609413e-02,4.945512431765837491e-02,4.788909767761327652e-02,5.021725416500492922e-02,4.658905209491845389e-02,4.943653252666438402e-02,4.809034799863022569e-02,5.039222176697293748e-02,5.022193853080623993e-02,4.601049787838305122e-02,5.178001019550254602e-02,4.933249845821415652e-02,5.111384417106426548e-02,5.019879434273280538e-02,5.004540049367248861e-02,5.094969938739238313e-02,4.915695738942922610e-02,5.180338370519873420e-02,5.130160916866274151e-02,4.906716994382328417e-02,5.231184003494453866e-02,5.054569582416171269e-02
3.790359652522635320e-02,4.069687451139967355e-02,4.307862627175179648e-02,4.293025180303084581e-02,3.780729822644163240e-02,4.546553799936710327e-02,4.413971888830070522e-02,4.277913734304742560e-02,4.580300244151336991e-02,4.390406503012118933e-02,4.259295664106201723e-02,4.034141536033785530e-02,4.197168261854602317e-02,4.201962064165915695e-02,4.173484290299833699e-02,4.044105281578493083e-02,4.349582213235327066e-02,3.865064435075876714e-02,4.159268902870820461e-02,4.240680615425271305e-02,4.355247722644654124e-02,3.953331208680313513e-02,4.147415870577381841e-02,4.263702279053413480e-02,4.109544215377181064e-02,4.148136286212412288e-02,4.130625048537322347e-02,4.048072962877252712e-02,4.200363456408418017e-02,4.266844376766438379e-02,4.107888982105172004e-02,4.319783444694499930e-02,4.012096530375275361e-02,4.136774572191112553e-02,3.960753214618852047e-02,4.335975521030174806e-02,4.168565609530042876e-02,3.998148659921572923e-02,4.102847561240107604e-02,4.036745296031788582e-02,4.326322332484436317e-02,4.113765025813290871e-02,4.188725960705189100e-02,3.970192115400127814e-02,4.094304390348577072e-02,3.965529165323605082e-02,4.297398473392257529e-02,4.103401197539578715e-02,4.147615934527752735e-02,4.154937445302653298e-02
3.166956184217927656e-02,2.967048864523915211e-02,3.415744090777601827e-02,2.993106598216822151e-02,3.229475941408875561e-02,3.062721677879018736e-02,3.016881656749733492e-02,3.144732024501699363e-02,3.040233744474085675e-02,2.926356383000400588e-02,3.138426656883745725e-02,3.057792874335462513e-02,3.226012386610251775e-02,3.091806534216108571e-02,2.961478671691423689e-02,3.466382949397660285e-02,3.245350973029513530e-02,3.332947303289447022e-02,3.190207925215299278e-02,2.883440926321672801e-02,3.239166542215182049e-02,3.278308943437987372e-02,2.542124833417990296e-02,2.973072645262626879e-02,2.939008014798002652e-02,2.930691338104888383e-02,3.258086254400649473e-02,2.930791646591162508e-02,3.076366668374152721e-02,2.947337169175299684e-02,2.792731596837909683e-02,3.166494721823141789e-02,3.133808032147119421e-02,3.068450937310979523e-02,3.177669003250603585e-02,3.773934635436043683e-02,2.888031558489102812e-02,3.225489131708947355e-02,2.934273518768234015e-02,2.722518201904300383e-02,3.063176744107402524e-02,3.486940748711526289e-02,2.901671591170750311e-02,3.026780930691128774e-02,3.328726028920283436e-02,2.817370172930609359e-02,2.902969519895131842e-02,2.942363333528307673e-02,3.263521556496422338e-02,3.062439510958167230e-02
1.923851350566202836e-02,1.992583476407296453e-02,2.086623791566069239e-02,1.902095619308476898e-02,2.209660748596698615e-02,1.927916238461788861e-02,1.996559218433186650e-02,1.869500378862070863e-02,1.998638730907299765e-02,1.867184232109250080e-02,1.968499326795142626e-02,2.043853821899984172e-02,1.579686218686925103e-02,1.870838235379181785e-02,2.108485511427279219e-02,2.061987142313824461e-02,1.988674682466537100e-02,1.902651274734870959e-02,2.156433976810753772e-02,1.920484226994432359e-02,1.850043475249702266e-02,2.308787916261199197e-02,2.160090435815668550e-02,1.923996953456486025e-02,1.917345914210447783e-02,2.036850915386416785e-02,1.996576043609705337e-02,1.600606721032763954e-02,1.952822553660586366e-02,1.814595934726647222e-02,1.943792271088514573e-02,2.096736686479572925e-02,2.096833726846608972e-02,2.221454696896005276e-02,2.070547582222447350e-02,1.840847160319671050e-02,2.191829892108132158e-02,1.956623630377382975e-02,2.176383337453791783e-02,1.783722434227719839e-02,1.895048327741023428e-02,1.924440742145468869e-02,1.802789693361571757e-02,2.068432415879697950e-02,2.050295309203555363e-02,1.958384009835909337e-02,1.914894400817346992e-02,2.082355918710981219e-02,1.936355544049099195e-02,1.774146338705375262e-02
6.421543977640638626e-03,6.176725809190270443e-03,7.950093598632289663e-03,7.286826902844020619e-03,5.513480953076728072e-03,7.049543144450227082e-03,6.766706857800565758e-03,6.759117483371253864e-03,6.977712660066031844e-03,6.013209503677190496e-03,7.857477249543087447e-03,6.284470981689580654e-03,8.578636409416869057e-03,8.015110952387664162e-03,6.735904259349875800e-03,8.349247535010288421e-03,5.636633472958237946e-03,6.149888803487047785e-03,5.874945575332360219e-03,5.802633660475496960e-03,6.228090280223434229e-03,4.477222762764911448e-03,8.725292921201542942e-03,7.185473944503243358e-03,5.952677134343930913e-03,6.404599227040294086e-03,6.310229683734425513e-03,6.226808857014484028e-03,7.816574309004797189e-03,6.709637257058939305e-03,6.157661481741122725e-03,5.750470832369260037e-03,7.227700228007950291e-03,7.935997229047008980e-03,6.244433554147346688e-03,5.510642080211521944e-03,6.891877458427416933e-03,7.772832364912778298e-03,5.914066945639825934e-03,8.001941391460813680e-03,5.808272171124197018e-03,6.517743228120510650e-03,5.662385813742018027e-03,5.940389165998634022e-03,7.733473215866207978e-03,7.156188037393533541e-03,4.359283064563784262e-03,6.470040397082743241e-03,7.189377653848837320e-03,8.018699490316371498e-03
