2.689102461292891891e-02,2.584351173025328796e-02,2.836409035546095039e-02,3.031031667402754939e-02,3.115939446930259676e-02,2.634116817341813216e-02,3.055733152862285043e-02,3.215532046026810253e-02,3.506209079395666839e-02,3.159929114886530360e-02,4.167846643613062202e-02,3.182817789351587157e-02,3.479579846980404567e-02,3.536373887404287847e-02,3.904005647097715664e-02,3.128469138273109323e-02,2.851081767207598594e-02,3.267615444153204596e-02,2.668977705838642897e-02,3.107978515886646725e-02,3.128556785645887628e-02,3.082176056477012663e-02,2.541331791974801163e-02,2.760968387075054403e-02,5.046884906462956177e-02,3.022012690151595210e-02,3.235756144914653243e-02,4.719549155136907453e-02,2.894424434869578844e-02,3.429090566255104527e-02,3.127672110374931508e-02,3.138155570795404803e-02,3.140511211348193110e-02,2.781933013309502087e-02,3.226648576298841303e-02,2.860903544638758456e-02,3.508843562934348126e-02,3.154546128229440694e-02,2.691064148168273787e-02,6.514988665216463193e-02,2.662756481425740049e-02,2.694375988566054259e-02,3.146524824513129842e-02,2.834977096819165862e-02,2.828846077958765276e-02,3.149891895674453851e-02,3.305318618093686101e-02,2.862355992178360065e-02,3.247252440263960482e-02,2.614068821672929990e-02
2.982359493865451711e-02,2.750027748548063838e-02,2.447186350297754498e-02,3.131609560416354077e-02,2.951797215051680731e-02,2.930326349373501074e-02,3.358077054882358664e-02,3.005600529174876773e-02,3.192031243086802111e-02,2.894598797432073115e-02,3.485680772436600128e-02,2.783455979349938950e-02,2.493376127276524315e-02,2.690327854303030744e-02,4.383079299753302877e-02,2.851904985852178956e-02,4.486326862260468784e-02,3.242955353074969405e-02,3.789495999294788253e-02,5.172561016367476644e-02,3.342486190511791827e-02,3.034088462496281266e-02,2.804483807447311072e-02,2.761901452195056686e-02,2.492984669344107743e-02,3.085954561218099204e-02,3.115984694377001499e-02,2.817362575346329598e-02,3.514841603173231993e-02,2.395333260780585158e-02,3.602832221624354542e-02,2.557126075829134829e-02,2.585135093730007994e-02,4.333403485248592951e-02,2.733142448542110609e-02,2.320213274756491306e-02,2.931782663213673354e-02,4.280736087496361808e-02,6.195052381186278573e-02,5.120349375428278477e-02,9.181546225664632965e-02,2.752321476403530795e-02,2.663763392627748958e-02,2.591839346763273946e-02,2.852809548932235331e-02,3.126870763782919893e-02,2.776125761950409832e-02,3.731581528766566430e-02,5.875760222510943709e-02,2.970842352996738364e-02
4.345454138186815446e-02,4.902086734976014021e-02,2.633938923463155501e-02,2.909668203984277710e-02,3.209018434085370713e-02,2.946000146521217389e-02,4.196669326426000213e-02,2.573998508435316676e-02,3.312939648319937480e-02,3.086883626234782421e-02,3.115078943704270922e-02,2.646136897093142454e-02,4.374812582477272810e-02,3.015345149176015468e-02,3.236483969861963378e-02,3.775581823313291230e-02,2.656485084620341733e-02,2.954521818053368332e-02,3.703748597268859133e-02,4.162182991274945842e-02,5.050127954700410482e-02,2.854114857749743064e-02,2.693902788445559984e-02,2.957060861674951080e-02,3.552801341555712755e-02,4.172745663736268651e-02,2.890150669429382771e-02,2.523825294863991583e-02,4.118257874469857110e-02,3.522214689283892364e-02,3.210611757523166437e-02,2.936332442903697576e-02,2.993891667921924626e-02,3.134928314262327986e-02,3.420606896748400183e-02,3.425506243660226408e-02,3.304567563889777848e-02,3.832651244377197758e-02,3.432480233804898612e-02,2.934859694987966908e-02,2.528614105815753937e-02,2.798987042333308042e-02,2.543178753352285520e-02,6.863438343060343505e-02,3.434420016332512954e-02,4.269142207198247524e-02,2.868206840236513580e-02,2.666784443829324849e-02,3.590311584351661006e-02,2.811333391068573245e-02
2.519365009714485612e-02,3.668261038742084978e-02,2.863395706894366136e-02,3.158603800800118683e-02,2.940842016533340431e-02,3.407753271447713783e-02,3.439185677822004933e-02,2.748428985964776125e-02,2.649522566194106518e-02,4.991609402500565146e-02,3.912993402123688541e-02,1.237712048295324108e-01,2.925255186382684502e-02,2.547657608649643926e-02,4.060052030071902018e-02,4.029834710111273449e-02,2.593692119709956403e-02,4.747214751722880766e-02,3.030576275044041465e-02,2.528914943936348692e-02,3.131025154263206850e-02,2.969476893555229174e-02,4.868036344678164373e-02,3.219400040471154245e-02,6.796517023710496597e-02,3.071062461029019225e-02,4.167252803214928358e-02,3.608634844325674801e-02,3.461630494644830913e-02,2.862466591557795426e-02,2.711797633052953280e-02,3.197847773645003805e-02,3.161685857957304696e-02,2.509995966123617153e-02,2.901341760764031968e-02,2.816141582733677068e-02,3.260491133608893477e-02,2.875761667936869645e-02,2.857343618135209373e-02,2.389527046737771263e-02,2.505157223806629002e-02,3.304169035387018172e-02,2.806076872554777446e-02,2.834309217196273600e-02,2.959261846068663229e-02,3.555150751604551490e-02,3.301104981366823066e-02,3.409309682745645387e-02,2.896165236466792525e-02,2.723422212128723957e-02
3.263763334336141492e-02,2.681659546588884696e-02,4.639678045183930066e-02,4.505395180446977038e-02,3.849522142347770737e-02,3.678321857032043618e-02,2.977131872111382638e-02,2.802996710343245990e-02,4.157613576238875647e-02,2.651857486063964944e-02,2.456073162442084373e-02,4.423114390941229601e-02,2.718334026558435340e-02,3.900913480773060549e-02,3.200182310592602358e-02,4.569697876856228247e-02,2.737356366896739890e-02,2.606187637089872958e-02,3.099101127487602705e-02,6.956733731490846728e-02,3.678595969207024141e-02,2.629434311577477298e-02,3.571017720814553126e-02,6.300199890019078652e-02,3.185678611816965267e-02,3.224792470304255892e-02,3.033459480024166752e-02,2.980989175108780462e-02,3.455495928372614989e-02,2.776054567802568179e-02,2.753286268059757652e-02,2.849917756344876388e-02,3.013023211841185309e-02,3.400101191970441444e-02,3.100900047395627190e-02,2.885298397198319403e-02,3.472267833130748826e-02,2.713154407957419495e-02,3.388193781434149787e-02,2.632843004158074568e-02,2.743233290175334585e-02,2.598635110723731753e-02,2.768271040500910538e-02,3.044298706591166970e-02,3.882717394298437069e-02,3.028707726328104186e-02,2.760811981358814865e-02,3.692926624179738299e-02,3.073061701402280896e-02,2.534192997204183159e-02
2.938351535921733190e-02,3.196535757644737574e-02,3.510236937250046235e-02,3.190886996361949612e-02,4.115906967775558728e-02,3.043896571878566132e-02,4.018479275232991060e-02,2.977899568937243668e-02,3.697886388764842075e-02,3.879628622559867790e-02,3.471388021836592508e-02,2.626347451083216322e-02,3.293957755437738888e-02,2.750046428867453097e-02,3.558172736690920490e-02,2.871290583251490461e-02,1.608378297974813742e-01,2.607581574315260414e-02,3.519318874721500540e-02,3.803405841135194115e-02,2.959086051029237441e-02,3.695416324434167704e-02,2.920484534147976818e-02,3.143412543699996425e-02,3.033182240040982469e-02,3.855287553759036839e-02,2.611073682963009623e-02,5.046596275772033402e-02,2.974706887008280592e-02,3.339090412490482163e-02,3.029768089622352986e-02,3.257699427419124411e-02,3.362858595380793097e-02,3.089834579191191172e-02,2.553044560038541383e-02,2.931350246678831456e-02,2.552337297157470167e-02,3.460413706520960864e-02,3.025689348366076767e-02,3.298165823348617187e-02,3.289805199153522652e-02,2.670395302042250646e-02,4.223809134827410244e-02,3.332306843758003206e-02,4.390065458311945279e-02,3.180910668012297549e-02,2.733633753477056338e-02,3.145876862727194773e-02,2.715971530124466210e-02,3.227186932765724325e-02
2.818808759838211872e-02,2.631389996841614065e-02,2.914472332227279958e-02,2.793859617235993839e-02,3.428715716272780212e-02,3.527738228279653221e-02,3.102267493538828080e-02,3.434553226173759494e-02,3.917062866001660287e-02,5.771870178353375597e-02,3.271089928479130327e-02,2.880185109335986829e-02,2.889073444930171514e-02,2.847724480916737078e-02,2.475240637577791683e-02,4.862765574525326762e-02,3.670959141527426611e-02,2.885801263017642032e-02,3.898429439500537830e-02,2.710191045390645051e-02,3.172276706868117774e-02,2.798508914477377402e-02,2.910473057004903802e-02,2.737518241434049038e-02,3.154282461604712706e-02,2.858931119013610050e-02,2.999064830210903393e-02,2.681815148995874559e-02,2.861123048685871098e-02,5.614708498432956219e-02,3.020793684669883031e-02,3.358809844942843570e-02,2.703101454360494482e-02,3.531207917658703288e-02,2.585453217309249124e-02,3.067298869906719128e-02,3.625563459951260115e-02,2.739781988996618442e-02,4.010320298169407771e-02,4.178353179787582666e-02,3.595916316933184254e-02,3.107693588807065865e-02,2.471882613359739633e-02,2.889446012402888814e-02,2.509905639064433439e-02,2.238671375287739351e-01,2.898973231335674056e-02,2.467674846859718371e-02,7.321837210337617252e-02,3.144461734035867984e-02
8.259396548070431499e-02,2.516575437548499578e-02,2.815533252062098896e-02,2.663546942126178430e-02,3.170800861752617883e-02,2.802816958100631806e-02,2.631838695227055325e-02,3.213329152596552940e-02,2.839271810243336816e-02,3.002061255411735130e-02,2.757649664462633390e-02,2.963906005993317827e-02,6.078741151737809129e-02,2.607214636562553423e-02,2.875687729795081346e-02,2.618770260013112555e-02,3.159283297977698302e-02,2.752445394157298011e-02,2.817223081060154719e-02,3.037796124124362077e-02,3.451263069431582259e-02,3.192269244526934474e-02,3.068247197337965054e-02,2.733066021224294859e-02,2.956639688513785363e-02,4.191992772701479825e-02,3.090525397425333831e-02,3.225942237289591147e-02,3.317194236314129768e-02,5.650947540883512199e-02,2.594429841666587994e-02,3.775327477584274061e-02,2.961591331163755669e-02,3.057578726831793395e-02,3.445467772237414267e-02,2.702214867420751204e-02,4.636021130415744068e-02,2.821982801077212166e-02,3.066034244140172088e-02,2.851515032648382561e-02,2.591431823348624638e-02,2.984639895059355494e-02,2.714958611350367507e-02,2.951283106396581160e-02,2.708193408029798202e-02,2.864227603570197039e-02,2.544369937981626889e-02,2.477990065932988636e-02,3.380767371912783009e-02,3.727784827728214401e-02
3.693588113073859036e-02,2.933012998665998974e-02,2.612330824838342280e-02,2.570763044203030687e-02,2.456786809987475742e-02,8.691735077660070474e-02,5.885882844012176734e-02,4.080599553641311300e-02,2.663891899004629943e-02,2.808660078851986375e-02,2.595244809532820662e-02,2.675332552866319449e-02,4.193662620090778115e-02,2.997198608378003407e-02,2.712074059676537752e-02,2.556122607339864072e-02,3.201467275366616516e-02,3.721856518202031755e-02,2.696213736002371283e-02,3.004155047080411117e-02,3.059371573008481254e-02,3.122464547535158674e-02,2.704700447803104132e-02,3.381595914939446168e-02,2.872126221032966081e-02,2.792831542231026531e-02,3.323258284483275593e-02,3.017052531067745264e-02,2.708070392652766126e-02,2.682667774143795286e-02,3.907609806556211485e-02,3.004061697150080604e-02,2.577701922918347599e-02,3.099423646434865467e-02,3.336079762013183930e-02,2.951414031262534696e-02,2.686985730268217146e-02,3.197510866658788420e-02,2.972127362408659434e-02,2.720722181772856907e-02,3.142941908496073300e-02,3.428317348533548720e-02,2.858327126381380104e-02,3.014911364918547443e-02,2.602441256321955110e-02,2.766792514863682453e-02,3.726043178084571111e-02,8.221806230743085309e-02,3.672808679025412609e-02,2.591326501084590186e-02
2.696877906650043885e-02,3.176988078970313656e-02,3.105519288205194073e-02,3.247024166267186568e-02,2.611032890241232751e-02,3.777012590730765423e-02,2.696285503788186516e-02,3.450819663686829214e-02,3.765584906631579132e-02,2.462701239087113081e-02,4.327302513578400872e-02,3.129494062954288336e-02,2.958728830069884408e-02,2.836042450422205860e-02,4.303355640666461229e-02,3.100560526816879131e-02,2.814134732226305710e-02,2.947230349879469483e-02,3.105060271225651425e-02,3.888785668680710961e-02,3.889213173403446161e-02,3.321326794115641440e-02,2.817049623293307534e-02,2.604300815495357371e-02,3.182658730273593001e-02,2.440894917014461291e-02,2.973573701042474954e-02,2.437423146096408949e-02,3.140563353785762873e-02,3.141089603438732003e-02,3.369670192220178273e-02,3.175871013841378293e-02,2.872291783390110501e-02,2.993166512484701780e-02,3.216634254026515954e-02,2.491333770241216383e-02,3.383521284605502805e-02,2.856014731067607615e-02,2.487414800708243751e-02,2.716739097058802968e-02,2.645175762029604305e-02,2.813650791268884621e-02,3.452287739226101576e-02,2.723066855855028195e-02,2.500712125201407648e-02,8.230783653436121727e-02,4.245276495495048374e-02,2.885680082504369498e-02,2.886996580975158266e-02,2.672166266875233495e-02
4.831897327258775909e-02,3.452698691984328050e-02,3.306025197072198080e-02,3.054445187513793111e-02,3.273685626619367295e-02,3.029675407944053267e-02,3.039732561710364531e-02,4.067823915828974041e-02,3.053681402958804275e-02,3.150224822681130243e-02,2.852939667200914825e-02,4.107758546808373129e-02,2.870626892996090695e-02,2.841163819596729395e-02,2.810476252321204849e-02,2.931639393507496846e-02,2.894386410844720231e-02,2.650512990502739905e-02,3.154242109963309448e-02,2.825561870444274343e-02,3.212174307879334112e-02,5.559276016481653343e-02,2.642901511259952013e-02,3.252317217965208784e-02,2.769176543046694694e-02,2.896469299930995445e-02,4.032696882340068567e-02,3.503332508614533103e-02,3.054726017518443956e-02,2.639012173298749611e-02,4.211274085574635145e-02,2.688975291326391875e-02,3.213160683855562777e-02,2.923288431410785843e-02,2.720302794360152793e-02,3.649249313939089551e-02,3.060495596129692020e-02,2.704244001081976961e-02,3.278020890722306568e-02,4.155441921387187376e-02,3.079897765376655647e-02,3.853677377934898451e-02,2.730695404471552429e-02,3.158339423861492717e-02,2.911717941303240687e-02,3.531981621928113879e-02,4.166472407985834236e-02,2.665754312126688771e-02,2.950401997473781068e-02,4.088985415603382800e-02
3.435123541943797126e-02,3.414056633190166307e-02,2.743375340311225014e-02,2.810087187720039167e-02,2.805395023550154646e-02,1.383158671118080996e-01,3.958176036673796000e-02,4.567720968604103982e-02,2.918198364635047129e-02,2.677178949061884486e-02,2.887541448307456501e-02,3.242273963249083651e-02,3.020719810053914406e-02,2.592186799869217878e-02,2.870781551159422296e-02,2.773994455474444384e-02,5.113120943136979096e-02,3.129119923496963274e-02,3.031877467122920389e-02,2.770327159893617650e-02,2.807460957309403093e-02,2.719088861797295392e-02,3.094568640271385188e-02,3.231812893483208826e-02,2.805475972020215342e-02,3.772413883720512895e-02,2.972968249767537000e-02,2.987807412168318882e-02,2.788097076697889157e-02,2.736557513952644211e-02,3.367636768435445377e-02,3.107354923637370078e-02,4.780864995733376255e-02,3.145096694007620819e-02,2.999162437919032989e-02,2.920429702953368165e-02,2.801600194689376350e-02,4.196546223992475566e-02,2.449974329398116324e-02,3.006691523634566487e-02,2.744650091333965258e-02,3.126158452788366932e-02,3.475797235031164584e-02,2.741369420880691854e-02,3.010208839223743951e-02,3.091638850989996551e-02,3.595987998869464713e-02,2.755536147113720261e-02,2.706551551773300063e-02,3.003925247868972567e-02
2.528158744594042467e-02,2.716447246586098027e-02,3.063629109136185857e-02,2.694311383301846788e-02,2.945523717654894430e-02,4.863356555187629132e-02,4.249906795611435584e-02,2.839675431519123397e-02,2.621978858843090204e-02,3.504897404709612918e-02,6.338139084490275466e-02,2.840767300931133083e-02,2.848411746625191879e-02,2.570853623775834484e-02,5.504536660367055634e-02,2.706191957387056243e-02,3.065691165337030080e-02,3.700328820754320014e-02,6.070230185757540670e-02,3.547980432594455280e-02,6.467125935499426492e-02,3.620708517304209451e-02,4.016246598836723664e-02,2.977260884729040699e-02,2.767342715056506433e-02,3.197090583473448377e-02,4.653590779185497184e-02,3.260069036749600052e-02,2.547727079905290348e-02,2.863100316236923126e-02,2.838043822235241515e-02,3.587330089164576102e-02,2.753427694942863282e-02,2.838732007151875680e-02,3.146329982138243442e-02,2.738152572836538567e-02,4.534524466176546170e-02,3.201444186272618675e-02,2.700919120755580771e-02,2.597900933084270128e-02,7.332693034979337332e-02,3.222627186252578074e-02,3.486083080890541031e-02,3.462937035520736312e-02,2.884396555864205194e-02,3.971240079145038626e-02,2.973780130629887289e-02,3.235720264711235139e-02,3.847781833735522405e-02,3.111385432408865157e-02
4.054513630247891937e-02,3.183296393552747378e-02,2.831088059910857879e-02,5.601615121716015805e-02,2.882350118486434395e-02,2.811941468559479851e-02,8.665781991092423586e-02,2.765582450127069408e-02,3.120411280895713999e-02,2.674110883136695746e-02,4.123836903416431415e-02,2.989210102696235674e-02,2.704642359637639618e-02,4.473443130132936929e-02,3.200278135086689901e-02,3.581583051746580620e-02,2.668030499621065407e-02,2.807300141685556069e-02,2.766592295168743970e-02,3.181823234214625762e-02,3.358302441961304174e-02,2.835100550848697332e-02,6.262014720376728183e-02,3.700267651521372408e-02,3.217734179508578013e-02,3.074798712709069307e-02,2.905676045476047673e-02,2.742409859936207131e-02,3.948216491734522077e-02,3.403997995559077117e-02,2.676882239707809377e-02,2.650054709806201961e-02,7.477855307247507910e-02,2.730819515497150130e-02,3.521746400472505062e-02,2.706278137712580037e-02,5.321903421896768266e-02,2.914885198967276381e-02,4.392926942872722729e-02,3.217389972671167581e-02,3.503026504834542282e-02,2.628572817139682855e-02,2.953681990040539843e-02,3.369700545963384697e-02,3.147162664171435781e-02,2.603798417005682639e-02,5.614082949651057891e-02,4.838602272348874189e-02,3.619118477812113821e-02,1.961719390233744309e-01
2.838775670406727333e-02,2.306346005352982731e-02,2.883870249402004440e-02,2.667356308232888412e-02,3.258963874857504633e-02,3.330858915530929970e-02,3.014586951165221587e-02,2.510668235147327232e-02,2.734619759826869417e-02,3.060262872779883833e-02,2.840159420558006909e-02,2.807550796004253807e-02,3.602520360241358993e-02,4.095792997100223404e-02,3.123828331496102118e-02,4.868058769119738144e-02,3.117384209780479573e-02,2.872636284322400632e-02,3.173813590978250693e-02,2.592152325742151653e-02,3.382838673241648358e-02,2.511965149844784875e-02,2.790049433472808690e-02,2.965754154751535157e-02,3.719501549393767342e-02,2.810332971235445648e-02,2.913249199261021966e-02,2.810873030172907419e-02,2.564392202890694583e-02,3.028469567684730773e-02,3.156934805978401509e-02,2.889914658440703721e-02,2.798965378473482549e-02,3.862073235618207478e-02,3.177813671615544594e-02,2.827852709124518624e-02,3.211553630818828053e-02,4.003499760842495203e-02,3.389584325475668986e-02,3.481599656351032357e-02,2.667617166763342623e-02,3.786010350280804432e-02,2.678854230300534850e-02,3.462420093627185946e-02,2.940349001936926054e-02,3.102553561967007906e-02,3.110404263112176437e-02,3.961238060788851295e-02,3.603984883615436036e-02,3.274800579527747946e-02
4.720682878786207348e-02,2.836546411063011613e-02,2.705531505538993214e-02,2.710776874666188940e-02,4.561450589199057132e-02,5.127107419942950745e-02,2.840559391026403063e-02,2.648452449278261567e-02,2.984834949166789014e-02,2.599200004833003910e-02,3.053685302468108625e-02,8.970897729225538186e-02,5.515171448890330425e-02,3.007509686461344936e-02,3.772038840512430963e-02,2.727007595628035130e-02,3.792897190765225773e-02,3.081115813205678733e-02,3.287284221240838883e-02,3.063513247579004867e-02,2.574250287362147074e-02,3.483941719346161231e-02,4.376612852765065370e-02,3.726660455064606525e-02,2.928287383554314255e-02,3.256125096278627423e-02,3.059158543140647404e-02,3.883281539639947544e-02,4.347457892394197138e-02,2.974665544650856308e-02,2.647413809236803806e-02,2.901661091894881112e-02,2.490066178881607598e-02,2.692010319628368800e-02,2.533235631698395329e-02,3.087121051782385286e-02,3.253958881473645315e-02,2.731797744106093800e-02,2.666386702948440879e-02,2.794182317697308307e-02,3.441746201711504832e-02,3.039159142056098786e-02,3.109004759461568915e-02,3.179462839671999552e-02,2.940864750824784962e-02,2.937567344336775715e-02,2.819431670808073345e-02,3.001362236928749663e-02,4.064932442529981677e-02,2.695929672324531845e-02
2.545124065160607116e-02,3.726784130858594446e-02,3.101784364548184833e-02,6.651172330957422218e-02,3.249395332181576751e-02,2.860130164192707311e-02,3.704518598080876884e-02,2.725783258545440291e-02,2.679563705394484574e-02,2.754306068038655728e-02,3.516593602472464081e-02,3.624241849032797114e-02,2.519520574265362092e-02,3.797512513097353604e-02,2.717424977318258841e-02,3.100218798910776147e-02,2.952285866908079676e-02,2.790235796727742051e-02,2.516095719727888536e-02,3.063874083602714099e-02,5.275839864934622064e-02,2.784434352851834771e-02,2.834014705016935434e-02,3.283017547225081795e-02,4.149247834932934947e-02,2.942230938399836154e-02,2.855656726178500485e-02,2.828800499744780345e-02,3.424367512932422614e-02,3.422788177067028620e-02,3.549608746021633288e-02,2.934215868641906408e-02,2.965891521048615379e-02,2.616637771988145067e-02,2.936943082656923859e-02,6.378769888981705716e-02,3.050650690262332251e-02,3.373147500276867106e-02,3.810595698302422091e-02,3.348065998334376348e-02,2.856860079799404886e-02,4.147802434854726966e-02,2.961618635499091087e-02,4.196876963867945259e-02,3.242376594693911068e-02,3.499793446033129529e-02,3.219201204833026936e-02,2.946803404815137584e-02,2.832315693651615146e-02,2.517105228022722269e-02
3.434350418822836731e-02,2.966343084889500395e-02,3.197891746897430637e-02,2.542329939603612046e-02,3.047390722262485752e-02,3.020322641862193541e-02,3.735719170264013150e-02,3.232145158400807905e-02,3.283854788755750931e-02,2.752147986949904715e-02,3.057513871878731609e-02,4.264568680548672802e-02,2.960448075727640377e-02,3.033482100757152120e-02,3.170256781392159079e-02,2.809204739733874370e-02,3.170955501338636184e-02,3.224282088147600867e-02,3.121155921032528133e-02,3.215373063690275812e-02,3.154236655989706845e-02,3.208779789157117923e-02,3.624655327544761690e-02,3.318884718542342016e-02,2.815174738830318255e-02,4.316784272682728379e-02,3.935364735065614156e-02,2.350122400152909186e-01,4.741406175528206646e-02,3.022211346302103308e-02,2.709387318305463838e-02,5.606887850129178841e-02,2.703489701165738557e-02,3.903379148264625453e-02,3.585858143012608801e-02,3.856143642345676720e-02,2.760911378676677783e-02,3.195479994017859371e-02,3.015118138927672109e-02,2.891423159560990025e-02,2.747870365893406025e-02,3.240103884088318953e-02,2.501364415024476956e-02,2.865176136358695350e-02,2.681677591078793915e-02,3.002545011241199158e-02,3.271009542307466017e-02,2.839561947034806647e-02,2.830348727385189125e-02,2.803395061008116806e-02
3.216154270547532529e-02,3.186348920087522102e-02,3.284949964519107146e-02,3.544089865364997288e-02,2.986767092658033224e-02,3.052391216793481216e-02,3.267518044532831401e-02,2.872120021912925175e-02,2.834446567297816549e-02,3.361450248577307898e-02,3.557245541780802017e-02,2.908599556195511082e-02,5.205857002230263736e-02,3.019948141470116254e-02,2.878117003073297694e-02,2.973513126632151143e-02,2.738927701110493301e-02,3.724785143347509458e-02,3.161163557513944206e-02,3.250920689363270139e-02,3.248940446815045541e-02,4.307868614091888565e-02,3.219355224947575977e-02,4.188969674194602949e-02,2.970913771884930304e-02,3.241769726011557717e-02,3.388167164157866035e-02,3.331865947151349538e-02,3.496859580705276999e-02,2.466818151961040068e-02,3.252200096617403197e-02,6.368659249619533502e-02,2.883872813461323126e-02,4.057668351289119707e-02,3.774123067375055596e-02,4.646762364883873231e-02,2.571510909302152093e-02,3.388276028559013275e-02,3.433823109750920588e-02,2.824966455492617864e-02,3.147479327515369241e-02,3.640533083690809801e-02,2.646363398949570789e-02,2.869796876868406510e-02,2.594762859166857907e-02,2.623676059187044635e-02,1.961211646247560669e-01,2.835806452927192370e-02,1.291283794462212142e-01,2.787888707059532623e-02
3.380825211536649111e-02,2.805530494719883985e-02,2.803459612730519260e-02,2.967334632036338141e-02,3.198333551256845458e-02,2.879614509378037798e-02,2.602935878630934299e-02,4.480824997214241656e-02,3.403057737711077252e-02,4.931957748872149716e-02,3.708956210904076206e-02,4.311473543297107691e-02,4.168766886959659329e-02,2.882325927669333529e-02,3.580067397913248156e-02,5.428418315709140213e-02,3.006089899078795771e-02,4.321625883076540137e-02,3.189101452024702826e-02,3.044125778278942637e-02,3.856405868425762801e-02,3.209961790422902195e-02,4.085059259044274832e-02,2.946332355134347047e-02,3.361974426925130183e-02,3.117623223684716852e-02,3.486685107983237414e-02,7.190186214788123198e-02,2.774681472164097079e-02,3.112000293238274123e-02,4.092386740149851765e-02,2.661224003789779136e-02,2.801130345195604332e-02,3.146928831397451803e-02,4.266342818058944247e-02,3.024534033519872545e-02,4.224582692855742561e-02,3.841690933865939822e-02,2.926071358297280267e-02,2.807181162050616935e-02,3.533892542864523756e-02,2.890158994905821926e-02,3.103642255875911984e-02,4.005422702622415954e-02,2.485599979286835445e-02,3.042943125400888321e-02,2.594271152357027072e-02,3.367779399763643627e-02,3.522389672228488922e-02,2.745059993112303892e-02
3.002570854071261175e-02,3.161322210044261588e-02,1.528577698368210336e-01,2.977018275281353987e-02,3.072120865265846185e-02,3.206773509380361070e-02,3.244758531262020157e-02,4.329699900883680203e-02,2.921731233726615820e-02,4.667907608892876703e-02,2.904823124375737961e-02,3.227362245250967043e-02,6.080869946369490270e-02,2.644237536284462647e-02,4.310483236698420262e-02,3.276637519466277237e-02,3.186267051889699053e-02,3.111785152671610669e-02,3.887516883944492491e-02,2.987210636304813219e-02,4.558829315227898998e-02,3.121061155208052634e-02,4.064541594453516260e-02,4.779736551883738416e-02,3.196674524960054636e-02,2.547916174049792704e-02,3.663902046814920127e-02,6.474592359126743468e-02,3.643607524772177891e-02,3.629371810979892254e-02,3.058905347977589409e-02,2.503847244804541239e-02,2.887530250803416187e-02,3.073205675625476085e-02,3.074009670125145421e-02,4.921157279548438179e-02,2.702473249125238869e-02,4.681553360655446583e-02,7.654289157252260056e-02,4.617034138153999073e-02,2.949661274729112673e-02,3.129722412858385039e-02,2.580575490369587527e-02,3.151277020759847558e-02,2.938080236095558240e-02,4.613495585756954842e-02,2.731491347327854799e-02,2.707465037700405169e-02,2.633834730664551260e-02,2.698497105932812570e-02
3.071092404520820579e-02,2.756727885208716880e-02,6.357723897418302017e-02,4.020317029119529345e-02,2.709435856049960401e-02,2.701379941430593831e-02,2.530198255821033276e-02,3.651182959093934866e-02,2.561525295123170953e-02,3.613619236502613186e-02,2.525223656964105737e-02,3.104923870689935833e-02,2.754028121799923651e-02,4.372072857163248477e-02,4.296567657354861958e-02,3.276040542004041156e-02,2.920688330238092878e-02,2.752984766646340842e-02,3.291411352806212359e-02,2.953733449846095149e-02,2.786775072668545503e-02,3.402627612395951739e-02,4.946923811610364624e-02,2.505062950955283876e-02,2.975603878680774597e-02,3.443731656153066478e-02,3.059776479097131921e-02,2.646822098967191450e-02,3.400750896055312195e-02,2.713649757552032485e-02,3.146065156333783391e-02,3.153911001303178613e-02,2.888238287682595717e-02,3.168010901796170647e-02,3.164463516186979269e-02,3.842408563199612576e-02,4.159182467029005209e-02,7.251579960038025130e-02,3.260338868818413866e-02,3.052971140287677118e-02,1.101426189151622631e-01,4.028496695094408581e-02,2.657097554445785742e-02,3.394828091651232865e-02,3.740261555593434734e-02,4.020793972750988376e-02,2.899054258483203805e-02,2.545904633641845466e-02,3.671707022174153928e-02,2.742729994958637701e-02
2.329694997038048998e-01,4.533090496645718337e-02,3.563685753003304618e-02,5.109554460505541518e-02,3.152342909720844133e-02,2.820974953004149605e-02,3.922846775725903623e-02,2.672159747664738100e-02,3.137394329019839445e-02,3.088956874108466505e-02,2.736988620267161165e-02,3.320969321563894960e-02,3.486506634336675875e-02,3.955909475382322904e-02,4.714229550720624995e-02,2.680141484815084726e-02,2.959952667024420836e-02,2.980858519967680836e-02,2.929609320792053370e-02,4.493506611317324428e-02,3.241515876730471923e-02,2.852914269883956647e-02,2.762098855985428009e-02,3.275770495919592962e-02,2.652640235218436601e-02,2.944154819422297245e-02,3.698565909920023542e-02,3.425838740713561814e-02,3.577749540690498831e-02,3.008593066824882811e-02,2.618045125614678822e-02,3.479665806433854258e-02,2.630423735055173462e-02,2.929420781792442183e-02,3.502809906306100091e-02,4.376626917218854468e-02,3.213952831929003245e-02,2.864476856587495207e-02,3.029174370223829821e-02,3.525548428629598358e-02,3.469935427404388650e-02,2.733243948237458476e-02,2.617278261932420858e-02,2.782325100833763637e-02,2.838313188255479555e-02,2.661430185966095346e-02,3.066936700781552894e-02,3.463715738357678320e-02,2.617825820716927071e-02,3.583322519210430795e-02
3.199059142980793108e-02,3.548951067215550675e-02,3.072702483929991985e-02,2.747870133454415401e-02,4.312608194566430742e-02,2.462518758230229296e-02,2.798754137640516171e-02,2.682365987980634206e-02,3.665507849962849202e-02,3.254941882317870239e-02,2.621003623965469445e-02,2.881276356097488625e-02,2.713063924193943183e-02,2.553485762752235114e-02,2.839746784922662567e-02,3.301943207898760946e-02,3.023011091263180794e-02,2.788781330640697706e-02,3.537310176381637528e-02,2.621238208987033275e-02,2.557680621025930356e-02,2.738366946994808676e-02,5.336540042655171096e-02,2.924129164356204652e-02,4.798189899998050317e-02,3.496394051995019292e-02,2.930492665461044421e-02,3.051025095412492755e-02,3.608771560409468337e-02,3.065366753338716332e-02,2.620345611003575131e-02,6.602287054664104926e-02,2.898554010430915914e-02,3.376935042355425770e-02,2.670329067487504579e-02,2.500180849490588053e-02,3.343567373845943852e-02,2.743541175723009096e-02,2.825491592992614154e-02,3.835525553356932543e-02,3.660103602761947267e-02,3.801678081073597143e-02,3.557793735524726608e-02,5.826887494193036532e-02,4.275060890966014826e-02,2.981142856056468934e-02,3.035620593788481217e-02,2.735813577626089801e-02,4.273339074361732354e-02,2.704029014088092306e-02
4.306934997902611001e-02,2.908059902007841327e-02,2.961982163913553720e-02,3.184186674125410316e-02,2.657466396705667963e-02,2.859425264929723459e-02,2.763376220581614806e-02,7.534894042376105716e-02,2.897246952066868941e-02,8.566178955188726019e-02,3.536045125526762062e-02,3.508623896628679240e-02,2.862114316608074457e-02,3.440833539000721225e-02,4.092899723835903558e-02,1.045597936586029758e-01,2.904940563584323954e-02,3.576650233883495178e-02,2.868344161584496926e-02,3.174432898541051234e-02,3.221037121310549312e-02,3.024083453277929059e-02,3.243064649964763624e-02,3.251202565518673121e-02,3.595261830174870804e-02,3.222648510142353540e-02,4.366965955519474391e-02,2.889910010803857163e-02,3.254725677483781554e-02,3.998486126032656934e-02,3.077428966325692836e-02,2.768412939429286401e-02,3.096046051804566407e-02,3.027458815510486803e-02,3.825410750423766104e-02,4.295743852846077571e-02,3.217189777473336565e-02,3.010112981501706503e-02,3.176833637800217242e-02,2.849061899063079842e-02,5.126676727657338006e-02,2.745264416523541737e-02,3.516537245163111475e-02,3.097432009709395750e-02,2.886885233096990813e-02,2.994993514930018030e-02,4.602897882317794759e-02,2.486336568511711073e-02,3.970178030049854867e-02,2.905854593142586512e-02
2.719453146142302227e-02,2.822968969945252246e-02,2.675870155707014975e-02,2.556973145051584517e-02,3.947129493032610487e-02,3.156792878071721514e-02,2.777047040223377602e-02,2.768745732522555694e-02,8.409488260314565422e-02,2.817584248559005730e-02,2.594074404872520959e-02,2.735194140368929841e-02,6.073253732661235138e-02,7.053831628262104136e-02,3.019642790047176797e-02,2.760991302663089869e-02,2.932087029893112179e-02,3.085645144093577055e-02,2.801088681268146252e-02,3.943638730061499453e-02,2.698796792114305926e-02,4.882985016324047078e-02,3.071014422306978658e-02,2.656425109976974161e-02,3.452422829293636669e-02,2.877194431613739820e-02,3.363210575254363399e-02,2.641719179135886345e-02,2.927924867089802888e-02,3.620641927921264963e-02,3.832466567607589053e-02,3.382165619196690620e-02,4.963129488820938739e-02,3.987884690758343453e-02,3.277333631738453545e-02,2.826432674078457885e-02,3.774817672751654141e-02,3.055803333047225900e-02,2.796421316746437388e-02,2.854230543522416272e-02,2.566414348124450295e-02,7.559740737849379721e-02,4.059249363699492241e-02,3.332760590025023867e-02,3.280906784622517058e-02,2.908179809320963691e-02,3.287187719113028594e-02,3.194252860034982322e-02,3.371566586157601075e-02,3.331513237713593784e-02
3.079276371385779310e-02,4.211159966624253292e-02,2.856677198915278520e-02,3.615693253063019530e-02,2.816954731121194475e-02,3.325283722955479915e-02,2.982067318458429123e-02,2.952960114200230829e-02,2.955876439540026934e-02,2.641617578754046000e-02,3.184951313643422099e-02,2.874219776044626209e-02,3.337921855509037861e-02,4.198062408022847081e-02,2.855984299008089422e-02,2.734138783549710031e-02,2.736211928430461529e-02,2.942643262625323566e-02,2.646883126713455575e-02,2.708381863512701951e-02,3.405853222004358999e-02,2.780911022086797468e-02,3.385313909102697499e-02,3.366000687856687129e-02,3.999447820168063744e-02,3.242694767718893450e-02,2.857465357488364263e-02,3.373845557231454351e-02,3.155233148661622244e-02,3.252047492057090483e-02,4.143476935283559731e-02,2.983635229195240324e-02,4.608707109239705557e-02,3.143872464921973475e-02,4.624834001447786225e-02,2.843916750247312691e-02,3.162257924706265294e-02,2.720427278707575683e-02,2.577095976781780887e-02,3.321652541277814868e-02,2.679385743017355381e-02,3.346180102154482777e-02,2.537519698313022223e-02,3.528130366492961134e-02,3.994186081071012667e-02,3.138437513708609850e-02,3.185034508977601514e-02,2.597462745916694418e-02,3.757176716878354167e-02,5.165436051059202338e-02
2.716674366471857546e-02,3.022362027801011458e-02,2.998611543339054636e-02,2.613816016153943170e-02,3.026211800155100343e-02,2.847449995033801695e-02,6.212255667056108821e-02,2.955735114536236358e-02,2.844928310113856162e-02,2.818935335541853868e-02,4.069495012830866287e-02,2.856512944729141384e-02,2.833700667205953441e-02,3.148772022954370031e-02,3.121338054402005360e-02,9.129209610577493361e-02,2.792585127372971404e-02,3.952088123601793512e-02,2.802720032124317653e-02,7.180196687053425064e-02,5.719608897571338835e-01,2.540837769491192596e-02,4.383561292204869037e-02,3.042611618512617092e-02,1.243457224095456393e-01,4.347110222311480199e-02,4.682051694539016151e-02,2.687932484663239918e-02,6.120839741524252559e-02,2.865259674995567982e-02,3.588422210895853004e-02,5.441057858646811823e-02,3.118499887527299494e-02,2.826083846639020070e-02,2.695154236574093948e-02,3.382392995029196575e-02,2.971467171700101911e-02,2.770545465375734775e-02,2.742517009999306116e-02,4.291997027771460999e-02,2.505973749285332272e-02,3.238637708001099180e-02,2.808819158105834574e-02,3.500424072178927315e-02,3.290918273666147698e-02,3.054819509060452409e-02,2.713225546735876376e-02,2.803337174008688898e-02,4.237180376761629647e-02,5.699341893063120112e-02
3.132833007838475153e-02,2.692725250084581842e-02,3.224223654616433649e-02,3.772945608606516343e-02,2.908166265640790490e-02,2.701054298699720121e-02,2.816179989540488690e-02,3.013189020154013673e-02,3.417527451671792393e-02,3.882224992845249162e-02,4.524884422209345114e-02,4.089209100400820890e-02,2.861034593766214121e-02,3.786852180749629426e-02,3.004215578225066449e-02,1.008941196301535309e-01,3.278528068899407705e-02,2.981450220481930355e-02,3.483843780074661473e-02,2.948562578338954909e-02,3.519835507878014969e-02,2.505100068825772200e-02,3.696538431186809082e-02,2.823584380499018567e-02,7.828408829059460561e-02,2.822206032668500564e-02,3.409171165953011479e-02,2.760199003177469732e-02,2.705756186615611292e-02,3.137733130274797388e-02,3.224713172565242536e-02,3.314164724239782034e-02,5.062430812574927885e-02,2.754365528852401046e-02,3.322728791873474918e-02,3.730941379541726638e-02,3.627648987855331547e-02,6.306718485573495347e-02,3.039841397405215057e-02,5.218169041405393282e-02,2.891947072094866802e-02,3.010049004692681718e-02,3.310134280593541450e-02,3.365698873234797273e-02,5.127447819199098394e-02,3.225457338178584071e-02,2.744658585988342739e-02,4.708210856243817688e-02,2.946043812367889550e-02,3.271129384745017493e-02
2.959264931267472157e-02,3.560819867616540901e-02,3.006598455865077194e-02,2.925435372125683234e-02,2.818923969001167415e-02,3.121013995944652009e-02,4.111759563327969935e-02,3.716694680240419102e-02,2.915032810777543407e-02,3.584098672605715019e-02,2.720452574379689237e-02,3.105644875607545957e-02,3.405664331449560073e-02,2.808374461486949289e-02,2.600371223948282073e-02,3.061439690603404498e-02,3.722207486499182899e-02,3.528155574184568821e-02,3.122315799455431876e-02,2.824549885913806707e-02,2.586916409262691660e-02,2.956566939928463936e-02,2.992114442314033895e-02,2.860522575226411707e-02,2.858799056239131817e-02,3.885469468531888709e-02,3.094702137447733967e-02,3.054203852415365156e-02,2.747115835787478436e-02,3.073390209270892778e-02,4.072835614517872349e-02,3.252440202278318593e-02,5.019105466920767422e-02,2.742867051672576856e-02,3.178966661954252260e-02,9.199689179844050546e-02,4.939323603337423402e-02,4.096543189928297107e-02,3.697136899822380668e-02,3.229193882509612951e-02,3.933383621897660470e-02,2.694860356195441509e-02,3.136323586489322274e-02,5.149464051220433575e-02,3.350361616379901597e-02,2.593735522644415037e-02,3.118259371338541822e-02,3.115932288310223688e-02,2.712201928770931539e-02,3.736945384266860543e-02
3.662454633596607528e-02,2.778674776887556444e-02,3.087275762748195942e-02,2.932159152567623273e-02,3.285448255521069422e-02,2.938057225790114552e-02,4.858768785826535208e-02,3.803312065103255091e-02,2.689252338509346210e-02,4.234646159571969076e-02,3.200498692406875123e-02,2.718829595735390223e-02,3.078686646022956580e-02,5.353829068322998874e-02,2.614425339927332892e-02,3.209650039772531105e-02,3.844025443924050517e-02,4.652853866258634813e-02,3.307899219831639259e-02,3.885499551709309385e-02,2.703604423943691687e-02,3.639402760501280615e-02,3.098042670820188790e-02,4.685851981256351079e-02,2.708477229534936651e-02,2.826286990848317013e-02,4.188759087835275396e-02,3.551037494170802139e-02,2.784301296808407156e-02,3.802069968154302843e-02,4.571574593474352771e-02,3.042901980618758009e-02,4.051809043183466491e-02,6.266407600590399862e-02,3.477787311713131935e-02,3.298571132594028954e-02,3.828769815010553412e-02,2.583340392173693115e-02,3.026397443638345272e-02,2.986892703540878699e-02,2.828194997302836342e-02,4.488367470902612788e-02,2.749309431385881311e-02,3.731152789379237750e-02,3.903230131075617615e-02,2.671226903526612365e-02,2.964418376646404604e-02,2.997910827543723983e-02,4.796428001135774610e-02,3.064457008480363578e-02
3.177740636934807406e-02,3.373438844956542365e-02,3.076750188428806904e-02,2.903362423234827003e-02,3.015791303217567332e-02,2.762856981364438316e-02,3.046867068808557094e-02,2.633200282986361898e-02,3.490617691820261520e-02,2.791347482565300839e-02,2.605261858696632238e-02,2.653226935069992118e-02,3.741107118977683721e-02,2.600722224821768250e-02,2.718584823571252793e-02,4.716803872516485419e-02,2.950972546880244185e-02,4.530346427188153974e-02,3.119473983537157311e-02,2.935836285831495279e-02,2.783176421187936317e-02,3.550527943671175080e-02,4.857109179167927449e-02,3.041649835732657473e-02,3.383887175966683591e-02,3.078408643457869118e-02,5.444695201558547026e-02,2.741100996287192462e-02,3.549049876395330566e-02,6.685832789882532878e-02,3.237256343341562981e-02,3.240251232909414220e-02,3.205466640475014561e-02,3.183317986830242613e-02,3.499485847721453546e-02,3.322641127432070240e-02,3.088065129816496349e-02,3.129529823686074547e-02,2.721520028008561978e-02,2.928460427653763881e-02,3.918690283644982869e-02,3.100483683607997698e-02,5.524057872711669870e-02,3.530210505899242929e-02,3.697803642576449196e-02,2.670198594841984019e-02,3.549644249805578022e-02,4.107281084313466751e-02,2.966612842925132193e-02,3.615794021137506281e-02
3.114265250413780772e-02,3.333302688469391012e-02,2.649474640079390111e-02,3.947788923628953173e-02,3.448509650488892908e-02,4.812572390758790286e-02,2.992877232182762637e-02,2.824318912470758988e-02,3.909152858248832185e-02,4.026175855415851240e-02,3.379547307788987459e-02,2.862932126053347598e-02,2.835113366883010647e-02,2.825265768031534966e-02,3.314228758141329889e-02,4.499375441756387622e-02,3.826201090458637016e-02,3.247143706193521967e-02,2.702707252851023131e-02,2.913543286666208515e-02,3.362613190387873235e-02,4.398968620114430961e-02,3.583342146138459444e-02,3.120246144212763736e-02,2.827475143816778405e-02,3.037612328825624666e-02,3.019328349651726959e-02,2.791075647145913399e-02,2.717724558778072605e-02,3.118621360515054161e-02,3.254502718152891411e-02,3.846524577429912689e-02,2.904863123448760479e-02,3.904725037169404916e-02,3.087491953070701373e-02,3.550958391699416544e-02,2.748037088498888475e-02,2.817806012681138561e-02,2.846510015071345226e-02,3.553318613608619919e-02,3.166805816557443504e-02,6.254453830107123413e-02,4.095329047978735204e-02,2.506298550963432029e-02,3.433391880323947293e-02,4.061593240831629092e-02,2.897142702735865452e-02,3.620974599662333399e-02,2.738867691139849209e-02,8.901175551618104032e-02
3.356601715527662844e-02,3.366721882741426086e-02,3.056674330674732584e-02,2.900709146900403226e-02,4.642513199726217010e-02,2.890351202921530652e-02,2.983762513869744198e-02,3.334242434795298832e-02,3.049808540224222334e-02,3.414830799338562650e-02,2.965245688669500279e-02,3.344975899186754253e-02,2.845963809900052544e-02,3.118990739818818317e-02,3.437648661128853145e-02,3.874254950828828759e-02,3.163016300200024999e-02,2.952670554167105207e-02,3.553985407176153688e-02,2.813372805938715859e-02,3.266857253907587411e-02,3.309095823512092638e-02,3.526111859016656247e-02,2.659546999609811724e-02,2.828145226958610550e-02,3.712731713492576496e-02,3.216533653730081072e-02,3.701484407914755470e-02,2.891963016639750861e-02,3.687074250366548928e-02,2.730285049621133941e-02,3.108398175265913305e-02,3.083343072375843014e-02,2.960810503412127787e-02,3.188014605046585875e-02,3.446599009404959640e-02,2.564400648722086479e-02,2.584746418355614306e-02,3.304351641871305922e-02,3.536621991490031952e-02,4.113748239016380009e-02,2.685747976424721073e-02,3.007475018515465628e-02,2.704609296167462956e-02,3.207603316726307524e-02,3.234106079332470934e-02,2.822708971079023951e-02,3.207782929238735259e-02,2.836628149580942143e-02,7.820964639796297302e-01
3.064666176977921125e-02,2.964953837186117339e-02,8.733468243282224708e-02,3.080437418118766799e-02,3.024889898176105416e-02,4.276804823145619050e-02,2.824770415304844393e-02,2.998862205488083202e-02,3.188545642123321450e-02,2.758044684528945800e-02,2.783366572349063595e-02,2.523516264415715665e-02,2.886198568372681794e-02,2.746718411112698821e-02,2.847804097286127378e-02,2.564824805520881171e-02,2.790328582236028740e-02,3.875971434373959301e-02,2.886811151253277155e-02,3.498718652156595360e-02,4.180092173384122173e-02,3.172522639542924711e-02,7.935481862033583189e-02,3.679435971483841633e-02,2.765755825454431840e-02,2.976915303155868234e-02,3.212598042599539017e-02,2.794455546695536613e-02,4.577816848516113452e-02,3.054576102048877154e-02,3.825339522938359799e-02,3.007047719984191556e-02,3.391681856177920090e-02,3.249981174865100575e-02,2.702401978839023833e-02,2.794749435486632710e-02,2.748958171305838569e-02,3.536977817512731298e-02,2.623767241020552241e-02,2.929592978169084233e-02,3.081665498469251738e-02,2.916861011390102162e-02,4.342419800939958940e-02,7.441131056382993547e-02,4.799240863599803925e-02,3.446064809863365330e-02,3.154507976876635977e-02,2.975814084780979002e-02,3.539860034100129199e-02,3.369096394448927584e-02
4.901057920029815856e-02,2.869481658844929076e-02,3.979552108458741383e-02,3.673743514073757321e-02,2.836759410125515649e-02,2.861906590277029164e-02,3.326533487583275411e-02,5.248921047080531976e-02,3.071361706752553239e-02,2.694148757409161113e-02,2.682679679441642845e-02,3.230467320373829609e-02,2.794890369980336520e-02,5.175283116582712201e-02,3.394349541135962406e-02,3.338595927166353866e-02,3.528634141771139904e-02,3.817336876310156724e-02,4.443049159727562730e-02,3.408798077019771500e-02,4.970994751553930308e-02,2.880800759934868532e-02,3.203776617038383429e-02,4.771976972208754469e-02,3.461605154293829339e-02,2.805982435585662946e-02,2.982635604764491757e-02,4.945372685654982753e-02,3.183165225476581456e-02,2.735398513471266890e-02,3.024369007158815917e-02,2.780932069170416812e-02,3.432844502773570172e-02,3.741770444632227383e-02,2.569189774578579250e-02,3.161637506141869863e-02,2.839495247063853270e-02,4.308440449709628056e-02,3.920074929600289582e-02,3.554372452419828077e-02,2.760943151484045177e-02,3.729142617715941466e-02,2.963657156479274427e-02,3.240301453034314522e-02,2.954003380114395352e-02,3.075372737422001762e-02,2.861919543814355274e-02,5.254212191359159539e-02,2.925852285340369355e-02,3.327956931555916403e-02
3.968607639122689879e-02,2.604128133801383860e-02,2.742713054972112374e-02,8.199981737663032677e-02,2.705078764347476974e-02,3.002492136250783233e-02,3.632107450947052313e-02,2.757643903440924402e-02,4.703269843407874989e-02,4.042787682339193250e-02,2.571817293905073049e-02,2.798237117639732624e-02,4.095632378729138073e-02,3.038186044877173517e-02,3.714364523840089222e-02,3.175689805889488071e-02,3.338881963356806620e-02,3.411931032746041287e-02,3.169607297328955187e-02,3.001520708483979699e-02,4.250333353288590632e-02,6.509724859480316150e-02,9.177070608499053594e-02,5.001963747568303337e-02,2.978931554202264229e-02,2.662371569818780537e-02,3.139379261068368093e-02,3.349420662711314473e-02,3.209331232608522017e-02,3.105547320128998479e-02,2.842632251447485200e-02,3.099178093158171804e-02,1.361943562172001909e-01,3.948397433772155712e-02,3.880754793412569126e-02,2.749896145568602596e-02,3.366055489097520559e-02,2.619140218708402440e-02,3.249052651311747086e-02,3.033064266497473987e-02,2.815099620950832840e-02,3.159046843665474363e-02,2.693275270154391748e-02,2.759480200749202597e-02,3.161416887535157400e-02,3.549027402503786288e-02,3.290508822079536017e-02,3.258940112673010259e-02,3.083598523838994993e-02,2.794052807158981314e-02
3.766729326147728873e-02,3.671486203832776546e-02,2.962504628344389199e-02,3.798365564516696657e-02,3.695600257898550012e-02,3.146630080203137447e-02,2.824719598371840112e-02,3.358842749485958096e-02,3.091391953959509581e-02,4.881875057740770601e-02,2.714420423173941749e-02,3.231653754115598048e-02,6.365135423205572907e-02,2.820120914879804125e-02,2.815865841156418165e-02,3.083836504548373783e-02,3.290010479459670734e-02,4.564798319506777752e-02,2.765981267273366975e-02,3.344845265593803657e-02,2.651126888591943953e-02,2.904927990969484106e-02,3.552565710454775455e-02,3.224312079783740737e-02,3.731218097152396579e-02,4.196889743408267759e-02,2.721159347049173852e-02,8.023193591836305649e-02,3.884016760196475765e-02,3.675303493157908857e-02,3.100432717102429361e-02,2.926038823565867489e-02,2.648538449129123756e-02,2.644317262628204449e-02,2.685204239496391185e-02,2.544415416593177187e-02,3.173036445510186293e-02,2.665848947768307761e-02,3.284476573282975320e-02,2.823754254317140111e-02,2.770042414160261285e-02,3.418384214103113716e-02,2.982167025810575703e-02,2.769179668525807020e-02,2.656161170676829553e-02,3.140652555898251763e-02,4.462094937360847058e-02,2.799278866989960216e-02,4.773551925169768756e-02,2.745676724530202867e-02
3.001712597255171144e-02,3.145511631364206195e-02,2.954436765979517876e-02,3.334656609379717945e-02,2.708127169604674159e-02,3.510253643771856641e-02,2.907707871244506054e-02,3.294987154682187114e-02,4.383197812394452192e-02,3.450950674357576575e-02,3.235666300148799801e-02,4.197977603254641338e-02,3.542026244550071368e-02,2.795012070088958092e-02,3.975083193221365385e-02,2.947120525859863241e-02,2.935812281245980121e-02,2.895920079391204813e-02,3.149580877418174663e-02,2.754504209793368769e-02,2.875001224178652670e-02,2.962928926114312064e-02,3.498878638028225796e-02,3.151021701656329943e-02,3.346101040091571666e-02,2.729626273397608299e-02,2.948044390812393917e-02,3.627609351551547290e-02,3.147447760825178992e-02,4.855857093133732899e-02,3.513342503361306657e-02,3.310937360446045141e-02,2.815431573443593141e-02,2.972581621757431486e-02,4.332294356806432045e-02,3.361590912764350625e-02,2.933728860982562706e-02,3.025914853636211752e-02,3.016366104280486862e-02,2.694113383391146671e-02,3.135601058972187910e-02,7.287392176907345198e-02,3.440757584204540143e-02,2.776860384486249528e-02,2.717993843576200011e-02,3.058526655725170296e-02,3.341721362742686857e-02,3.279767333661455508e-02,2.977007697077672585e-02,4.055869686458887097e-02
2.869108084471587786e-02,3.016784484207414227e-02,2.687494845889995890e-02,3.006376481207992390e-02,3.223566718208277504e-02,2.912165728151862309e-02,3.041078266904677016e-02,3.821317910010740837e-02,3.109845002229675789e-02,2.527377766926299993e-02,3.041311781243128537e-02,3.291102417787336587e-02,2.995179712338962366e-02,4.179000937330631937e-02,3.517911354150614345e-02,2.962069202155628161e-02,3.508337265434135349e-02,3.431005351484427840e-02,3.128005229695505346e-02,3.073883771644973437e-02,3.171823074189499686e-02,2.630270734414131770e-02,2.948658651272186015e-02,4.403848662941561160e-02,3.194633854166187281e-02,1.004534936979042253e-01,5.050196021485411219e-02,2.774668491171539478e-02,2.681493501284044553e-02,2.619270378592357049e-02,3.022038279949846445e-02,6.917532632877916587e-02,2.874463916982817474e-02,2.669043358248028228e-02,3.038409888195605160e-02,6.546907145976837983e-02,2.822517435516967016e-02,3.825169654484669723e-02,2.986130370874339607e-02,3.858188233877449941e-02,3.324030809792297841e-02,2.906532157063351079e-02,3.135164897690145142e-02,5.292115911821648755e-02,2.984321470277412000e-02,3.482104689161929362e-02,2.665732060981097773e-02,3.866101783732898284e-02,3.156276439361732633e-02,2.773417440295324402e-02
3.207172067404500532e-02,3.321501798374885267e-02,3.316348609049434015e-02,2.898653727818660542e-02,2.618459627547576468e-02,3.100673658460080875e-02,2.725437846192209704e-02,3.045240135466081854e-02,3.342374934568717593e-02,5.285932047518257515e-02,2.980118073417496738e-02,2.786070415237386355e-02,2.925166564757225585e-02,2.706506900697579557e-02,3.011876742417947048e-02,2.781235961835992754e-02,2.706392558114424293e-02,4.303020684922165967e-02,3.929128160723002749e-02,2.955246161287780615e-02,2.731019586232112661e-02,4.237824723923575010e-02,3.349999992044891406e-02,3.241844355162144115e-02,4.498555013662071389e-02,3.624891796177757280e-02,3.427365980362342274e-02,5.388888822547563406e-02,3.151148591629621826e-02,2.681079213538457504e-02,3.279561652072306155e-02,2.930002685012631641e-02,2.865716832491676386e-02,2.860312502557033412e-02,3.364928484070279363e-02,3.108437083250660191e-02,2.753381496381265836e-02,2.772504458352931592e-02,2.679263927918678484e-02,4.010762825525221453e-02,2.719411036679537583e-02,3.146061017155513118e-02,2.851786920463115008e-02,3.249974121720110992e-02,3.377979249439105880e-02,2.776904470187728166e-02,2.775918021043971909e-02,2.776383255038073622e-02,3.012819540034140930e-02,2.931167683687474490e-02
3.707656633460249679e-02,2.845239349544239488e-02,3.314427730360108154e-02,3.230528244945717747e-02,5.718545956992109047e-02,2.736361533257919421e-02,2.330422222306522892e-02,3.048024217984341214e-02,3.104420092638341885e-02,2.743755222694950827e-02,2.701247574054639611e-02,2.887184780858015332e-02,3.182706427752798883e-02,2.653704438314602454e-02,2.892993630848276002e-02,3.379724737521742212e-02,3.003541232062903465e-02,3.267280458761389478e-02,2.942268868140624632e-02,3.151448429817003266e-02,2.688030647730456704e-02,3.186987273155862666e-02,3.077529687905255357e-02,2.847499077527644237e-02,3.786389842227093350e-02,4.748815225634626935e-02,3.022430843372338888e-02,3.557083521673547188e-02,3.154795900861613600e-02,6.151623696891505427e-02,2.901893103660486972e-02,3.093792594435480423e-02,3.805949638486474246e-02,2.759781026821503391e-02,3.032841713865555913e-02,3.288937645832983037e-02,7.230822875541771666e-02,2.666125154552785592e-02,3.219727379297305375e-02,3.438712493533845060e-02,3.138911080353139899e-02,3.458311051976978995e-02,3.720529672297175766e-02,4.456928441018696840e-02,6.698007846467160520e-02,2.819841350650869466e-02,3.874290528033500630e-02,3.196153189917894794e-02,3.740927692522078712e-02,2.667813074304950516e-02
8.334759868952523743e-02,3.039630510125526305e-02,3.236324985277497235e-02,3.766884412567859247e-02,3.260447847570643182e-02,2.853787473715487660e-02,2.801074214635849990e-02,2.833529729132371056e-02,3.207769247094938853e-02,3.126253797451923611e-02,2.828112729279032983e-02,2.771544181501633605e-02,7.446741687220786998e-02,2.929541574331943898e-02,3.320188298308218017e-02,3.079122262132850604e-02,4.094022791390772298e-02,3.402929847655948581e-02,2.759049409732301783e-02,4.615273851328266508e-02,3.272219572057877279e-02,2.869771799137965304e-02,3.383918168311282615e-02,2.914221511318526581e-02,3.922266487670802992e-02,3.359671910912178511e-02,3.159899642504491318e-02,2.790186900348300136e-02,3.535551025654872642e-02,3.480100528326423442e-02,3.071935336421797655e-02,3.560709591758324383e-02,2.780078320913910439e-02,4.132677204509126873e-02,3.193207708176424436e-02,2.974567899748864486e-02,2.894781996413431716e-02,2.522004473235858746e-02,3.038501487366601292e-02,4.674388686618679428e-02,3.407442883129210148e-02,4.226142503142459733e-02,3.086737802111545748e-02,3.291921725005594185e-02,2.656465009602505811e-02,3.703729808247687577e-02,2.627223165475070857e-02,3.346248850027376542e-02,2.649308758869833857e-02,3.252886272881366780e-02
5.388403577358384655e-02,2.715990662991803542e-02,4.184235855232037310e-02,3.016018549165430662e-02,2.994936144039417672e-02,3.082559694285055135e-02,3.390860166392560548e-02,3.466654898105038518e-02,4.031749801624420759e-02,2.750307701499876342e-02,2.821909239401424949e-02,2.683425412095336374e-02,6.486206465639683671e-02,3.264464795934982760e-02,3.212455297643285884e-02,3.321632621692777870e-02,3.147002247476651804e-02,3.128203130075736527e-02,2.824101508199419741e-02,2.903601155047806637e-02,3.012293465972007075e-02,3.260825505685126940e-02,1.391989329818519028e-01,2.998968995022100598e-02,3.762435605269360411e-02,3.363311091426747501e-02,2.747293337362057691e-02,2.703289112746332795e-02,3.900443182698961481e-02,2.993565167108501110e-02,2.864843973205854002e-02,3.019056466870616642e-02,2.551129976767526480e-02,3.286718885484114089e-02,3.190521746337091069e-02,3.019408183956151862e-02,3.446519212750029371e-02,2.769471474580643272e-02,3.694044880820957638e-02,3.492189508035194179e-02,4.524709360505022732e-02,4.426743633582361920e-02,2.680249143195987185e-02,3.233775885812916612e-02,2.555621463571250418e-02,3.112731911412599389e-02,2.827849122198177606e-02,2.719300095185093677e-02,3.135936509461580840e-02,3.903891688064393961e-02
3.668528371848493730e-02,2.535138088339885382e-02,3.261181251299705847e-02,5.086834866490029528e-02,2.584078448029273126e-02,2.622785211480132411e-02,3.464376461611350794e-02,3.215885296427883899e-02,2.751196175345096279e-02,3.171899057267629773e-02,3.098897669418433642e-02,3.155621780685997912e-02,3.299108517827512715e-02,2.685515483112258656e-02,2.789968163842624152e-02,2.902249677637986150e-02,4.624230597740969229e-02,2.803351428229286860e-02,7.210729495886726570e-02,3.232991834147679044e-02,3.393530720548979668e-02,3.152244405195347987e-02,2.874798764710280799e-02,3.457228721418798001e-02,3.630613934009161575e-02,4.035774582760990464e-02,3.037131002206840125e-02,3.199787461563087521e-02,3.742045497954856609e-02,2.854000648000942775e-02,2.680439277116413929e-02,2.817775617411802727e-02,3.059985216798026542e-02,2.744530177601928189e-02,3.227709467773435398e-02,2.607637011221665066e-02,2.962769905840802881e-02,2.994388801678132817e-02,3.235169821309998722e-02,4.837975096884140902e-02,2.783689964662987293e-02,2.580966985893985710e-02,2.860208742540098006e-02,3.201491818961725577e-02,3.101416152647694727e-02,4.812483212534957727e-02,2.696454421159242068e-02,3.130566728754272110e-02,3.304430980723446071e-02,2.785749547464247411e-02
2.983733740175585625e-02,3.142583388363574121e-02,2.749154545980501615e-02,2.779736020870691993e-02,2.560655942463925874e-02,4.154703914051890989e-02,4.384628691675010459e-02,2.876957248979790729e-02,3.078033523878577135e-02,2.912854483580459494e-02,3.436373051117648514e-02,2.979401478550172330e-02,3.214583129677788670e-02,4.701890079133980160e-02,3.472078418544125022e-02,3.067193233450587336e-02,2.808780294939148756e-02,2.739245722825805335e-02,2.575194236456615493e-02,3.131756690859925640e-02,3.012798313073976331e-02,2.700926455568046156e-02,3.531898069805066570e-02,2.974149882433938658e-02,3.293651456316001175e-02,3.525713014930637046e-02,3.161820197725606629e-02,3.323424768618086361e-02,2.805722472047298896e-02,3.293272178205840228e-02,2.741487892381510791e-02,2.989515556057811829e-02,3.952923727149049854e-02,3.094567968004676914e-02,3.052731373122802641e-02,5.390711432562807215e-02,3.147007468202508290e-02,2.921778287719118544e-02,2.666090406895187809e-02,2.601007006579953568e-02,2.914737564550465287e-02,4.057505823911890241e-02,3.606349392682046962e-02,2.882446206793080196e-02,3.814083724095088113e-02,3.873310880046566124e-02,3.114996593301572886e-02,3.771936045860752734e-02,2.936558889513242454e-02,3.815604369182998279e-02
2.712410734097284171e-02,3.773631294522236668e-02,2.997982849425000901e-02,5.131441090096183072e-02,3.111105883974160310e-02,2.655835296756406394e-02,2.912662435555231702e-02,3.934337568953150815e-02,8.084766276249577555e-02,2.790139241637655532e-02,2.851464258397724480e-02,2.952171086508003153e-02,3.374198795005584756e-02,2.916817008122426710e-02,3.103270714997120525e-02,6.288164696491357897e-02,3.271915408324590352e-02,4.504179149777678970e-02,3.019507601292652915e-02,3.302965684984899425e-02,2.655369113914571311e-02,2.521573041051104053e-02,3.323659938685558785e-02,3.044227388530426626e-02,2.565884611803239887e-02,2.902967166223333062e-02,3.295454624663438775e-02,2.898976845301844824e-02,3.062230793654073871e-02,3.177304527758630787e-02,5.773808525320161394e-02,3.041161314203175842e-02,3.083344787331532971e-02,3.166245064184326080e-02,3.217501218768047816e-02,2.574093774182300426e-02,3.298583004064029045e-02,2.709203936118195419e-02,2.741266984594220232e-02,3.239239473472291936e-02,3.183295324495650364e-02,3.026203117550183355e-02,3.321126941034549529e-02,2.994154397003304102e-02,3.010941295317480157e-02,3.550154750331934589e-02,2.795727391768395784e-02,3.164131218666482726e-02,3.633806987292344248e-02,2.574560523118097841e-02
2.776548883535080031e-02,3.886723155625049914e-02,3.356204531861357865e-02,4.217094552738983454e-02,3.872808054788958593e-02,3.984299659076194489e-02,2.575360287736986817e-02,3.147849215733714012e-02,2.802428567550402025e-02,4.003680843085881402e-02,3.632657532042436743e-02,2.679788756549278048e-02,2.790297300307498923e-02,2.972778596269177315e-02,2.695629877541536740e-02,2.918768197758806957e-02,3.519440783164280023e-02,3.013694437591115521e-02,2.764520681852260589e-02,2.797483904375618752e-02,3.000481334259020791e-02,2.678681910376495487e-02,2.845609379717961920e-02,3.323003470438528478e-02,3.641946698085707368e-02,3.826803275985780906e-02,4.699982411716915887e-02,3.749200835172075696e-02,2.805343355263534288e-01,3.238050308638638908e-02,2.634992075934717085e-02,3.185349540145409469e-02,3.370709264394670945e-02,2.599102173254109333e-02,3.370217305853983464e-02,2.383780506478757819e-02,3.209736472937058799e-02,3.100043866192128336e-02,4.251463134791285542e-02,2.998090782987296310e-02,5.704649210061045472e-02,4.580902231733829932e-02,5.934093576111209439e-02,2.606427941416335561e-02,3.974978406068712528e-02,4.895434608248294683e-02,3.338839668274467404e-02,2.973356817132418242e-02,3.211114958708412986e-02,6.910882190579227535e-02
2.798685842011547353e-02,2.560731490710526151e-02,3.841399577688428546e-02,3.229184864083183004e-02,3.281468722080167766e-02,2.493539615961614872e-02,2.746417160525276707e-02,3.161053777311628038e-02,3.431986818300526709e-02,3.410418686868965654e-02,3.466524813975849217e-02,3.552410505314945732e-02,2.623324926882300914e-02,2.798941393188675991e-02,2.553918016955742179e-02,3.082820055611970936e-02,4.932427911086179062e-02,3.325686704275460093e-02,2.651315121068387876e-02,2.938114866243570628e-02,2.862956158551112698e-02,2.597103769945282789e-02,2.747601528513708355e-02,2.803030065782594407e-02,2.495649476438332667e-02,2.749545546935364473e-02,5.127910424482733792e-02,2.996359948669504586e-02,5.454145307671856568e-02,2.747408921641606924e-02,2.822617451818574749e-02,2.903179122100498291e-02,2.534161141192220468e-02,3.446211967872638698e-02,2.796491678271791764e-02,3.370371416146730054e-02,3.289066741126895482e-02,2.545514069429149345e-02,2.844287423472514897e-02,2.757745567417920277e-02,3.759556370225743821e-02,2.410492610062849733e-02,3.172289526091337519e-02,3.043163668790683368e-02,3.464922878251776306e-02,2.919003424182067125e-02,2.810519724711973630e-02,2.775689518682253332e-02,1.397497227664324104e-01,3.373895938087394936e-02
2.607305133432875205e-02,2.528834831137742947e-02,2.754513813738768482e-02,3.470436497054608938e-02,2.890801204515411685e-02,2.803243263816313988e-02,5.647183597146060441e-02,3.635093562065793565e-02,4.705661735271689239e-02,7.820004701647931267e-02,3.331980459049713184e-02,2.624797502321594977e-02,2.800117293965962567e-02,2.980343065578398148e-02,3.178917638750152624e-02,2.776198481509732988e-02,3.326438048006478965e-02,3.744730619239025615e-02,2.964511302569666079e-02,2.639228533281286551e-02,5.091216792934493557e-02,2.720385277124751783e-02,2.593131475224883659e-02,3.219204783342506648e-02,2.871383582910564877e-02,2.674269725571483750e-02,2.843671038335576079e-02,3.343144327060717375e-02,2.812427109470762299e-02,3.280596136256230116e-02,2.734858898791252615e-02,2.736190533629036942e-02,4.454929656736222182e-02,2.713393620669383305e-02,2.896412976429199246e-02,2.742619768978576261e-02,4.137317188522474098e-02,2.851580743710986632e-02,3.237887166652871074e-02,2.998290323068234300e-02,3.218989871757515359e-02,3.706613749500373145e-02,4.276257929662290180e-02,2.614222525775717829e-02,2.883670237754938290e-02,2.990771105377186198e-02,2.689313114559275034e-02,2.599637589351907335e-02,3.043546691888482716e-02,2.989211151654242934e-02
3.228843359847474725e-02,6.062932030772626851e-02,2.570421826405511201e-02,3.009919783044332636e-02,4.083026883297008469e-02,2.477522078221798194e-02,2.689835270857206251e-02,2.463817922124830403e-02,2.601402741462759821e-02,2.924022596002959912e-02,3.217279981107701303e-02,3.034243797149251479e-02,3.134616951276536501e-02,2.971822624163090315e-02,4.967883795513417661e-02,3.172821636390106559e-02,4.189060721052553782e-02,2.819810618039424871e-02,3.607834984897560077e-02,3.145394862387770191e-02,3.221895738244013457e-02,2.581734620912198505e-02,2.387530956131955415e-02,2.737670934731316688e-02,3.914521874050704703e-02,2.529717924846754465e-02,6.356119296023844678e-02,3.958917992221872018e-02,3.859488077361172831e-02,8.639392142335854119e-02,4.425297019887465544e-02,4.367793975282550922e-02,3.491203506546362162e-02,2.802590734495863378e-02,3.823746972838380082e-02,3.377147772108216733e-02,1.124360290886633612e-01,4.958916764780474384e-02,2.553163849792628587e-02,2.664677531989922271e-02,4.091880536393993628e-02,2.810087125233630065e-02,5.156236769582906582e-02,4.350698540043543283e-02,2.628896192897576395e-02,3.149634089153024313e-02,2.530219421427009827e-02,3.012624449605476665e-02,3.134048484277977831e-02,5.303822953954167446e-02
2.947613150429713100e-02,3.073168912295843463e-02,2.789097056784833190e-02,4.229464253299368426e-02,3.045972792098062057e-02,2.812858479206324647e-02,2.676200331281554032e-02,3.170707003984932215e-02,3.830270045181109750e-02,2.958051326367092809e-02,2.890123125272263047e-02,2.584759844727584077e-02,3.774898279894309261e-02,2.873524708008138445e-02,4.507668791575968753e-02,4.226086312829790970e-02,3.577337505049356381e-02,3.595872012644704685e-02,3.024252835456744254e-02,2.832251201795027429e-02,6.033374795710003818e-02,2.813089281127189104e-02,3.315375142529285168e-02,3.123769053785028366e-02,2.922821112751206041e-02,3.383871909448280674e-02,2.888116437662675839e-02,3.341542656068445527e-02,2.353391966862803525e-02,2.895669018931035232e-02,3.501078373625528956e-02,2.686151580337713465e-02,3.112816051093445294e-02,2.924418698042621778e-02,3.147571089589181609e-02,3.664726079364893224e-02,2.598061181804520864e-02,2.749033700029171121e-02,2.817824308449253662e-02,2.770081169790945819e-02,2.938677753432004588e-02,2.469296265872436558e-02,3.566191983561760315e-02,3.100273852745240311e-02,3.453122698108507249e-02,2.394317199598493609e-02,2.787244298206320581e-02,2.951966820920182144e-02,4.023842165010277361e-02,4.222242502858262331e-02
2.674306216306425454e-02,2.811877080242898563e-02,2.674120514731375201e-02,2.581249649290145304e-02,3.556283810242448495e-02,2.725010793938134265e-02,3.741602609627391746e-02,2.583604439890990062e-02,2.424491570150302464e-02,2.775563031497138913e-02,3.081981787220248320e-02,2.560014592594864191e-02,2.756127891020336215e-02,2.431564255619073772e-02,1.121415647941507027e-01,3.860368425928336483e-02,2.555573749462886068e-02,3.115423919072031478e-02,3.490072223627775638e-02,3.149339636123244662e-02,2.864561906900485108e-02,2.242876183996236547e-02,2.615426419603079228e-02,3.340814967088687887e-02,5.346079534205800537e-02,2.609613750310928182e-02,4.278217939274808063e-02,7.968676296298406181e-02,2.953960100797232285e-02,2.914898315872603216e-02,3.291822755000232276e-02,3.046431952910502380e-02,2.944360397894996151e-02,2.711408287704973261e-02,3.957859854304390801e-02,2.373035238904664529e-02,3.054289105906093926e-02,2.376300296580520846e-02,2.313210859691211194e-02,2.223382677243166891e-02,2.410740169299694854e-02,2.600721930045909319e-02,2.331977372278928526e-02,3.654826619013025468e-02,2.693818417110756605e-02,2.682486769662139128e-02,3.128365881730815756e-02,2.774794909269476598e-02,4.418202892817265498e-02,2.857048406841193947e-02
2.211221661010624728e-02,2.358564141553001758e-02,2.280434165034911018e-02,6.102794636489612679e-02,5.087971683421177449e-02,2.965335166324988350e-02,6.915154876286908059e-02,2.876098841793035474e-02,3.631433889508730445e-02,2.711233145626387731e-02,3.897421503180475283e-02,2.704944976400194823e-02,4.574426540664339874e-02,2.830587484829104675e-02,2.795594846813044196e-02,4.435486397624643917e-02,2.855098217429957383e-02,2.504432891011960233e-02,2.221961798873500413e-02,2.855539269742496042e-02,3.292324885297976539e-02,3.084615108294916017e-02,2.299193134343575570e-02,2.990249512353267830e-02,2.818343503389827975e-02,2.605970966040622658e-02,2.759709278183787237e-02,2.576711752407080322e-02,5.943511099353897265e-02,2.917983289262659347e-02,3.495980095385857467e-02,2.839638415332683408e-02,3.406305318905723800e-02,2.849186984322671715e-02,3.341895691477071717e-02,2.997317907993825650e-02,2.594168165649766988e-02,2.185854931783885041e-02,2.759194214192270053e-02,3.997719366087478660e-02,2.444682410540282083e-02,2.600897773329694310e-02,3.178897411847231985e-02,2.370957900724706205e-02,2.658874830420180149e-02,2.651634943373700967e-02,2.962177363023500015e-02,2.815850307838774907e-02,2.932490789897088460e-02,2.308262748470412892e-02
2.411223961918362163e-02,2.469691922569737866e-02,2.604244086148220505e-02,2.931997987781456011e-02,5.836584296431602398e-02,2.113996912054248722e-02,2.355727869359652837e-02,2.538235450569276130e-02,2.350968699943040141e-02,2.639899669321768561e-02,4.072792042425707471e-02,5.046246419108777609e-02,3.111622321554266546e-02,3.085993928789109580e-02,3.449203282251595004e-02,2.092881582055603623e-02,3.055688958050751039e-02,3.200556773844644848e-02,2.698576540814236202e-02,2.693131074755987162e-02,2.649908672704182067e-02,2.710906309100281214e-02,2.348662744632703039e-02,3.485035658182102092e-02,2.645172278200682431e-02,4.976565473076260959e-02,2.387752708513445066e-02,2.622107155817129248e-02,2.763323323566956383e-02,2.556080702380497671e-02,2.360367199999147472e-02,2.273314425126055083e-02,2.788186499712615868e-02,2.073382626922950014e-02,3.229759378462174896e-02,3.513359027949764651e-02,2.792384316023641469e-02,3.011530904808819645e-02,2.772862083794546198e-02,2.940619097824202083e-02,2.606277631326795602e-02,2.428706544768912193e-02,5.751534452252159146e-02,2.761914676255996723e-02,2.834487598037420050e-02,1.139116319385187204e-01,3.175441338845829548e-02,2.162924721298953995e-02,4.586257860006875270e-02,2.349732148107320021e-02
2.876616029891871859e-02,2.650592892301135636e-02,3.129829114732664980e-02,2.408810923084832994e-02,2.819016144564090789e-02,2.288241226342488735e-02,2.878532323041710708e-02,2.429148243250553105e-02,3.343895399781948025e-02,2.053498030081128342e-02,2.507919374399747783e-02,1.060231645384726168e-01,3.573025046016209405e-02,2.586669583255594290e-02,2.108267161857259667e-02,2.125182136682967141e-02,2.596785140020723900e-02,2.322606252004072794e-02,3.257601267119135391e-02,2.344462390060674667e-02,2.427007579084413530e-02,2.183397210369656186e-02,3.781803917855600106e-02,3.496836417824300547e-02,3.123504044737295676e-02,2.697367097141725040e-02,2.386276350494149004e-02,2.191376993487832367e-02,2.990581463184592212e-02,3.021114273950032889e-02,2.549104781535577527e-02,2.111068654652714996e-02,3.352148864242296411e-02,2.707539500335302135e-02,2.495095348210950997e-02,2.358866132762598572e-02,2.103126028741788070e-02,2.103709501279945118e-02,2.548247226006973565e-02,2.796592403044613831e-02,3.456212742579212183e-02,2.735916196197310524e-02,2.666775322887612529e-02,2.398157134246702363e-02,2.777571755480332666e-02,4.937621739465956894e-02,2.329042994940821315e-02,3.773662435290254386e-02,3.084247183675866213e-02,2.842865116817611809e-02
2.860425340236137301e-02,2.394379960961449949e-02,2.482334323125206729e-02,2.420078183858519194e-02,6.701863098244020822e-02,3.450510361791479103e-02,2.973741080878803539e-02,2.378355976387126758e-02,2.643074834594748290e-02,2.438085188374732731e-02,3.338504340413119692e-02,2.529029037056311491e-02,3.638148612971054546e-02,2.474810147603653809e-02,3.722807161262222525e-02,2.158549907727986758e-02,2.005960741486135721e-02,2.992827217483846544e-02,2.316954526453595190e-02,2.282376321218565485e-02,2.801942426725397353e-02,2.996743454348941085e-02,1.998143280107098768e-02,4.467103196950761995e-02,2.187969579709915166e-02,2.192798787224314178e-02,4.084558349382189785e-02,2.784932173127816976e-02,2.312964853811265778e-02,2.929507239437855945e-02,2.664607659227096262e-02,2.949539455945313082e-02,2.621148554942576842e-02,3.230991297669224410e-02,2.311496312223298988e-02,2.565764674988390073e-02,2.562571606370541225e-02,2.684203806953043558e-02,3.107918735392147316e-02,2.258700554029891006e-02,2.842760086045770934e-02,3.098274061938198140e-02,5.082185768910135043e-02,2.822361032695592381e-02,2.019686112217921117e-02,2.450802159674223685e-02,3.333462196388655568e-02,2.762831477662084853e-02,2.649441501611561958e-02,3.028940433829481124e-02
2.085040527595616311e-02,2.465445470802671291e-02,2.249986986421582610e-02,2.258946068264098758e-02,2.560065740905526771e-02,5.603593069275234623e-02,3.202621599624697057e-02,2.301730711051109060e-02,1.605101472884724184e-02,1.915559594049173753e-02,2.288232078002870595e-02,2.756483364702018435e-02,2.333168642428409476e-02,1.866630003555119419e-02,3.117436773257127938e-02,2.110975122396023876e-02,2.115064273298382716e-02,2.814518702424812294e-02,2.041068881699412141e-02,1.861524251903943009e-02,2.280881676004512665e-02,2.343815053930732237e-02,2.290145095964777472e-02,2.358887757938966240e-02,2.382438752153473449e-02,2.365215497862982116e-02,1.794480905891077463e-02,2.368916648992577811e-02,2.390208396803619045e-02,2.632505463207048674e-02,2.153738197462320633e-02,2.023027988677823102e-02,2.333949189167771471e-02,4.305309084523749330e-02,2.121215723184955229e-02,3.160128041349283962e-02,2.985763910449933806e-02,2.207785846029546722e-02,2.810653654358648973e-02,2.210900744716564129e-02,2.521816134478476606e-02,2.322614467989855824e-02,2.773365006128054866e-02,2.646325660162762022e-02,2.122693121127947752e-02,1.840547661411292071e-02,2.598352861873155784e-02,3.355543541170707966e-02,4.281928135551561765e-02,2.226087864642946335e-02
2.794679574986190171e-02,1.811243128048072373e-02,1.517689577534052890e-02,4.041158047074579901e-02,3.152253787530871765e-02,1.503229872374654136e-02,1.386755964890159024e-02,2.146268352238510715e-02,2.180633973801150011e-02,6.111488933903314047e-02,1.896384639522502580e-02,1.732688403501456489e-02,1.619655816297031412e-02,3.455320550076973474e-02,2.242047520316698198e-02,2.289615690002934009e-02,2.087559672710142047e-02,3.026713984462728671e-02,1.216687374787426418e-02,2.236658929573955013e-02,1.449826550554540738e-02,3.271754627795794151e-02,1.229090739066799991e-02,5.477359019431865539e-02,1.878726881316568342e-02,9.390654648687506503e-03,2.141537172317962284e-02,1.926904127812932577e-02,1.432166433121543833e-02,1.111140008004444235e-01,2.116456567883908194e-02,2.351008446971275534e-02,1.722898235974790540e-02,1.013121266755269145e-01,2.110136404695500331e-02,1.967797566110840446e-02,4.557128268689277645e-02,1.787338416599775978e-02,1.881501037246105859e-02,1.551153082578326028e-02,2.485194058271179146e-02,1.673466720637352412e-02,2.266527712159127281e-02,2.218682506792003448e-02,2.857459061199935091e-02,2.139157237193757902e-02,2.607820270624369371e-02,1.262518584379195702e-02,2.728351947815999337e-02,1.823973912256387706e-02
1.337851761607598345e-18,6.538967825583794721e-19,1.157736733914652730e-18,3.488743733737745289e-18,8.192380224121201183e-19,1.740805145105281519e-18,4.174066465858179835e-19,1.287373409613874033e-18,2.676783405692317656e-18,2.858253709722496561e-18,8.778215716288836987e-19,5.800452971384694371e-19,7.966816351751059974e-19,3.308635364370693767e-18,1.599846978569468309e-18,1.961997478977658165e-18,4.498463085789202705e-18,4.345054869027219362e-18,4.829667576786334111e-18,7.005415947117713893e-19,2.846936150151160308e-18,3.111916248814652656e-18,7.584938186902678725e-19,8.792796243198918739e-19,1.926004998613623434e-18,4.478366001701156612e-18,1.933334552972063768e-18,9.230617064112777846e-19,4.304086220314193710e-18,6.921747475075962464e-19,8.772368406005386183e-19,4.116623889706273764e-18,1.808800838945037710e-18,4.743933529413369547e-18,1.771888650678006553e-18,6.101444614772947145e-19,5.115783841335746189e-18,9.606412182863706625e-19,1.351570597203724384e-18,6.538943550778301306e-19,4.641300644408187684e-18,4.590662358711960020e-18,2.627173035603966093e-18,3.445257675987220492e-18,1.011060291715727634e-18,8.395625878948249134e-19,7.711292371771289774e-18,9.631655806077704883e-18,8.950237385359389974e-19,2.361293919615559618e-18
