2.093590947269417454e-02,2.090859445493124802e-02,2.088957377626145598e-02,2.088877159151997231e-02,2.092176858763490285e-02,2.098002668463688422e-02,2.091221230650954638e-02,2.087626106241456322e-02,2.090374103575774398e-02,2.088026646986286192e-02,2.088550053231971737e-02,2.094969366438872299e-02,2.089993683578003289e-02,2.087002103279921028e-02,2.091824819359142454e-02,2.087712510512276104e-02,2.089573095386057164e-02,2.089511732170249575e-02,2.094423466586947322e-02,2.086427143879245744e-02,2.091634695129557936e-02,2.091102046885650809e-02,2.090107393306914543e-02,2.092269209181378889e-02,2.086871197357108645e-02,2.091090358869409846e-02,2.090152006195156870e-02,2.086632147746453683e-02,2.086797372150782370e-02,2.090371083479017345e-02,2.091751241295701849e-02,2.093986164915290910e-02,2.091063472381286467e-02,2.088804917506445480e-02,2.092463324061854049e-02,2.091236780127124148e-02,2.087976102115810320e-02,2.093277525362685285e-02,2.091694961772857034e-02,2.091733677050123738e-02,2.088893603221871065e-02,2.093491836232462891e-02,2.090521743338591074e-02,2.088239962234670483e-02,2.090944888941041399e-02,2.093456657385926734e-02,2.093136521666960279e-02,2.093876556711093961e-02,2.093102029996685501e-02,2.091234504744670861e-02
2.091786324302493186e-02,2.091793098037476872e-02,2.090442244286338028e-02,2.092438219444863259e-02,2.090945818244210538e-02,2.088779692110018585e-02,2.093750738364846473e-02,2.091472190405107776e-02,2.089424108522663914e-02,2.092759803663198082e-02,2.093103541222836664e-02,2.091220769019293269e-02,2.091386455682080897e-02,2.091635071059409420e-02,2.088375544538216902e-02,2.088200782589768115e-02,2.090031538775969505e-02,2.089434349710420427e-02,2.089935475725318917e-02,2.090893169422716746e-02,2.091097641854259767e-02,2.087886075187222329e-02,2.089946510330615778e-02,2.086704526792183823e-02,2.092071510815212906e-02,2.088364617507358981e-02,2.088971181895208501e-02,2.093257239947121304e-02,2.090664641890243453e-02,2.091727260709388622e-02,2.089916955524849865e-02,2.090691244584786182e-02,2.091849230017037500e-02,2.089391450510981116e-02,2.090922365679123707e-02,2.092926123805965988e-02,2.091441923066421002e-02,2.089697973650649424e-02,2.089002269253749031e-02,2.088172417979785450e-02,2.090583350829995288e-02,2.090727065945979443e-02,2.088901189851048723e-02,2.093104511399278278e-02,2.087218620227045476e-02,2.089333329563023908e-02,2.089323192399736642e-02,2.094722833557093045e-02,2.089293915824881956e-02,2.096101439829412341e-02
2.089569319220429752e-02,2.088492056107000422e-02,2.093401158934800679e-02,2.093151484980751431e-02,2.087304425874513328e-02,2.091271226164444913e-02,2.093676863760258675e-02,2.091385459747317072e-02,2.088413637084611529e-02,2.092261649670455748e-02,2.089688153042906782e-02,2.091152388837032305e-02,2.089919972751120777e-02,2.091623294007580527e-02,2.089120637425809918e-02,2.092133455654108382e-02,2.093899348536279112e-02,2.089563125616076059e-02,2.090448671476536138e-02,2.090235955344736662e-02,2.089617650235256474e-02,2.089825302197768561e-02,2.093056803358892340e-02,2.087517814525953128e-02,2.089003221273495747e-02,2.085058672696067303e-02,2.091323669364993434e-02,2.093057055569934322e-02,2.089352065996369703e-02,2.094110366433109965e-02,2.088573475640305779e-02,2.091639159147559365e-02,2.087492081986012937e-02,2.092720908106278713e-02,2.089586366877982035e-02,2.089762808374198699e-02,2.093618416008675640e-02,2.091257937258460611e-02,2.090268833154578995e-02,2.091218767484560523e-02,2.088244930001943028e-02,2.090579699853628917e-02,2.092838258993991174e-02,2.088106273319703665e-02,2.089724305669227525e-02,2.090353136562618508e-02,2.093313907320653450e-02,2.090437779492967940e-02,2.092458123769981929e-02,2.091043467325000987e-02
2.092774973090581053e-02,2.089250102367046918e-02,2.091502803938915730e-02,2.089265239532963475e-02,2.087880391588363763e-02,2.090050023694853959e-02,2.092049892815779980e-02,2.089556948969948508e-02,2.086192850901873175e-02,2.091531533737429199e-02,2.090401837304638882e-02,2.091959298195375863e-02,2.090587880017848871e-02,2.091707266705875382e-02,2.091773005887744355e-02,2.089657702831508937e-02,2.088654484166175759e-02,2.093128374806363726e-02,2.088893847755826649e-02,2.090882523863886455e-02,2.092492129109598670e-02,2.086726303230819132e-02,2.092356961607352850e-02,2.089781198620001279e-02,2.091944638762521444e-02,2.091204174200679555e-02,2.086796747244859529e-02,2.088849180137535705e-02,2.089079356016228933e-02,2.092654827948570162e-02,2.092108551466071581e-02,2.092378559110263936e-02,2.094012241402152738e-02,2.092350346589535656e-02,2.088989254113870347e-02,2.090876495788547909e-02,2.088793169820181775e-02,2.092798136001903717e-02,2.091367141648538611e-02,2.091169377978228244e-02,2.087058296109609717e-02,2.086730461929488592e-02,2.091574967412286948e-02,2.094383548636599701e-02,2.092494790209977265e-02,2.092598937908819387e-02,2.086834554170279368e-02,2.091035896940530298e-02,2.089157718288313023e-02,2.091465452809011805e-02
2.089699928231927503e-02,2.090929288357554552e-02,2.091406313561542177e-02,2.090884486083903482e-02,2.088444906377385016e-02,2.092667400112111636e-02,2.088342453825594788e-02,2.088373690924071047e-02,2.091114647801866830e-02,2.089177826739631316e-02,2.094303676865020072e-02,2.089105189084782335e-02,2.086787527961275410e-02,2.090304642685482037e-02,2.093913387665428602e-02,2.091048616719156511e-02,2.089426711278073029e-02,2.091887678929997899e-02,2.092194521736757962e-02,2.089524931508311700e-02,2.088426418821933903e-02,2.091940593733154774e-02,2.090484509807023425e-02,2.088236926176569377e-02,2.092776339614343950e-02,2.093566171662413627e-02,2.086969421777446626e-02,2.091049405611486445e-02,2.090467412537607220e-02,2.093807015749893363e-02,2.086516428069718973e-02,2.090362317758131736e-02,2.094536731939364640e-02,2.091018088565643057e-02,2.089737399592520029e-02,2.089987541110263983e-02,2.094284809321609458e-02,2.093217167292701214e-02,2.087991185770608424e-02,2.089508129453300847e-02,2.087600218466663729e-02,2.089811108037559900e-02,2.090149374999223861e-02,2.091636557754809195e-02,2.091413739729310745e-02,2.089570302021646550e-02,2.090456718202044623e-02,2.089796593820807125e-02,2.087760990016425747e-02,2.089009969815070270e-02
2.089467111814524714e-02,2.090754714615268225e-02,2.091160615760187871e-02,2.089649062289609602e-02,2.089295422320857146e-02,2.090294191086681033e-02,2.091148666010289245e-02,2.092283301040529647e-02,2.090687196474697376e-02,2.088931306561589776e-02,2.093393092550144274e-02,2.089430871838185433e-02,2.086621835914286016e-02,2.090675479468951867e-02,2.090843893259428099e-02,2.088156106823127814e-02,2.090363699402751282e-02,2.088547546004631411e-02,2.090313637845672354e-02,2.087560640380552168e-02,2.090014579490174704e-02,2.092099776249349910e-02,2.087274476239347337e-02,2.089704277450260550e-02,2.088514513334791337e-02,2.091936613118561619e-02,2.089269060671494066e-02,2.092336126544397726e-02,2.089205547665225204e-02,2.091438278123854827e-02,2.090431299118615874e-02,2.092567690732404992e-02,2.092608836139181125e-02,2.089048110509978198e-02,2.091259213812695847e-02,2.088039459472383966e-02,2.090805429161238585e-02,2.089454891240696832e-02,2.086300588784646345e-02,2.084672496351912957e-02,2.089750796166903180e-02,2.090220793963431384e-02,2.093200739372236968e-02,2.087804296218826253e-02,2.087025769378695814e-02,2.089810790194977438e-02,2.091108392509297836e-02,2.091189428378732035e-02,2.090501306372892845e-02,2.089031881049575184e-02
2.089310503906053815e-02,2.087939115585874666e-02,2.088452395174266590e-02,2.086689954867614050e-02,2.089743524364240379e-02,2.085017080627187339e-02,2.089749246191278248e-02,2.086205499579319236e-02,2.089342491747349720e-02,2.090401854895635944e-02,2.084850994570958127e-02,2.085324744031795408e-02,2.087000036860356747e-02,2.088990751659333678e-02,2.091456671027513634e-02,2.092115221572059258e-02,2.091718578903712517e-02,2.090004182863229587e-02,2.089432438592192867e-02,2.090032359451960559e-02,2.084998285115374425e-02,2.088088732261860272e-02,2.087614386800826921e-02,2.089141897762737676e-02,2.087674991795567675e-02,2.093246942558351850e-02,2.089068140910935525e-02,2.084359080550232321e-02,2.089359347879215720e-02,2.088024733056096163e-02,2.088443138024755411e-02,2.089136434727141556e-02,2.086739235936176107e-02,2.091677716895306086e-02,2.088840401678376466e-02,2.088890648263221420e-02,2.089209900487503865e-02,2.090952659252771906e-02,2.091056260291294239e-02,2.087816393063485557e-02,2.086047727205131083e-02,2.088264530650597167e-02,2.088623217460328085e-02,2.090825500232103631e-02,2.088891685580124280e-02,2.092039799948573406e-02,2.086716291908503190e-02,2.092299775476041609e-02,2.087058015435801564e-02,2.087785759653184095e-02
2.085075741170932737e-02,2.089871773967355226e-02,2.088290621985156373e-02,2.091999918315969043e-02,2.087574125383194479e-02,2.086366361272736294e-02,2.088201162451110843e-02,2.086938653361041993e-02,2.086245323601772922e-02,2.089337635389944964e-02,2.088701359998390919e-02,2.088426037074404829e-02,2.087654644431746753e-02,2.086257540807272964e-02,2.087139666934662366e-02,2.089253568744289108e-02,2.088913897021444158e-02,2.087543909922602928e-02,2.086821911843430438e-02,2.090702772305046489e-02,2.089973278018201000e-02,2.090105139508029869e-02,2.091694773062553053e-02,2.088446939737929192e-02,2.086821639772152431e-02,2.086736711282814044e-02,2.086732941780100256e-02,2.088001656898656744e-02,2.083556796597718641e-02,2.087529379396988599e-02,2.088003372114483058e-02,2.085609362032474212e-02,2.090903741029214585e-02,2.090344780225683249e-02,2.091601450189819675e-02,2.087480870231763971e-02,2.089487095848702874e-02,2.088841969895742848e-02,2.092154194860038063e-02,2.091588549686284465e-02,2.088543853309357198e-02,2.090703604550872563e-02,2.088979636772015161e-02,2.088578857028710462e-02,2.089345997549055256e-02,2.091035245850635452e-02,2.095519262685616863e-02,2.088001966836777051e-02,2.089290189833620942e-02,2.089571390821807692e-02
2.087860453189908233e-02,2.087069272081614260e-02,2.085263872539992042e-02,2.087286589069848111e-02,2.088101458661115184e-02,2.088446584733091513e-02,2.087398848403828125e-02,2.084319793213929711e-02,2.085830903581252851e-02,2.087590640468715494e-02,2.088342646829479538e-02,2.092544282105199271e-02,2.087658351511574931e-02,2.091791740874061889e-02,2.088524580926021806e-02,2.090822399628840950e-02,2.085547936769278216e-02,2.088534707681662800e-02,2.089369440197580766e-02,2.087599426897261343e-02,2.089288545150043766e-02,2.089787389023947325e-02,2.089223909074858221e-02,2.086395967514464642e-02,2.087713234835623932e-02,2.086861451945270715e-02,2.086523320074770010e-02,2.088420981396545140e-02,2.087153722612848650e-02,2.088316699247182856e-02,2.086382627268364154e-02,2.086601587531558208e-02,2.089588893106869918e-02,2.087990627985194386e-02,2.084574730466224463e-02,2.085340866775219765e-02,2.087437831668420563e-02,2.086306553501636810e-02,2.088157906480656370e-02,2.086477053213477498e-02,2.084344217406896432e-02,2.086495644283495668e-02,2.086367713159934315e-02,2.085826786333576377e-02,2.089295910128701611e-02,2.091155629604063773e-02,2.087257056017885470e-02,2.087016195802339838e-02,2.089854713842184686e-02,2.089355660785259181e-02
2.089370314925921915e-02,2.083972284540103539e-02,2.087373796247702501e-02,2.084760599162036043e-02,2.085209439311010160e-02,2.088111511410949833e-02,2.086996195932426523e-02,2.086976971833142888e-02,2.091123925168053219e-02,2.087102427844780145e-02,2.084843011749203459e-02,2.082734784239297782e-02,2.089093422245775350e-02,2.087754014854809048e-02,2.086286152328149096e-02,2.086623197431354201e-02,2.083486831557107566e-02,2.085987172829270250e-02,2.087287788720591092e-02,2.082834936496481826e-02,2.087683013867185425e-02,2.085120948355661391e-02,2.084998319388014359e-02,2.087915321789838088e-02,2.089356749535160526e-02,2.089349618494685049e-02,2.086819152726681822e-02,2.086685403655969342e-02,2.087416163495921240e-02,2.084658527555750818e-02,2.086542546490964545e-02,2.087093004181567527e-02,2.081378396705333214e-02,2.084930571468690888e-02,2.085963556861249873e-02,2.088869158924976446e-02,2.087496824520996413e-02,2.090597832949055157e-02,2.086143702446650872e-02,2.083248495962359767e-02,2.085713445052870402e-02,2.086934374604225081e-02,2.088346768418345920e-02,2.086711692977068558e-02,2.084750051390065612e-02,2.083843295059203959e-02,2.086501896659964661e-02,2.088508566026405985e-02,2.081962833979103533e-02,2.085636233532899356e-02
2.087619281790451323e-02,2.084108708962457979e-02,2.086646320212991179e-02,2.084360694479318529e-02,2.086102706536107493e-02,2.084069847659847374e-02,2.086291306771773449e-02,2.083893206256078739e-02,2.091129721689349505e-02,2.085355780343848067e-02,2.084526104001576535e-02,2.084432975996906162e-02,2.084565441025078986e-02,2.081878250298607735e-02,2.087716349014912334e-02,2.084917096545675988e-02,2.082455132937253636e-02,2.085064181864802746e-02,2.087027163268760990e-02,2.087680106154745155e-02,2.082629693994806838e-02,2.088253631857981199e-02,2.085396559394018384e-02,2.084333839104778735e-02,2.087668766324001293e-02,2.088692121744580368e-02,2.086541175464945788e-02,2.089255504670064351e-02,2.082663442381315136e-02,2.086738126093196782e-02,2.086740232930427152e-02,2.088492292244089124e-02,2.083673714493994647e-02,2.084883312126030799e-02,2.084573847462554280e-02,2.087046607887197563e-02,2.083474998314795504e-02,2.086295005854921572e-02,2.082298285986844757e-02,2.086613040588158191e-02,2.083417720741799831e-02,2.083526699869873294e-02,2.083375277447584856e-02,2.085812374292045010e-02,2.085787736704502321e-02,2.084943659257015511e-02,2.081729324665223049e-02,2.086055550579254958e-02,2.085768828541268577e-02,2.084628075115942461e-02
2.087972935262639648e-02,2.083414696199714644e-02,2.082072506740642245e-02,2.083801148735248826e-02,2.083958011142615641e-02,2.086147797808386370e-02,2.087685550537484933e-02,2.087206148836850614e-02,2.085370792030350612e-02,2.083336913170971000e-02,2.082587251386136887e-02,2.082991653704232074e-02,2.085583828125183933e-02,2.087695598656144624e-02,2.085836475589387951e-02,2.079816937761382045e-02,2.085193059868447468e-02,2.086011731593907445e-02,2.080780586220755748e-02,2.084675179668235220e-02,2.084293285541216623e-02,2.087287025076428604e-02,2.083409745792808368e-02,2.083829156069568270e-02,2.085013747480382248e-02,2.081656158427667644e-02,2.088498224042183854e-02,2.080563133494176681e-02,2.081057105163364868e-02,2.084373591236315937e-02,2.082319516484190669e-02,2.085862623704759153e-02,2.086114584971099709e-02,2.085323502323124453e-02,2.084047034333935677e-02,2.084689273135395191e-02,2.084696204181558932e-02,2.086437016720966639e-02,2.084621090712446626e-02,2.086748989842343929e-02,2.085089512115375840e-02,2.080811345926250958e-02,2.087558981501525662e-02,2.085604900217470983e-02,2.082474290700711550e-02,2.086501059651055950e-02,2.084156284079853594e-02,2.086133152881161634e-02,2.081392466674453212e-02,2.083493724452249035e-02
2.083910423665439812e-02,2.081000955998480589e-02,2.082990785163134698e-02,2.082819523837059830e-02,2.083014380643002927e-02,2.082360482031051299e-02,2.082490364250443385e-02,2.081722974834165907e-02,2.086909145171112964e-02,2.084862853848112180e-02,2.082869489671871840e-02,2.083812963584880454e-02,2.080552268021552964e-02,2.080800332263556957e-02,2.080925671840330379e-02,2.082357538430246180e-02,2.082267378538879554e-02,2.079831175900532028e-02,2.080342826859159916e-02,2.082300833022525388e-02,2.084820128051384849e-02,2.081705481262355328e-02,2.080358634428243828e-02,2.082518299897535147e-02,2.082458523573665551e-02,2.082191294257982467e-02,2.082548702597259230e-02,2.082788820046789502e-02,2.081030550465175211e-02,2.084768072753553914e-02,2.082235043391279794e-02,2.081055769575873571e-02,2.085901899576135185e-02,2.081448166084881937e-02,2.079615392762078005e-02,2.083614917591058990e-02,2.082930280760127845e-02,2.082399974549501223e-02,2.082167982214324850e-02,2.081722578733948351e-02,2.081744804049434627e-02,2.085059346496047003e-02,2.081758525846464161e-02,2.084488706190036622e-02,2.081782885762495372e-02,2.080163484596526252e-02,2.083235895601392301e-02,2.083281982734884116e-02,2.078955367152498374e-02,2.083557068452386585e-02
2.078827971345031597e-02,2.080621320209579544e-02,2.080918712307025867e-02,2.085361733107747237e-02,2.080042614088371822e-02,2.083933933788737966e-02,2.077765761092599875e-02,2.083312743650259091e-02,2.080438003243535727e-02,2.080507607680580698e-02,2.080729749939395912e-02,2.079251700091391472e-02,2.081141237343237319e-02,2.078475143210645540e-02,2.077930927985889575e-02,2.080553551745133525e-02,2.080268783894040699e-02,2.081357359531192316e-02,2.083896265474171824e-02,2.080437699647625163e-02,2.080464953241161277e-02,2.081005197297094295e-02,2.080085720138902944e-02,2.082459579454884468e-02,2.082949152145010044e-02,2.084866555042400038e-02,2.080183358056101467e-02,2.082470847260217695e-02,2.079849188633728016e-02,2.084064195421840224e-02,2.077344712798329454e-02,2.079102396353754711e-02,2.082690476630902690e-02,2.079595010483695564e-02,2.080192682494907616e-02,2.078428154945387643e-02,2.078305325203175236e-02,2.083209675002694813e-02,2.079186722280616795e-02,2.081312341366758217e-02,2.082100821274591312e-02,2.080535686512606855e-02,2.079367411452875611e-02,2.080107758945977728e-02,2.083023255036618726e-02,2.078239759736693823e-02,2.080407694172636129e-02,2.082676429098056364e-02,2.080564913556216811e-02,2.077886747418651939e-02
2.077880194686210560e-02,2.078469960237395303e-02,2.074866113904657791e-02,2.081180407408720137e-02,2.075828050983605580e-02,2.077261916418027959e-02,2.077482890124564968e-02,2.081586787915171502e-02,2.080797729940495402e-02,2.080690985001430043e-02,2.078583097590353673e-02,2.078061891726454627e-02,2.080282813315460777e-02,2.080652035704527378e-02,2.074389146924187841e-02,2.075236618836983488e-02,2.079752977953725976e-02,2.076628732625515963e-02,2.078253035704519941e-02,2.080129191988717638e-02,2.076292832389232956e-02,2.078145562183103187e-02,2.075044090253664111e-02,2.077083200195171259e-02,2.074964584200673229e-02,2.079327932470123944e-02,2.075993146225224573e-02,2.077590074972644404e-02,2.078992094585635844e-02,2.081693959414309889e-02,2.079783368144867348e-02,2.078519338372951733e-02,2.078257987339675317e-02,2.073738857404808580e-02,2.080339925261388487e-02,2.079289392135935666e-02,2.078179751080154805e-02,2.080034526193523525e-02,2.079541474330311168e-02,2.077055593836778236e-02,2.079834123476307153e-02,2.077508862453137858e-02,2.078331546068744665e-02,2.079308299245373470e-02,2.082400613274284357e-02,2.077586827948547585e-02,2.079600668526947541e-02,2.078839794591577986e-02,2.081240262597457147e-02,2.077307512242690390e-02
2.078240708193623831e-02,2.072228789340079674e-02,2.072305850414466258e-02,2.076881276755915273e-02,2.074479325548092903e-02,2.075294156848124516e-02,2.079756920542091825e-02,2.076389211217655878e-02,2.075671376271334342e-02,2.075601152360651708e-02,2.078248388671078556e-02,2.075473566586211183e-02,2.076114365641158754e-02,2.077781441372641286e-02,2.078538574392310712e-02,2.074887692786536036e-02,2.079092426627028936e-02,2.076491512760803015e-02,2.078514478083989467e-02,2.074764153031000841e-02,2.076320297806482501e-02,2.074372658333593911e-02,2.076021838218634896e-02,2.074071364061732051e-02,2.078608850334709782e-02,2.076727755595235772e-02,2.076971776392148514e-02,2.076184121937701618e-02,2.076234317027361026e-02,2.076604396450120252e-02,2.074220028379771680e-02,2.073682306631838626e-02,2.076304079918241813e-02,2.080975049859976750e-02,2.075482441586994770e-02,2.074710510548679124e-02,2.073148008051037966e-02,2.073863325428992530e-02,2.075034800453254627e-02,2.074597245662871889e-02,2.076698783405203641e-02,2.077072417135432739e-02,2.078413854043302186e-02,2.075321890532483282e-02,2.077292687307882857e-02,2.077128792907836918e-02,2.078801578007377290e-02,2.072113330712721871e-02,2.078074845178107602e-02,2.073262613676258442e-02
2.069839473370990029e-02,2.069725281376922493e-02,2.072048597320290397e-02,2.071852999693946096e-02,2.067138096186609333e-02,2.072156615377223135e-02,2.071469807022165849e-02,2.073583749789842737e-02,2.073756233361564311e-02,2.074339882420698708e-02,2.072574845339237790e-02,2.075415347354051324e-02,2.067363919674428119e-02,2.069232600616625201e-02,2.073255182034608804e-02,2.075144066859531053e-02,2.074694659315801104e-02,2.077026736397577511e-02,2.072157690363215024e-02,2.075067954381409202e-02,2.072567075219397190e-02,2.071325412864091428e-02,2.071768392576990234e-02,2.078177337183551715e-02,2.071508239297570331e-02,2.071692361070501948e-02,2.070830096355606026e-02,2.070918425847261685e-02,2.076001081445684807e-02,2.070934703208126074e-02,2.071839507018883794e-02,2.076833232236446891e-02,2.071584571529103136e-02,2.071034821739215978e-02,2.074703272939704482e-02,2.072561120274594645e-02,2.072711316557453512e-02,2.074322565198933807e-02,2.070890136354028299e-02,2.072773105685973838e-02,2.069707586143383973e-02,2.073043418570811106e-02,2.072882436174890153e-02,2.069611463594973888e-02,2.073254251020036423e-02,2.071728990126615530e-02,2.073178699754541290e-02,2.068874997995928666e-02,2.071832103573383391e-02,2.071475684421777291e-02
2.069998742609522463e-02,2.070633425382039858e-02,2.068069107774106463e-02,2.070943241945702451e-02,2.070143402324791521e-02,2.068087424943866950e-02,2.071776926533344318e-02,2.069692423365755707e-02,2.074935631122240554e-02,2.069716288347422592e-02,2.067334690893128310e-02,2.070474806321026193e-02,2.067276062616425769e-02,2.067585869086233097e-02,2.072519283275666216e-02,2.071848614517738177e-02,2.073702991780072488e-02,2.068332485817896832e-02,2.071359609546265593e-02,2.068319806125964305e-02,2.065955636924639641e-02,2.071054362207152069e-02,2.071209416628271710e-02,2.071955578239551357e-02,2.068955011960608298e-02,2.070533127769152645e-02,2.071032656995498711e-02,2.065589652806221893e-02,2.074642189597626640e-02,2.070058161476276068e-02,2.065845895582497579e-02,2.071517067919224214e-02,2.073794791299471071e-02,2.066279959623576121e-02,2.073314392483844443e-02,2.065825367502090518e-02,2.067996119389054963e-02,2.067708387250533075e-02,2.070508216244696872e-02,2.071360074896683515e-02,2.070991837378073283e-02,2.067199387843619840e-02,2.068474444165594242e-02,2.073181825433865685e-02,2.067647464126992282e-02,2.070502596466569298e-02,2.070685885400626314e-02,2.064666318423048416e-02,2.070162593644449614e-02,2.067971689663549578e-02
2.064464825776214305e-02,2.061944152067222980e-02,2.062725722309056986e-02,2.065647939573807268e-02,2.063744399684261724e-02,2.068032994770875252e-02,2.067638962097610722e-02,2.063497721564526086e-02,2.066156525068024372e-02,2.065546419963056393e-02,2.064070099077569553e-02,2.067365347489500543e-02,2.068009314001050675e-02,2.064463025895918805e-02,2.069465046212127374e-02,2.068109024948999383e-02,2.065233684872092024e-02,2.066405568325789532e-02,2.062996537556496465e-02,2.067072486037127219e-02,2.067967576896779375e-02,2.064833745127596029e-02,2.066808356733838489e-02,2.065946864107863490e-02,2.065111177037970425e-02,2.065551822428487311e-02,2.062935646710464116e-02,2.064050904977317649e-02,2.064849002112623122e-02,2.067142497969079798e-02,2.061602631914062969e-02,2.067047418831476080e-02,2.066778986594695541e-02,2.066363811747291487e-02,2.066472181636751226e-02,2.068206523006568126e-02,2.064971036270261268e-02,2.064741390619353328e-02,2.066096963569515055e-02,2.067668718406662914e-02,2.069399355443983513e-02,2.067756852316056729e-02,2.061691713085720551e-02,2.065095712901856423e-02,2.065038980101913807e-02,2.066631034007400392e-02,2.063384390597538739e-02,2.064757867304559819e-02,2.068273260644850134e-02,2.068448566434206298e-02
2.062529579255006906e-02,2.060758824743216117e-02,2.060661175030821871e-02,2.064836028316746272e-02,2.061660307735347156e-02,2.066945648680909228e-02,2.060488264201097708e-02,2.062813397486722503e-02,2.064364339607742058e-02,2.061207899619741171e-02,2.062080317905101018e-02,2.066137262632838228e-02,2.064476735807701732e-02,2.063051284756403994e-02,2.056017406032500244e-02,2.064150276238733636e-02,2.062742024977218605e-02,2.061152921999636137e-02,2.064248004097865921e-02,2.062464188463436141e-02,2.062841567540033699e-02,2.061112511474012809e-02,2.063559439333977411e-02,2.060665986103499964e-02,2.062166898602141654e-02,2.060147186023241275e-02,2.063011190654611554e-02,2.063446799276223709e-02,2.060057626681826085e-02,2.064543342547696739e-02,2.063219950819162804e-02,2.061810848526194825e-02,2.056579111720541544e-02,2.058935792936550380e-02,2.059568209202342418e-02,2.061475541579889728e-02,2.061678722247028972e-02,2.059311900945982876e-02,2.062364118161653936e-02,2.061250872799151937e-02,2.061803392037135987e-02,2.061263966714062951e-02,2.059144428881466704e-02,2.060483963576865626e-02,2.061207297056519283e-02,2.061611262980569265e-02,2.060070991859456677e-02,2.061077283763044013e-02,2.065126514635552690e-02,2.056899286450468434e-02
2.058844872413381419e-02,2.058477380375176718e-02,2.056063460895641432e-02,2.056106571114757475e-02,2.057983707024667666e-02,2.059188034162629313e-02,2.057162166414461604e-02,2.057683882599447775e-02,2.057418149644725525e-02,2.055191113693657576e-02,2.055747191113168476e-02,2.054998510752974530e-02,2.055467284824777016e-02,2.056730686720046122e-02,2.058053677262259434e-02,2.055696697544942206e-02,2.056702284579047316e-02,2.055017471501862855e-02,2.056885351183970409e-02,2.054596916263843470e-02,2.057671314429942652e-02,2.055341137856559613e-02,2.051079776797716178e-02,2.060466451720849995e-02,2.058464047700287250e-02,2.057803056364467670e-02,2.056430580010918524e-02,2.055116834617561061e-02,2.055008529197251479e-02,2.058020935392578660e-02,2.055707551569651778e-02,2.057688415676317203e-02,2.061328741313481899e-02,2.056240235797938271e-02,2.057307436469846956e-02,2.055484606273901352e-02,2.056965332044619066e-02,2.060321102596703730e-02,2.058403690434153221e-02,2.053626501440180413e-02,2.054867609008275905e-02,2.059472842634005665e-02,2.061577427122398068e-02,2.056834814375550768e-02,2.055617016316934817e-02,2.053586205250492250e-02,2.051421064580826945e-02,2.055839725663136108e-02,2.058573879015018412e-02,2.057450865369622392e-02
2.053684825421370555e-02,2.052743187904956107e-02,2.049043971263431532e-02,2.047030350767877968e-02,2.050417948797280537e-02,2.053601020918376791e-02,2.053583595484871974e-02,2.051063548549916446e-02,2.052497032578026390e-02,2.055783710803392797e-02,2.053982421432490324e-02,2.050838934938923469e-02,2.049874791214443062e-02,2.053535426407075010e-02,2.053808202641349903e-02,2.051112942697909738e-02,2.053541819333663462e-02,2.054440460127482729e-02,2.052458764796735724e-02,2.049265922155268232e-02,2.054438822657040850e-02,2.056248754561273637e-02,2.052462522328696651e-02,2.052490651828592014e-02,2.051979421933471104e-02,2.052431877756669132e-02,2.051978458872707328e-02,2.052644370461510423e-02,2.049416323223438030e-02,2.057956577854311991e-02,2.055884892270938569e-02,2.056539418867198848e-02,2.048772413464803807e-02,2.048665040551772218e-02,2.051516084288180705e-02,2.050878839633723735e-02,2.053727840738458349e-02,2.050311860632711425e-02,2.051459336053675434e-02,2.051894877068638143e-02,2.055764872741333224e-02,2.049295453969543143e-02,2.052350576649480604e-02,2.047888438096063732e-02,2.053388523827666748e-02,2.050712304456338286e-02,2.051823879343952703e-02,2.049833274138367425e-02,2.052813079461227389e-02,2.054091742334426124e-02
2.049352570508737592e-02,2.047982856248846059e-02,2.043976794373572950e-02,2.046478225470107701e-02,2.041950875514609784e-02,2.047175130347271207e-02,2.043642948105613838e-02,2.045797471287107844e-02,2.041527168879389564e-02,2.046667897160218269e-02,2.048169701501004886e-02,2.044051863050798043e-02,2.041514706769130896e-02,2.048264301877994464e-02,2.043639237455592561e-02,2.049775166290354264e-02,2.045628431899272626e-02,2.049911675382978110e-02,2.044403646763847879e-02,2.047537805759742577e-02,2.049641996773020683e-02,2.042792783661143141e-02,2.046349771251134222e-02,2.042140876621194312e-02,2.042083991522241834e-02,2.044028104931106676e-02,2.048973764079809606e-02,2.045337357473516610e-02,2.046745715461041268e-02,2.044249944945011541e-02,2.046512328029520197e-02,2.046411371635468296e-02,2.048181152267958618e-02,2.043617430463152279e-02,2.045058242337722751e-02,2.048510917688005015e-02,2.048811445636213036e-02,2.044966198310811667e-02,2.049172883398833050e-02,2.046236663973225595e-02,2.046620339980553815e-02,2.046597573346125784e-02,2.046049053637543150e-02,2.046607703522538083e-02,2.048449047335638290e-02,2.043615800985644493e-02,2.047676959298987479e-02,2.050342525791614204e-02,2.045901606396270667e-02,2.047859194848895142e-02
2.035983324250856957e-02,2.043173363494091635e-02,2.040194818816792530e-02,2.039254464458409299e-02,2.042038535388992701e-02,2.039216627230299242e-02,2.040190479069514326e-02,2.041515022814776800e-02,2.035569622301074480e-02,2.038698266790889627e-02,2.040474112147239519e-02,2.040904484076070877e-02,2.041551956595029013e-02,2.039454247428343706e-02,2.043015372819075373e-02,2.037553530955649866e-02,2.039933261443911683e-02,2.041566178573360132e-02,2.039694265523799704e-02,2.036251143878611142e-02,2.041121970939432234e-02,2.041016417369937927e-02,2.041269831130823956e-02,2.043873676843953671e-02,2.039972908794077805e-02,2.040304377804993269e-02,2.038800725821984794e-02,2.039689610769598177e-02,2.037772830361188336e-02,2.039244908922255295e-02,2.038887130505100814e-02,2.038722820384913231e-02,2.040646202665662157e-02,2.037407255109096454e-02,2.038936379768796145e-02,2.039434181130739959e-02,2.042359934244333125e-02,2.036992282680344032e-02,2.040077671462570477e-02,2.037499949994713705e-02,2.038447782901266214e-02,2.037766479653400561e-02,2.037470301296928285e-02,2.040805497684100578e-02,2.039176051098411449e-02,2.036054311752324986e-02,2.041335000506641975e-02,2.039242424380939903e-02,2.034158486857702910e-02,2.041264791176982188e-02
2.037939272931852536e-02,2.034041914638888213e-02,2.035909298852567675e-02,2.032614631505408331e-02,2.029269112250240564e-02,2.035720209350317181e-02,2.031159689162606585e-02,2.033212883107493249e-02,2.033853541738788601e-02,2.032155963180153763e-02,2.030727387613610879e-02,2.034050406705371211e-02,2.033217794549262852e-02,2.034079336377128330e-02,2.033983412225575521e-02,2.031455699459746439e-02,2.035195089023784931e-02,2.033675943062080577e-02,2.032002486692921148e-02,2.031012220524831824e-02,2.031346988234094056e-02,2.032012838950682937e-02,2.033586816334312722e-02,2.033641489273554578e-02,2.030792763688215458e-02,2.032033592536762120e-02,2.030604800920738848e-02,2.030752517153852979e-02,2.032939597890431188e-02,2.032889209491956645e-02,2.031037916938097793e-02,2.035227746855568232e-02,2.035447976389835600e-02,2.031252538518808423e-02,2.032651223761096707e-02,2.035742890036867925e-02,2.033495171031365206e-02,2.033335578397553814e-02,2.027491885989178913e-02,2.033386617101045832e-02,2.029355018540440064e-02,2.030781164594481700e-02,2.033181423856449468e-02,2.035578114522689983e-02,2.031729145404459827e-02,2.032781673775486617e-02,2.031708398378739150e-02,2.033134468894193941e-02,2.029846649166301351e-02,2.029374525781169752e-02
2.024889118921721284e-02,2.024526876158692229e-02,2.025215114713277420e-02,2.023699603463688379e-02,2.024900076380690972e-02,2.023926763603727669e-02,2.020232111195439592e-02,2.024110682290334792e-02,2.026843700289669703e-02,2.021856073071980758e-02,2.026216678061468907e-02,2.030825027735102054e-02,2.021512492866551700e-02,2.027970291219830662e-02,2.018171627134674601e-02,2.026706700098258179e-02,2.021509805080587072e-02,2.021579580012499919e-02,2.027961654175021444e-02,2.029251568087096086e-02,2.020774942430257279e-02,2.027987019922251194e-02,2.024448564167805401e-02,2.022711380920517651e-02,2.020460434349060155e-02,2.026290310115998541e-02,2.024703117250726409e-02,2.025578057023403808e-02,2.027430093053695509e-02,2.024048637530585781e-02,2.025703239890120494e-02,2.028104093020081586e-02,2.027370142150873231e-02,2.026142706232882118e-02,2.025690371630277722e-02,2.023713520067087906e-02,2.028184026590505035e-02,2.024940575526728084e-02,2.021829148526572278e-02,2.028702072605021237e-02,2.021104869148779987e-02,2.029031922532791715e-02,2.023224909929941667e-02,2.023573920439535392e-02,2.025813965862289373e-02,2.024065113015965228e-02,2.023293891941631284e-02,2.023240053887326653e-02,2.027103352239698758e-02,2.025628596308030535e-02
2.018250059682249672e-02,2.016585418155650983e-02,2.014262513622869233e-02,2.019162126483018543e-02,2.015508608571118035e-02,2.017185815933272494e-02,2.015082585801490286e-02,2.017528539954931144e-02,2.019108636723113484e-02,2.014400420441469705e-02,2.018588111214316555e-02,2.016792194254397527e-02,2.013975600635408911e-02,2.017880185270345961e-02,2.013632681657606324e-02,2.018592519030144514e-02,2.015647783154672634e-02,2.017366796813882535e-02,2.015661256751790156e-02,2.019455960676393158e-02,2.019098622177482871e-02,2.015990180018911032e-02,2.014836601386260292e-02,2.020425369855160733e-02,2.017493885488489194e-02,2.017106797933501672e-02,2.017122871252088542e-02,2.014164250830634273e-02,2.018078401748404915e-02,2.017568221181653340e-02,2.017614895305486905e-02,2.013736202675866713e-02,2.017398185958728385e-02,2.017469319624306048e-02,2.019689087687581361e-02,2.017319098978545902e-02,2.016534132041530869e-02,2.019301490873087399e-02,2.014996912995029726e-02,2.016908487031409195e-02,2.013215035340368969e-02,2.014880247294499604e-02,2.017276784597237665e-02,2.014234209547580146e-02,2.013728509225845217e-02,2.015526849505259316e-02,2.019488090271535571e-02,2.016131869276429484e-02,2.014676265803998223e-02,2.016137059354777480e-02
2.005089820166647621e-02,2.007704414181533947e-02,2.009198389397394077e-02,2.008038586882364418e-02,2.008241920160586461e-02,2.006496080169719101e-02,2.007866826612740574e-02,2.008870130955487526e-02,2.005051878729770601e-02,2.008607041156606002e-02,2.008160469097021797e-02,2.006941923758419344e-02,2.007402955408539233e-02,2.004537130941368497e-02,2.008313098015092682e-02,2.009777837677659620e-02,2.013772458807969179e-02,2.009477282692306160e-02,2.008015061454712993e-02,2.008307627565723147e-02,2.007491179161203024e-02,2.003424427871378435e-02,2.009966024961562861e-02,2.012544331390140467e-02,2.006918813994831505e-02,2.005281835728021239e-02,2.009216929358460108e-02,2.009274857122560209e-02,2.006576662124796850e-02,2.008496356264372756e-02,2.006936799423112219e-02,2.007664975523326678e-02,2.010569908603094397e-02,2.004074081223952003e-02,2.008056726075933135e-02,2.006062599867176541e-02,2.008835805200194155e-02,2.002986118774514185e-02,2.007166065986285691e-02,2.008863271922728400e-02,2.005328559199881511e-02,2.007754154767073598e-02,2.001916724165605371e-02,2.011334659410054029e-02,2.008462245760673712e-02,2.006927186021736920e-02,2.006256882549875900e-02,2.009550460339726285e-02,2.007939162647853076e-02,2.011233998804019818e-02
1.994880532940075321e-02,1.997236653673412077e-02,2.002115095906215753e-02,1.996993370991126740e-02,2.000194825490113348e-02,1.996733346598808870e-02,1.995723856426167078e-02,1.993090767928020618e-02,1.995724853904833757e-02,1.994846582893083226e-02,1.991457888081146418e-02,1.997763212808667532e-02,1.992216970004883139e-02,1.998487152488796423e-02,2.000567932079136760e-02,2.000138261830603295e-02,1.996805176984262076e-02,1.997888985887558838e-02,1.995800618388094555e-02,1.994786562825442283e-02,1.998277656647452077e-02,1.997753670437822301e-02,1.995513612049500118e-02,1.997917471725111499e-02,1.997494037338918074e-02,1.996036912319082424e-02,1.996727813579273272e-02,2.003089976874070088e-02,1.998702180084830846e-02,1.999416365157817566e-02,1.996601350294892330e-02,1.999178777754153855e-02,1.996599143443714489e-02,1.994651429611184190e-02,1.997271928289359386e-02,1.995096728338678280e-02,1.998408280098113582e-02,1.992492536738629111e-02,1.996629112420125057e-02,1.998892321039899209e-02,1.996807781117011446e-02,1.998398301469006891e-02,1.998195905406762590e-02,1.995241685706115181e-02,1.998276275178851452e-02,1.997305214455246183e-02,1.999591892844993293e-02,2.000888286851366243e-02,1.997422561679628242e-02,2.000771191646995642e-02
1.986938535728917377e-02,1.991841666753484119e-02,1.988353777562812397e-02,1.986718459165151204e-02,1.984613772620035313e-02,1.990613279311585770e-02,1.987832776109422009e-02,1.988597232837657422e-02,1.983448750084142176e-02,1.988514111110274360e-02,1.984639200168364370e-02,1.988357744672158978e-02,1.988073204538223088e-02,1.987861334675828512e-02,1.985296169510910452e-02,1.988354410635441785e-02,1.987347380942051239e-02,1.985710046621499275e-02,1.983387778784870270e-02,1.986541693285410332e-02,1.989349340511898517e-02,1.986701367976875798e-02,1.984290099520918602e-02,1.987338783783570290e-02,1.986844096360266751e-02,1.985414659457538505e-02,1.983958467750079196e-02,1.985017656533351674e-02,1.984341252470791725e-02,1.985698486169181626e-02,1.984721396401408627e-02,1.989150480312341582e-02,1.985714527683244204e-02,1.987309415205588611e-02,1.984271374787297329e-02,1.986825411159632779e-02,1.983053571551907091e-02,1.989896713526393551e-02,1.987924112392887299e-02,1.983313613333260658e-02,1.985824921653907629e-02,1.992710411950979893e-02,1.985964153470012525e-02,1.986756811509402323e-02,1.988903961143951779e-02,1.985616184046313723e-02,1.988912284477161591e-02,1.983923677389114182e-02,1.986887174601595363e-02,1.986694338097443058e-02
1.970658184461843501e-02,1.973061459328476208e-02,1.972877145029038395e-02,1.976373179932688212e-02,1.969984689237777586e-02,1.975459758902307211e-02,1.975374666351527655e-02,1.974812931708496908e-02,1.971740072874184763e-02,1.973028318382072724e-02,1.978945521362436219e-02,1.979366728332981190e-02,1.974804251993766274e-02,1.975142389988846642e-02,1.975655643132677788e-02,1.973989176489561806e-02,1.971869803142592761e-02,1.969027572119313313e-02,1.972628317562323888e-02,1.978307118096943665e-02,1.975858899036081820e-02,1.974427999021450067e-02,1.974817575116604579e-02,1.976251494422876301e-02,1.972864222542134241e-02,1.973970502158094165e-02,1.976572919186068283e-02,1.974948311735107154e-02,1.971797461691087577e-02,1.976420082375159731e-02,1.974541709540304432e-02,1.977933194400522884e-02,1.974119170606277243e-02,1.977606608618351358e-02,1.977949706699322699e-02,1.975891869431246894e-02,1.977051429144652608e-02,1.975136616043322510e-02,1.973037284181846859e-02,1.975593141599112784e-02,1.977448814511485742e-02,1.977092669625990853e-02,1.972924160155665671e-02,1.975580202976075922e-02,1.976425483128427599e-02,1.972347055566921886e-02,1.974627006428755771e-02,1.976134754290256867e-02,1.971897778254926015e-02,1.975092376858398127e-02
1.959177870062388943e-02,1.963459065788381031e-02,1.961180479119915832e-02,1.963035042108310368e-02,1.960745656840397894e-02,1.958826652469898219e-02,1.965478109412335458e-02,1.962339412639365482e-02,1.966662839248480704e-02,1.968244246197291963e-02,1.959370276884193560e-02,1.961162821728833563e-02,1.957290281037219609e-02,1.965725915454484204e-02,1.955858773108617304e-02,1.955963569112749434e-02,1.968289661600917256e-02,1.959867708094922140e-02,1.959068087511103146e-02,1.966928846070720854e-02,1.957407264727460683e-02,1.959437476525710542e-02,1.962013164431352513e-02,1.961004517822615562e-02,1.957767477797435138e-02,1.959855569269941533e-02,1.961538818651068633e-02,1.960974121318840094e-02,1.956428297189042112e-02,1.961126404355578029e-02,1.964547466882664642e-02,1.960642421063092666e-02,1.963437068725223597e-02,1.962804040562999078e-02,1.966179830551427477e-02,1.958945600586655539e-02,1.964146380406156175e-02,1.962846640166978143e-02,1.962446594665374910e-02,1.958962071174426972e-02,1.963626275761307452e-02,1.959186301304600281e-02,1.960942547545145576e-02,1.961433165368596521e-02,1.960659742493165228e-02,1.962596891747452749e-02,1.960522587052531546e-02,1.964346507645451170e-02,1.962028871567815524e-02,1.963656207377939555e-02
1.949296355880640597e-02,1.942478089095457661e-02,1.948256140810659953e-02,1.950835466382339414e-02,1.949154446651973557e-02,1.950236193483849759e-02,1.942577078985199823e-02,1.949260116402851475e-02,1.950707353977996009e-02,1.948725523664818909e-02,1.953265639572874732e-02,1.950398766113664584e-02,1.943810817419660414e-02,1.949372347801950692e-02,1.952792830434462931e-02,1.947961369824207853e-02,1.949144536251054896e-02,1.947529681781412156e-02,1.952206969535693823e-02,1.949121723469736736e-02,1.951044492973057556e-02,1.950689316485301750e-02,1.947108162336875711e-02,1.951975682725882316e-02,1.952652215904428223e-02,1.955306941589071701e-02,1.946919512649360542e-02,1.951579545934976553e-02,1.947602232787619750e-02,1.949394132788880712e-02,1.946861013729514478e-02,1.947487681345247412e-02,1.946160976396689793e-02,1.948570604003762793e-02,1.945836038374388482e-02,1.944867499849612866e-02,1.950532898530367432e-02,1.950638212235940305e-02,1.945932836684747050e-02,1.952047257194253899e-02,1.948861728560432813e-02,1.953594661139278210e-02,1.953641088275087298e-02,1.950515766449202951e-02,1.943175687218745909e-02,1.948769136525761725e-02,1.954232099300387895e-02,1.946878715621159009e-02,1.954982963626102771e-02,1.947596921242079893e-02
1.932415865418692785e-02,1.933019144895623681e-02,1.935207278892086408e-02,1.928096396116045497e-02,1.930841709298655728e-02,1.929446518194271806e-02,1.935310994530596920e-02,1.931596520615778967e-02,1.939351241762279562e-02,1.934594254959014561e-02,1.931313074691360862e-02,1.932932675369992970e-02,1.933900643558160437e-02,1.938080939979499456e-02,1.933492198276022880e-02,1.934421675320607478e-02,1.934639216079398621e-02,1.938273328520140684e-02,1.933094131131007226e-02,1.933260952777852287e-02,1.936368813447918863e-02,1.934572821212206251e-02,1.934103030971270898e-02,1.936554083065155848e-02,1.935458555261582864e-02,1.937027284283739451e-02,1.929775368804122551e-02,1.934776473245282055e-02,1.933980691403053287e-02,1.931593440436970080e-02,1.937914630477197489e-02,1.933530393436747735e-02,1.933598370058678059e-02,1.939291791321316044e-02,1.935559927226692539e-02,1.930903452444805019e-02,1.933884560373178366e-02,1.931630817613390338e-02,1.932521874024313233e-02,1.927913077686521301e-02,1.933564693721646563e-02,1.933596829421991778e-02,1.932912916964601990e-02,1.935167107659186564e-02,1.935215119669162279e-02,1.931582612442903774e-02,1.934300284377409029e-02,1.936225446770341307e-02,1.936242697129833198e-02,1.935645451676403297e-02
1.917500451857874488e-02,1.921827278543460429e-02,1.919748882143291341e-02,1.917211932075884792e-02,1.915164751865950157e-02,1.922401209898566901e-02,1.917836919105355212e-02,1.921627787402431856e-02,1.912948209925209586e-02,1.919943329422047276e-02,1.918817516647054744e-02,1.915657708341072379e-02,1.917499465139196543e-02,1.918719713325655121e-02,1.915150941789199590e-02,1.919095014991486700e-02,1.914842079935914071e-02,1.917280316040751581e-02,1.922116291493941587e-02,1.918877508630600567e-02,1.918762440729188112e-02,1.916587084350197465e-02,1.918539160310719568e-02,1.919875826719381201e-02,1.926043851147789948e-02,1.919756172697312593e-02,1.916991184046054272e-02,1.917452287393491689e-02,1.922246168295587213e-02,1.913345197461514130e-02,1.920926127762367236e-02,1.916908347403618873e-02,1.917960842427165330e-02,1.920277193900520735e-02,1.919703352548191716e-02,1.919166377277323893e-02,1.915502759124045745e-02,1.920456760061118456e-02,1.916040588783966825e-02,1.919102428914653408e-02,1.917296102943565755e-02,1.921114111279914952e-02,1.915156265803207025e-02,1.912000155551969033e-02,1.918937560954072502e-02,1.920506561901180048e-02,1.917795685310689016e-02,1.914233933328613954e-02,1.918366583689128449e-02,1.915099861602310646e-02
1.900147535914004093e-02,1.900836842549739891e-02,1.907603448606617555e-02,1.896929313028533626e-02,1.898408523994052355e-02,1.903808695825971731e-02,1.901544036286471201e-02,1.899516010272363914e-02,1.900785182637855161e-02,1.900863961769417437e-02,1.898364894610728854e-02,1.898181556179991819e-02,1.903692729629579555e-02,1.904952324759423901e-02,1.903116028899785525e-02,1.898070378745674025e-02,1.900690818992003400e-02,1.900648501006865429e-02,1.908618607620367683e-02,1.900486212360076241e-02,1.902710024492489799e-02,1.903761214744498567e-02,1.899999039017620864e-02,1.900789119367160898e-02,1.894925390144346772e-02,1.899152198070698863e-02,1.899968169982790139e-02,1.899051655528678773e-02,1.899690740967275096e-02,1.901995714762940576e-02,1.899800386192641855e-02,1.905174151749329178e-02,1.905301432547702040e-02,1.904279556749412239e-02,1.904543036374948747e-02,1.898617266971655559e-02,1.903534460196416520e-02,1.900610346862532246e-02,1.899021150708354172e-02,1.903198276181332013e-02,1.900188052996806126e-02,1.899444034052407901e-02,1.902701102572506089e-02,1.900386449749964096e-02,1.899814620281065763e-02,1.900271590906914970e-02,1.899069001817424093e-02,1.905508049217445252e-02,1.898921142112970639e-02,1.898026384912953127e-02
1.885668313813740338e-02,1.886450326320276635e-02,1.881477393374098375e-02,1.885148174738212126e-02,1.882940267314253333e-02,1.884209982912156411e-02,1.881541784279654878e-02,1.884506752171427602e-02,1.889490305394000980e-02,1.883189424293871955e-02,1.883779347572357363e-02,1.888314899877832978e-02,1.878113925800644138e-02,1.887147815823036687e-02,1.891187456093925204e-02,1.877599144149862120e-02,1.877534109936809803e-02,1.879271592643410801e-02,1.878584687556769314e-02,1.878916782763348850e-02,1.883967834741066133e-02,1.880078801175424225e-02,1.881309022542867679e-02,1.877299246021415027e-02,1.883502472346803430e-02,1.883476646935723295e-02,1.887917529292290619e-02,1.881417109714608737e-02,1.886222890909880837e-02,1.885708618235985151e-02,1.885197464523439767e-02,1.886977156307080919e-02,1.886837847643761668e-02,1.881667009387181372e-02,1.881959647611540151e-02,1.884147061406176230e-02,1.880536548294730118e-02,1.889314371415596813e-02,1.885135091415189590e-02,1.883150261684805524e-02,1.888927821733346959e-02,1.884033890271979636e-02,1.881881312820491217e-02,1.884492036223047937e-02,1.887161475351259443e-02,1.880104713926762650e-02,1.885350265040200771e-02,1.883049632654614641e-02,1.885191697172914488e-02,1.882547831073992303e-02
1.861611960876217650e-02,1.864818919050987428e-02,1.865749803132343496e-02,1.866808707033653508e-02,1.869709239506922582e-02,1.861761334638012064e-02,1.862658842208175097e-02,1.865646131868540711e-02,1.867703634309807528e-02,1.863718036889042140e-02,1.866035483233544762e-02,1.863978588525357083e-02,1.860439739915683080e-02,1.864808099284086251e-02,1.865747726538434514e-02,1.862878050381786346e-02,1.865911750812129094e-02,1.863990384469975045e-02,1.861221193893560985e-02,1.862869282714539262e-02,1.861179545897936882e-02,1.862743100902497853e-02,1.861434939180753312e-02,1.859126064983068413e-02,1.859223820039484013e-02,1.861321005550186855e-02,1.865752497286069303e-02,1.871038670807553816e-02,1.865943048138224425e-02,1.865954850717278443e-02,1.866464675241353427e-02,1.861519206000000065e-02,1.865352457862248445e-02,1.861021483237983512e-02,1.863258735687611800e-02,1.867835398980279005e-02,1.865906921704533691e-02,1.865325641437419121e-02,1.861391251754675874e-02,1.864937300633279574e-02,1.868289052864254354e-02,1.864285944330588626e-02,1.862746794457146790e-02,1.865007051896796705e-02,1.862413265094761336e-02,1.863054711336569955e-02,1.861025967795833583e-02,1.866951018026230535e-02,1.862153687727587451e-02,1.864457563671942028e-02
1.847305570624771520e-02,1.845478380549224473e-02,1.841807966201434651e-02,1.841030814685342895e-02,1.846485086697576689e-02,1.844087192460059504e-02,1.844309658306221567e-02,1.849922300416348420e-02,1.845765372974791235e-02,1.843602340964736047e-02,1.845308163203132276e-02,1.846692413425122040e-02,1.849268126157021727e-02,1.847190452347834827e-02,1.839087865843488240e-02,1.841022896577165432e-02,1.845464588761071278e-02,1.843762935147772938e-02,1.844945320005616021e-02,1.844477699146361907e-02,1.847203908745078185e-02,1.846077858673854724e-02,1.847195135268950295e-02,1.845061476318870727e-02,1.844544132580043169e-02,1.841608614978570285e-02,1.844392267209030156e-02,1.843715105289174538e-02,1.841842061934391081e-02,1.841143338702764740e-02,1.843916331187538116e-02,1.841396221456642612e-02,1.844450249215685150e-02,1.840574653097649949e-02,1.844282659298041721e-02,1.848645896274478395e-02,1.845527370629815311e-02,1.842310992494694197e-02,1.844682595297278058e-02,1.841891879692028958e-02,1.843481036678620844e-02,1.843634093692916517e-02,1.844123443342613952e-02,1.846639999857069628e-02,1.848874399045375913e-02,1.844517132929188175e-02,1.838561792689167099e-02,1.845207549000410160e-02,1.843776959008212174e-02,1.842132760565374713e-02
1.816346406847860889e-02,1.818074572983904499e-02,1.821943352556299606e-02,1.819934831087434771e-02,1.819633489942409574e-02,1.820257351141026450e-02,1.822992617780708896e-02,1.821898655973288456e-02,1.822290048255057263e-02,1.826834836326600431e-02,1.823368090431549612e-02,1.816963585425326877e-02,1.820857840949599224e-02,1.825149107338094184e-02,1.822618365381829461e-02,1.819195002810493692e-02,1.826724740914840647e-02,1.824242534401863958e-02,1.820670646233113130e-02,1.825577503496120246e-02,1.815005222426340978e-02,1.825513065638603716e-02,1.824478139490471468e-02,1.823093283564101996e-02,1.826959464047063844e-02,1.823125582819402901e-02,1.825080689003974466e-02,1.824040995908318349e-02,1.816118361030854070e-02,1.817444259579003435e-02,1.828083559325772642e-02,1.829177770019404028e-02,1.827218125104923888e-02,1.821953856563295407e-02,1.827855067177286755e-02,1.819754816475536996e-02,1.823802237521255851e-02,1.822014964189365774e-02,1.822168316254381068e-02,1.829686163152024342e-02,1.822597170267702127e-02,1.821073526153625666e-02,1.817656737300239050e-02,1.820281839056673429e-02,1.820152314618894360e-02,1.826397918670590731e-02,1.819345371245045459e-02,1.820943982889650092e-02,1.818859985622962513e-02,1.821157630610150541e-02
1.792701728413980886e-02,1.798853775784231210e-02,1.796213624747940510e-02,1.799196474830823053e-02,1.801427632554002123e-02,1.798162632226952065e-02,1.798586045506938083e-02,1.800150481758503243e-02,1.800566497441988614e-02,1.802267396358707072e-02,1.797679903725441994e-02,1.799669604950746363e-02,1.797141014571005183e-02,1.800851502025093906e-02,1.798123900499683930e-02,1.798546846044023206e-02,1.800016625231470532e-02,1.798827452252680509e-02,1.797719421582222310e-02,1.800317946615186820e-02,1.801571697303900113e-02,1.799308289333955910e-02,1.802621820544413403e-02,1.799993875375663702e-02,1.802592607526633250e-02,1.802442081379776462e-02,1.796197775847556410e-02,1.797663426511278764e-02,1.805002684840055840e-02,1.802796690332495247e-02,1.806229557185798362e-02,1.797874502561029944e-02,1.793057641937167296e-02,1.799097765102615140e-02,1.803929064855898379e-02,1.796957494864828697e-02,1.798854008770815402e-02,1.802872997111775941e-02,1.797930122775083170e-02,1.799823047290072253e-02,1.797655048086476207e-02,1.802670121167957926e-02,1.795313991212312346e-02,1.802955853530487790e-02,1.798854643531635350e-02,1.793873859377784555e-02,1.798660236835665505e-02,1.793193584536962801e-02,1.801867840698357162e-02,1.798231419365321423e-02
1.776808096978073001e-02,1.779564691132215146e-02,1.770114370455846617e-02,1.775196479493777388e-02,1.777874717106562100e-02,1.773437834708746150e-02,1.779030438728485333e-02,1.780029640760116827e-02,1.772737466630654873e-02,1.772162905781125841e-02,1.776228521952347150e-02,1.773705102370727593e-02,1.778766163033948522e-02,1.771641355854940494e-02,1.776133796679787297e-02,1.769083445147615410e-02,1.780781584925104563e-02,1.777919008822300903e-02,1.773270955553992931e-02,1.777720253384464100e-02,1.776712079554762166e-02,1.776649291958780005e-02,1.774349425593695767e-02,1.780109905979748719e-02,1.776938260531854205e-02,1.778096807942540492e-02,1.780017886204405403e-02,1.771680576846511659e-02,1.774661514668086915e-02,1.774441000159504567e-02,1.772927871571135933e-02,1.776082139360438475e-02,1.771073956683986983e-02,1.774690687399520239e-02,1.770382091810009106e-02,1.770163368762142989e-02,1.778402523326981163e-02,1.774762492192895336e-02,1.771815968741234648e-02,1.777380217400482271e-02,1.772883739848774357e-02,1.780016557597579110e-02,1.777195198117507285e-02,1.779039341270164179e-02,1.776621435377135835e-02,1.773435754206125967e-02,1.772491236471388995e-02,1.777446822841299845e-02,1.772663762936224977e-02,1.774919459903037330e-02
1.754083431314661795e-02,1.753726964488102821e-02,1.752231052627143890e-02,1.755090510869252579e-02,1.747141284185530635e-02,1.751895873738110870e-02,1.754652857510779693e-02,1.749245404835267706e-02,1.748401621222438543e-02,1.748700901818053821e-02,1.755306435180059924e-02,1.750453896402357629e-02,1.752534523207211273e-02,1.746526100207549878e-02,1.757196877137215049e-02,1.755458228267736329e-02,1.745718040146575223e-02,1.750014338076334025e-02,1.750701986365075374e-02,1.750783720966746920e-02,1.746159646321687742e-02,1.752764086893051493e-02,1.755704106043197779e-02,1.751432532017957455e-02,1.747722427127196623e-02,1.753899873669790069e-02,1.750928103991263723e-02,1.747113432765823662e-02,1.744719120848991362e-02,1.752390270444173503e-02,1.755870613753231918e-02,1.751687644345292436e-02,1.747011538999492311e-02,1.749191622230011900e-02,1.750189299788307631e-02,1.749508781970217364e-02,1.744499984213283492e-02,1.748465307254157622e-02,1.750501293424804733e-02,1.745480295689820494e-02,1.747790999738201012e-02,1.753204717011827563e-02,1.753261921189754741e-02,1.752643366120410287e-02,1.749730215263250316e-02,1.750612734085578090e-02,1.747769145639062327e-02,1.750250308351886455e-02,1.757967255599577477e-02,1.757274659037456888e-02
1.728889904203061156e-02,1.724654937171958211e-02,1.722129530658207328e-02,1.717235062841417775e-02,1.725758978237987643e-02,1.726026404119384086e-02,1.721381861720797796e-02,1.726260809702447746e-02,1.723121945590326554e-02,1.727037487990603845e-02,1.720519326998464285e-02,1.720384026134620659e-02,1.725343889658582236e-02,1.726519686146574944e-02,1.729394948778624833e-02,1.717014880115429881e-02,1.724856041245077798e-02,1.720892719698673481e-02,1.722313696455137974e-02,1.729398145700143663e-02,1.716241759643203496e-02,1.730314124802747461e-02,1.723168354456706269e-02,1.721479570453636476e-02,1.723948847434176451e-02,1.727555825816334129e-02,1.722516236675428886e-02,1.723851868569881152e-02,1.722686446508274460e-02,1.718906679976213089e-02,1.725019643157155169e-02,1.722200490202254949e-02,1.727365053676308687e-02,1.726899551001025851e-02,1.729183190396637454e-02,1.722642246770778388e-02,1.729948355885470648e-02,1.724254590796592962e-02,1.727546568908786342e-02,1.721041170560006980e-02,1.716583515123531675e-02,1.717587450818736441e-02,1.730409704063914228e-02,1.730608255706029067e-02,1.721620056807275298e-02,1.720806798576858532e-02,1.721370134732875395e-02,1.725283749528478891e-02,1.725670177238998459e-02,1.722170306748347507e-02
1.698666674240892002e-02,1.697499555148861486e-02,1.697414741069275951e-02,1.697266506034890085e-02,1.693752899796408667e-02,1.698268321226474240e-02,1.695921615997649651e-02,1.696341881641859339e-02,1.698852152730986192e-02,1.690307086954067131e-02,1.695713284284777397e-02,1.701935076104068092e-02,1.691568508775495930e-02,1.699294843835136640e-02,1.699332581260300234e-02,1.695333344434813219e-02,1.692002878413825795e-02,1.694944965735612624e-02,1.695750973694360939e-02,1.696669121757894347e-02,1.689954682125446167e-02,1.699520022468291661e-02,1.701489769524167778e-02,1.698774771117986249e-02,1.692227892892337118e-02,1.695561354657268774e-02,1.695446647561275541e-02,1.691289368000979329e-02,1.697393675288156809e-02,1.694122441376088792e-02,1.698046814213256470e-02,1.697887855497563075e-02,1.699041672597597155e-02,1.695208283571465052e-02,1.695245672210369745e-02,1.697122580904499717e-02,1.696805722349736117e-02,1.692513093242979660e-02,1.692846479628224918e-02,1.689386451900485100e-02,1.701555692609543410e-02,1.698891955601237319e-02,1.692628960235829580e-02,1.688891279766024933e-02,1.692294214881035624e-02,1.691768995929189209e-02,1.698125725108467349e-02,1.693102202448650354e-02,1.697726756882238230e-02,1.693031070182776654e-02
1.666802800910956173e-02,1.669529573212808621e-02,1.663299349405792868e-02,1.664680731432078425e-02,1.668498640518347939e-02,1.662169488956091734e-02,1.668786339976813596e-02,1.662990522213724648e-02,1.668468353027703285e-02,1.668800481319753989e-02,1.666873830779863619e-02,1.670020775409792116e-02,1.671288877642404178e-02,1.668054643243958510e-02,1.659526518769794540e-02,1.670414481655127167e-02,1.665453636043012428e-02,1.662100274812488426e-02,1.670089997345599112e-02,1.663889820923232857e-02,1.669108470086560006e-02,1.665473950967570616e-02,1.666142485273060941e-02,1.668482069672870549e-02,1.665516573724477867e-02,1.665492872216011236e-02,1.672010338484783420e-02,1.670766776070964355e-02,1.667626125714266258e-02,1.668707740808134457e-02,1.664707270484848747e-02,1.666715116068309341e-02,1.669569250848685835e-02,1.666523039961194733e-02,1.671484510949152250e-02,1.661979832958392772e-02,1.669218599898078872e-02,1.664593490887477864e-02,1.665685391887031588e-02,1.665820732812881011e-02,1.663733629038604417e-02,1.663781892799537712e-02,1.671867235824511105e-02,1.662509890449340513e-02,1.663895781558544229e-02,1.665079180100102751e-02,1.666759779207654252e-02,1.658068506194337877e-02,1.666598375398755175e-02,1.671161720545562973e-02
1.629094594860751311e-02,1.638648739907939966e-02,1.640029816964300169e-02,1.627515974625744558e-02,1.637180441530573100e-02,1.635119455143102876e-02,1.628939050354935927e-02,1.633665008565457835e-02,1.639635745162830102e-02,1.633383162532087152e-02,1.635009478896566268e-02,1.640904198581429052e-02,1.634567051058918516e-02,1.636734828984927684e-02,1.641831654605234447e-02,1.641471090870405547e-02,1.636261576780595819e-02,1.637418422349330716e-02,1.637814655156441881e-02,1.629546862377140651e-02,1.631420393157054227e-02,1.634973048428122605e-02,1.624024377716827561e-02,1.631605066320409789e-02,1.635669894166244184e-02,1.632985992418875543e-02,1.640039798964843670e-02,1.638063421082740917e-02,1.639153846648582977e-02,1.628108112061615181e-02,1.630233348095596474e-02,1.632072131887156441e-02,1.634195669103304452e-02,1.629259840098661385e-02,1.631428416426091224e-02,1.637321280255932612e-02,1.635070194814799288e-02,1.634698946375305606e-02,1.626123560363726753e-02,1.637701785101250071e-02,1.635248279064472829e-02,1.631070504809706279e-02,1.642057038246953413e-02,1.634462860425368522e-02,1.629607410134414555e-02,1.633779323293454988e-02,1.630900586615717518e-02,1.635288513886358139e-02,1.634266289101138012e-02,1.639006240419915716e-02
1.600972876446473889e-02,1.605893919114427526e-02,1.603334065030834546e-02,1.599706574318310315e-02,1.605595476465487836e-02,1.599178874141109902e-02,1.603314470150977999e-02,1.603043785924394143e-02,1.601875549991669395e-02,1.602330975475873762e-02,1.603390228480245858e-02,1.597537900738642269e-02,1.598033576588854879e-02,1.601286063830492309e-02,1.604853347084975526e-02,1.606775198142243108e-02,1.599363452437833552e-02,1.601224235553140932e-02,1.608471115591879330e-02,1.608089178651431542e-02,1.600982119467498493e-02,1.600592232442924270e-02,1.601914543471641764e-02,1.600938242711942225e-02,1.598344043556729904e-02,1.604598174431098867e-02,1.605268378903090126e-02,1.605839123632837179e-02,1.605621073855302561e-02,1.603837957553101365e-02,1.600373205643958532e-02,1.602345204122469086e-02,1.599225964792652319e-02,1.604970627519835755e-02,1.605334980423338970e-02,1.601436010452876590e-02,1.600992438571645360e-02,1.608820938305546844e-02,1.596741932484846763e-02,1.604553781463732842e-02,1.597135077599073916e-02,1.606989792782940324e-02,1.608569272430922584e-02,1.604379395721779872e-02,1.608231205279916226e-02,1.601082662018093322e-02,1.594439177606863864e-02,1.603218313640387971e-02,1.595328761631943995e-02,1.608154333536719952e-02
1.572216279975705011e-02,1.568775482549232200e-02,1.571106845365736679e-02,1.569627703955487480e-02,1.570255180644601622e-02,1.566822424567335809e-02,1.567147474218992878e-02,1.570267667828989175e-02,1.567541890366321716e-02,1.567839830277738961e-02,1.569411361198861515e-02,1.569558214447492467e-02,1.566659147583642983e-02,1.573490836361726708e-02,1.571068695018970618e-02,1.573772143392017375e-02,1.559283697946587353e-02,1.571550938458998389e-02,1.568168013630664298e-02,1.567078478316120960e-02,1.573769405132265792e-02,1.569742613939487108e-02,1.561446207729337739e-02,1.566351540866207231e-02,1.572434681325173347e-02,1.571819361877162952e-02,1.569082434731305237e-02,1.567169420310316613e-02,1.568169270684394850e-02,1.569373285573732318e-02,1.568295402300892011e-02,1.566741988596263846e-02,1.577010438882744253e-02,1.570712419388997985e-02,1.572239540774995892e-02,1.567166226534896789e-02,1.572688659487178620e-02,1.565662978041189313e-02,1.568527439883615759e-02,1.571887536030079288e-02,1.564084349033264404e-02,1.572020701032043888e-02,1.569321181508278804e-02,1.567498584171400297e-02,1.572021560017547101e-02,1.564374649510381562e-02,1.570953256453725896e-02,1.568670181215037901e-02,1.570452219164994098e-02,1.571067319566604725e-02
1.528750589757488232e-02,1.534850095692361083e-02,1.534989503497328524e-02,1.532758129419592788e-02,1.531979675158320203e-02,1.536417620292460963e-02,1.529901555182539181e-02,1.533060438718589040e-02,1.527124861532406022e-02,1.537442185643944983e-02,1.531049495215037505e-02,1.531364541782419438e-02,1.526901364637726216e-02,1.526133817470159450e-02,1.535217791825092305e-02,1.530995183200852677e-02,1.529404076550138630e-02,1.527836684047816085e-02,1.537752299283641141e-02,1.530045988351316083e-02,1.532377594226317849e-02,1.531983539370706734e-02,1.530620874862007041e-02,1.528523814290297898e-02,1.527735113829182395e-02,1.534309723591616853e-02,1.530573213223541604e-02,1.539448525823462754e-02,1.533593905732773613e-02,1.537225136864830630e-02,1.532714893322523718e-02,1.527641278921381719e-02,1.535753442502659459e-02,1.531318609689894146e-02,1.530310208829968426e-02,1.531871235203538691e-02,1.535240703681136319e-02,1.532377988983710596e-02,1.532604157642955024e-02,1.525551138648000883e-02,1.533330514244408797e-02,1.536206718681158538e-02,1.529926231625511508e-02,1.531824440890133809e-02,1.523977364224756749e-02,1.537039610495982006e-02,1.533988116317495064e-02,1.530362071712786098e-02,1.527552314462890699e-02,1.529694123304886112e-02
1.501167022600793759e-02,1.496973836037591467e-02,1.495775008987115968e-02,1.494875056560267604e-02,1.497312686210691170e-02,1.493302651675733686e-02,1.494811445513906378e-02,1.496751463723694324e-02,1.489272712114151492e-02,1.496232428003413904e-02,1.497561630783082048e-02,1.492069852432898434e-02,1.499175538466657881e-02,1.495100434096933648e-02,1.501896288723439561e-02,1.497802681636732636e-02,1.494813606231595697e-02,1.496362211370191875e-02,1.496439896766983170e-02,1.491176827455445962e-02,1.497685386489585810e-02,1.497472418259171260e-02,1.491012891865274581e-02,1.494961588825900051e-02,1.494302767310016523e-02,1.495394565241940817e-02,1.489454865759870170e-02,1.491262290641465031e-02,1.499532130304920101e-02,1.499895648371940560e-02,1.494301743724686139e-02,1.488531687467184970e-02,1.498284635924289863e-02,1.499614754038717558e-02,1.497139666897780511e-02,1.492567397603452445e-02,1.496575632887369237e-02,1.501981495850251806e-02,1.492296710500379611e-02,1.493982626696443126e-02,1.487432155488264095e-02,1.492127227189479245e-02,1.497747741581674161e-02,1.499103684003379351e-02,1.495023303274844659e-02,1.493686704263994316e-02,1.487285276621581366e-02,1.488059176733350260e-02,1.492891202622544274e-02,1.498350037507095896e-02
1.460869081551322869e-02,1.459517069432330651e-02,1.456894297731633342e-02,1.458582515931666074e-02,1.454950298298805615e-02,1.453443726953986513e-02,1.463399320511509817e-02,1.455806843544479694e-02,1.451007976902770301e-02,1.455995206736448479e-02,1.457196446876100546e-02,1.463597047645690506e-02,1.461142908853085495e-02,1.458543113586126781e-02,1.461461387654967338e-02,1.458707471134267943e-02,1.463369789739247910e-02,1.455392474312059564e-02,1.455807918105722805e-02,1.453510925409425524e-02,1.456723738019548298e-02,1.455205524087234761e-02,1.464820982667626795e-02,1.465884657758723467e-02,1.454004044085780920e-02,1.448252276195068945e-02,1.452092748976790450e-02,1.456755739895228621e-02,1.460948546851783061e-02,1.456253610804695946e-02,1.457715651850862749e-02,1.446435995367322154e-02,1.452961214938845551e-02,1.458351138419164070e-02,1.463631412395439979e-02,1.454867481928448329e-02,1.451487313415333706e-02,1.461935279732362244e-02,1.457077653204213313e-02,1.453998043345061317e-02,1.456302373697539176e-02,1.457163667312847896e-02,1.457369343924826664e-02,1.457418560581970335e-02,1.467137174659485961e-02,1.458213307956306333e-02,1.452712688532132451e-02,1.451449112596080865e-02,1.452769444182369987e-02,1.455110874161381213e-02
1.418794187419582936e-02,1.407721381614276783e-02,1.421176735676065069e-02,1.414812267594638129e-02,1.418115222634939304e-02,1.417930144119607105e-02,1.414118443740238103e-02,1.422331893585413766e-02,1.421015573173060528e-02,1.416927660092735797e-02,1.415785043853662675e-02,1.417832605010743534e-02,1.423121827290389600e-02,1.410920368541478120e-02,1.419911292738647995e-02,1.420345177294111798e-02,1.417766630672956558e-02,1.417876651391796958e-02,1.414173581095480581e-02,1.422303649047545332e-02,1.419430893948040416e-02,1.420091948132532790e-02,1.417236554830718365e-02,1.422809546114946720e-02,1.421213448016160792e-02,1.414559198901205531e-02,1.417496221168310436e-02,1.411413245743250999e-02,1.423454192114999815e-02,1.423021607273512734e-02,1.420243929913270545e-02,1.420074629704608238e-02,1.412254040863063220e-02,1.417887831685879854e-02,1.420689106801507721e-02,1.422664142829863781e-02,1.415419448602363989e-02,1.416970462797335906e-02,1.417761847516982136e-02,1.412277046921949289e-02,1.413914932911248742e-02,1.416571072291355517e-02,1.412109674327208936e-02,1.412292622861899619e-02,1.416034085214776250e-02,1.412828769751194209e-02,1.422473079928701645e-02,1.416054742356825241e-02,1.414825906942641584e-02,1.420834997124770065e-02
1.374686857068206647e-02,1.377373315292929404e-02,1.369775113789127759e-02,1.382722997264220453e-02,1.376883100095168538e-02,1.377027780319458813e-02,1.369795561635623292e-02,1.388220840684637955e-02,1.376232829865143246e-02,1.374290434881304639e-02,1.367204139381343608e-02,1.372011290159343144e-02,1.383909677326277017e-02,1.371671301176649246e-02,1.372560012321978780e-02,1.365861168017560093e-02,1.374516070771381396e-02,1.379879509700450077e-02,1.372224856630528851e-02,1.372595494886830886e-02,1.367270146962697337e-02,1.371497825548543235e-02,1.370251023107329526e-02,1.378190954318794445e-02,1.369383004792472901e-02,1.376234786052715070e-02,1.378640648510994458e-02,1.369319896695760964e-02,1.370538596852266706e-02,1.373761598227398600e-02,1.370720633010097909e-02,1.375260890352111853e-02,1.387518198058068468e-02,1.375247534690074783e-02,1.372728223232767483e-02,1.371584225158500349e-02,1.378478546084569573e-02,1.367589355846950995e-02,1.367104154157538706e-02,1.366924362180858832e-02,1.383549458743631340e-02,1.376487078823347178e-02,1.372078074480764104e-02,1.375458319771590866e-02,1.373562287263705925e-02,1.373614141790846510e-02,1.373308734614268195e-02,1.370239445869395230e-02,1.372234098703401482e-02,1.372052497340530905e-02
1.332831796005416215e-02,1.332823478986627612e-02,1.332602294231875414e-02,1.334834442256545642e-02,1.335132335637280628e-02,1.336247510337959521e-02,1.339269115771749875e-02,1.335493845358398136e-02,1.325738408229841687e-02,1.333745508847591389e-02,1.332488468392009628e-02,1.330136288989671421e-02,1.328043614906747154e-02,1.330238950485099214e-02,1.333179076845577779e-02,1.332461434852666091e-02,1.329434003212018149e-02,1.331460329460372287e-02,1.333913548880356036e-02,1.329570748015266105e-02,1.337964632694598269e-02,1.332856828715287857e-02,1.329207959475314955e-02,1.337379089392282117e-02,1.326706707783740537e-02,1.327033518046894997e-02,1.337927575181848197e-02,1.335190939450606185e-02,1.330252269637958659e-02,1.336298670874583316e-02,1.338984575703206469e-02,1.336847426165531545e-02,1.329390997196639931e-02,1.339442422068880256e-02,1.334264674855450278e-02,1.338452824218883119e-02,1.325723450189143261e-02,1.339425600506568594e-02,1.325654100970497656e-02,1.333847831058996951e-02,1.335159280851435162e-02,1.335828914469192746e-02,1.335083707649912035e-02,1.328798478988772562e-02,1.336934961065812041e-02,1.336140578775065445e-02,1.330954896787958121e-02,1.335679351368888879e-02,1.329722513668281890e-02,1.332641937435744516e-02
1.296475752930830068e-02,1.286039028984235430e-02,1.290931909865408907e-02,1.287913305925962593e-02,1.281085950172916599e-02,1.283900458461758112e-02,1.289454009969003175e-02,1.283783734467418454e-02,1.292787881090886985e-02,1.291398122832686235e-02,1.287604951735646722e-02,1.286649702659444124e-02,1.285297384613354708e-02,1.284503389802429431e-02,1.287176211023001275e-02,1.282941256196776410e-02,1.280638877923563797e-02,1.296553592494633506e-02,1.286956360439076366e-02,1.293008888176025092e-02,1.287673877580997397e-02,1.286684895933512540e-02,1.290255959449354735e-02,1.285149211693853606e-02,1.288370053056460407e-02,1.282639579449424555e-02,1.286686183019277938e-02,1.294931708245979605e-02,1.286004541970570299e-02,1.287421303086785755e-02,1.280185434573693874e-02,1.290252482224600074e-02,1.285004630256180586e-02,1.291135058399082818e-02,1.285042446868418786e-02,1.286254434840503405e-02,1.284282903101027253e-02,1.283594646045906930e-02,1.281536250484510350e-02,1.288594747760896803e-02,1.283444898807192119e-02,1.284745242304230137e-02,1.292973370018592021e-02,1.284981547403317610e-02,1.287027349104875526e-02,1.282389228216771968e-02,1.291090314563261669e-02,1.290224481631153594e-02,1.284273561947540075e-02,1.288559988505937927e-02
1.241519336075887561e-02,1.237269597782576259e-02,1.244316421220209579e-02,1.237910612741731364e-02,1.242620731813635915e-02,1.243832548583491925e-02,1.248647961974140227e-02,1.235241672388113533e-02,1.236084012544668050e-02,1.237075970242903708e-02,1.240906975477695795e-02,1.243752863432473141e-02,1.246050932069030746e-02,1.243820638389292119e-02,1.245368348482133944e-02,1.243154750170498250e-02,1.244775426681146539e-02,1.242777121032228281e-02,1.240194540881021934e-02,1.242519842543136736e-02,1.234579853336862688e-02,1.243059326728867403e-02,1.238293196921734160e-02,1.242090214020919944e-02,1.243298294685016118e-02,1.247293806670889474e-02,1.240884068972364536e-02,1.243615852223178136e-02,1.239541047435134200e-02,1.237079149518051022e-02,1.249092099234868497e-02,1.243833563445757677e-02,1.245646124393942795e-02,1.244125701096186754e-02,1.239166247210304883e-02,1.237508030870278566e-02,1.245263881590351167e-02,1.238890556571153878e-02,1.238094357263859295e-02,1.246096296139151231e-02,1.233562335141740601e-02,1.236791400781587190e-02,1.241029517671426823e-02,1.240310929341839619e-02,1.239048703403948688e-02,1.240720240824009016e-02,1.239832671084349115e-02,1.237311308040175278e-02,1.247765048550404481e-02,1.237199073354589354e-02
1.191654947340692675e-02,1.198742024659315945e-02,1.196861095926931434e-02,1.197440718796605012e-02,1.193314728961727099e-02,1.199668320996060550e-02,1.197056919805964889e-02,1.193919828703096826e-02,1.190304960288862332e-02,1.197177665664667275e-02,1.192742657678375236e-02,1.191149945051932571e-02,1.195675678223837891e-02,1.198926730339753589e-02,1.197182486294593416e-02,1.187503467593009968e-02,1.189904543449397251e-02,1.193219479766717377e-02,1.189633248085294158e-02,1.193046119611169964e-02,1.191232723023111402e-02,1.196079959850202858e-02,1.200396181940985296e-02,1.193397598462676672e-02,1.192748864182517285e-02,1.195105826483408053e-02,1.191439349683692112e-02,1.202383689813076202e-02,1.188207854618537895e-02,1.192449684973135617e-02,1.191871502829584817e-02,1.199314746122847990e-02,1.193709458999215461e-02,1.193799599823625913e-02,1.187624166242366198e-02,1.195769366873693750e-02,1.192526252761661604e-02,1.192855313471411285e-02,1.189260093643086484e-02,1.188223147401190269e-02,1.199017973163046293e-02,1.201461500304092447e-02,1.188827447108666523e-02,1.192750229255820464e-02,1.193810158374143497e-02,1.195968877529711080e-02,1.187565054050098746e-02,1.191884309607275406e-02,1.193184124143798451e-02,1.197003081468073389e-02
1.144026348696798243e-02,1.155168645111730868e-02,1.149664607071598961e-02,1.140800592734849718e-02,1.148262790961603920e-02,1.143424581072271552e-02,1.143546904572351544e-02,1.148019436601998601e-02,1.145201972624935310e-02,1.144701212719126567e-02,1.148735956220291524e-02,1.149876498080053960e-02,1.141381720817978042e-02,1.136279061569922706e-02,1.149813082380579145e-02,1.146527427753328728e-02,1.147344154147990521e-02,1.154192348599124111e-02,1.143833642906639560e-02,1.153473526707048460e-02,1.145491746808639799e-02,1.142571913879407604e-02,1.146807445513449430e-02,1.139902175486913645e-02,1.142079946780639142e-02,1.146920589250049680e-02,1.145265619276090129e-02,1.150944699801467914e-02,1.142564409079415040e-02,1.142791047319122177e-02,1.154973981292340204e-02,1.148977957689383163e-02,1.150296115921918723e-02,1.149142433158556117e-02,1.150411980615492422e-02,1.142133687532478556e-02,1.144699881249928997e-02,1.148853461031115568e-02,1.149299833358531295e-02,1.136010947214527098e-02,1.144346901299383296e-02,1.143951069949869503e-02,1.138414863553367101e-02,1.135399020861173162e-02,1.151200890928658765e-02,1.137436270340596266e-02,1.141275075957894243e-02,1.147570764033300182e-02,1.150185417927458188e-02,1.147802902972111343e-02
1.093066092228402175e-02,1.091932751171437004e-02,1.093891725981486172e-02,1.091495512730356401e-02,1.093955539892776420e-02,1.092639571253492016e-02,1.086241119934268536e-02,1.083276081404474164e-02,1.089508826769979705e-02,1.090220601738416117e-02,1.099107812767915332e-02,1.094492985982342161e-02,1.091835353737266069e-02,1.088348736466503673e-02,1.094531555983134334e-02,1.089502215726742725e-02,1.087114187654807801e-02,1.095267707066924223e-02,1.091943531139827339e-02,1.092950746882768998e-02,1.099587386233870021e-02,1.090762823829749019e-02,1.091268202569406834e-02,1.093215155721171707e-02,1.102878018097834187e-02,1.108943049080605980e-02,1.096995461189806224e-02,1.095685512618886637e-02,1.092601356345278101e-02,1.091537832920012364e-02,1.090068398246947685e-02,1.102648313383049368e-02,1.095963581202662185e-02,1.085235216078750051e-02,1.094685047699377883e-02,1.095875910518831833e-02,1.105326875360511905e-02,1.090594252463505595e-02,1.098001564877977565e-02,1.096629626013514471e-02,1.093439904266346047e-02,1.091339348851081900e-02,1.090417492149009342e-02,1.095991104619430632e-02,1.094948394887984046e-02,1.093938111952249236e-02,1.093993408794093417e-02,1.099921990580614121e-02,1.093582728670430652e-02,1.091017202120015198e-02
